3 0.892667 0.106667 0.102667 0.101333
3 0.925333 0.208333 0.088 0.115333
3 0.872333 0.254333 0.084667 0.09
3 0.8356669999999999 0.183333 0.078 0.078667
3 0.892 0.343667 0.088 0.088667
3 0.808667 0.331 0.112 0.116667
3 0.765667 0.236333 0.128667 0.112667
3 0.740667 0.15 0.096 0.106667
3 0.795 0.044667 0.048667 0.064
2 0.651667 0.191667 0.092667 0.079333
2 0.674667 0.249333 0.058667 0.044
2 0.601667 0.298 0.074 0.077333
3 0.5549999999999999 0.370667 0.111333 0.096
3 0.6313329999999999 0.381333 0.061333 0.058667
3 0.650333 0.459 0.087333 0.086
3 0.554333 0.436 0.107333 0.068
3 0.578667 0.525 0.1 0.11
3 0.673 0.56 0.083333 0.101333
3 0.761333 0.516333 0.101333 0.116667
3 0.740667 0.417 0.129333 0.118
3 0.703667 0.321333 0.094 0.094667
3 0.909333 0.419333 0.077333 0.065333
3 0.942667 0.501333 0.074667 0.076
2 0.954 0.586667 0.069333 0.092
3 0.911667 0.681333 0.082 0.08
3 0.853333 0.508 0.104 0.1
3 0.876 0.596 0.092 0.076
3 0.804333 0.654 0.126 0.126667
3 0.548333 0.119 0.072667 0.086
3 0.530667 0.209 0.14 0.108667
3 0.468333 0.298 0.104667 0.102667
2 0.46766700000000005 0.376667 0.075333 0.062667
2 0.412667 0.436 0.104 0.106667
3 0.344 0.379333 0.097333 0.106667
2 0.368333 0.287 0.079333 0.083333
3 0.426667 0.212 0.068 0.102667
3 0.347 0.210333 0.075333 0.072667
3 0.30933299999999997 0.294 0.041333 0.069333
3 0.263 0.33 0.082 0.105333
3 0.235 0.236333 0.074 0.084667
3 0.281667 0.198333 0.052667 0.084667
2 0.30800000000000005 0.130667 0.094667 0.112
2 0.390667 0.101333 0.073333 0.109333
2 0.478 0.103667 0.090667 0.124667
2 0.24466699999999997 0.063333 0.104 0.110667
2 0.13366699999999998 0.179333 0.064667 0.065333
2 0.21299999999999997 0.159 0.084667 0.07
3 0.17533299999999996 0.261667 0.078667 0.078
2 0.12066699999999997 0.350333 0.097333 0.082
3 0.086333 0.266 0.087333 0.108
2 0.06566700000000003 0.594 0.112667 0.105333
3 0.23866699999999996 0.684333 0.105333 0.119333
2 0.19633299999999998 0.349333 0.056667 0.064
2 0.06399999999999995 0.683667 0.096 0.082
2 0.12166699999999997 0.751333 0.124667 0.101333
2 0.07799999999999996 0.904 0.132 0.162667
3 0.234333 0.88 0.116667 0.110667
2 0.33999999999999997 0.839667 0.094667 0.108667
2 0.34966699999999995 0.629333 0.086 0.104
3 0.440333 0.635667 0.087333 0.086
3 0.433667 0.719 0.087333 0.078
3 0.353333 0.72 0.098667 0.125333
3 0.43799999999999994 0.911333 0.065333 0.065333
2 0.361333 0.932667 0.073333 0.074667
3 0.503 0.937 0.046 0.088667
3 0.5573330000000001 0.913 0.06 0.086
3 0.622 0.884 0.064 0.077333
2 0.651667 0.742333 0.095333 0.114
2 0.76 0.814667 0.106667 0.130667
3 0.7086669999999999 0.887333 0.106667 0.137333
2 0.961 0.359667 0.076667 0.115333
2 0.92 0.034 0.092 0.066667
2 0.851333 0.027333 0.044 0.049333
0 0.6859999999999999 0.09 0.281333 0.178667
2 0.14833300000000005 0.108333 0.102 0.118
0 0.092333 0.128 0.058 0.077333
2 0.05566700000000002 0.07 0.094 0.086667
2 0.06666700000000003 0.404 0.133333 0.164
2 0.256667 0.961333 0.090667 0.077333
3 0.18466700000000003 0.969 0.066667 0.062
3 0.412667 0.84 0.056 0.085333
0 0.548667 0.768 0.201333 0.225333
0 0.5143329999999999 0.615333 0.054 0.052
3 0.568667 0.977 0.084 0.046
0 0.710333 0.691333 0.05 0.048
0 0.973 0.829667 0.052667 0.072667
0 0.826333 0.760333 0.043333 0.051333
