3 0.504333 0.897333 0.119333 0.104
3 0.467333 0.807667 0.097333 0.078
3 0.335667 0.773667 0.087333 0.076667
2 0.297667 0.8526670000000001 0.078 0.068
3 0.086333 0.6970000000000001 0.058 0.056667
3 0.057333 0.566333 0.069333 0.084667
2 0.057 0.752667 0.112667 0.105333
0 0.086667 0.42333299999999996 0.077333 0.068
0 0.122667 0.550333 0.073333 0.058
0 0.131 0.48366699999999996 0.122 0.098
0 0.218667 0.6146670000000001 0.101333 0.089333
0 0.214 0.56 0.061333 0.048
0 0.287667 0.615 0.060667 0.060667
0 0.178667 0.638667 0.052 0.054667
0 0.129333 0.6583330000000001 0.08 0.062
0 0.063 0.827667 0.076667 0.066
0 0.074 0.898667 0.052 0.036
0 0.148 0.952667 0.072 0.050667
0 0.121333 0.923 0.056 0.058
0 0.227 0.920667 0.084667 0.094667
0 0.294333 0.928 0.079333 0.065333
0 0.236333 0.850333 0.046 0.039333
0 0.246 0.799333 0.070667 0.062667
0 0.178667 0.694333 0.033333 0.035333
0 0.207333 0.7 0.033333 0.030667
0 0.376333 0.851 0.062 0.071333
0 0.307 0.671 0.062 0.080667
0 0.332333 0.588333 0.066 0.055333
0 0.369 0.648333 0.104667 0.114
0 0.402 0.802667 0.048 0.053333
0 0.435667 0.754667 0.054 0.044
0 0.398 0.922333 0.076 0.063333
0 0.442333 0.651 0.052667 0.048667
0 0.428667 0.5836669999999999 0.038667 0.035333
0 0.458 0.567333 0.052 0.050667
0 0.499667 0.626333 0.043333 0.038
0 0.486 0.6859999999999999 0.061333 0.050667
0 0.570333 0.678667 0.048667 0.054667
0 0.644667 0.933 0.045333 0.048667
0 0.608333 0.944667 0.039333 0.04
0 0.729333 0.854 0.186667 0.198667
0 0.706333 0.619667 0.228667 0.222
0 0.598333 0.534667 0.180667 0.193333
0 0.826 0.697667 0.074667 0.072667
0 0.871667 0.822333 0.111333 0.103333
0 0.952333 0.495333 0.063333 0.065333
0 0.829333 0.27733300000000005 0.302667 0.278667
0 0.947 0.40033300000000005 0.058 0.058
0 0.946333 0.250333 0.044667 0.05
0 0.885667 0.09966699999999995 0.224667 0.199333
0 0.493 0.10933300000000001 0.214 0.192
0 0.546 0.226333 0.273333 0.204667
0 0.557667 0.38633300000000004 0.183333 0.138
0 0.471667 0.5 0.074 0.070667
0 0.353 0.44266700000000003 0.195333 0.193333
0 0.291667 0.313333 0.184667 0.16
0 0.350333 0.042332999999999954 0.042 0.05
0 0.305667 0.10733300000000001 0.068667 0.061333
0 0.309333 0.17400000000000004 0.042667 0.046667
0 0.279 0.04133299999999995 0.063333 0.054667
0 0.216667 0.12733300000000003 0.046667 0.049333
0 0.193667 0.17966700000000002 0.072667 0.067333
0 0.135333 0.237 0.062667 0.058
2 0.037667 0.37066699999999997 0.074 0.098667
2 0.049333 0.224333 0.097333 0.116667
2 0.092667 0.11933300000000002 0.044 0.033333
