3 0.46566700000000005 0.594 0.094 0.118667
2 0.350333 0.595 0.136667 0.135333
2 0.35 0.43966700000000003 0.137333 0.183333
3 0.25433300000000003 0.477 0.087333 0.084667
3 0.15933299999999995 0.44966700000000004 0.066667 0.060667
3 0.09099999999999997 0.7066669999999999 0.155333 0.102667
3 0.162667 0.580333 0.096 0.091333
3 0.03866700000000001 0.45299999999999996 0.062667 0.079333
2 0.40533300000000005 0.739 0.1 0.112667
0 0.800333 0.839 0.383333 0.320667
3 0.26733300000000004 0.610333 0.076 0.07
0 0.53 0.48166699999999996 0.052 0.062
0 0.46966699999999995 0.45166700000000004 0.060667 0.056667
0 0.624333 0.41333299999999995 0.035333 0.042667
0 0.515 0.310667 0.076667 0.094667
0 0.42900000000000005 0.305667 0.066 0.068667
0 0.361 0.347 0.052667 0.048667
0 0.42400000000000004 0.43433299999999997 0.04 0.05
0 0.7316670000000001 0.214333 0.05 0.044667
0 0.844 0.25833300000000003 0.034667 0.047333
0 0.343333 0.24866699999999997 0.056 0.065333
0 0.326333 0.22199999999999998 0.035333 0.026667
0 0.43133299999999997 0.18300000000000005 0.076 0.067333
0 0.404667 0.139 0.038667 0.042
0 0.28133300000000006 0.13866699999999998 0.053333 0.056
0 0.33166700000000005 0.15333300000000005 0.052667 0.046667
0 0.929667 0.16333299999999995 0.078 0.065333
0 0.813333 0.093333 0.046667 0.044
0 0.6819999999999999 0.09399999999999997 0.058667 0.061333
0 0.734333 0.04733299999999996 0.027333 0.032
0 0.47366699999999995 0.028666999999999998 0.062 0.057333
0 0.429667 0.04566700000000001 0.047333 0.05
0 0.055332999999999966 0.15000000000000002 0.06 0.061333
0 0.051000000000000045 0.08899999999999997 0.05 0.048667
0 0.07199999999999995 0.03633299999999995 0.053333 0.062
0 0.17133299999999996 0.030333000000000054 0.048 0.046
0 0.21299999999999997 0.03633299999999995 0.058 0.063333
0 0.10799999999999998 0.227333 0.049333 0.058667
0 0.18766700000000003 0.27433300000000005 0.078 0.082
0 0.052000000000000046 0.331333 0.078667 0.077333
0 0.21499999999999997 0.361 0.056667 0.068667
0 0.20666700000000005 0.41300000000000003 0.053333 0.056667
0 0.100333 0.44699999999999995 0.054 0.063333
0 0.163667 0.506 0.05 0.052
3 0.055332999999999966 0.571333 0.110667 0.128
3 0.07066700000000004 0.785667 0.074667 0.072667
0 0.211333 0.85 0.352 0.296
