3 0.942333 0.07933299999999999 0.083333 0.101333
3 0.8446670000000001 0.149667 0.129333 0.091333
3 0.863333 0.07599999999999996 0.069333 0.050667
3 0.779667 0.10699999999999998 0.088667 0.082
2 0.6453329999999999 0.22666699999999995 0.097333 0.093333
2 0.479333 0.12933300000000003 0.126667 0.14
2 0.369333 0.15100000000000002 0.090667 0.091333
3 0.27733300000000005 0.149667 0.097333 0.091333
3 0.31566700000000003 0.06966700000000003 0.116667 0.087333
3 0.33199999999999996 0.245 0.142667 0.112667
3 0.226333 0.32666700000000004 0.092667 0.098667
3 0.252667 0.264 0.096 0.106667
3 0.095333 0.37 0.097333 0.101333
3 0.10499999999999998 0.27833300000000005 0.114 0.087333
3 0.11666699999999997 0.18633299999999997 0.148 0.104667
3 0.10699999999999998 0.09566699999999995 0.11 0.088667
0 0.751333 0.932333 0.196 0.134
0 0.934667 0.873667 0.129333 0.247333
0 0.822333 0.772667 0.175333 0.184
0 0.507 0.875333 0.188667 0.162667
0 0.528667 0.812667 0.074667 0.057333
0 0.679333 0.828667 0.164 0.153333
0 0.485333 0.633667 0.257333 0.346
0 0.370333 0.742333 0.076667 0.079333
0 0.626667 0.49866699999999997 0.116 0.105333
0 0.388 0.48666699999999996 0.046667 0.054667
0 0.36466699999999996 0.5243329999999999 0.04 0.040667
0 0.311667 0.606333 0.13 0.13
0 0.7196670000000001 0.394667 0.235333 0.228
0 0.936333 0.384 0.124667 0.14
0 0.765333 0.29600000000000004 0.094667 0.089333
0 0.7703329999999999 0.23766699999999996 0.047333 0.048667
0 0.742 0.220333 0.04 0.052667
0 0.971667 0.274 0.054 0.058667
0 0.979 0.21599999999999997 0.040667 0.052
0 0.877 0.24166699999999997 0.040667 0.044667
0 0.916667 0.22366699999999995 0.054667 0.048667
0 0.534667 0.287667 0.032 0.032667
3 0.859 0.028333000000000053 0.098 0.056667
0 0.962667 0.153667 0.064 0.074
2 0.46399999999999997 0.050000000000000044 0.18 0.1
2 0.13833300000000004 0.052000000000000046 0.162 0.104
3 0.032667 0.030000000000000027 0.065333 0.058667
3 0.035667000000000004 0.11366699999999996 0.071333 0.112667
2 0.17400000000000004 0.265667 0.061333 0.078
2 0.03400000000000003 0.299667 0.068 0.076667
0 0.24266699999999997 0.422667 0.089333 0.073333
0 0.21766700000000005 0.47866699999999995 0.047333 0.046667
0 0.11633300000000002 0.475333 0.046 0.045333
0 0.22266699999999995 0.562333 0.081333 0.086
0 0.22566699999999995 0.6966669999999999 0.211333 0.188
0 0.03433299999999995 0.6719999999999999 0.047333 0.048
0 0.05600000000000005 0.724 0.057333 0.052
0 0.10866699999999996 0.746667 0.038667 0.049333
0 0.06633299999999998 0.6719999999999999 0.034 0.044
0 0.097333 0.665333 0.036 0.053333
0 0.250333 0.89 0.279333 0.218667
0 0.39833300000000005 0.949333 0.179333 0.1
