3 0.100333 0.9123330000000001 0.114 0.087333
2 0.065667 0.812333 0.106 0.118
2 0.202333 0.864667 0.084667 0.122667
2 0.278333 0.828333 0.088667 0.080667
3 0.245333 0.761667 0.126667 0.088667
2 0.203333 0.682667 0.108 0.097333
3 0.300333 0.679 0.091333 0.092667
3 0.429667 0.648667 0.094 0.076
2 0.526667 0.628333 0.066667 0.060667
3 0.588667 0.581333 0.104 0.110667
3 0.685333 0.570333 0.097333 0.114
3 0.775333 0.538667 0.105333 0.104
3 0.828667 0.45766700000000005 0.093333 0.094
2 0.918333 0.46666700000000005 0.091333 0.101333
3 0.871333 0.574333 0.077333 0.094
3 0.951667 0.532 0.083333 0.073333
3 0.887333 0.650667 0.076 0.086667
2 0.899667 0.731333 0.084667 0.077333
3 0.913333 0.795667 0.104 0.074
3 0.921333 0.880667 0.089333 0.093333
3 0.835333 0.865333 0.094667 0.145333
2 0.757333 0.929667 0.113333 0.124667
2 0.749 0.801333 0.058 0.048
3 0.808667 0.704 0.077333 0.073333
3 0.792 0.6273329999999999 0.089333 0.069333
2 0.707333 0.645667 0.077333 0.076667
3 0.714333 0.734 0.114 0.097333
3 0.67 0.833333 0.097333 0.114667
2 0.619333 0.959333 0.106667 0.066667
3 0.583667 0.884667 0.13 0.098667
3 0.570667 0.802667 0.076 0.062667
3 0.564333 0.72 0.124667 0.102667
3 0.62 0.6659999999999999 0.1 0.102667
3 0.460667 0.746667 0.076 0.108
3 0.372 0.745 0.093333 0.119333
3 0.485333 0.836 0.072 0.104
3 0.402 0.839333 0.097333 0.105333
3 0.423 0.919333 0.115333 0.078667
2 0.296333 0.898 0.075333 0.077333
2 0.337667 0.846333 0.047333 0.052667
2 0.109 0.629667 0.080667 0.080667
3 0.082667 0.563 0.066667 0.055333
3 0.056 0.486333 0.072 0.079333
3 0.155667 0.504667 0.119333 0.102667
3 0.177 0.5916669999999999 0.111333 0.087333
3 0.349667 0.6106670000000001 0.087333 0.097333
3 0.335667 0.536 0.084667 0.068
3 0.314 0.45899999999999996 0.097333 0.086
2 0.278667 0.6 0.068 0.062667
3 0.253667 0.525667 0.082 0.096667
3 0.126 0.402667 0.104 0.104
3 0.150333 0.23666699999999996 0.088667 0.108
2 0.193667 0.34166700000000005 0.078 0.09
2 0.224667 0.42300000000000004 0.088 0.078
2 0.277333 0.371333 0.076 0.074667
3 0.249667 0.29033299999999995 0.104667 0.095333
2 0.113 0.143667 0.075333 0.086
3 0.21 0.12266699999999997 0.110667 0.105333
2 0.244 0.21666700000000005 0.104 0.090667
2 0.316333 0.15000000000000002 0.098 0.076
3 0.406 0.502 0.092 0.089333
2 0.430333 0.5756669999999999 0.071333 0.075333
3 0.502333 0.5529999999999999 0.084667 0.082
3 0.474 0.45899999999999996 0.094667 0.103333
3 0.367667 0.40933299999999995 0.095333 0.1
3 0.353 0.34099999999999997 0.086 0.103333
3 0.331667 0.259667 0.082 0.09
3 0.399667 0.20066700000000004 0.112667 0.102667
3 0.483667 0.151667 0.119333 0.118
2 0.515667 0.253667 0.096667 0.088667
3 0.543333 0.32499999999999996 0.102667 0.082
3 0.564333 0.41733299999999995 0.106 0.116
3 0.572 0.499 0.078667 0.080667
3 0.453667 0.37166699999999997 0.087333 0.080667
3 0.428333 0.280667 0.091333 0.106667
2 0.66 0.487333 0.077333 0.065333
3 0.644667 0.411667 0.133333 0.106
2 0.617 0.28333299999999995 0.108667 0.148
3 0.685 0.29000000000000004 0.058 0.132
3 0.743667 0.24033300000000002 0.078 0.123333
3 0.833 0.226333 0.104667 0.171333
2 0.768 0.40900000000000003 0.104 0.091333
3 0.761667 0.33066700000000004 0.086 0.065333
2 0.935667 0.269 0.107333 0.086
3 0.924667 0.10766699999999996 0.132 0.111333
3 0.945333 0.19033299999999997 0.098667 0.092667
0 0.100667 0.713333 0.050667 0.049333
2 0.055333 0.6739999999999999 0.109333 0.1
3 0.034667 0.5836669999999999 0.068 0.091333
2 0.046667 0.386667 0.092 0.116
2 0.056333 0.29300000000000004 0.111333 0.103333
2 0.46 0.964333 0.136 0.07
0 0.712667 0.462333 0.04 0.046
2 0.682 0.9053329999999999 0.069333 0.050667
2 0.917667 0.950667 0.164667 0.097333
0 0.854667 0.983667 0.052 0.031333
0 0.858667 0.688 0.032 0.045333
0 0.856333 0.355333 0.079333 0.064
2 0.955667 0.681 0.088667 0.092667
2 0.961667 0.603 0.076667 0.087333
2 0.936 0.36166699999999996 0.128 0.139333
0 0.645333 0.14033300000000004 0.073333 0.094
0 0.581667 0.135 0.066 0.084667
2 0.543 0.06033299999999997 0.120667 0.120667
2 0.254333 0.058667000000000025 0.159333 0.117333
2 0.052333 0.19299999999999995 0.103333 0.11
