3 0.074 0.878333 0.069333 0.091333
2 0.039333 0.798667 0.061333 0.070667
2 0.092667 0.703333 0.096 0.092
2 0.067 0.652 0.111333 0.061333
3 0.062333 0.5900000000000001 0.112667 0.070667
3 0.173333 0.727 0.076 0.083333
3 0.183333 0.808333 0.101333 0.098
3 0.145333 0.887333 0.098667 0.109333
2 0.247 0.757667 0.087333 0.094
3 0.269667 0.822667 0.058 0.066667
3 0.287333 0.891 0.06 0.060667
3 0.359333 0.8466670000000001 0.070667 0.072
3 0.442667 0.877 0.093333 0.091333
3 0.456667 0.952 0.073333 0.074667
3 0.398333 0.958333 0.051333 0.064667
3 0.334333 0.958667 0.059333 0.066667
3 0.399667 0.743333 0.059333 0.068
3 0.465667 0.761667 0.072667 0.094
3 0.535333 0.781667 0.061333 0.079333
3 0.536667 0.7030000000000001 0.092 0.082
3 0.499 0.644333 0.116667 0.079333
3 0.431667 0.6819999999999999 0.098 0.088
2 0.302 0.722 0.1 0.096
3 0.194667 0.623667 0.102667 0.120667
2 0.161 0.497333 0.123333 0.126667
2 0.274667 0.6333329999999999 0.070667 0.112
3 0.340667 0.620333 0.089333 0.111333
3 0.248333 0.566667 0.056667 0.057333
3 0.307 0.534667 0.116667 0.104
2 0.363667 0.45966700000000005 0.084667 0.079333
3 0.387 0.529 0.046 0.059333
3 0.405333 0.605667 0.070667 0.09
3 0.478 0.5680000000000001 0.097333 0.114667
3 0.536 0.28533299999999995 0.101333 0.092
3 0.440667 0.25733300000000003 0.102667 0.102667
3 0.418333 0.17633299999999996 0.080667 0.076667
3 0.399667 0.10466699999999995 0.115333 0.092
3 0.348333 0.263667 0.084667 0.148667
3 0.315 0.353 0.118 0.118
3 0.211 0.43600000000000005 0.146 0.090667
3 0.096 0.362333 0.066667 0.079333
3 0.178333 0.34099999999999997 0.114 0.108667
3 0.168333 0.26533300000000004 0.072667 0.065333
3 0.238 0.295667 0.072 0.076667
2 0.109667 0.21466700000000005 0.146 0.122667
3 0.064333 0.12633300000000003 0.094 0.084667
3 0.141333 0.11233300000000002 0.098667 0.115333
3 0.199 0.15633300000000006 0.047333 0.052667
2 0.165 0.20366700000000004 0.051333 0.055333
3 0.223333 0.228333 0.078667 0.072667
3 0.263 0.18600000000000005 0.083333 0.090667
3 0.286667 0.259667 0.058667 0.071333
3 0.244667 0.09399999999999997 0.094667 0.1
3 0.231667 0.035667000000000004 0.071333 0.052667
3 0.315 0.07833299999999999 0.074 0.108667
3 0.329333 0.17000000000000004 0.070667 0.068
3 0.501 0.45966700000000005 0.128667 0.115333
3 0.616333 0.6513329999999999 0.059333 0.065333
3 0.579333 0.604 0.061333 0.076
3 0.554667 0.531 0.074667 0.080667
3 0.671333 0.625 0.061333 0.079333
3 0.728667 0.626333 0.068 0.071333
3 0.629667 0.558 0.086 0.098667
3 0.609333 0.46166700000000005 0.096 0.106
3 0.710667 0.566667 0.101333 0.088
2 0.695333 0.500667 0.098667 0.072
2 0.667667 0.44166700000000003 0.09 0.071333
3 0.655667 0.377 0.116667 0.088667
3 0.613 0.30800000000000005 0.088667 0.101333
2 0.67 0.24566699999999997 0.128 0.11
2 0.715667 0.32966700000000004 0.106 0.083333
2 0.736667 0.403667 0.092 0.088667
3 0.764333 0.488 0.091333 0.1
3 0.794333 0.5916669999999999 0.076667 0.087333
3 0.849 0.552667 0.083333 0.073333
3 0.876333 0.6186670000000001 0.054 0.053333
3 0.839333 0.481333 0.105333 0.094667
3 0.818 0.402667 0.101333 0.098667
3 0.762333 0.17000000000000004 0.118 0.130667
3 0.819667 0.221333 0.075333 0.102667
3 0.868667 0.24566699999999997 0.105333 0.112667
3 0.869 0.32899999999999996 0.11 0.076667
3 0.892667 0.391667 0.093333 0.064667
3 0.906 0.45199999999999996 0.064 0.056
3 0.943333 0.22699999999999998 0.074667 0.094
0 0.061 0.968 0.063333 0.057333
3 0.043 0.503667 0.084667 0.103333
0 0.140333 0.5413330000000001 0.042 0.034667
0 0.292667 0.42033299999999996 0.044 0.044667
0 0.580333 0.806333 0.075333 0.083333
0 0.546333 0.385667 0.062 0.051333
0 0.498 0.340333 0.068 0.068667
0 0.591 0.927333 0.120667 0.142667
0 0.652 0.742333 0.113333 0.120667
0 0.895667 0.889333 0.208667 0.212
0 0.914333 0.707333 0.13 0.122667
0 0.787333 0.757 0.213333 0.204667
2 0.954 0.374 0.034667 0.037333
2 0.944667 0.30233299999999996 0.048 0.048667
2 0.967667 0.43233299999999997 0.064667 0.074
2 0.943 0.05600000000000005 0.114 0.109333
0 0.913333 0.12766699999999997 0.046667 0.039333
0 0.876667 0.16300000000000003 0.049333 0.042
0 0.749 0.08899999999999997 0.043333 0.055333
0 0.682 0.05133299999999996 0.045333 0.04
0 0.644667 0.17000000000000004 0.057333 0.045333
0 0.532333 0.22166699999999995 0.048667 0.034
3 0.106 0.029667 0.052 0.059333
2 0.048 0.04533299999999996 0.094667 0.090667
3 0.022333 0.17633299999999996 0.042 0.084667
