3 0.899667 0.087667 0.114 0.087333
2 0.934333 0.187667 0.106 0.118
2 0.797667 0.135333 0.084667 0.122667
2 0.7216670000000001 0.171667 0.088667 0.080667
3 0.754667 0.238333 0.126667 0.088667
2 0.796667 0.317333 0.108 0.097333
3 0.699667 0.321 0.091333 0.092667
3 0.570333 0.351333 0.094 0.076
2 0.473333 0.371667 0.066667 0.060667
3 0.41133299999999995 0.418667 0.104 0.110667
3 0.31466700000000003 0.429667 0.097333 0.114
3 0.22466699999999995 0.461333 0.105333 0.104
3 0.17133299999999996 0.542333 0.093333 0.094
2 0.08166700000000005 0.533333 0.091333 0.101333
3 0.12866699999999998 0.425667 0.077333 0.094
3 0.04833299999999996 0.468 0.083333 0.073333
3 0.11266699999999996 0.349333 0.076 0.086667
2 0.100333 0.268667 0.084667 0.077333
3 0.08666700000000005 0.204333 0.104 0.074
3 0.07866700000000004 0.119333 0.089333 0.093333
3 0.164667 0.134667 0.094667 0.145333
2 0.24266699999999997 0.070333 0.113333 0.124667
2 0.251 0.198667 0.058 0.048
3 0.19133299999999998 0.296 0.077333 0.073333
3 0.20799999999999996 0.372667 0.089333 0.069333
2 0.292667 0.354333 0.077333 0.076667
3 0.285667 0.266 0.114 0.097333
3 0.32999999999999996 0.166667 0.097333 0.114667
2 0.380667 0.040667 0.106667 0.066667
3 0.41633299999999995 0.115333 0.13 0.098667
3 0.42933299999999996 0.197333 0.076 0.062667
3 0.435667 0.28 0.124667 0.102667
3 0.38 0.334 0.1 0.102667
3 0.5393330000000001 0.253333 0.076 0.108
3 0.628 0.255 0.093333 0.119333
3 0.514667 0.164 0.072 0.104
3 0.598 0.160667 0.097333 0.105333
3 0.577 0.080667 0.115333 0.078667
2 0.703667 0.102 0.075333 0.077333
2 0.6623330000000001 0.153667 0.047333 0.052667
2 0.891 0.370333 0.080667 0.080667
3 0.917333 0.437 0.066667 0.055333
3 0.944 0.513667 0.072 0.079333
3 0.844333 0.495333 0.119333 0.102667
3 0.823 0.408333 0.111333 0.087333
3 0.650333 0.389333 0.087333 0.097333
3 0.6643330000000001 0.464 0.084667 0.068
3 0.6859999999999999 0.541 0.097333 0.086
2 0.721333 0.4 0.068 0.062667
3 0.746333 0.474333 0.082 0.096667
3 0.874 0.597333 0.104 0.104
3 0.849667 0.763333 0.088667 0.108
2 0.806333 0.658333 0.078 0.09
2 0.775333 0.577 0.088 0.078
2 0.722667 0.628667 0.076 0.074667
3 0.750333 0.709667 0.104667 0.095333
2 0.887 0.856333 0.075333 0.086
3 0.79 0.877333 0.110667 0.105333
2 0.756 0.783333 0.104 0.090667
2 0.683667 0.85 0.098 0.076
3 0.594 0.498 0.092 0.089333
2 0.5696669999999999 0.424333 0.071333 0.075333
3 0.49766699999999997 0.447 0.084667 0.082
3 0.526 0.541 0.094667 0.103333
3 0.632333 0.590667 0.095333 0.1
3 0.647 0.659 0.086 0.103333
3 0.6683330000000001 0.740333 0.082 0.09
3 0.600333 0.799333 0.112667 0.102667
3 0.5163329999999999 0.848333 0.119333 0.118
2 0.484333 0.746333 0.096667 0.088667
3 0.45666700000000005 0.675 0.102667 0.082
3 0.435667 0.582667 0.106 0.116
3 0.42800000000000005 0.501 0.078667 0.080667
3 0.546333 0.628333 0.087333 0.080667
3 0.5716669999999999 0.719333 0.091333 0.106667
2 0.33999999999999997 0.512667 0.077333 0.065333
3 0.355333 0.588333 0.133333 0.106
2 0.383 0.716667 0.108667 0.148
3 0.31499999999999995 0.71 0.058 0.132
3 0.25633300000000003 0.759667 0.078 0.123333
3 0.16700000000000004 0.773667 0.104667 0.171333
2 0.23199999999999998 0.591 0.104 0.091333
3 0.23833300000000002 0.669333 0.086 0.065333
2 0.06433299999999997 0.731 0.107333 0.086
3 0.07533299999999998 0.892333 0.132 0.111333
3 0.05466700000000002 0.809667 0.098667 0.092667
0 0.8993329999999999 0.286667 0.050667 0.049333
2 0.944667 0.326 0.109333 0.1
3 0.965333 0.416333 0.068 0.091333
2 0.953333 0.613333 0.092 0.116
2 0.943667 0.707 0.111333 0.103333
2 0.54 0.035667 0.136 0.07
0 0.28733299999999995 0.537667 0.04 0.046
2 0.31799999999999995 0.094667 0.069333 0.050667
2 0.08233299999999999 0.049333 0.164667 0.097333
0 0.14533300000000005 0.016333 0.052 0.031333
0 0.14133300000000004 0.312 0.032 0.045333
0 0.143667 0.644667 0.079333 0.064
2 0.044332999999999956 0.319 0.088667 0.092667
2 0.03833299999999995 0.397 0.076667 0.087333
2 0.06399999999999995 0.638333 0.128 0.139333
0 0.35466699999999995 0.859667 0.073333 0.094
0 0.41833299999999995 0.865 0.066 0.084667
2 0.45699999999999996 0.939667 0.120667 0.120667
2 0.7456670000000001 0.941333 0.159333 0.117333
2 0.947667 0.807 0.103333 0.11
