2 0.060667 0.457 0.097333 0.083333
2 0.098 0.543667 0.141333 0.114
0 0.165 0.608 0.114 0.116
3 0.082 0.641333 0.076 0.073333
2 0.059667 0.726667 0.115333 0.108
3 0.123667 0.892333 0.11 0.122
3 0.195333 0.783667 0.074667 0.072667
3 0.226333 0.678333 0.084667 0.088667
3 0.279333 0.750333 0.073333 0.103333
3 0.353333 0.708 0.028 0.037333
0 0.16 0.239 0.050667 0.048667
0 0.199 0.234333 0.032667 0.036667
0 0.574333 0.157 0.21 0.251333
0 0.677667 0.283333 0.211333 0.225333
0 0.634 0.418 0.168 0.226667
0 0.510667 0.385667 0.157333 0.19
0 0.357333 0.457 0.188 0.240667
3 0.161667 0.681333 0.067333 0.049333
2 0.044333 0.834333 0.086 0.116667
0 0.05 0.923 0.042667 0.05
2 0.336 0.912 0.189333 0.176
2 0.392333 0.965 0.094 0.07
3 0.268667 0.836 0.06 0.058667
0 0.611333 0.907667 0.048 0.054
0 0.838333 0.794333 0.224667 0.21
0 0.701 0.879333 0.034 0.028
0 0.699 0.768 0.028667 0.029333
0 0.651333 0.808 0.030667 0.028
0 0.615333 0.74 0.044 0.045333
0 0.486333 0.797667 0.054 0.052667
0 0.726333 0.682667 0.036667 0.04
0 0.759 0.687667 0.032667 0.031333
0 0.888333 0.679333 0.028667 0.042667
0 0.928333 0.737 0.028667 0.028667
0 0.954 0.668 0.030667 0.030667
0 0.848667 0.574333 0.052 0.046
0 0.809 0.541333 0.051333 0.046667
0 0.84 0.264667 0.169333 0.162667
0 0.808667 0.401 0.034667 0.035333
0 0.855 0.116 0.139333 0.154667
