2 0.902 0.165 0.133333 0.107333
2 0.722333 0.064333 0.107333 0.111333
3 0.587333 0.126667 0.104 0.110667
3 0.487333 0.120667 0.098667 0.132
3 0.395 0.124 0.075333 0.08
3 0.28400000000000003 0.083667 0.146667 0.147333
2 0.882667 0.265 0.113333 0.084667
3 0.911 0.357333 0.107333 0.092
2 0.768 0.315 0.145333 0.162
2 0.670667 0.252333 0.126667 0.143333
2 0.566667 0.224 0.137333 0.102667
2 0.5589999999999999 0.32 0.119333 0.108
3 0.44099999999999995 0.322 0.072667 0.068
3 0.45699999999999996 0.226 0.092667 0.093333
2 0.368 0.236 0.096 0.137333
2 0.27133300000000005 0.212 0.102667 0.106667
3 0.06866700000000003 0.174 0.1 0.097333
3 0.07966700000000004 0.271333 0.119333 0.125333
2 0.20199999999999996 0.284667 0.128 0.137333
3 0.645667 0.482333 0.09 0.088667
3 0.5389999999999999 0.470333 0.107333 0.112667
3 0.42833299999999996 0.463333 0.116667 0.101333
3 0.26533300000000004 0.536333 0.14 0.147333
3 0.121 0.501 0.154 0.159333
2 0.479 0.569333 0.11 0.104
2 0.911667 0.633667 0.114 0.119333
2 0.788 0.616333 0.169333 0.179333
2 0.817333 0.742667 0.116 0.098667
3 0.738 0.903333 0.074667 0.094667
3 0.5986670000000001 0.677 0.078667 0.080667
2 0.403 0.671333 0.120667 0.138667
3 0.19133299999999998 0.663667 0.134667 0.143333
3 0.06666700000000003 0.719 0.114667 0.11
3 0.07366700000000004 0.827667 0.118 0.123333
3 0.18333299999999997 0.851667 0.109333 0.108667
3 0.28 0.876 0.108 0.145333
2 0.38533300000000004 0.898333 0.113333 0.138
3 0.896333 0.09 0.040667 0.045333
0 0.6413329999999999 0.079 0.06 0.075333
3 0.7783329999999999 0.160667 0.062 0.065333
0 0.607 0.399 0.036667 0.044667
0 0.681667 0.424 0.067333 0.072
0 0.818667 0.414 0.061333 0.057333
0 0.871333 0.453667 0.082667 0.09
0 0.719333 0.539 0.041333 0.056667
3 0.5023329999999999 0.672 0.047333 0.049333
3 0.943667 0.739 0.11 0.071333
2 0.934333 0.928 0.056667 0.066667
1 0.820333 0.904667 0.038 0.045333
1 0.664667 0.820667 0.044 0.052
3 0.501 0.871 0.055333 0.064667
2 0.165667 0.949667 0.106 0.100667
0 0.368 0.782667 0.076 0.084
0 0.31566700000000003 0.762333 0.054 0.052667
0 0.19399999999999995 0.761667 0.068 0.07
0 0.02633300000000005 0.490333 0.052667 0.094
2 0.345333 0.436667 0.033333 0.048
2 0.377 0.564333 0.042 0.03
0 0.15633300000000006 0.384667 0.091333 0.072
