2 0.5429999999999999 0.060667 0.083333 0.097333
2 0.456333 0.098 0.114 0.141333
0 0.392 0.165 0.116 0.114
3 0.35866699999999996 0.082 0.073333 0.076
2 0.27333300000000005 0.059667 0.108 0.115333
3 0.10766699999999996 0.123667 0.122 0.11
3 0.216333 0.195333 0.072667 0.074667
3 0.32166700000000004 0.226333 0.088667 0.084667
3 0.24966699999999997 0.279333 0.103333 0.073333
3 0.29200000000000004 0.353333 0.037333 0.028
0 0.761 0.16 0.048667 0.050667
0 0.765667 0.199 0.036667 0.032667
0 0.843 0.574333 0.251333 0.21
0 0.7166669999999999 0.677667 0.225333 0.211333
0 0.5820000000000001 0.634 0.226667 0.168
0 0.614333 0.510667 0.19 0.157333
0 0.5429999999999999 0.357333 0.240667 0.188
3 0.31866700000000003 0.161667 0.049333 0.067333
2 0.165667 0.044333 0.116667 0.086
0 0.07699999999999996 0.05 0.05 0.042667
2 0.08799999999999997 0.336 0.176 0.189333
2 0.03500000000000003 0.392333 0.07 0.094
3 0.16400000000000003 0.268667 0.058667 0.06
0 0.092333 0.611333 0.054 0.048
0 0.20566700000000004 0.838333 0.21 0.224667
0 0.12066699999999997 0.701 0.028 0.034
0 0.23199999999999998 0.699 0.029333 0.028667
0 0.19199999999999995 0.651333 0.028 0.030667
0 0.26 0.615333 0.045333 0.044
0 0.20233299999999999 0.486333 0.052667 0.054
0 0.317333 0.726333 0.04 0.036667
0 0.31233299999999997 0.759 0.031333 0.032667
0 0.32066700000000004 0.888333 0.042667 0.028667
0 0.263 0.928333 0.028667 0.028667
0 0.33199999999999996 0.954 0.030667 0.030667
0 0.425667 0.848667 0.046 0.052
0 0.45866700000000005 0.809 0.046667 0.051333
0 0.735333 0.84 0.162667 0.169333
0 0.599 0.808667 0.035333 0.034667
0 0.884 0.855 0.154667 0.139333
