3 0.07933299999999999 0.057667 0.101333 0.083333
3 0.149667 0.155333 0.091333 0.129333
3 0.07599999999999996 0.136667 0.050667 0.069333
3 0.10699999999999998 0.220333 0.082 0.088667
2 0.22666699999999995 0.354667 0.093333 0.097333
2 0.12933300000000003 0.520667 0.14 0.126667
2 0.15100000000000002 0.630667 0.091333 0.090667
3 0.149667 0.722667 0.091333 0.097333
3 0.06966700000000003 0.684333 0.087333 0.116667
3 0.245 0.668 0.112667 0.142667
3 0.32666700000000004 0.773667 0.098667 0.092667
3 0.264 0.747333 0.106667 0.096
3 0.37 0.904667 0.101333 0.097333
3 0.27833300000000005 0.895 0.087333 0.114
3 0.18633299999999997 0.883333 0.104667 0.148
3 0.09566699999999995 0.893 0.088667 0.11
0 0.932333 0.248667 0.134 0.196
0 0.873667 0.065333 0.247333 0.129333
0 0.772667 0.177667 0.184 0.175333
0 0.875333 0.493 0.162667 0.188667
0 0.812667 0.471333 0.057333 0.074667
0 0.828667 0.320667 0.153333 0.164
0 0.633667 0.514667 0.346 0.257333
0 0.742333 0.629667 0.079333 0.076667
0 0.49866699999999997 0.373333 0.105333 0.116
0 0.48666699999999996 0.612 0.054667 0.046667
0 0.5243329999999999 0.635333 0.040667 0.04
0 0.606333 0.688333 0.13 0.13
0 0.394667 0.280333 0.228 0.235333
0 0.384 0.063667 0.14 0.124667
0 0.29600000000000004 0.234667 0.089333 0.094667
0 0.23766699999999996 0.229667 0.048667 0.047333
0 0.220333 0.258 0.052667 0.04
0 0.274 0.028333 0.058667 0.054
0 0.21599999999999997 0.021 0.052 0.040667
0 0.24166699999999997 0.123 0.044667 0.040667
0 0.22366699999999995 0.083333 0.048667 0.054667
0 0.287667 0.465333 0.032667 0.032
3 0.028333000000000053 0.141 0.056667 0.098
0 0.153667 0.037333 0.074 0.064
2 0.050000000000000044 0.536 0.1 0.18
2 0.052000000000000046 0.861667 0.104 0.162
3 0.030000000000000027 0.967333 0.058667 0.065333
3 0.11366699999999996 0.964333 0.112667 0.071333
2 0.265667 0.826 0.078 0.061333
2 0.299667 0.966 0.076667 0.068
0 0.422667 0.757333 0.073333 0.089333
0 0.47866699999999995 0.782333 0.046667 0.047333
0 0.475333 0.883667 0.045333 0.046
0 0.562333 0.777333 0.086 0.081333
0 0.6966669999999999 0.774333 0.188 0.211333
0 0.6719999999999999 0.965667 0.048 0.047333
0 0.724 0.944 0.052 0.057333
0 0.746667 0.891333 0.049333 0.038667
0 0.6719999999999999 0.933667 0.044 0.034
0 0.665333 0.902667 0.053333 0.036
0 0.89 0.749667 0.218667 0.279333
0 0.949333 0.601667 0.1 0.179333
