2 0.939333 0.5429999999999999 0.097333 0.083333
2 0.902 0.456333 0.141333 0.114
0 0.835 0.392 0.114 0.116
3 0.918 0.35866699999999996 0.076 0.073333
2 0.940333 0.27333300000000005 0.115333 0.108
3 0.876333 0.10766699999999996 0.11 0.122
3 0.804667 0.216333 0.074667 0.072667
3 0.773667 0.32166700000000004 0.084667 0.088667
3 0.720667 0.24966699999999997 0.073333 0.103333
3 0.646667 0.29200000000000004 0.028 0.037333
0 0.84 0.761 0.050667 0.048667
0 0.8009999999999999 0.765667 0.032667 0.036667
0 0.425667 0.843 0.21 0.251333
0 0.322333 0.7166669999999999 0.211333 0.225333
0 0.366 0.5820000000000001 0.168 0.226667
0 0.489333 0.614333 0.157333 0.19
0 0.642667 0.5429999999999999 0.188 0.240667
3 0.838333 0.31866700000000003 0.067333 0.049333
2 0.955667 0.165667 0.086 0.116667
0 0.95 0.07699999999999996 0.042667 0.05
2 0.6639999999999999 0.08799999999999997 0.189333 0.176
2 0.607667 0.03500000000000003 0.094 0.07
3 0.731333 0.16400000000000003 0.06 0.058667
0 0.388667 0.092333 0.048 0.054
0 0.161667 0.20566700000000004 0.224667 0.21
0 0.29900000000000004 0.12066699999999997 0.034 0.028
0 0.30100000000000005 0.23199999999999998 0.028667 0.029333
0 0.34866699999999995 0.19199999999999995 0.030667 0.028
0 0.384667 0.26 0.044 0.045333
0 0.513667 0.20233299999999999 0.054 0.052667
0 0.273667 0.317333 0.036667 0.04
0 0.241 0.31233299999999997 0.032667 0.031333
0 0.11166699999999996 0.32066700000000004 0.028667 0.042667
0 0.07166700000000004 0.263 0.028667 0.028667
0 0.04600000000000004 0.33199999999999996 0.030667 0.030667
0 0.15133300000000005 0.425667 0.052 0.046
0 0.19099999999999995 0.45866700000000005 0.051333 0.046667
0 0.16000000000000003 0.735333 0.169333 0.162667
0 0.19133299999999998 0.599 0.034667 0.035333
0 0.14500000000000002 0.884 0.139333 0.154667
