0 0.681333 0.798333 0.392 0.402
0 0.43999999999999995 0.885667 0.210667 0.227333
0 0.34066700000000005 0.568333 0.048 0.048667
0 0.30700000000000005 0.5223329999999999 0.039333 0.043333
0 0.356333 0.387 0.187333 0.199333
0 0.801333 0.141667 0.396 0.283333
0 0.558667 0.13366699999999998 0.114667 0.108667
3 0.538 0.05166700000000002 0.14 0.103333
0 0.154667 0.18566700000000003 0.309333 0.367333
0 0.26333300000000004 0.12233300000000003 0.062667 0.076667
0 0.026666999999999996 0.21199999999999997 0.053333 0.125333
0 0.13133300000000003 0.718667 0.24 0.212
0 0.19699999999999995 0.816667 0.106 0.077333
