3 0.788333 0.064333 0.058 0.07
3 0.712333 0.068 0.087333 0.104
3 0.6703330000000001 0.147 0.047333 0.054
3 0.634 0.196333 0.053333 0.052667
3 0.607 0.329 0.059333 0.059333
3 0.624333 0.420333 0.044667 0.048667
3 0.574667 0.379 0.068 0.056667
3 0.498 0.280333 0.074667 0.082
3 0.577 0.228 0.07 0.092
3 0.572333 0.147667 0.087333 0.07
3 0.6166670000000001 0.104 0.057333 0.068
3 0.546 0.079333 0.073333 0.102667
3 0.47766699999999995 0.119667 0.079333 0.086
3 0.46666700000000005 0.041333 0.098667 0.081333
3 0.286667 0.061333 0.077333 0.092
3 0.31366700000000003 0.147667 0.079333 0.086
3 0.387667 0.174667 0.082 0.101333
3 0.45499999999999996 0.192667 0.05 0.076
2 0.511333 0.215 0.065333 0.082
3 0.41033299999999995 0.262 0.078 0.093333
2 0.34166700000000005 0.227333 0.074 0.070667
2 0.253667 0.198333 0.088667 0.115333
3 0.19233299999999998 0.273667 0.100667 0.116667
2 0.06133299999999997 0.479333 0.101333 0.097333
3 0.210333 0.353 0.039333 0.055333
3 0.255 0.361333 0.091333 0.125333
3 0.335333 0.384667 0.066667 0.104
3 0.391667 0.413 0.051333 0.072667
3 0.413667 0.333 0.079333 0.076667
3 0.48466699999999996 0.572667 0.096 0.094667
2 0.36866699999999997 0.547667 0.069333 0.086
3 0.28533299999999995 0.519333 0.130667 0.096
3 0.23466699999999996 0.458 0.085333 0.096
3 0.31299999999999994 0.457333 0.055333 0.046667
3 0.316333 0.599 0.084667 0.075333
3 0.21966699999999995 0.600333 0.112667 0.094
3 0.15900000000000003 0.648333 0.066 0.068667
3 0.23066699999999996 0.74 0.132 0.14
3 0.12266699999999997 0.708667 0.105333 0.108
3 0.07433299999999998 0.773667 0.088667 0.083333
2 0.14933300000000005 0.815667 0.1 0.091333
3 0.097333 0.899 0.101333 0.100667
3 0.031667 0.955 0.063333 0.07
0 0.808667 0.114 0.093333 0.074667
0 0.762333 0.22 0.192667 0.196
0 0.716 0.35 0.133333 0.132
0 0.890333 0.33 0.214 0.230667
0 0.898 0.197667 0.098667 0.079333
0 0.344 0.045 0.050667 0.066
0 0.392667 0.096 0.06 0.065333
0 0.759 0.431 0.144667 0.114
0 0.783 0.517333 0.147333 0.166667
0 0.493 0.441667 0.195333 0.202
0 0.926333 0.787333 0.104667 0.124
0 0.971667 0.867333 0.052667 0.058667
0 0.782333 0.886667 0.23 0.226667
0 0.571333 0.795 0.1 0.095333
0 0.479 0.725 0.139333 0.152667
0 0.38933300000000004 0.918667 0.244 0.162667
0 0.24866699999999997 0.897333 0.257333 0.198667
3 0.03433299999999995 0.852 0.068667 0.124
0 0.35366699999999995 0.668667 0.162 0.156
0 0.14133300000000004 0.448 0.049333 0.053333
0 0.169667 0.413 0.036667 0.042
0 0.09599999999999997 0.272 0.054667 0.057333
0 0.07466700000000004 0.221333 0.068 0.058667
0 0.17533299999999996 0.190667 0.044 0.058667
3 0.04266700000000001 0.375 0.085333 0.115333
0 0.22899999999999998 0.080333 0.038 0.044667
