2 0.284 0.866 0.102667 0.094667
3 0.253667 0.758333 0.112667 0.102
2 0.247 0.661 0.123333 0.092667
2 0.135667 0.648 0.087333 0.092
3 0.120333 0.454333 0.128667 0.148667
3 0.229 0.43433299999999997 0.084667 0.083333
2 0.307333 0.377 0.1 0.119333
2 0.187667 0.18400000000000005 0.111333 0.161333
2 0.292667 0.17566700000000002 0.104 0.136667
2 0.216333 0.309667 0.079333 0.079333
3 0.683667 0.20366700000000004 0.088667 0.086
3 0.751667 0.17266700000000001 0.080667 0.094667
3 0.765667 0.271667 0.116667 0.116667
3 0.863667 0.20966700000000005 0.128667 0.115333
3 0.774 0.5720000000000001 0.133333 0.129333
3 0.853667 0.621 0.120667 0.115333
3 0.946667 0.734667 0.104 0.104
3 0.771333 0.8280000000000001 0.108 0.101333
3 0.472333 0.532333 0.052667 0.052667
3 0.565667 0.515333 0.058 0.06
3 0.049667 0.552 0.092667 0.072
0 0.182667 0.755 0.038667 0.046
0 0.148333 0.806 0.064667 0.050667
2 0.192333 0.8336669999999999 0.038 0.035333
0 0.25 0.5680000000000001 0.122667 0.108
0 0.351667 0.5609999999999999 0.120667 0.120667
0 0.423667 0.519333 0.056667 0.068
0 0.391333 0.486333 0.050667 0.047333
0 0.324333 0.451333 0.107333 0.085333
0 0.446333 0.44299999999999995 0.066 0.055333
0 0.406 0.36766699999999997 0.110667 0.128667
0 0.338 0.7703329999999999 0.081333 0.096667
0 0.379 0.736 0.075333 0.076
2 0.049 0.663667 0.096667 0.140667
0 0.480667 0.790667 0.104 0.152
2 0.403667 0.982 0.044667 0.034667
0 0.537667 0.838333 0.074 0.075333
0 0.464667 0.873333 0.037333 0.033333
0 0.426667 0.8220000000000001 0.049333 0.056
0 0.580333 0.807667 0.046 0.052667
0 0.661333 0.31899999999999995 0.076 0.066
0 0.608667 0.40333300000000005 0.084 0.073333
0 0.731 0.44799999999999995 0.068667 0.061333
0 0.777333 0.917667 0.073333 0.066
0 0.728667 0.937667 0.048 0.036667
0 0.743667 0.968667 0.044667 0.034667
0 0.794667 0.953333 0.046667 0.032
3 0.821 0.46099999999999997 0.043333 0.048667
3 0.904 0.5449999999999999 0.072 0.046
3 0.925667 0.5183329999999999 0.062 0.060667
0 0.88 0.801333 0.041333 0.036
0 0.976667 0.602333 0.028 0.022
0 0.913667 0.07399999999999995 0.062 0.066667
0 0.815 0.10933300000000001 0.094 0.086667
0 0.673 0.09466699999999995 0.107333 0.101333
0 0.483333 0.04533299999999996 0.070667 0.056
2 0.413333 0.147667 0.042667 0.047333
0 0.409667 0.207333 0.052667 0.045333
0 0.043 0.14433300000000004 0.056667 0.059333
