0 0.099333 0.892 0.116 0.129333
0 0.225667 0.816333 0.092667 0.066
0 0.256333 0.7146669999999999 0.162 0.141333
0 0.145 0.6226670000000001 0.184667 0.229333
0 0.210333 0.41533299999999995 0.11 0.129333
0 0.330333 0.479333 0.163333 0.168
0 0.266667 0.317333 0.164 0.174667
0 0.444333 0.525667 0.123333 0.127333
0 0.116 0.39433300000000004 0.129333 0.123333
0 0.105667 0.231333 0.206 0.18
0 0.221667 0.16900000000000004 0.111333 0.143333
0 0.358667 0.17033299999999996 0.173333 0.212667
0 0.407333 0.371333 0.129333 0.166667
0 0.596 0.590667 0.165333 0.157333
0 0.722 0.31999999999999995 0.209333 0.186667
0 0.734333 0.454333 0.187333 0.122
0 0.738 0.594 0.181333 0.165333
0 0.746333 0.716 0.152667 0.122667
0 0.738333 0.826333 0.131333 0.123333
0 0.676 0.943 0.172 0.112667
0 0.617333 0.91 0.092 0.094667
0 0.615 0.751 0.123333 0.147333
0 0.535667 0.462333 0.164667 0.142
0 0.515333 0.322333 0.165333 0.158
0 0.618 0.22366699999999995 0.146667 0.104667
0 0.608333 0.09066700000000005 0.167333 0.181333
0 0.527 0.945 0.087333 0.108667
0 0.514 0.829333 0.173333 0.153333
0 0.479 0.648667 0.198 0.205333
0 0.457 0.08399999999999996 0.136667 0.168
