3 0.12166699999999997 0.33599999999999997 0.155333 0.133333
2 0.27033300000000005 0.23633300000000002 0.144667 0.156667
2 0.16500000000000004 0.127 0.087333 0.118
3 0.05800000000000005 0.11266699999999996 0.101333 0.124
2 0.25833300000000003 0.126 0.115333 0.097333
3 0.368 0.16433299999999995 0.042667 0.056667
3 0.466333 0.16433299999999995 0.082 0.09
3 0.576333 0.161667 0.115333 0.115333
3 0.656 0.274 0.105333 0.104
3 0.611667 0.363 0.083333 0.079333
3 0.416667 0.34666699999999995 0.098667 0.102667
3 0.20366700000000004 0.44599999999999995 0.088667 0.101333
3 0.29933299999999996 0.44966700000000004 0.105333 0.080667
2 0.28533299999999995 0.5393330000000001 0.108 0.096
2 0.385667 0.541667 0.080667 0.082
3 0.469333 0.5573330000000001 0.062667 0.068
3 0.42633299999999996 0.45166700000000004 0.071333 0.087333
3 0.518 0.45466700000000004 0.109333 0.106667
2 0.625667 0.45566700000000004 0.075333 0.087333
2 0.805333 0.255667 0.14 0.11
3 0.858333 0.160667 0.123333 0.105333
3 0.922 0.27133300000000005 0.098667 0.101333
3 0.937333 0.37733300000000003 0.093333 0.092
2 0.823667 0.372 0.118 0.097333
2 0.742333 0.47266699999999995 0.158 0.162667
2 0.87 0.487333 0.089333 0.130667
3 0.801333 0.6759999999999999 0.096 0.089333
3 0.884667 0.781 0.121333 0.123333
3 0.824333 0.872667 0.114 0.101333
2 0.946667 0.853 0.105333 0.179333
2 0.6839999999999999 0.796667 0.153333 0.2
2 0.5333330000000001 0.867 0.121333 0.148667
2 0.42333299999999996 0.758333 0.129333 0.148667
2 0.31233299999999997 0.7336670000000001 0.092667 0.095333
2 0.159667 0.7146669999999999 0.095333 0.094667
3 0.300667 0.642667 0.133333 0.108
3 0.6006670000000001 0.661333 0.1 0.078667
3 0.502667 0.657667 0.054667 0.052667
2 0.577 0.5573330000000001 0.139333 0.126667
3 0.570667 0.7456670000000001 0.073333 0.078
3 0.706333 0.36366699999999996 0.076667 0.064667
0 0.08899999999999997 0.507 0.099333 0.079333
0 0.04066700000000001 0.749667 0.081333 0.094
0 0.04133299999999995 0.614 0.08 0.074667
0 0.124 0.5966670000000001 0.090667 0.085333
0 0.6703330000000001 0.16633299999999995 0.058 0.068667
0 0.773 0.06899999999999995 0.072667 0.080667
0 0.7090000000000001 0.09399999999999997 0.064667 0.06
0 0.16433299999999995 0.886333 0.072667 0.066
0 0.12966699999999998 0.853 0.038 0.043333
0 0.22066699999999995 0.832 0.088 0.06
3 0.957 0.18500000000000005 0.084667 0.099333
3 0.954 0.47566699999999995 0.090667 0.115333
3 0.44266700000000003 0.05366700000000002 0.096 0.107333
