0 0.817667 0.539333 0.159333 0.138667
0 0.747333 0.401 0.116 0.147333
0 0.642667 0.463333 0.192 0.189333
0 0.649 0.617333 0.184667 0.148
0 0.563333 0.725333 0.133333 0.134667
0 0.41500000000000004 0.276 0.159333 0.164
0 0.24966699999999997 0.475 0.111333 0.139333
0 0.366333 0.48 0.106 0.110667
0 0.483333 0.511667 0.133333 0.132667
0 0.572667 0.317 0.169333 0.164667
0 0.7090000000000001 0.234 0.19 0.153333
0 0.8446670000000001 0.314333 0.205333 0.19
0 0.765333 0.132333 0.2 0.175333
0 0.779667 0.651333 0.127333 0.146667
0 0.784333 0.772667 0.159333 0.117333
0 0.862667 0.883 0.158667 0.154
0 0.919 0.781 0.116667 0.124667
0 0.937667 0.575 0.123333 0.136667
0 0.630333 0.799667 0.175333 0.184667
0 0.402 0.609 0.177333 0.164667
0 0.329333 0.684333 0.142667 0.147333
0 0.46399999999999997 0.832 0.134667 0.2
0 0.542667 0.943 0.148 0.114
0 0.17366700000000002 0.799667 0.119333 0.146
0 0.31466700000000003 0.892667 0.152 0.157333
0 0.395667 0.962 0.124667 0.076
0 0.11166699999999996 0.386 0.223333 0.310667
0 0.12033300000000002 0.931667 0.091333 0.124667
0 0.20799999999999996 0.933667 0.093333 0.132667
0 0.525333 0.093667 0.089333 0.084667
0 0.590667 0.173333 0.142667 0.124
0 0.925 0.258667 0.148667 0.26
0 0.938667 0.450667 0.121333 0.128
