2 0.48266699999999996 0.050000000000000044 0.072 0.068
0 0.930333 0.7296670000000001 0.078 0.083333
0 0.429667 0.42200000000000004 0.087333 0.066667
0 0.584333 0.34199999999999997 0.058 0.08
0 0.42500000000000004 0.599667 0.082 0.086
0 0.403 0.26133300000000004 0.074 0.065333
0 0.354333 0.21799999999999997 0.080667 0.077333
0 0.21699999999999997 0.168667 0.118 0.112
0 0.713333 0.902667 0.069333 0.084
0 0.268 0.375667 0.072 0.054
0 0.400667 0.049000000000000044 0.062667 0.071333
0 0.27333300000000005 0.493 0.078667 0.095333
0 0.19866700000000004 0.5 0.064 0.096
0 0.24166699999999997 0.06899999999999995 0.09 0.088667
0 0.8140000000000001 0.703333 0.030667 0.053333
0 0.774 0.709667 0.042667 0.046
3 0.925 0.05733299999999997 0.148667 0.112
3 0.797667 0.04833299999999996 0.13 0.096667
