0 0.267667 0.279333 0.146 0.169333
0 0.496 0.173667 0.086667 0.096667
0 0.423 0.148 0.063333 0.064
0 0.223667 0.104 0.111333 0.093333
0 0.126333 0.226 0.124667 0.12
0 0.072 0.090333 0.142667 0.179333
0 0.164667 0.384 0.18 0.194667
0 0.04 0.374 0.078667 0.12
0 0.285 0.465 0.171333 0.146
0 0.482 0.433667 0.146667 0.19
0 0.634667 0.497333 0.177333 0.2
0 0.811333 0.491667 0.170667 0.120667
0 0.86 0.570667 0.161333 0.144
0 0.931 0.367333 0.138 0.114667
0 0.763667 0.259 0.152667 0.178
0 0.879333 0.251 0.118667 0.134
0 0.830333 0.090667 0.15 0.18
0 0.946 0.074667 0.108 0.148
0 0.942 0.218 0.116 0.138667
0 0.495333 0.607333 0.161333 0.156
0 0.605667 0.657667 0.116667 0.118
0 0.712667 0.678667 0.094667 0.101333
0 0.609333 0.782 0.116 0.128
0 0.664667 0.925 0.126667 0.15
0 0.808667 0.909333 0.172 0.181333
0 0.908667 0.806667 0.089333 0.073333
0 0.501 0.908333 0.162 0.183333
0 0.279 0.884 0.139333 0.150667
0 0.248 0.736333 0.137333 0.15
0 0.374667 0.701333 0.198667 0.238667
0 0.521667 0.761333 0.099333 0.157333
0 0.352 0.966 0.085333 0.068
0 0.217333 0.939667 0.104 0.120667
0 0.264 0.578667 0.086667 0.088
0 0.147 0.822667 0.088667 0.085333
0 0.134333 0.649 0.066 0.059333
0 0.129 0.717 0.080667 0.074
0 0.736333 0.403333 0.086 0.1
0 0.684333 0.074667 0.167333 0.148
