0 0.393667 0.961 0.084667 0.078
0 0.45666700000000005 0.767333 0.154667 0.124
0 0.601 0.714333 0.135333 0.154
0 0.618 0.546333 0.189333 0.196667
0 0.322333 0.650333 0.116667 0.096667
0 0.489 0.446333 0.199333 0.167333
0 0.5613330000000001 0.311 0.096 0.106
0 0.46799999999999997 0.234667 0.125333 0.146667
0 0.431667 0.349 0.112667 0.096667
0 0.685667 0.315333 0.144667 0.158667
0 0.792333 0.374667 0.13 0.137333
0 0.906333 0.582 0.159333 0.170667
0 0.827667 0.811667 0.187333 0.175333
0 0.948333 0.863667 0.102 0.180667
0 0.794667 0.956333 0.108 0.087333
0 0.844333 0.681333 0.099333 0.098667
0 0.921333 0.441333 0.156 0.133333
0 0.924 0.321667 0.150667 0.178
0 0.828667 0.229 0.154667 0.199333
0 0.927333 0.106667 0.144 0.212
0 0.599 0.108333 0.206 0.215333
0 0.687667 0.168333 0.13 0.124667
0 0.33599999999999997 0.099333 0.230667 0.197333
0 0.36766699999999997 0.239667 0.118 0.151333
0 0.22566699999999995 0.277333 0.17 0.192
0 0.141667 0.362333 0.120667 0.127333
0 0.217333 0.497667 0.249333 0.251333
0 0.26633300000000004 0.941 0.154 0.118
0 0.07533299999999998 0.875333 0.150667 0.121333
0 0.07466700000000004 0.76 0.149333 0.129333
0 0.10199999999999998 0.658667 0.144 0.122667
0 0.14633300000000005 0.192 0.148667 0.142667
0 0.17233299999999996 0.915 0.067333 0.072667
0 0.21799999999999997 0.712667 0.176 0.182667
0 0.355 0.736667 0.063333 0.068
0 0.45399999999999996 0.634333 0.165333 0.178
0 0.771667 0.529 0.148667 0.179333
0 0.550667 0.875333 0.130667 0.157333
0 0.689333 0.893333 0.190667 0.213333
0 0.34966699999999995 0.426 0.094 0.084
