3 0.871333 0.08 0.104 0.141333
3 0.758667 0.187 0.106667 0.108667
3 0.831 0.303333 0.087333 0.097333
3 0.744 0.296 0.102667 0.101333
2 0.813333 0.513667 0.136 0.120667
3 0.930333 0.557 0.122 0.11
2 0.919667 0.673 0.140667 0.124667
3 0.914 0.800333 0.126667 0.118
3 0.895 0.908667 0.115333 0.098667
2 0.806667 0.841 0.128 0.142
3 0.809333 0.623 0.086667 0.094
3 0.717667 0.604333 0.114 0.087333
2 0.726 0.714 0.156 0.132
2 0.7050000000000001 0.821 0.116667 0.082
2 0.724 0.436667 0.121333 0.158667
3 0.625333 0.421 0.124 0.140667
3 0.629 0.539333 0.122 0.1
3 0.5203329999999999 0.524333 0.091333 0.100667
2 0.580333 0.628 0.147333 0.126667
2 0.596 0.734 0.106667 0.113333
2 0.591333 0.843 0.105333 0.115333
3 0.586333 0.941 0.104667 0.091333
2 0.46366700000000005 0.764333 0.175333 0.180667
2 0.46466700000000005 0.914333 0.205333 0.15
3 0.542667 0.329 0.18 0.182
3 0.528 0.164667 0.129333 0.146667
2 0.653 0.189667 0.128667 0.163333
2 0.6413329999999999 0.060333 0.128 0.106
2 0.42533299999999996 0.073 0.118667 0.122
2 0.31100000000000005 0.210667 0.15 0.2
3 0.38433300000000004 0.277667 0.086 0.074
3 0.38833300000000004 0.379667 0.119333 0.119333
3 0.29333299999999995 0.362667 0.098667 0.098667
3 0.385 0.498667 0.140667 0.14
3 0.26 0.466667 0.129333 0.126667
3 0.272 0.582 0.164 0.129333
2 0.267667 0.698 0.172667 0.110667
3 0.24066699999999996 0.802667 0.16 0.124
2 0.31200000000000006 0.905 0.138667 0.178
2 0.10499999999999998 0.864 0.119333 0.088
2 0.096333 0.730667 0.176667 0.190667
2 0.13233300000000003 0.541667 0.146 0.168667
3 0.08099999999999996 0.416 0.154 0.12
3 0.08533299999999999 0.288333 0.101333 0.114
3 0.18700000000000006 0.327667 0.122 0.092667
2 0.20666700000000005 0.230667 0.125333 0.16
2 0.095333 0.181333 0.1 0.113333
2 0.14 0.070667 0.161333 0.132
2 0.771 0.061667 0.112667 0.122
2 0.772667 0.402667 0.129333 0.098667
0 0.5 0.410667 0.068 0.070667
0 0.375 0.708 0.078 0.065333
3 0.937 0.277 0.124667 0.104667
3 0.943 0.179 0.112667 0.111333
3 0.9359999999999999 0.449333 0.126667 0.118667
2 0.07499999999999996 0.947667 0.140667 0.104667
