0 0.9103330000000001 0.776667 0.05 0.053333
0 0.590667 0.79 0.149333 0.176
0 0.599667 0.6226670000000001 0.127333 0.128
0 0.9 0.685 0.153333 0.13
0 0.711667 0.696 0.132667 0.141333
0 0.8200000000000001 0.47566699999999995 0.066667 0.083333
0 0.797333 0.5736669999999999 0.112 0.127333
0 0.765667 0.47866699999999995 0.05 0.065333
0 0.711333 0.512667 0.078667 0.077333
0 0.680667 0.43400000000000005 0.086667 0.08
0 0.718333 0.382 0.044667 0.038667
0 0.642667 0.04266700000000001 0.058667 0.070667
0 0.261667 0.777 0.184667 0.196667
0 0.356333 0.647 0.143333 0.134
0 0.33899999999999997 0.5553330000000001 0.07 0.082667
0 0.362333 0.488333 0.068667 0.059333
0 0.346 0.40833299999999995 0.066667 0.067333
0 0.656 0.378 0.065333 0.066667
0 0.716333 0.19899999999999995 0.07 0.066
0 0.6910000000000001 0.31399999999999995 0.079333 0.076
0 0.468333 0.15900000000000003 0.119333 0.127333
0 0.603667 0.31466700000000003 0.095333 0.085333
0 0.545667 0.484 0.095333 0.088
0 0.542667 0.404667 0.094667 0.08
0 0.11666699999999997 0.7216670000000001 0.105333 0.136667
0 0.253667 0.490333 0.086 0.075333
0 0.35666699999999996 0.07433299999999998 0.170667 0.148667
0 0.24066699999999996 0.06999999999999995 0.061333 0.065333
0 0.17633299999999996 0.11233300000000002 0.144667 0.124667
0 0.429667 0.469333 0.063333 0.072
0 0.44166700000000003 0.9013329999999999 0.242 0.184
0 0.431667 0.344333 0.078 0.07
0 0.403 0.22566699999999995 0.11 0.106
0 0.23266699999999996 0.19633299999999998 0.142667 0.119333
0 0.158667 0.32799999999999996 0.174667 0.141333
0 0.29633299999999996 0.33066700000000004 0.122 0.161333
0 0.163667 0.424667 0.118 0.073333
0 0.885667 0.46366700000000005 0.067333 0.074
0 0.875333 0.12133300000000002 0.245333 0.242667
0 0.579333 0.24233300000000002 0.094667 0.075333
0 0.583 0.165667 0.126 0.083333
0 0.611333 0.10766699999999996 0.113333 0.074
