0 0.923333 0.826 0.152 0.132
0 0.803333 0.582333 0.090667 0.111333
0 0.636333 0.486667 0.247333 0.238667
0 0.546333 0.639667 0.167333 0.166
0 0.654333 0.795667 0.206 0.268667
0 0.43600000000000005 0.850333 0.261333 0.27
0 0.20399999999999996 0.782333 0.213333 0.215333
0 0.12666699999999997 0.631667 0.156 0.19
0 0.349333 0.564667 0.278667 0.221333
0 0.377 0.358 0.275333 0.274667
0 0.5513330000000001 0.289 0.132 0.142
0 0.18833299999999997 0.199333 0.174 0.121333
0 0.428667 0.105333 0.214667 0.185333
0 0.679667 0.103 0.147333 0.176667
0 0.098333 0.086667 0.194 0.172
0 0.6843330000000001 0.260667 0.075333 0.072
0 0.796333 0.267667 0.198 0.204667
0 0.244 0.421 0.092 0.088667
0 0.34266700000000005 0.215 0.128 0.102
0 0.283667 0.044667 0.138 0.088
