0 0.923333 0.17400000000000004 0.152 0.132
0 0.803333 0.417667 0.090667 0.111333
0 0.636333 0.513333 0.247333 0.238667
0 0.546333 0.360333 0.167333 0.166
0 0.654333 0.204333 0.206 0.268667
0 0.43600000000000005 0.149667 0.261333 0.27
0 0.20399999999999996 0.21766700000000005 0.213333 0.215333
0 0.12666699999999997 0.368333 0.156 0.19
0 0.349333 0.43533299999999997 0.278667 0.221333
0 0.377 0.642 0.275333 0.274667
0 0.5513330000000001 0.7110000000000001 0.132 0.142
0 0.18833299999999997 0.800667 0.174 0.121333
0 0.428667 0.894667 0.214667 0.185333
0 0.679667 0.897 0.147333 0.176667
0 0.098333 0.913333 0.194 0.172
0 0.6843330000000001 0.739333 0.075333 0.072
0 0.796333 0.732333 0.198 0.204667
0 0.244 0.579 0.092 0.088667
0 0.34266700000000005 0.785 0.128 0.102
0 0.283667 0.955333 0.138 0.088
