2 0.08866700000000005 0.845667 0.165333 0.186
1 0.07099999999999995 0.699667 0.115333 0.13
2 0.22799999999999998 0.819 0.14 0.17
1 0.22799999999999998 0.685667 0.126667 0.116667
1 0.358333 0.776667 0.162 0.137333
1 0.19166700000000003 0.569 0.318 0.294
2 0.16533299999999995 0.315 0.212 0.211333
2 0.224333 0.174667 0.096667 0.089333
2 0.314333 0.299667 0.119333 0.163333
1 0.359333 0.117667 0.185333 0.194
1 0.501333 0.125333 0.132 0.201333
1 0.640667 0.093333 0.133333 0.14
1 0.689667 0.240333 0.224667 0.246
2 0.897333 0.323 0.190667 0.178
2 0.8993329999999999 0.205667 0.102667 0.076667
2 0.9 0.081667 0.198667 0.163333
2 0.895667 0.547 0.206 0.286
1 0.748 0.488333 0.158667 0.224667
1 0.584667 0.372 0.188 0.202667
2 0.42900000000000005 0.401333 0.151333 0.133333
2 0.34566699999999995 0.548667 0.082 0.096
1 0.486 0.541333 0.162667 0.136
1 0.43133299999999997 0.667 0.241333 0.179333
1 0.40433300000000005 0.912667 0.187333 0.170667
1 0.648667 0.884 0.185333 0.166667
1 0.607667 0.721667 0.23 0.208667
1 0.766 0.836333 0.117333 0.120667
1 0.801333 0.723667 0.193333 0.184667
1 0.901 0.809333 0.114 0.130667
1 0.451333 0.274667 0.162667 0.138667
1 0.633667 0.537667 0.151333 0.140667
0 0.752667 0.11 0.081333 0.092
2 0.914 0.927 0.170667 0.144667
