3 0.959 0.947 0.07 0.075333
2 0.844333 0.934333 0.140667 0.116667
3 0.89 0.835 0.132 0.131333
2 0.804 0.692 0.057333 0.048
3 0.836667 0.617667 0.094667 0.096667
3 0.789 0.531667 0.092667 0.078
3 0.901667 0.5453330000000001 0.118 0.108
3 0.871333 0.45366700000000004 0.094667 0.086
3 0.907667 0.357333 0.116667 0.106667
2 0.782667 0.32466700000000004 0.074667 0.074667
2 0.898667 0.238 0.070667 0.070667
3 0.887 0.14733300000000005 0.15 0.106667
3 0.677 0.244 0.080667 0.094667
2 0.671333 0.327333 0.064 0.066667
2 0.751333 0.244 0.052 0.064
2 0.637 0.14600000000000002 0.119333 0.109333
3 0.621667 0.04933299999999996 0.05 0.064
2 0.5329999999999999 0.050000000000000044 0.051333 0.068
3 0.397 0.12666699999999997 0.082 0.073333
2 0.369333 0.20599999999999996 0.073333 0.098667
2 0.442333 0.20099999999999996 0.080667 0.086
2 0.512667 0.21899999999999997 0.073333 0.072667
3 0.5836669999999999 0.23766699999999996 0.083333 0.082
3 0.563 0.32366700000000004 0.080667 0.087333
2 0.45899999999999996 0.31366700000000003 0.160667 0.15
2 0.328333 0.288667 0.108667 0.1
2 0.24133300000000002 0.281667 0.068 0.083333
3 0.11599999999999999 0.25933300000000004 0.172 0.133333
3 0.14300000000000002 0.13366699999999998 0.051333 0.064667
2 0.055332999999999966 0.162667 0.110667 0.093333
2 0.20333299999999999 0.386667 0.128 0.132
3 0.10766699999999996 0.36766699999999997 0.080667 0.072667
2 0.330333 0.399667 0.120667 0.114
2 0.39233300000000004 0.499667 0.106 0.094
2 0.374 0.5836669999999999 0.097333 0.082
3 0.273 0.5716669999999999 0.108667 0.122
3 0.14033300000000004 0.5509999999999999 0.120667 0.106
2 0.08399999999999996 0.461333 0.133333 0.104
2 0.11866699999999997 0.653667 0.125333 0.114
2 0.22766699999999995 0.683667 0.143333 0.098
2 0.20466700000000004 0.787667 0.094667 0.092667
3 0.10066699999999995 0.766 0.122667 0.102667
3 0.32366700000000004 0.6659999999999999 0.062 0.066667
2 0.29100000000000004 0.800333 0.114 0.098
2 0.29933299999999996 0.903667 0.138667 0.116667
3 0.39733300000000005 0.679333 0.068 0.076
3 0.47366699999999995 0.675333 0.095333 0.134667
3 0.40133300000000005 0.800333 0.037333 0.051333
3 0.498333 0.8069999999999999 0.082 0.087333
3 0.606333 0.819333 0.116667 0.102667
3 0.692333 0.930667 0.096667 0.106667
3 0.600333 0.901667 0.05 0.062
3 0.548 0.624 0.105333 0.109333
3 0.65 0.615667 0.093333 0.107333
3 0.727 0.607333 0.060667 0.078667
2 0.692333 0.531 0.055333 0.056667
2 0.575 0.524 0.143333 0.101333
2 0.643 0.441333 0.174 0.144
3 0.520667 0.43300000000000005 0.065333 0.07
3 0.24433300000000002 0.054332999999999965 0.087333 0.079333
3 0.278667 0.480333 0.054667 0.059333
3 0.030667 0.63 0.061333 0.090667
0 0.7026669999999999 0.794 0.052 0.053333
0 0.739333 0.715667 0.070667 0.059333
0 0.21999999999999997 0.18500000000000005 0.117333 0.104667
0 0.738 0.13066699999999998 0.076 0.1
3 0.797667 0.06266700000000003 0.158 0.125333
2 0.442333 0.04933299999999996 0.120667 0.098667
