0 0.187 0.103 0.174 0.178
0 0.252333 0.194 0.03 0.038667
0 0.181667 0.212333 0.052667 0.071333
0 0.330667 0.052333 0.053333 0.051333
0 0.328333 0.106333 0.064667 0.056667
0 0.201667 0.280333 0.072667 0.068667
0 0.552667 0.451 0.057333 0.060667
0 0.638333 0.577667 0.095333 0.094
0 0.301 0.842333 0.075333 0.084667
0 0.071333 0.574 0.106667 0.12
0 0.276667 0.603 0.052 0.051333
0 0.177 0.418333 0.075333 0.084667
0 0.442667 0.482333 0.061333 0.066
0 0.295667 0.929667 0.076667 0.082
0 0.561667 0.903667 0.038 0.048667
0 0.275667 0.659667 0.058 0.059333
0 0.307667 0.404333 0.032667 0.052667
0 0.715 0.333 0.044667 0.052667
0 0.822333 0.327667 0.107333 0.11
0 0.595333 0.259667 0.041333 0.046
0 0.497333 0.338 0.053333 0.081333
0 0.311333 0.291333 0.044 0.048
0 0.543 0.242667 0.063333 0.070667
0 0.625667 0.067 0.107333 0.080667
0 0.292667 0.728 0.042667 0.053333
0 0.325667 0.689 0.032667 0.039333
