3 0.878333 0.664 0.155333 0.133333
2 0.729667 0.763667 0.144667 0.156667
2 0.835 0.873 0.087333 0.118
3 0.942 0.887333 0.101333 0.124
2 0.741667 0.874 0.115333 0.097333
3 0.632 0.835667 0.042667 0.056667
3 0.533667 0.835667 0.082 0.09
3 0.423667 0.838333 0.115333 0.115333
3 0.344 0.726 0.105333 0.104
3 0.388333 0.637 0.083333 0.079333
3 0.583333 0.653333 0.098667 0.102667
3 0.796333 0.554 0.088667 0.101333
3 0.700667 0.550333 0.105333 0.080667
2 0.714667 0.460667 0.108 0.096
2 0.614333 0.458333 0.080667 0.082
3 0.530667 0.442667 0.062667 0.068
3 0.573667 0.548333 0.071333 0.087333
3 0.482 0.545333 0.109333 0.106667
2 0.374333 0.544333 0.075333 0.087333
2 0.194667 0.744333 0.14 0.11
3 0.141667 0.839333 0.123333 0.105333
3 0.078 0.728667 0.098667 0.101333
3 0.062667 0.622667 0.093333 0.092
2 0.176333 0.628 0.118 0.097333
2 0.257667 0.527333 0.158 0.162667
2 0.13 0.512667 0.089333 0.130667
3 0.198667 0.324 0.096 0.089333
3 0.115333 0.219 0.121333 0.123333
3 0.175667 0.127333 0.114 0.101333
2 0.053333 0.147 0.105333 0.179333
2 0.316 0.203333 0.153333 0.2
2 0.466667 0.133 0.121333 0.148667
2 0.576667 0.241667 0.129333 0.148667
2 0.687667 0.266333 0.092667 0.095333
2 0.840333 0.285333 0.095333 0.094667
3 0.699333 0.357333 0.133333 0.108
3 0.399333 0.338667 0.1 0.078667
3 0.497333 0.342333 0.054667 0.052667
2 0.423 0.442667 0.139333 0.126667
3 0.429333 0.254333 0.073333 0.078
3 0.293667 0.636333 0.076667 0.064667
0 0.911 0.493 0.099333 0.079333
0 0.959333 0.250333 0.081333 0.094
0 0.958667 0.386 0.08 0.074667
0 0.876 0.403333 0.090667 0.085333
0 0.329667 0.833667 0.058 0.068667
0 0.227 0.931 0.072667 0.080667
0 0.291 0.906 0.064667 0.06
0 0.835667 0.113667 0.072667 0.066
0 0.870333 0.147 0.038 0.043333
0 0.779333 0.168 0.088 0.06
3 0.043 0.815 0.084667 0.099333
3 0.046 0.524333 0.090667 0.115333
3 0.557333 0.946333 0.096 0.107333
