0 0.961 0.606333 0.078 0.084667
0 0.767333 0.543333 0.124 0.154667
0 0.714333 0.399 0.154 0.135333
0 0.546333 0.382 0.196667 0.189333
0 0.650333 0.677667 0.096667 0.116667
0 0.446333 0.511 0.167333 0.199333
0 0.311 0.438667 0.106 0.096
0 0.234667 0.532 0.146667 0.125333
0 0.349 0.568333 0.096667 0.112667
0 0.315333 0.314333 0.158667 0.144667
0 0.374667 0.207667 0.137333 0.13
0 0.582 0.093667 0.170667 0.159333
0 0.811667 0.172333 0.175333 0.187333
0 0.863667 0.051667 0.180667 0.102
0 0.956333 0.205333 0.087333 0.108
0 0.681333 0.155667 0.098667 0.099333
0 0.441333 0.078667 0.133333 0.156
0 0.321667 0.076 0.178 0.150667
0 0.229 0.171333 0.199333 0.154667
0 0.106667 0.072667 0.212 0.144
0 0.108333 0.401 0.215333 0.206
0 0.168333 0.312333 0.124667 0.13
0 0.099333 0.664 0.197333 0.230667
0 0.239667 0.632333 0.151333 0.118
0 0.277333 0.774333 0.192 0.17
0 0.362333 0.858333 0.127333 0.120667
0 0.497667 0.782667 0.251333 0.249333
0 0.941 0.733667 0.118 0.154
0 0.875333 0.924667 0.121333 0.150667
0 0.76 0.925333 0.129333 0.149333
0 0.658667 0.898 0.122667 0.144
0 0.192 0.853667 0.142667 0.148667
0 0.915 0.827667 0.072667 0.067333
0 0.712667 0.782 0.182667 0.176
0 0.736667 0.645 0.068 0.063333
0 0.634333 0.546 0.178 0.165333
0 0.529 0.228333 0.179333 0.148667
0 0.875333 0.449333 0.157333 0.130667
0 0.893333 0.310667 0.213333 0.190667
0 0.426 0.650333 0.084 0.094
