3 0.709667 0.059667000000000026 0.087333 0.084667
3 0.603667 0.06366700000000003 0.082 0.076667
3 0.631 0.15533300000000005 0.058 0.065333
3 0.706 0.14100000000000001 0.097333 0.080667
3 0.726 0.215333 0.065333 0.065333
3 0.652667 0.21799999999999997 0.070667 0.073333
2 0.578 0.21466700000000005 0.066667 0.072
3 0.575333 0.305667 0.094667 0.11
3 0.465667 0.375667 0.100667 0.091333
3 0.482333 0.309667 0.042 0.035333
3 0.489 0.23966699999999996 0.086 0.091333
3 0.396333 0.32066700000000004 0.083333 0.098667
2 0.382667 0.17833299999999996 0.1 0.119333
2 0.335333 0.04700000000000004 0.069333 0.084667
2 0.24 0.04500000000000004 0.085333 0.072667
2 0.233333 0.127 0.068 0.088667
2 0.290667 0.17300000000000004 0.086667 0.106
3 0.250667 0.265667 0.097333 0.086
3 0.217667 0.340333 0.120667 0.104667
2 0.142333 0.14233300000000004 0.080667 0.083333
2 0.054667 0.217333 0.089333 0.105333
3 0.103333 0.28400000000000003 0.038667 0.049333
2 0.080333 0.07699999999999996 0.140667 0.147333
2 0.053333 0.355 0.097333 0.122
2 0.065667 0.500667 0.083333 0.105333
2 0.037333 0.5966670000000001 0.070667 0.072
3 0.107333 0.595667 0.050667 0.048667
2 0.191333 0.587333 0.076 0.065333
2 0.154333 0.496333 0.080667 0.078
3 0.133667 0.41533299999999995 0.075333 0.068
3 0.206 0.41333299999999995 0.036 0.030667
3 0.315 0.317333 0.048667 0.046667
3 0.454333 0.43899999999999995 0.040667 0.048667
3 0.797333 0.04700000000000004 0.097333 0.094
2 0.408333 0.036667000000000005 0.080667 0.073333
0 0.815667 0.231333 0.267333 0.262667
0 0.524667 0.504667 0.193333 0.165333
0 0.32 0.45199999999999996 0.241333 0.217333
0 0.423 0.09799999999999998 0.079333 0.064
0 0.452 0.14500000000000002 0.073333 0.080667
0 0.503333 0.07999999999999996 0.065333 0.069333
0 0.688 0.843333 0.289333 0.309333
0 0.135 0.9 0.211333 0.198667
