2 0.912667 0.051667 0.096 0.084667
1 0.788667 0.091667 0.105333 0.104667
2 0.867667 0.13 0.066 0.061333
2 0.858667 0.221667 0.104 0.114
1 0.787 0.188 0.080667 0.102667
1 0.676 0.083333 0.128 0.112
1 0.688333 0.192333 0.124667 0.142
1 0.699 0.299333 0.076667 0.074667
1 0.566667 0.215333 0.132 0.132
2 0.538 0.049333 0.096 0.094667
2 0.405667 0.069667 0.09 0.11
2 0.473333 0.151333 0.110667 0.121333
1 0.592 0.315667 0.106667 0.083333
1 0.458667 0.273 0.154667 0.122
1 0.299667 0.182667 0.183333 0.182667
2 0.278333 0.053333 0.148667 0.1
1 0.463 0.375 0.123333 0.104667
2 0.353667 0.382667 0.108667 0.164
1 0.496333 0.459667 0.123333 0.084667
1 0.598333 0.411 0.116667 0.126
1 0.69 0.393667 0.094667 0.114
1 0.780333 0.372 0.111333 0.137333
1 0.877 0.348667 0.118 0.16
1 0.889 0.450667 0.087333 0.074667
2 0.798667 0.466667 0.062667 0.057333
2 0.828667 0.535333 0.092 0.089333
1 0.937667 0.536 0.123333 0.109333
1 0.876667 0.637 0.165333 0.116667
1 0.933667 0.721667 0.076667 0.078
1 0.868667 0.747333 0.101333 0.121333
1 0.753667 0.746667 0.144667 0.138667
1 0.735 0.600667 0.156667 0.153333
1 0.705333 0.507 0.1 0.102
1 0.607333 0.542333 0.096 0.136667
1 0.525333 0.541333 0.088 0.1
2 0.545333 0.623 0.094667 0.083333
2 0.537 0.7 0.058 0.06
2 0.622333 0.683 0.11 0.116667
2 0.639 0.86 0.151333 0.101333
2 0.629 0.77 0.078 0.064
2 0.648 0.949667 0.122667 0.100667
2 0.548667 0.942333 0.062667 0.114
2 0.465667 0.726667 0.09 0.104
2 0.942333 0.174333 0.114 0.156667
0 0.346333 0.595 0.319333 0.258
0 0.119 0.370333 0.108667 0.114
0 0.067 0.081333 0.127333 0.152
0 0.056333 0.219667 0.112667 0.127333
0 0.161 0.229667 0.094 0.116667
0 0.036667 0.793 0.068 0.058
0 0.191667 0.764 0.135333 0.181333
0 0.328333 0.740333 0.166 0.184667
0 0.463667 0.860667 0.092667 0.093333
0 0.471667 0.954 0.094 0.092
0 0.306 0.947 0.168 0.106
0 0.259667 0.870667 0.11 0.110667
0 0.202 0.935667 0.081333 0.128667
0 0.884333 0.904333 0.114 0.092667
