3 0.04633299999999996 0.6 0.092667 0.117333
2 0.09399999999999997 0.695333 0.097333 0.092
2 0.06833299999999998 0.770667 0.084667 0.062667
2 0.09899999999999998 0.82 0.084667 0.061333
3 0.08699999999999997 0.895 0.111333 0.088667
3 0.26133300000000004 0.868 0.104 0.106667
3 0.18700000000000006 0.817333 0.122 0.092
2 0.17400000000000004 0.740333 0.090667 0.074
3 0.18566700000000003 0.665333 0.083333 0.078667
3 0.267667 0.726 0.066 0.064
2 0.269 0.651667 0.094 0.087333
2 0.23866699999999996 0.571333 0.092 0.1
2 0.13933300000000004 0.6 0.101333 0.096
3 0.14433300000000004 0.505 0.119333 0.094
3 0.12466699999999997 0.423667 0.092 0.079333
3 0.10999999999999999 0.335667 0.096 0.086
3 0.089333 0.256333 0.101333 0.072667
3 0.19899999999999995 0.332 0.054 0.052
2 0.18500000000000005 0.26 0.074 0.070667
3 0.20566700000000004 0.405 0.079333 0.088667
3 0.355 0.706 0.086 0.1
3 0.375333 0.775667 0.045333 0.042
3 0.405667 0.861333 0.09 0.098667
3 0.386667 0.944667 0.096 0.093333
3 0.479 0.938667 0.086 0.096
3 0.478 0.845333 0.06 0.092
3 0.462333 0.766 0.088667 0.082667
3 0.450333 0.693333 0.084667 0.068
3 0.43333299999999997 0.608 0.098667 0.1
3 0.34266700000000005 0.607667 0.089333 0.108667
3 0.392 0.537 0.048 0.052667
3 0.31000000000000005 0.482667 0.121333 0.116
3 0.304667 0.387 0.101333 0.080667
3 0.28700000000000003 0.303667 0.086 0.091333
2 0.376667 0.303667 0.057333 0.052667
2 0.476 0.283 0.058667 0.05
2 0.489 0.364667 0.056667 0.064
2 0.487333 0.446 0.102667 0.096
3 0.406 0.453333 0.057333 0.058667
2 0.399 0.376333 0.076667 0.071333
3 0.536333 0.519 0.056667 0.05
3 0.525333 0.594333 0.073333 0.079333
3 0.532333 0.676333 0.051333 0.062
2 0.542 0.745667 0.06 0.054
3 0.598 0.581 0.072 0.080667
3 0.615667 0.661667 0.092667 0.091333
3 0.6823330000000001 0.57 0.095333 0.105333
3 0.6970000000000001 0.731333 0.116667 0.110667
3 0.747 0.894 0.058 0.072
2 0.04266700000000001 0.434333 0.081333 0.112667
2 0.740333 0.958333 0.076667 0.067333
0 0.626667 0.872 0.257333 0.256
0 0.816667 0.171333 0.301333 0.336
0 0.625667 0.454333 0.083333 0.082
0 0.226333 0.127 0.268667 0.251333
0 0.663667 0.277667 0.106 0.114
0 0.609333 0.333667 0.129333 0.122
