2 0.096333 0.742333 0.052667 0.052667
2 0.085333 0.6553329999999999 0.072 0.070667
3 0.085667 0.5756669999999999 0.092667 0.091333
3 0.047333 0.507667 0.066667 0.058
3 0.045 0.42433299999999996 0.080667 0.083333
3 0.041667 0.34166700000000005 0.048667 0.046
2 0.044 0.27933300000000005 0.062667 0.06
3 0.076 0.09366699999999994 0.076 0.106
3 0.140667 0.15400000000000003 0.128 0.098667
3 0.179 0.08066700000000004 0.107333 0.096
3 0.12 0.25633300000000003 0.092 0.078
3 0.12 0.32999999999999996 0.092 0.072
3 0.130667 0.420667 0.097333 0.101333
3 0.184333 0.484 0.038 0.030667
3 0.164333 0.565333 0.052667 0.070667
2 0.166333 0.642 0.064667 0.066667
2 0.196 0.721 0.069333 0.076667
3 0.283 0.7166669999999999 0.115333 0.096
3 0.265667 0.631 0.111333 0.078
3 0.246667 0.540333 0.104 0.112667
3 0.226 0.41400000000000003 0.088 0.104
3 0.213667 0.311667 0.095333 0.088667
3 0.208667 0.248 0.058667 0.038667
3 0.297667 0.15600000000000003 0.111333 0.105333
3 0.385667 0.20566700000000004 0.09 0.082
2 0.396333 0.28133300000000006 0.078 0.077333
3 0.302667 0.294667 0.065333 0.068
2 0.297333 0.375 0.069333 0.082
2 0.333 0.44699999999999995 0.082 0.09
3 0.326 0.532333 0.054667 0.047333
3 0.355333 0.6226670000000001 0.068 0.072
3 0.364333 0.696333 0.060667 0.055333
2 0.386667 0.769333 0.072 0.076
3 0.479333 0.763667 0.094667 0.082
3 0.454 0.6843330000000001 0.090667 0.083333
3 0.439 0.603667 0.083333 0.083333
3 0.417 0.523 0.108667 0.080667
3 0.373333 0.355333 0.081333 0.070667
2 0.426 0.427667 0.101333 0.107333
2 0.466333 0.336333 0.087333 0.087333
2 0.486333 0.257667 0.088667 0.07
3 0.466333 0.19833299999999998 0.074 0.054
3 0.488667 0.12833300000000003 0.106667 0.091333
3 0.682333 0.05500000000000005 0.083333 0.086
3 0.554 0.20066700000000004 0.065333 0.082667
3 0.576 0.11466699999999996 0.088 0.1
3 0.633 0.18333299999999997 0.095333 0.088
3 0.663 0.11966699999999997 0.055333 0.046
2 0.595667 0.257667 0.074 0.080667
2 0.561333 0.327333 0.105333 0.1
3 0.520667 0.427667 0.106667 0.126
2 0.592 0.41933299999999996 0.066667 0.093333
2 0.686667 0.41333299999999995 0.130667 0.128
2 0.665 0.31133299999999997 0.104667 0.096
3 0.766667 0.300667 0.098667 0.086667
3 0.756 0.23266699999999996 0.077333 0.066667
3 0.733 0.11099999999999999 0.076667 0.115333
3 0.817667 0.05700000000000005 0.087333 0.112667
3 0.779333 0.15500000000000003 0.097333 0.086
2 0.833667 0.22866699999999995 0.091333 0.1
3 0.867667 0.14233300000000004 0.076667 0.078
3 0.705 0.804333 0.112667 0.11
3 0.640667 0.9319999999999999 0.092 0.121333
2 0.738 0.921667 0.1 0.114
3 0.839 0.962667 0.083333 0.073333
3 0.851 0.875 0.107333 0.126
2 0.86 0.727333 0.072 0.069333
2 0.870667 0.648 0.098667 0.074667
2 0.878333 0.569 0.124667 0.086
2 0.861667 0.46799999999999997 0.152667 0.106667
2 0.949333 0.731 0.101333 0.09
2 0.909333 0.792333 0.078667 0.072667
3 0.943 0.875 0.079333 0.09
3 0.545333 0.5800000000000001 0.104 0.102667
2 0.943 0.952333 0.114 0.094
2 0.31 0.028333000000000053 0.064 0.056667
2 0.397333 0.029333000000000053 0.068 0.058667
2 0.912333 0.04933299999999996 0.111333 0.098667
2 0.965 0.540333 0.07 0.114
2 0.961 0.646667 0.078 0.090667
0 0.794333 0.603667 0.084667 0.080667
0 0.782667 0.6743330000000001 0.069333 0.078
0 0.494333 0.49566699999999997 0.054 0.054
0 0.604 0.507 0.053333 0.052667
