3 0.29033299999999995 0.940333 0.087333 0.084667
3 0.39633300000000005 0.936333 0.082 0.076667
3 0.369 0.844667 0.058 0.065333
3 0.29400000000000004 0.859 0.097333 0.080667
3 0.274 0.784667 0.065333 0.065333
3 0.347333 0.782 0.070667 0.073333
2 0.42200000000000004 0.785333 0.066667 0.072
3 0.424667 0.694333 0.094667 0.11
3 0.534333 0.624333 0.100667 0.091333
3 0.517667 0.690333 0.042 0.035333
3 0.511 0.760333 0.086 0.091333
3 0.603667 0.679333 0.083333 0.098667
2 0.617333 0.821667 0.1 0.119333
2 0.664667 0.953 0.069333 0.084667
2 0.76 0.955 0.085333 0.072667
2 0.766667 0.873 0.068 0.088667
2 0.709333 0.827 0.086667 0.106
3 0.749333 0.734333 0.097333 0.086
3 0.782333 0.659667 0.120667 0.104667
2 0.857667 0.857667 0.080667 0.083333
2 0.945333 0.782667 0.089333 0.105333
3 0.896667 0.716 0.038667 0.049333
2 0.919667 0.923 0.140667 0.147333
2 0.946667 0.645 0.097333 0.122
2 0.934333 0.499333 0.083333 0.105333
2 0.962667 0.403333 0.070667 0.072
3 0.892667 0.404333 0.050667 0.048667
2 0.808667 0.412667 0.076 0.065333
2 0.845667 0.503667 0.080667 0.078
3 0.866333 0.584667 0.075333 0.068
3 0.794 0.586667 0.036 0.030667
3 0.685 0.682667 0.048667 0.046667
3 0.545667 0.561 0.040667 0.048667
3 0.20266700000000004 0.953 0.097333 0.094
2 0.5916669999999999 0.963333 0.080667 0.073333
0 0.18433299999999997 0.768667 0.267333 0.262667
0 0.475333 0.495333 0.193333 0.165333
0 0.6799999999999999 0.548 0.241333 0.217333
0 0.577 0.902 0.079333 0.064
0 0.548 0.855 0.073333 0.080667
0 0.49666699999999997 0.92 0.065333 0.069333
0 0.31200000000000006 0.156667 0.289333 0.309333
0 0.865 0.1 0.211333 0.198667
