3 0.087333 0.965333 0.108 0.068
2 0.106667 0.894 0.093333 0.068
3 0.039667 0.779333 0.067333 0.068
2 0.11 0.808667 0.108 0.096
3 0.2 0.896333 0.085333 0.104667
2 0.28 0.931333 0.106667 0.104
2 0.316333 0.861333 0.124667 0.077333
2 0.389667 0.868333 0.035333 0.035333
3 0.401333 0.79 0.026667 0.038667
3 0.44 0.893333 0.049333 0.076
2 0.325 0.7833330000000001 0.11 0.078667
2 0.149333 0.734 0.096 0.072
3 0.05 0.708 0.094667 0.077333
2 0.058667 0.623 0.113333 0.103333
3 0.048333 0.522667 0.091333 0.084
3 0.120333 0.5589999999999999 0.091333 0.079333
2 0.144 0.6553329999999999 0.084 0.093333
2 0.223333 0.6719999999999999 0.082667 0.088
2 0.223667 0.566333 0.118 0.127333
2 0.161667 0.467333 0.106 0.121333
3 0.029333 0.41933299999999996 0.049333 0.048
2 0.085333 0.43200000000000005 0.072 0.093333
3 0.094333 0.345 0.078 0.072667
3 0.063333 0.263 0.046667 0.055333
3 0.158667 0.284667 0.054667 0.064
2 0.155333 0.363 0.072 0.079333
2 0.244 0.406 0.110667 0.149333
3 0.312333 0.5920000000000001 0.044667 0.048
3 0.354333 0.5329999999999999 0.098 0.134
3 0.444333 0.532 0.092667 0.118667
3 0.42 0.621 0.044 0.048667
2 0.341667 0.706333 0.059333 0.103333
2 0.395333 0.700333 0.064 0.095333
2 0.292333 0.687333 0.058 0.096
3 0.357 0.340333 0.05 0.074
3 0.386 0.42033299999999996 0.076 0.078
2 0.405 0.33666700000000005 0.054 0.074667
3 0.456333 0.34966699999999995 0.054 0.062
3 0.442 0.279667 0.086667 0.083333
3 0.462333 0.43899999999999995 0.048667 0.046
2 0.505 0.904 0.075333 0.112
2 0.605333 0.934333 0.08 0.072667
3 0.594 0.860667 0.066667 0.088
2 0.644333 0.874333 0.040667 0.074
2 0.654333 0.791667 0.116667 0.13
2 0.681333 0.877 0.036 0.063333
2 0.557667 0.772667 0.071333 0.096
2 0.471 0.754667 0.126 0.149333
2 0.502667 0.641667 0.109333 0.094
3 0.612 0.667333 0.121333 0.122667
3 0.655333 0.597 0.049333 0.047333
3 0.589667 0.573 0.043333 0.043333
3 0.577667 0.484 0.051333 0.053333
2 0.538333 0.5549999999999999 0.092667 0.095333
3 0.496 0.471333 0.033333 0.049333
2 0.505 0.307667 0.039333 0.052667
1 0.564 0.243 0.069333 0.054
3 0.58 0.32899999999999996 0.085333 0.062
2 0.631333 0.38033300000000003 0.024 0.031333
2 0.564333 0.400667 0.11 0.089333
2 0.661667 0.36166699999999996 0.064667 0.111333
3 0.643 0.5223329999999999 0.067333 0.071333
2 0.726667 0.519333 0.086667 0.109333
2 0.699667 0.435667 0.024667 0.022
2 0.712667 0.605667 0.066667 0.102
3 0.776667 0.877667 0.093333 0.098
2 0.765667 0.960667 0.123333 0.074667
3 0.845667 0.835333 0.035333 0.034667
3 0.933333 0.94 0.08 0.065333
2 0.931 0.857667 0.120667 0.11
3 0.902333 0.759667 0.05 0.058
3 0.945333 0.6839999999999999 0.062667 0.068
3 0.913333 0.593667 0.066667 0.060667
2 0.853 0.499333 0.026 0.025333
3 0.788667 0.555667 0.068 0.051333
2 0.803333 0.632333 0.136 0.091333
2 0.76 0.7396670000000001 0.136 0.102
3 0.81 0.47866699999999995 0.08 0.066667
2 0.945 0.369333 0.018 0.022667
2 0.832 0.100333 0.021333 0.022
3 0.942333 0.048667000000000016 0.098 0.097333
3 0.557333 0.08233299999999999 0.048 0.07
2 0.487 0.228333 0.062 0.072667
3 0.426667 0.212333 0.033333 0.036667
2 0.427667 0.135 0.032667 0.051333
2 0.448333 0.07233299999999998 0.066 0.062
1 0.379 0.04033299999999995 0.054 0.067333
1 0.370333 0.11699999999999999 0.039333 0.059333
2 0.353 0.18866700000000003 0.086 0.089333
1 0.293333 0.09766699999999995 0.045333 0.059333
3 0.298667 0.166667 0.056 0.06
3 0.294333 0.24966699999999997 0.056667 0.092667
3 0.49 0.15333300000000005 0.049333 0.053333
3 0.090667 0.19666700000000004 0.074667 0.072
2 0.119667 0.11466699999999996 0.084667 0.088
1 0.034333 0.10833300000000001 0.046 0.042
2 0.085667 0.02066699999999999 0.055333 0.036
2 0.224 0.13733300000000004 0.084 0.077333
3 0.177333 0.21399999999999997 0.057333 0.081333
3 0.240667 0.22466699999999995 0.084 0.112
3 0.236 0.30633299999999997 0.030667 0.027333
2 0.229667 0.768667 0.086 0.078667
0 0.860333 0.396 0.038 0.038667
0 0.845 0.794333 0.039333 0.043333
0 0.714 0.026666999999999996 0.042667 0.049333
0 0.685 0.15533300000000005 0.046 0.058667
0 0.722333 0.36966699999999997 0.047333 0.05
0 0.745667 0.45299999999999996 0.043333 0.048667
0 0.673 0.953667 0.042 0.03
0 0.713667 0.882 0.043333 0.048
0 0.505 0.07066700000000004 0.048667 0.050667
0 0.553 0.19499999999999995 0.047333 0.05
0 0.384667 0.954333 0.045333 0.038
0 0.495333 0.38 0.046667 0.046667
0 0.280667 0.487 0.054667 0.064667
0 0.068667 0.06166700000000003 0.081333 0.068667
3 0.186333 0.968667 0.082 0.058667
3 0.039 0.31799999999999995 0.076667 0.125333
3 0.859 0.031333000000000055 0.079333 0.062667
