3 0.832333 0.667 0.076667 0.064667
3 0.724667 0.674 0.082667 0.101333
3 0.665333 0.59 0.056 0.054667
3 0.20066700000000004 0.486333 0.070667 0.056667
3 0.29333299999999995 0.574333 0.052 0.05
3 0.07466700000000004 0.544333 0.065333 0.076667
3 0.15700000000000003 0.572 0.127333 0.122667
2 0.24266699999999997 0.674667 0.14 0.129333
3 0.10766699999999996 0.695 0.119333 0.103333
3 0.04566700000000001 0.872 0.080667 0.076
3 0.07533299999999998 0.796333 0.102667 0.095333
2 0.13833300000000004 0.921333 0.07 0.078667
2 0.22266699999999995 0.945 0.1 0.104667
2 0.18133299999999997 0.78 0.106667 0.114667
2 0.274 0.797333 0.117333 0.134667
2 0.393 0.729667 0.119333 0.127333
2 0.380667 0.834333 0.106667 0.100667
2 0.32466700000000004 0.928667 0.114667 0.104
2 0.476 0.867333 0.109333 0.124
3 0.505667 0.700333 0.092667 0.111333
3 0.5840000000000001 0.747 0.122667 0.126
2 0.665 0.866667 0.092667 0.1
3 0.690333 0.757 0.096667 0.058
3 0.694 0.804667 0.084 0.050667
3 0.807333 0.745 0.081333 0.066
3 0.839 0.787333 0.096667 0.068
2 0.781 0.867667 0.143333 0.174
2 0.904 0.897667 0.114667 0.148667
0 0.10099999999999998 0.371667 0.202 0.283333
0 0.10266699999999995 0.084 0.205333 0.166667
0 0.266 0.519 0.069333 0.060667
0 0.22466699999999995 0.430667 0.062667 0.057333
0 0.398667 0.313 0.225333 0.192667
0 0.41000000000000003 0.575 0.166667 0.166
0 0.5569999999999999 0.517333 0.263333 0.286667
0 0.796333 0.549667 0.212667 0.19
0 0.936333 0.639 0.126 0.176667
0 0.596 0.224333 0.229333 0.223333
0 0.857667 0.152 0.283333 0.302667
0 0.792667 0.342667 0.305333 0.241333
2 0.03500000000000003 0.961 0.07 0.07
3 0.04166700000000001 0.651333 0.083333 0.113333
2 0.846 0.964 0.106667 0.072
2 0.625 0.944 0.171333 0.112
2 0.41733299999999995 0.960333 0.128 0.079333
