3 0.667 0.167667 0.064667 0.076667
3 0.674 0.275333 0.101333 0.082667
3 0.59 0.334667 0.054667 0.056
3 0.486333 0.799333 0.056667 0.070667
3 0.574333 0.706667 0.05 0.052
3 0.544333 0.925333 0.076667 0.065333
3 0.572 0.843 0.122667 0.127333
2 0.674667 0.757333 0.129333 0.14
3 0.695 0.892333 0.103333 0.119333
3 0.872 0.954333 0.076 0.080667
3 0.796333 0.924667 0.095333 0.102667
2 0.921333 0.861667 0.078667 0.07
2 0.945 0.777333 0.104667 0.1
2 0.78 0.818667 0.114667 0.106667
2 0.797333 0.726 0.134667 0.117333
2 0.729667 0.607 0.127333 0.119333
2 0.834333 0.619333 0.100667 0.106667
2 0.928667 0.675333 0.104 0.114667
2 0.867333 0.524 0.124 0.109333
3 0.700333 0.494333 0.111333 0.092667
3 0.747 0.416 0.126 0.122667
2 0.866667 0.335 0.1 0.092667
3 0.757 0.309667 0.058 0.096667
3 0.804667 0.306 0.050667 0.084
3 0.745 0.192667 0.066 0.081333
3 0.787333 0.161 0.068 0.096667
2 0.867667 0.219 0.174 0.143333
2 0.897667 0.096 0.148667 0.114667
0 0.371667 0.899 0.283333 0.202
0 0.084 0.897333 0.166667 0.205333
0 0.519 0.734 0.060667 0.069333
0 0.430667 0.775333 0.057333 0.062667
0 0.313 0.601333 0.192667 0.225333
0 0.575 0.59 0.166 0.166667
0 0.517333 0.443 0.286667 0.263333
0 0.549667 0.203667 0.19 0.212667
0 0.639 0.063667 0.176667 0.126
0 0.224333 0.404 0.223333 0.229333
0 0.152 0.142333 0.302667 0.283333
0 0.342667 0.207333 0.241333 0.305333
2 0.961 0.965 0.07 0.07
3 0.651333 0.958333 0.113333 0.083333
2 0.964 0.154 0.072 0.106667
2 0.944 0.375 0.112 0.171333
2 0.960333 0.582667 0.079333 0.128
