3 0.048667 0.980667 0.026667 0.029333
2 0.064333 0.874667 0.05 0.042667
3 0.096667 0.757333 0.129333 0.133333
3 0.118 0.665333 0.046667 0.046667
3 0.185667 0.680667 0.09 0.136
3 0.202333 0.934667 0.102 0.122667
3 0.289 0.885333 0.082 0.088
3 0.26 0.791 0.098667 0.094
3 0.267333 0.697333 0.084 0.090667
3 0.217667 0.606 0.032667 0.045333
3 0.253 0.609333 0.044667 0.056
3 0.401 0.91 0.106 0.086667
3 0.340333 0.819 0.055333 0.074
3 0.388667 0.823667 0.048 0.07
3 0.452667 0.8336669999999999 0.078667 0.079333
3 0.391333 0.738333 0.064 0.07
3 0.444333 0.737333 0.044667 0.053333
3 0.337 0.718 0.035333 0.04
3 0.324 0.635 0.030667 0.048667
3 0.414 0.642333 0.028 0.038
3 0.367667 0.583 0.051333 0.060667
3 0.027 0.6293329999999999 0.05 0.048
3 0.029 0.43966700000000003 0.056667 0.079333
2 0.064667 0.498 0.025333 0.024
3 0.133667 0.5760000000000001 0.047333 0.052
3 0.187333 0.5369999999999999 0.041333 0.028667
3 0.259 0.538333 0.052667 0.052667
3 0.253 0.45766700000000005 0.056667 0.051333
3 0.198333 0.467333 0.111333 0.113333
3 0.148667 0.42100000000000004 0.024 0.026
2 0.076333 0.400667 0.043333 0.029333
2 0.143 0.341333 0.042 0.034667
2 0.174667 0.29000000000000004 0.033333 0.032
2 0.058667 0.32066700000000004 0.026667 0.041333
3 0.072 0.258667 0.077333 0.073333
2 0.224 0.33599999999999997 0.038667 0.050667
3 0.249667 0.39 0.034 0.030667
2 0.329333 0.471 0.041333 0.052667
3 0.388667 0.45766700000000005 0.078667 0.11
2 0.444667 0.479 0.053333 0.039333
3 0.432333 0.553667 0.09 0.103333
2 0.457667 0.409667 0.043333 0.040667
2 0.387667 0.383 0.055333 0.052667
2 0.337333 0.365 0.054667 0.067333
2 0.456667 0.321333 0.062667 0.057333
2 0.323667 0.23199999999999998 0.035333 0.028
3 0.528667 0.26233300000000004 0.048 0.064667
2 0.551667 0.344 0.020667 0.017333
2 0.587 0.319333 0.022 0.016
2 0.605333 0.282667 0.038667 0.041333
2 0.633667 0.368 0.047333 0.041333
2 0.572 0.427667 0.056 0.060667
2 0.511667 0.493333 0.044667 0.045333
2 0.583333 0.5 0.030667 0.030667
3 0.651667 0.43966700000000003 0.063333 0.063333
2 0.628667 0.524 0.058667 0.054667
2 0.68 0.5373330000000001 0.042667 0.041333
3 0.506 0.6623330000000001 0.042667 0.055333
3 0.496333 0.914 0.071333 0.093333
3 0.562667 0.857 0.090667 0.108667
3 0.541333 0.762 0.041333 0.034667
3 0.64 0.875667 0.054667 0.055333
3 0.613667 0.945333 0.112667 0.094667
3 0.704333 0.882 0.040667 0.053333
3 0.732 0.954 0.12 0.089333
3 0.782333 0.899667 0.043333 0.05
3 0.820333 0.945 0.027333 0.034
3 0.838 0.907333 0.042667 0.044
3 0.741 0.734333 0.051333 0.060667
3 0.798667 0.752 0.062667 0.077333
3 0.843 0.760333 0.042 0.044667
3 0.913333 0.883 0.12 0.09
3 0.923667 0.792667 0.116667 0.089333
3 0.926 0.706 0.064 0.057333
3 0.841333 0.838333 0.026667 0.031333
3 0.836667 0.687667 0.052 0.054
3 0.751 0.647667 0.042 0.039333
3 0.804333 0.644 0.054 0.048
3 0.793667 0.589333 0.082 0.069333
3 0.874 0.605333 0.076 0.066667
3 0.935 0.5143329999999999 0.13 0.139333
3 0.83 0.512 0.073333 0.088
3 0.838667 0.43500000000000005 0.038667 0.039333
3 0.799667 0.40933299999999995 0.048667 0.058667
2 0.761667 0.399 0.028667 0.043333
3 0.708333 0.39533300000000005 0.064667 0.069333
3 0.757333 0.47966699999999995 0.089333 0.095333
3 0.880333 0.368333 0.031333 0.032667
2 0.940667 0.398667 0.033333 0.032
3 0.918333 0.296667 0.079333 0.073333
3 0.843333 0.28700000000000003 0.058667 0.068667
3 0.766667 0.257 0.125333 0.134
2 0.680333 0.22966699999999995 0.040667 0.044667
2 0.637333 0.214333 0.038667 0.044667
3 0.846 0.21766700000000005 0.029333 0.034
3 0.958 0.16900000000000004 0.04 0.044667
3 0.880333 0.057667000000000024 0.038 0.042
2 0.921 0.06999999999999995 0.043333 0.042667
2 0.809333 0.129 0.021333 0.016667
2 0.878 0.149667 0.026667 0.026
3 0.453667 0.24533300000000002 0.068667 0.070667
3 0.525333 0.17466700000000002 0.078667 0.077333
3 0.492667 0.119 0.033333 0.039333
3 0.414667 0.16233299999999995 0.053333 0.067333
2 0.447333 0.08333299999999999 0.038667 0.045333
3 0.324333 0.04466700000000001 0.042 0.048
3 0.261333 0.046667000000000014 0.088 0.088
2 0.251667 0.12866699999999998 0.072667 0.066667
2 0.300333 0.17666700000000002 0.064667 0.041333
2 0.332667 0.11533300000000002 0.065333 0.077333
3 0.205 0.19199999999999995 0.080667 0.070667
3 0.163667 0.09199999999999997 0.119333 0.12
3 0.060667 0.16000000000000003 0.037333 0.034667
3 0.050333 0.06266700000000003 0.099333 0.125333
3 0.138333 0.016666999999999987 0.040667 0.033333
2 0.085667 0.32299999999999995 0.026 0.038
0 0.682667 0.719333 0.061333 0.057333
0 0.812333 0.838333 0.046 0.036667
0 0.880667 0.982667 0.049333 0.033333
0 0.872 0.913 0.036 0.042
0 0.543 0.6599999999999999 0.03 0.050667
0 0.585 0.677667 0.039333 0.036667
0 0.610333 0.6533329999999999 0.039333 0.048
0 0.521667 0.393667 0.091333 0.098
0 0.461333 0.168667 0.057333 0.069333
0 0.338 0.28833299999999995 0.045333 0.062
0 0.357667 0.646 0.038 0.038667
0 0.325333 0.767667 0.045333 0.043333
0 0.29 0.35766699999999996 0.04 0.038
0 0.260333 0.333333 0.044667 0.048
0 0.139333 0.20899999999999996 0.074667 0.09
0 0.28 0.568667 0.048 0.048
0 0.198667 0.877 0.048 0.048667
0 0.098333 0.896667 0.046 0.049333
0 0.100333 0.852 0.048667 0.04
0 0.147 0.827 0.044667 0.039333
0 0.200667 0.769 0.052 0.048667
0 0.185333 0.5946670000000001 0.038667 0.04
0 0.116 0.479 0.058667 0.064667
3 0.968333 0.07999999999999996 0.063333 0.089333
2 0.981667 0.32899999999999996 0.035333 0.056667
2 0.943 0.6393329999999999 0.114 0.096
3 0.282667 0.968333 0.086667 0.062
