1 0.11699999999999999 0.907 0.098 0.084667
1 0.12766699999999997 0.829667 0.114 0.083333
1 0.14733300000000005 0.76 0.101333 0.068
1 0.14400000000000002 0.705 0.058667 0.039333
1 0.16400000000000003 0.650667 0.098667 0.074667
2 0.17600000000000005 0.559 0.086667 0.091333
1 0.087333 0.537 0.102667 0.114
1 0.06899999999999995 0.635 0.096667 0.087333
1 0.07933299999999999 0.698667 0.073333 0.054667
2 0.062000000000000055 0.763 0.077333 0.086
2 0.030000000000000027 0.887333 0.058667 0.065333
1 0.33899999999999997 0.105333 0.112667 0.101333
2 0.31133299999999997 0.2 0.106667 0.106667
2 0.288667 0.292333 0.102667 0.108667
1 0.24633300000000002 0.075333 0.09 0.098667
2 0.17266700000000001 0.056333 0.073333 0.080667
1 0.15233300000000005 0.137 0.075333 0.086
1 0.14133300000000004 0.218333 0.077333 0.082
2 0.213333 0.230333 0.097333 0.087333
1 0.229333 0.159667 0.076 0.074
1 0.210333 0.316 0.084667 0.089333
2 0.11866699999999997 0.313 0.101333 0.114
1 0.06166700000000003 0.212667 0.087333 0.093333
1 0.08133299999999999 0.137 0.072 0.078
2 0.07733299999999999 0.051333 0.102667 0.098667
0 0.605333 0.933333 0.044 0.036
0 0.965 0.976333 0.044667 0.046
0 0.926 0.930667 0.04 0.041333
2 0.03300000000000003 0.945333 0.064667 0.061333
1 0.02200000000000002 0.117333 0.044 0.082667
