1 0.093 0.117 0.084667 0.098
1 0.170333 0.127667 0.083333 0.114
1 0.24 0.147333 0.068 0.101333
1 0.295 0.144 0.039333 0.058667
1 0.349333 0.164 0.074667 0.098667
2 0.441 0.176 0.091333 0.086667
1 0.463 0.087333 0.114 0.102667
1 0.365 0.069 0.087333 0.096667
1 0.301333 0.079333 0.054667 0.073333
2 0.237 0.062 0.086 0.077333
2 0.112667 0.03 0.065333 0.058667
1 0.894667 0.339 0.101333 0.112667
2 0.8 0.311333 0.106667 0.106667
2 0.707667 0.288667 0.108667 0.102667
1 0.924667 0.246333 0.098667 0.09
2 0.943667 0.172667 0.080667 0.073333
1 0.863 0.152333 0.086 0.075333
1 0.781667 0.141333 0.082 0.077333
2 0.769667 0.213333 0.087333 0.097333
1 0.840333 0.229333 0.074 0.076
1 0.684 0.210333 0.089333 0.084667
2 0.687 0.118667 0.114 0.101333
1 0.787333 0.061667 0.093333 0.087333
1 0.863 0.081333 0.078 0.072
2 0.948667 0.077333 0.098667 0.102667
0 0.066667 0.605333 0.036 0.044
0 0.023667 0.965 0.046 0.044667
0 0.069333 0.926 0.041333 0.04
2 0.054667 0.033 0.061333 0.064667
1 0.882667 0.022 0.082667 0.044
