1 0.907 0.883 0.084667 0.098
1 0.829667 0.872333 0.083333 0.114
1 0.76 0.8526670000000001 0.068 0.101333
1 0.705 0.856 0.039333 0.058667
1 0.650667 0.836 0.074667 0.098667
2 0.559 0.8240000000000001 0.091333 0.086667
1 0.537 0.912667 0.114 0.102667
1 0.635 0.931 0.087333 0.096667
1 0.698667 0.920667 0.054667 0.073333
2 0.763 0.938 0.086 0.077333
2 0.887333 0.97 0.065333 0.058667
1 0.105333 0.661 0.101333 0.112667
2 0.2 0.6886669999999999 0.106667 0.106667
2 0.292333 0.711333 0.108667 0.102667
1 0.075333 0.753667 0.098667 0.09
2 0.056333 0.827333 0.080667 0.073333
1 0.137 0.847667 0.086 0.075333
1 0.218333 0.8586670000000001 0.082 0.077333
2 0.230333 0.786667 0.087333 0.097333
1 0.159667 0.770667 0.074 0.076
1 0.316 0.789667 0.089333 0.084667
2 0.313 0.881333 0.114 0.101333
1 0.212667 0.938333 0.093333 0.087333
1 0.137 0.918667 0.078 0.072
2 0.051333 0.922667 0.098667 0.102667
0 0.933333 0.394667 0.036 0.044
0 0.976333 0.03500000000000003 0.046 0.044667
0 0.930667 0.07399999999999995 0.041333 0.04
2 0.945333 0.967 0.061333 0.064667
1 0.117333 0.978 0.082667 0.044
