1 0.09299999999999997 0.11699999999999999 0.084667 0.098
1 0.17033299999999996 0.12766699999999997 0.083333 0.114
1 0.24 0.14733300000000005 0.068 0.101333
1 0.29500000000000004 0.14400000000000002 0.039333 0.058667
1 0.349333 0.16400000000000003 0.074667 0.098667
2 0.44099999999999995 0.17600000000000005 0.091333 0.086667
1 0.46299999999999997 0.087333 0.114 0.102667
1 0.365 0.06899999999999995 0.087333 0.096667
1 0.30133299999999996 0.07933299999999999 0.054667 0.073333
2 0.237 0.062000000000000055 0.086 0.077333
2 0.11266699999999996 0.030000000000000027 0.065333 0.058667
1 0.894667 0.33899999999999997 0.101333 0.112667
2 0.8 0.31133299999999997 0.106667 0.106667
2 0.707667 0.288667 0.108667 0.102667
1 0.924667 0.24633300000000002 0.098667 0.09
2 0.943667 0.17266700000000001 0.080667 0.073333
1 0.863 0.15233300000000005 0.086 0.075333
1 0.781667 0.14133300000000004 0.082 0.077333
2 0.769667 0.213333 0.087333 0.097333
1 0.840333 0.229333 0.074 0.076
1 0.6839999999999999 0.210333 0.089333 0.084667
2 0.687 0.11866699999999997 0.114 0.101333
1 0.7873330000000001 0.06166700000000003 0.093333 0.087333
1 0.863 0.08133299999999999 0.078 0.072
2 0.948667 0.07733299999999999 0.098667 0.102667
0 0.06666700000000003 0.605333 0.036 0.044
0 0.023666999999999994 0.965 0.046 0.044667
0 0.06933299999999998 0.926 0.041333 0.04
2 0.05466700000000002 0.03300000000000003 0.061333 0.064667
1 0.882667 0.02200000000000002 0.082667 0.044
