2 0.576667 0.944 0.153333 0.110667
2 0.476333 0.9143330000000001 0.084667 0.087333
2 0.352 0.9083330000000001 0.097333 0.087333
2 0.20799999999999996 0.939333 0.122667 0.12
1 0.12166699999999997 0.925333 0.067333 0.096
2 0.398667 0.820667 0.132 0.133333
2 0.28733299999999995 0.801667 0.090667 0.11
1 0.19999999999999996 0.825333 0.101333 0.106667
2 0.12966699999999998 0.842667 0.042 0.069333
2 0.062000000000000055 0.840667 0.102667 0.096
1 0.07933299999999999 0.749 0.129333 0.118
2 0.20899999999999996 0.740333 0.100667 0.079333
2 0.30333299999999996 0.7126669999999999 0.074667 0.065333
2 0.41100000000000003 0.6779999999999999 0.138 0.126667
2 0.477 0.572667 0.047333 0.057333
2 0.409667 0.5676669999999999 0.098 0.096667
2 0.321333 0.592667 0.094667 0.12
2 0.20199999999999996 0.656667 0.158667 0.110667
2 0.06366700000000003 0.630667 0.123333 0.14
2 0.16800000000000004 0.574667 0.057333 0.066667
2 0.24033300000000002 0.561667 0.118 0.120667
1 0.07899999999999996 0.512 0.140667 0.1
1 0.12233300000000003 0.43966700000000003 0.146 0.123333
2 0.255 0.481 0.119333 0.082
2 0.41733299999999995 0.499667 0.049333 0.052667
2 0.37366699999999997 0.47666699999999995 0.051333 0.06
2 0.33399999999999996 0.509333 0.056 0.058667
1 0.28400000000000003 0.40233300000000005 0.172 0.111333
2 0.47566699999999995 0.480333 0.103333 0.086
2 0.42633299999999996 0.405667 0.104667 0.118
2 0.528667 0.35466699999999995 0.130667 0.104
1 0.44599999999999995 0.274 0.137333 0.109333
1 0.409667 0.19966700000000004 0.184667 0.114
1 0.35 0.119 0.173333 0.094
1 0.29300000000000004 0.295667 0.171333 0.114
1 0.13133300000000003 0.33799999999999997 0.164 0.104
1 0.136 0.25433300000000003 0.096 0.09
1 0.055332999999999966 0.19766700000000004 0.110667 0.100667
1 0.275667 0.20466700000000004 0.116667 0.093333
1 0.19666700000000004 0.23633300000000002 0.058667 0.074
1 0.14900000000000002 0.16133299999999995 0.083333 0.096
1 0.21866699999999994 0.137 0.086667 0.091333
1 0.07766700000000004 0.09799999999999998 0.112667 0.105333
1 0.16033299999999995 0.05800000000000005 0.080667 0.094667
1 0.20299999999999996 0.334333 0.063333 0.082
1 0.17900000000000005 0.41500000000000004 0.054 0.074
0 0.7376670000000001 0.634333 0.523333 0.594
1 0.03600000000000003 0.291667 0.072 0.095333
1 0.02733300000000005 0.406667 0.054667 0.073333
1 0.287667 0.972 0.128667 0.052
1 0.948333 0.961333 0.102 0.074667
