2 0.653333 0.963 0.076 0.072667
2 0.788667 0.956 0.054667 0.072
2 0.846667 0.961667 0.037333 0.044667
1 0.906 0.971667 0.036 0.05
2 0.905667 0.913333 0.083333 0.064
2 0.945667 0.699333 0.076667 0.092
2 0.862333 0.666667 0.148667 0.078667
3 0.86 0.726 0.036 0.033333
2 0.882333 0.5756669999999999 0.119333 0.103333
2 0.799 0.566667 0.042 0.045333
2 0.816333 0.511 0.031333 0.026
3 0.919333 0.527 0.034667 0.044667
2 0.908 0.46166700000000005 0.029333 0.027333
2 0.765667 0.494333 0.022 0.023333
3 0.706 0.606333 0.025333 0.027333
3 0.742 0.6950000000000001 0.058667 0.052667
2 0.621 0.754333 0.111333 0.09
2 0.662333 0.667333 0.11 0.122667
3 0.595 0.6453329999999999 0.058 0.072
2 0.588667 0.5083329999999999 0.037333 0.031333
3 0.618333 0.487333 0.039333 0.029333
3 0.632333 0.43600000000000005 0.086 0.076
3 0.645333 0.5243329999999999 0.068 0.060667
3 0.69 0.38133300000000003 0.081333 0.069333
3 0.769333 0.39933300000000005 0.068 0.072
2 0.850333 0.423667 0.094 0.09
3 0.858 0.363 0.029333 0.024667
2 0.923333 0.378667 0.085333 0.072
2 0.918667 0.28800000000000003 0.1 0.105333
2 0.930667 0.19933299999999998 0.069333 0.058667
3 0.956 0.05300000000000005 0.046667 0.051333
3 0.910333 0.10233300000000001 0.080667 0.080667
3 0.860667 0.17100000000000004 0.068 0.079333
2 0.842333 0.07766700000000004 0.083333 0.11
2 0.761333 0.05900000000000005 0.092 0.116667
2 0.84 0.273667 0.062667 0.071333
3 0.774667 0.243 0.114667 0.123333
3 0.754 0.15533300000000005 0.032 0.032
2 0.724 0.32266700000000004 0.036 0.036
3 0.660667 0.30200000000000005 0.070667 0.072
2 0.650667 0.20699999999999996 0.102667 0.123333
3 0.659333 0.11633300000000002 0.065333 0.048667
3 0.595 0.096333 0.047333 0.052667
2 0.575333 0.17266700000000001 0.08 0.094667
3 0.575 0.27433300000000005 0.084667 0.088667
3 0.509 0.14633300000000005 0.086 0.108667
3 0.525667 0.05066700000000002 0.080667 0.092
2 0.386 0.02100000000000002 0.034667 0.042
3 0.296667 0.08666700000000005 0.065333 0.061333
3 0.284333 0.16433299999999995 0.09 0.080667
3 0.369333 0.11533300000000002 0.073333 0.098667
3 0.442333 0.141667 0.052667 0.054
2 0.422 0.22099999999999997 0.045333 0.046
3 0.348 0.27733300000000005 0.034667 0.033333
3 0.347 0.40900000000000003 0.028667 0.03
3 0.354667 0.33699999999999997 0.058667 0.052667
3 0.436667 0.523 0.041333 0.042
3 0.410333 0.43700000000000006 0.083333 0.083333
3 0.418333 0.361 0.086 0.084667
2 0.461 0.302667 0.087333 0.090667
3 0.504667 0.29100000000000004 0.025333 0.03
3 0.555333 0.32899999999999996 0.042667 0.040667
3 0.512333 0.382 0.09 0.088
3 0.497 0.46099999999999997 0.087333 0.082
2 0.524667 0.634667 0.070667 0.109333
2 0.456667 0.602333 0.070667 0.083333
2 0.394 0.665 0.042667 0.046
2 0.447 0.694333 0.095333 0.087333
2 0.422667 0.779 0.105333 0.084667
2 0.395667 0.845333 0.079333 0.069333
2 0.335 0.812333 0.047333 0.051333
2 0.346333 0.745333 0.058 0.064
2 0.295 0.874333 0.108667 0.13
3 0.258667 0.781333 0.066667 0.064
3 0.278667 0.7090000000000001 0.06 0.063333
2 0.712667 0.5473330000000001 0.066667 0.070667
3 0.574667 0.41133299999999995 0.037333 0.037333
3 0.378333 0.587333 0.052667 0.057333
2 0.304 0.579 0.104 0.118
3 0.289333 0.474333 0.125333 0.083333
3 0.245333 0.389 0.106667 0.09
3 0.285 0.31299999999999994 0.078 0.086
3 0.194 0.291667 0.096 0.071333
3 0.086333 0.33466700000000005 0.05 0.042667
3 0.155333 0.36666699999999997 0.078667 0.076
3 0.194 0.453333 0.06 0.056
3 0.123333 0.42900000000000005 0.054667 0.046
3 0.044333 0.398 0.082 0.066667
3 0.069667 0.47166699999999995 0.083333 0.078
3 0.070667 0.552667 0.104 0.090667
3 0.048333 0.628333 0.084667 0.075333
2 0.161333 0.580667 0.105333 0.076
3 0.156667 0.509 0.096 0.080667
3 0.227667 0.537667 0.051333 0.054
3 0.237333 0.607333 0.073333 0.069333
2 0.192 0.851333 0.097333 0.104
2 0.138333 0.888333 0.087333 0.086
2 0.059333 0.866 0.076 0.089333
3 0.043333 0.775 0.066667 0.071333
2 0.12 0.731 0.097333 0.078
3 0.124667 0.65 0.088 0.073333
0 0.899667 0.796333 0.05 0.044667
0 0.938667 0.775 0.032 0.032667
0 0.762333 0.771667 0.074 0.078
0 0.824667 0.729333 0.062667 0.062667
0 0.835 0.549667 0.034 0.043333
0 0.521333 0.721333 0.054667 0.066667
0 0.522667 0.5349999999999999 0.076 0.078
0 0.121 0.14433300000000004 0.240667 0.288667
3 0.958333 0.13133300000000003 0.083333 0.088
3 0.967333 0.32666700000000004 0.065333 0.082667
3 0.963 0.619333 0.074 0.077333
2 0.952667 0.902667 0.090667 0.192
2 0.736333 0.959333 0.09 0.08
2 0.560667 0.959 0.102667 0.080667
3 0.454 0.03966700000000001 0.090667 0.079333
2 0.666 0.042332999999999954 0.093333 0.084667
2 0.895 0.02633300000000005 0.071333 0.052667
