2 0.11033300000000001 0.885333 0.118 0.138667
2 0.15233300000000005 0.766667 0.111333 0.109333
2 0.19899999999999995 0.677333 0.071333 0.064
2 0.218333 0.593667 0.098 0.083333
2 0.24133300000000002 0.525333 0.074667 0.068
2 0.20666700000000005 0.921667 0.077333 0.072667
1 0.23666699999999996 0.865 0.068 0.051333
1 0.253667 0.797 0.091333 0.087333
1 0.269 0.712667 0.088667 0.090667
1 0.285667 0.641 0.05 0.055333
1 0.31499999999999995 0.554667 0.088667 0.094667
1 0.35166699999999995 0.501667 0.079333 0.087333
2 0.28133300000000006 0.446333 0.097333 0.111333
2 0.325333 0.345333 0.170667 0.138667
2 0.388667 0.253667 0.133333 0.124667
1 0.408667 0.161667 0.081333 0.075333
2 0.426667 0.060333 0.16 0.119333
2 0.5023329999999999 0.158333 0.055333 0.064667
1 0.5183329999999999 0.053667 0.076667 0.086
1 0.556 0.100667 0.093333 0.072
1 0.599667 0.048333 0.086 0.071333
1 0.645 0.107667 0.084667 0.096667
1 0.5896669999999999 0.202 0.144667 0.108
1 0.568333 0.146 0.074 0.062667
1 0.726 0.105333 0.089333 0.096
2 0.913667 0.078333 0.144667 0.114
2 0.925333 0.184667 0.098667 0.098667
1 0.84 0.150667 0.077333 0.1
1 0.772667 0.163333 0.090667 0.122667
2 0.8260000000000001 0.237667 0.089333 0.084667
2 0.91 0.271667 0.088 0.091333
1 0.745 0.263333 0.079333 0.092
1 0.6946669999999999 0.207667 0.093333 0.111333
1 0.707667 0.328333 0.080667 0.091333
1 0.649667 0.286667 0.086 0.097333
1 0.56 0.284 0.129333 0.108
1 0.487 0.261 0.060667 0.048667
1 0.47466699999999995 0.214333 0.058667 0.052667
1 0.801667 0.328667 0.102 0.094667
1 0.910667 0.366 0.102667 0.1
2 0.894 0.468 0.138667 0.093333
1 0.795 0.430333 0.115333 0.112667
1 0.7030000000000001 0.427333 0.087333 0.097333
1 0.624667 0.392333 0.110667 0.111333
1 0.544667 0.373 0.088 0.094
1 0.481 0.355667 0.09 0.092667
2 0.96 0.585667 0.078667 0.111333
2 0.880667 0.552333 0.106667 0.096667
2 0.951667 0.686 0.095333 0.090667
2 0.875333 0.647333 0.104 0.101333
2 0.886333 0.926 0.095333 0.102667
1 0.876333 0.804 0.116667 0.14
2 0.813667 0.775333 0.042 0.065333
2 0.782333 0.699333 0.056667 0.050667
1 0.8 0.518667 0.065333 0.066667
1 0.743333 0.506333 0.090667 0.086
1 0.807333 0.599333 0.101333 0.110667
1 0.717667 0.614667 0.108667 0.105333
1 0.741333 0.793 0.12 0.118
2 0.798 0.898 0.1 0.110667
1 0.725 0.903 0.051333 0.054
1 0.6823330000000001 0.959333 0.074 0.081333
1 0.651667 0.796333 0.054 0.05
1 0.6823330000000001 0.708333 0.046 0.051333
1 0.728 0.715 0.042667 0.048667
1 0.725333 0.68 0.042667 0.033333
1 0.637667 0.686 0.056667 0.065333
1 0.657333 0.543 0.073333 0.062
1 0.607 0.488667 0.120667 0.129333
1 0.5023329999999999 0.458333 0.080667 0.11
1 0.5473330000000001 0.55 0.096 0.109333
1 0.628333 0.883667 0.118 0.118
2 0.578333 0.967 0.072667 0.066
1 0.509333 0.911 0.092 0.084667
1 0.42300000000000004 0.953 0.080667 0.087333
2 0.45099999999999996 0.839 0.108667 0.148667
2 0.365 0.798667 0.119333 0.157333
1 0.5609999999999999 0.822667 0.119333 0.102667
1 0.5780000000000001 0.727667 0.129333 0.112667
1 0.612333 0.621667 0.111333 0.094
1 0.49466699999999997 0.677 0.129333 0.147333
1 0.30100000000000005 0.879667 0.072667 0.083333
1 0.349 0.661 0.095333 0.107333
2 0.414667 0.626667 0.094667 0.134667
1 0.410667 0.504667 0.053333 0.064
1 0.38433300000000004 0.404667 0.060667 0.064
1 0.41600000000000004 0.428667 0.097333 0.105333
1 0.46166700000000005 0.554333 0.118 0.120667
0 0.07099999999999995 0.078 0.048667 0.046667
0 0.06733299999999998 0.014333 0.041333 0.027333
0 0.663333 0.743333 0.044 0.041333
0 0.16600000000000004 0.838333 0.050667 0.052667
0 0.713333 0.933667 0.04 0.028667
2 0.31133299999999997 0.951333 0.170667 0.097333
2 0.505333 0.971333 0.070667 0.057333
2 0.959667 0.917 0.078 0.119333
2 0.965667 0.799333 0.067333 0.133333
2 0.975 0.413333 0.047333 0.124
1 0.833333 0.047333 0.105333 0.093333
1 0.742 0.035333 0.112 0.069333
