1 0.869333 0.156667 0.070667 0.137333
1 0.812667 0.210333 0.06 0.078
1 0.76 0.192333 0.065333 0.080667
1 0.939667 0.300333 0.094 0.088667
2 0.947333 0.246667 0.04 0.037333
2 0.912667 0.231 0.037333 0.036667
1 0.87 0.317667 0.089333 0.107333
1 0.943667 0.54 0.103333 0.090667
1 0.943 0.628667 0.102 0.098667
2 0.646667 0.223333 0.158667 0.178667
2 0.758333 0.295667 0.128667 0.140667
1 0.802 0.358 0.053333 0.06
1 0.734 0.396 0.102667 0.061333
1 0.808333 0.426 0.079333 0.068
1 0.83 0.488 0.133333 0.161333
1 0.852 0.587333 0.086667 0.070667
1 0.862667 0.667667 0.098667 0.095333
1 0.772667 0.709667 0.097333 0.087333
1 0.764667 0.606667 0.108 0.124
1 0.773 0.471333 0.055333 0.064
1 0.710333 0.460667 0.086 0.068
1 0.632333 0.359667 0.114 0.115333
2 0.513 0.269 0.188667 0.187333
1 0.43533299999999997 0.353333 0.113333 0.092
1 0.469 0.412333 0.080667 0.048667
1 0.572333 0.407333 0.115333 0.082667
1 0.474333 0.455333 0.088667 0.073333
1 0.515 0.498333 0.087333 0.098
1 0.686667 0.517333 0.077333 0.069333
1 0.609 0.500333 0.116667 0.116667
1 0.692333 0.588 0.07 0.072
1 0.623 0.601333 0.086 0.098667
1 0.5609999999999999 0.599 0.059333 0.067333
1 0.661333 0.674667 0.101333 0.088
1 0.5836669999999999 0.703 0.083333 0.086
2 0.698 0.746 0.044 0.036
1 0.876 0.758 0.1 0.081333
1 0.937333 0.964333 0.097333 0.071333
1 0.859 0.863333 0.134 0.098667
2 0.829333 0.944 0.065333 0.053333
1 0.744667 0.806667 0.098667 0.085333
1 0.754667 0.901 0.097333 0.11
1 0.632667 0.789333 0.1 0.102667
1 0.6890000000000001 0.855 0.09 0.084667
1 0.683333 0.937 0.096 0.087333
1 0.603333 0.887333 0.089333 0.098667
2 0.558333 0.819667 0.092667 0.091333
1 0.351333 0.374 0.052 0.053333
1 0.391 0.453 0.05 0.047333
1 0.29600000000000004 0.403333 0.170667 0.141333
1 0.18766700000000003 0.427333 0.118 0.106667
1 0.258 0.501667 0.132 0.108667
1 0.436667 0.538333 0.108 0.084667
1 0.47366699999999995 0.588 0.046 0.044
1 0.513667 0.635667 0.11 0.115333
1 0.512667 0.74 0.098667 0.098667
1 0.07966700000000004 0.564 0.119333 0.1
1 0.333333 0.553333 0.112 0.097333
1 0.20199999999999996 0.558 0.089333 0.081333
1 0.12766699999999997 0.507333 0.095333 0.097333
1 0.13933300000000004 0.615 0.061333 0.064667
1 0.04200000000000004 0.652333 0.084 0.151333
1 0.10766699999999996 0.676667 0.078 0.077333
1 0.20699999999999996 0.643667 0.115333 0.122
1 0.404667 0.645333 0.133333 0.134667
1 0.30600000000000005 0.673333 0.097333 0.118667
1 0.06333299999999997 0.773333 0.102667 0.096
1 0.15700000000000003 0.78 0.107333 0.129333
1 0.23066699999999996 0.729667 0.101333 0.127333
1 0.08466700000000005 0.886667 0.148 0.136
1 0.19399999999999995 0.888333 0.102667 0.118
1 0.28200000000000003 0.881667 0.090667 0.098
2 0.248 0.814333 0.056 0.052667
1 0.32966700000000004 0.775667 0.114 0.114
1 0.436667 0.765667 0.128 0.13
1 0.37633300000000003 0.863 0.118 0.108667
1 0.381 0.955667 0.162 0.088667
1 0.499 0.903333 0.147333 0.138667
1 0.927667 0.136 0.054 0.088
0 0.963 0.738 0.048667 0.045333
1 0.760667 0.969333 0.106667 0.061333
1 0.046667000000000014 0.973 0.08 0.054
