2 0.928667 0.055 0.110667 0.091333
2 0.903667 0.157333 0.127333 0.118667
2 0.823333 0.043333 0.086667 0.078667
2 0.8029999999999999 0.124333 0.09 0.086
2 0.7006669999999999 0.101 0.112 0.135333
3 0.641 0.031 0.054 0.060667
3 0.606333 0.176 0.062 0.052
2 0.570333 0.065667 0.071333 0.114
2 0.681667 0.234333 0.11 0.122
2 0.775333 0.286 0.070667 0.070667
3 0.790333 0.238333 0.027333 0.027333
3 0.965 0.323333 0.059333 0.050667
3 0.953 0.271333 0.026 0.025333
3 0.886 0.245667 0.021333 0.020667
3 0.874667 0.305333 0.094667 0.092
2 0.961333 0.409 0.076 0.074
3 0.948667 0.587 0.048 0.052667
3 0.965333 0.657 0.036 0.040667
3 0.933667 0.717667 0.031333 0.035333
2 0.931333 0.658667 0.04 0.053333
2 0.881 0.643667 0.079333 0.058
3 0.892667 0.694 0.050667 0.044
3 0.893667 0.561667 0.084667 0.095333
3 0.922333 0.474333 0.047333 0.076667
3 0.875 0.479333 0.064667 0.070667
2 0.872667 0.393 0.104 0.086
3 0.789667 0.458 0.068667 0.070667
3 0.779 0.367 0.082 0.079333
2 0.577 0.273 0.102 0.108667
3 0.508667 0.189333 0.049333 0.057333
2 0.565333 0.365667 0.086667 0.09
2 0.6166670000000001 0.409 0.104 0.088667
2 0.688333 0.337333 0.095333 0.090667
3 0.708333 0.426 0.095333 0.088
1 0.7376670000000001 0.524667 0.047333 0.034667
1 0.661 0.572333 0.060667 0.056667
3 0.728667 0.596333 0.074667 0.094
3 0.791 0.675 0.047333 0.042
3 0.804 0.616333 0.078667 0.074
3 0.8089999999999999 0.541333 0.083333 0.076
3 0.776667 0.750333 0.070667 0.096667
2 0.6986669999999999 0.741667 0.084 0.106
3 0.6823330000000001 0.645667 0.082 0.09
2 0.628 0.718333 0.074667 0.126
3 0.588667 0.629667 0.061333 0.054
3 0.553667 0.699333 0.07 0.078667
3 0.501 0.123333 0.05 0.054667
3 0.46199999999999997 0.163 0.049333 0.051333
3 0.405667 0.109 0.052667 0.052667
3 0.5966670000000001 0.497 0.073333 0.075333
3 0.574333 0.553 0.060667 0.05
1 0.5756669999999999 0.760667 0.043333 0.038667
3 0.505667 0.754333 0.067333 0.067333
3 0.48666699999999996 0.672 0.052 0.050667
3 0.512 0.600333 0.069333 0.108667
3 0.43000000000000005 0.579667 0.08 0.087333
2 0.40633300000000006 0.664333 0.100667 0.082
3 0.42033299999999996 0.736 0.068667 0.06
2 0.5083329999999999 0.463 0.092667 0.096667
2 0.489333 0.363667 0.081333 0.091333
2 0.45266700000000004 0.244667 0.12 0.122667
3 0.41100000000000003 0.161333 0.05 0.049333
3 0.31899999999999995 0.082667 0.051333 0.045333
3 0.32199999999999995 0.128 0.049333 0.050667
3 0.35366699999999995 0.225 0.080667 0.078
2 0.349333 0.324667 0.108 0.097333
3 0.359 0.427333 0.035333 0.033333
3 0.34266700000000005 0.478667 0.085333 0.069333
2 0.35466699999999995 0.559667 0.078667 0.096667
2 0.300667 0.645667 0.109333 0.102
3 0.34066700000000005 0.733 0.069333 0.066
3 0.267667 0.697333 0.071333 0.072
3 0.259667 0.470333 0.076667 0.078
3 0.28500000000000003 0.391 0.092667 0.078
2 0.260667 0.282333 0.093333 0.107333
2 0.24233300000000002 0.166667 0.096667 0.068
3 0.259 0.202667 0.072667 0.056
3 0.23266699999999996 0.091667 0.072 0.076667
3 0.20333299999999999 0.450333 0.034667 0.031333
3 0.43000000000000005 0.439667 0.072 0.067333
3 0.42400000000000004 0.509333 0.057333 0.050667
3 0.123 0.057333 0.075333 0.08
3 0.14533300000000005 0.150333 0.078667 0.082
3 0.03633299999999995 0.127667 0.039333 0.031333
3 0.06766700000000003 0.180667 0.067333 0.062667
3 0.16000000000000003 0.261667 0.098667 0.099333
3 0.07033299999999998 0.245667 0.076667 0.068667
2 0.19599999999999995 0.373333 0.085333 0.102667
2 0.10833300000000001 0.348 0.11 0.074667
2 0.10299999999999998 0.418333 0.098 0.066
2 0.095333 0.503333 0.104 0.092
3 0.18633299999999997 0.516 0.072667 0.072
2 0.16500000000000004 0.611333 0.138 0.116
2 0.07266700000000004 0.585667 0.090667 0.07
3 0.08266700000000005 0.729333 0.064 0.056
3 0.029667 0.702667 0.052667 0.061333
2 0.45699999999999996 0.826667 0.099333 0.1
2 0.45166700000000004 0.918 0.095333 0.097333
2 0.371 0.806 0.083333 0.088
2 0.352 0.886 0.081333 0.084
3 0.356 0.963667 0.068 0.072667
1 0.29233299999999995 0.912 0.035333 0.032
2 0.28900000000000003 0.786667 0.083333 0.093333
2 0.27133300000000005 0.864333 0.08 0.078
3 0.258667 0.95 0.038667 0.052
3 0.19799999999999995 0.914667 0.068 0.056
3 0.17966700000000002 0.966667 0.084667 0.057333
2 0.18033299999999997 0.844333 0.084667 0.082
2 0.211333 0.762667 0.081333 0.106667
3 0.11333300000000002 0.793667 0.089333 0.103333
3 0.07566700000000004 0.839 0.078 0.09
3 0.5473330000000001 0.935333 0.077333 0.088
3 0.573 0.854667 0.064667 0.070667
3 0.636 0.949333 0.082667 0.08
3 0.646667 0.871 0.058667 0.086
3 0.707333 0.885 0.061333 0.092667
3 0.775 0.905333 0.062 0.066667
3 0.835333 0.919 0.044 0.048667
3 0.849 0.768 0.064667 0.08
3 0.974667 0.800333 0.032 0.042
2 0.9339999999999999 0.963333 0.056 0.066667
3 0.896 0.933 0.061333 0.054
3 0.888667 0.857667 0.1 0.080667
3 0.803667 0.839333 0.058 0.057333
3 0.925333 0.796667 0.068 0.076
0 0.08766700000000005 0.904667 0.052667 0.046667
0 0.28 0.548333 0.064 0.076667
0 0.42233299999999996 0.353667 0.036667 0.031333
0 0.5349999999999999 0.869667 0.054 0.043333
2 0.02100000000000002 0.806333 0.042 0.078
2 0.047667000000000015 0.317333 0.095333 0.097333
2 0.055332999999999966 0.050667 0.109333 0.097333
2 0.480333 0.056333 0.106 0.111333
2 0.747 0.964667 0.082 0.070667
