1 0.909333 0.088333 0.066667 0.086
1 0.842667 0.153667 0.141333 0.158
2 0.808 0.294667 0.122667 0.126667
2 0.712 0.256667 0.108 0.132
1 0.813 0.04033299999999995 0.104667 0.079333
1 0.732 0.11133300000000002 0.162667 0.170667
1 0.607 0.06333299999999997 0.154 0.125333
2 0.602333 0.17433299999999996 0.127333 0.139333
2 0.5860000000000001 0.288667 0.102667 0.104
1 0.5760000000000001 0.39233300000000004 0.082667 0.075333
2 0.426667 0.09099999999999997 0.165333 0.180667
2 0.496 0.15400000000000003 0.096 0.101333
2 0.48366699999999996 0.24433300000000002 0.11 0.079333
2 0.483 0.333333 0.147333 0.142667
1 0.229333 0.05833299999999997 0.170667 0.115333
1 0.28133300000000006 0.15633300000000006 0.161333 0.160667
1 0.23366699999999996 0.22999999999999998 0.131333 0.133333
1 0.15100000000000002 0.233333 0.044667 0.070667
2 0.18266700000000002 0.32666700000000004 0.066667 0.062667
2 0.328333 0.31399999999999995 0.146 0.104
2 0.37733300000000003 0.220333 0.110667 0.108667
1 0.47166699999999995 0.44766700000000004 0.083333 0.086
1 0.38933300000000004 0.44166700000000003 0.093333 0.098
1 0.32399999999999995 0.39933300000000005 0.093333 0.082667
1 0.06933299999999998 0.281667 0.128 0.143333
1 0.917667 0.442333 0.080667 0.075333
1 0.928 0.568667 0.134667 0.110667
1 0.931667 0.675 0.108667 0.135333
1 0.876667 0.895 0.162667 0.183333
1 0.835 0.482 0.171333 0.170667
1 0.736667 0.445333 0.065333 0.074667
1 0.792 0.588333 0.062667 0.080667
1 0.819 0.6759999999999999 0.15 0.197333
1 0.735 0.641 0.074 0.114
1 0.802333 0.794667 0.119333 0.098667
1 0.721 0.867333 0.148667 0.146667
1 0.648333 0.767333 0.155333 0.136
1 0.620333 0.634667 0.160667 0.168
1 0.701667 0.546333 0.087333 0.111333
1 0.571 0.5756669999999999 0.084667 0.096667
1 0.624667 0.490333 0.094667 0.107333
1 0.544 0.485 0.108 0.115333
1 0.538667 0.6819999999999999 0.1 0.104
1 0.512667 0.7953330000000001 0.157333 0.130667
1 0.618333 0.919667 0.135333 0.156667
1 0.529667 0.898 0.120667 0.105333
1 0.448333 0.5700000000000001 0.172667 0.194667
1 0.43100000000000005 0.702 0.140667 0.158667
1 0.32266700000000004 0.56 0.093333 0.104
1 0.321333 0.668667 0.132 0.133333
1 0.381667 0.853667 0.172667 0.186
1 0.337333 0.967 0.094667 0.066
1 0.251667 0.738333 0.146 0.172667
1 0.225333 0.895 0.154667 0.15
2 0.19199999999999995 0.487333 0.170667 0.162667
2 0.11966699999999997 0.41500000000000004 0.079333 0.084667
2 0.053332999999999964 0.384667 0.104 0.109333
2 0.05166700000000002 0.491 0.082 0.078
2 0.05800000000000005 0.574333 0.072 0.083333
2 0.18166700000000002 0.613333 0.183333 0.110667
2 0.14600000000000002 0.8160000000000001 0.098667 0.113333
1 0.153667 0.710333 0.114 0.124667
1 0.06899999999999995 0.724333 0.111333 0.180667
2 0.06466700000000003 0.854 0.105333 0.098667
2 0.07266700000000004 0.943333 0.112 0.113333
2 0.44699999999999995 0.957667 0.107333 0.084667
