1 0.862667 0.384 0.134667 0.125333
1 0.884333 0.528667 0.191333 0.197333
1 0.775667 0.491 0.116667 0.116667
1 0.886 0.775 0.097333 0.148667
1 0.823667 0.913333 0.182 0.169333
1 0.787667 0.824333 0.09 0.091333
1 0.817 0.753 0.074 0.082
1 0.7316670000000001 0.562667 0.078 0.073333
1 0.7933330000000001 0.689667 0.090667 0.147333
1 0.708 0.665333 0.113333 0.134667
1 0.6843330000000001 0.787 0.108667 0.116667
2 0.7146669999999999 0.887667 0.064 0.074
1 0.6623330000000001 0.416667 0.116667 0.137333
1 0.644667 0.531333 0.132 0.12
1 0.6226670000000001 0.632667 0.101333 0.102667
1 0.594 0.735333 0.089333 0.1
2 0.601667 0.847667 0.120667 0.116667
1 0.5656669999999999 0.9103330000000001 0.112667 0.114
2 0.49466699999999997 0.952333 0.082667 0.095333
2 0.595333 0.26433300000000004 0.144 0.15
2 0.546 0.389 0.134667 0.120667
1 0.533667 0.5 0.135333 0.134667
2 0.542333 0.6166670000000001 0.083333 0.098667
2 0.513 0.680667 0.056667 0.054667
1 0.478333 0.749333 0.112667 0.092
1 0.489333 0.819333 0.104 0.070667
1 0.44266700000000003 0.892333 0.094667 0.078
1 0.394667 0.836667 0.070667 0.066667
1 0.41700000000000004 0.942667 0.146 0.114667
1 0.354 0.7703329999999999 0.128 0.124667
1 0.372333 0.661 0.176667 0.118
1 0.419667 0.544667 0.095333 0.106667
1 0.34066700000000005 0.5373330000000001 0.070667 0.098667
1 0.258667 0.567333 0.165333 0.169333
2 0.16700000000000004 0.5303329999999999 0.068667 0.084667
2 0.21266700000000005 0.679667 0.068 0.083333
1 0.22866699999999995 0.7743329999999999 0.161333 0.206
1 0.220333 0.892667 0.106 0.102667
1 0.13366699999999998 0.756333 0.068667 0.083333
1 0.12733300000000003 0.632667 0.108 0.117333
1 0.05266700000000002 0.582333 0.105333 0.122
2 0.22599999999999998 0.38133300000000003 0.12 0.130667
1 0.480333 0.22999999999999998 0.144667 0.166667
2 0.40333300000000005 0.372 0.196 0.204
1 0.396667 0.19566700000000004 0.108 0.148667
2 0.31366700000000003 0.18600000000000005 0.080667 0.106667
2 0.25933300000000004 0.250667 0.141333 0.146667
2 0.124 0.35266699999999995 0.109333 0.124
2 0.21899999999999997 0.12 0.122 0.138667
2 0.10733300000000001 0.06933299999999998 0.129333 0.124
2 0.12866699999999998 0.20866700000000005 0.138667 0.168
1 0.477333 0.5756669999999999 0.074667 0.082
2 0.06766700000000003 0.856 0.135333 0.138667
2 0.06166700000000003 0.720333 0.123333 0.155333
1 0.03533299999999995 0.14600000000000002 0.070667 0.152
1 0.967333 0.794667 0.064 0.097333
2 0.958667 0.691333 0.081333 0.112
1 0.947 0.935667 0.104667 0.128667
2 0.29433299999999996 0.945667 0.126 0.108667
1 0.12166699999999997 0.934333 0.154 0.131333
2 0.029667 0.386667 0.059333 0.093333
