3 0.791 0.090667 0.063333 0.070667
1 0.729333 0.062 0.042667 0.048
3 0.6639999999999999 0.045333 0.068 0.064
2 0.653667 0.121667 0.074 0.09
3 0.7126669999999999 0.153333 0.056 0.050667
3 0.7296670000000001 0.195333 0.05 0.042667
2 0.746333 0.246333 0.118 0.09
2 0.677333 0.229 0.033333 0.039333
2 0.861667 0.207333 0.083333 0.076
2 0.945 0.317333 0.107333 0.116
3 0.969 0.416667 0.059333 0.076
2 0.86 0.366 0.112 0.098667
2 0.839333 0.461667 0.128 0.083333
3 0.728667 0.433333 0.08 0.089333
2 0.755333 0.337667 0.097333 0.102
2 0.648333 0.297 0.078 0.088667
3 0.6990000000000001 0.321 0.048667 0.05
2 0.631 0.214 0.060667 0.068
2 0.563333 0.27 0.076 0.096
3 0.5243329999999999 0.323333 0.026 0.029333
3 0.526 0.38 0.041333 0.050667
3 0.6413329999999999 0.409 0.046667 0.044667
3 0.871667 0.576333 0.040667 0.047333
3 0.947667 0.498667 0.064667 0.064
2 0.900667 0.678 0.121333 0.112
3 0.85 0.759667 0.042667 0.043333
2 0.796 0.726667 0.06 0.089333
2 0.7256670000000001 0.692667 0.088667 0.096
3 0.648667 0.663 0.072 0.098
2 0.745 0.529333 0.116667 0.129333
3 0.833333 0.553667 0.061333 0.07
2 0.6473329999999999 0.502667 0.094667 0.118667
3 0.687 0.595333 0.042 0.037333
3 0.586333 0.481667 0.038 0.059333
2 0.530667 0.464 0.084 0.116
2 0.624 0.754667 0.078667 0.082667
3 0.558333 0.573667 0.063333 0.054
3 0.5700000000000001 0.654667 0.084 0.094667
3 0.537667 0.730667 0.096667 0.078667
3 0.49266699999999997 0.643333 0.072 0.074667
2 0.46966699999999995 0.538667 0.139333 0.132
2 0.604 0.038 0.030667 0.030667
3 0.521 0.077667 0.062 0.060667
2 0.5353330000000001 0.172 0.125333 0.106667
2 0.43600000000000005 0.141333 0.078667 0.096
2 0.441333 0.051667 0.105333 0.100667
2 0.352333 0.096 0.082 0.104
2 0.349 0.192667 0.13 0.112
3 0.41933299999999996 0.302 0.033333 0.033333
3 0.41933299999999996 0.352667 0.068 0.048
2 0.41733299999999995 0.437 0.084 0.066
3 0.450333 0.686 0.036667 0.042667
3 0.41833299999999995 0.613 0.051333 0.048667
3 0.419667 0.743333 0.03 0.032
3 0.374667 0.717667 0.052 0.034
3 0.333333 0.334667 0.098667 0.092
3 0.327333 0.417 0.085333 0.082
3 0.34299999999999997 0.501333 0.075333 0.082667
3 0.354 0.587667 0.077333 0.084667
2 0.348 0.664 0.089333 0.081333
3 0.271 0.645 0.07 0.068667
3 0.269667 0.701 0.044667 0.042
3 0.273 0.569333 0.064667 0.068
1 0.21466700000000005 0.551333 0.046667 0.038667
3 0.207333 0.621333 0.050667 0.077333
3 0.25333300000000003 0.491 0.057333 0.068667
1 0.13766699999999998 0.598667 0.068667 0.052
3 0.14333300000000004 0.674333 0.082667 0.083333
3 0.04566700000000001 0.664 0.071333 0.046667
2 0.07633299999999998 0.746667 0.086 0.098667
3 0.03966700000000001 0.582333 0.07 0.047333
3 0.05700000000000005 0.522 0.099333 0.061333
2 0.05833299999999997 0.439 0.116667 0.099333
3 0.16733299999999995 0.460667 0.089333 0.076
3 0.239 0.397 0.072667 0.067333
3 0.23066699999999996 0.305667 0.090667 0.098
3 0.24533300000000002 0.156333 0.081333 0.091333
2 0.25833300000000003 0.069 0.082 0.092667
3 0.19333299999999998 0.088333 0.042667 0.052667
2 0.135 0.138 0.115333 0.126667
3 0.09199999999999997 0.045667 0.062667 0.062
3 0.056332999999999966 0.203667 0.052667 0.060667
2 0.11266699999999996 0.271667 0.12 0.094
3 0.17966700000000002 0.235 0.046 0.036667
3 0.17533299999999996 0.744333 0.072 0.059333
2 0.147667 0.787333 0.087333 0.076
3 0.254667 0.759333 0.066667 0.065333
3 0.23266699999999996 0.799667 0.070667 0.066
3 0.31799999999999995 0.790667 0.072 0.090667
3 0.45266700000000004 0.824667 0.052 0.052
3 0.485 0.895333 0.028667 0.022667
3 0.47066699999999995 0.757333 0.033333 0.036
2 0.41233299999999995 0.681333 0.040667 0.050667
3 0.269667 0.868667 0.059333 0.061333
3 0.35966699999999996 0.889667 0.092667 0.091333
3 0.30933299999999997 0.959 0.054667 0.05
3 0.252667 0.933 0.053333 0.059333
3 0.17833299999999996 0.914667 0.076667 0.078667
3 0.11199999999999999 0.906333 0.070667 0.075333
3 0.04800000000000004 0.887333 0.061333 0.070667
3 0.39733300000000005 0.818667 0.061333 0.077333
3 0.13433300000000004 0.969333 0.094 0.06
2 0.531333 0.812333 0.070667 0.074
2 0.7086669999999999 0.786667 0.096 0.085333
2 0.690333 0.856333 0.111333 0.07
2 0.705667 0.941333 0.102 0.082667
3 0.792 0.933333 0.066667 0.081333
2 0.785667 0.799667 0.071333 0.072667
1 0.841333 0.795 0.036 0.022
2 0.875667 0.819 0.038 0.042
3 0.9103330000000001 0.771667 0.083333 0.075333
3 0.896667 0.88 0.054667 0.074667
2 0.829 0.877667 0.083333 0.086
3 0.975333 0.058333 0.04 0.052667
3 0.632333 0.961333 0.059333 0.052
2 0.126 0.37 0.122667 0.093333
2 0.846333 0.282667 0.084667 0.070667
0 0.448333 0.227667 0.064667 0.063333
0 0.480333 0.304333 0.084667 0.087333
0 0.391 0.750333 0.043333 0.046
0 0.594 0.375 0.057333 0.052667
0 0.862 0.142 0.077333 0.06
0 0.919 0.051333 0.087333 0.094667
0 0.842333 0.032333 0.047333 0.048667
0 0.9299999999999999 0.413333 0.057333 0.062667
2 0.04033299999999995 0.955667 0.078 0.088667
2 0.040000000000000036 0.308 0.08 0.114667
3 0.214333 0.024 0.075333 0.045333
3 0.325333 0.03 0.089333 0.058667
2 0.954333 0.217 0.09 0.108667
2 0.973 0.695667 0.052667 0.11
3 0.958667 0.967333 0.073333 0.065333
2 0.372 0.960333 0.092 0.079333
