1 0.156667 0.869333 0.137333 0.070667
1 0.210333 0.812667 0.078 0.06
1 0.19233299999999998 0.76 0.080667 0.065333
1 0.30033299999999996 0.939667 0.088667 0.094
2 0.24666699999999997 0.947333 0.037333 0.04
2 0.23099999999999998 0.912667 0.036667 0.037333
1 0.31766700000000003 0.87 0.107333 0.089333
1 0.54 0.943667 0.090667 0.103333
1 0.628667 0.943 0.098667 0.102
2 0.223333 0.646667 0.178667 0.158667
2 0.295667 0.758333 0.140667 0.128667
1 0.358 0.802 0.06 0.053333
1 0.396 0.734 0.061333 0.102667
1 0.42600000000000005 0.808333 0.068 0.079333
1 0.488 0.83 0.161333 0.133333
1 0.587333 0.852 0.070667 0.086667
1 0.667667 0.862667 0.095333 0.098667
1 0.709667 0.772667 0.087333 0.097333
1 0.6066670000000001 0.764667 0.124 0.108
1 0.471333 0.773 0.064 0.055333
1 0.46066700000000005 0.710333 0.068 0.086
1 0.35966699999999996 0.632333 0.115333 0.114
2 0.269 0.513 0.187333 0.188667
1 0.353333 0.43533299999999997 0.092 0.113333
1 0.41233299999999995 0.469 0.048667 0.080667
1 0.40733299999999995 0.572333 0.082667 0.115333
1 0.455333 0.474333 0.073333 0.088667
1 0.498333 0.515 0.098 0.087333
1 0.517333 0.686667 0.069333 0.077333
1 0.500333 0.609 0.116667 0.116667
1 0.5880000000000001 0.692333 0.072 0.07
1 0.601333 0.623 0.098667 0.086
1 0.599 0.5609999999999999 0.067333 0.059333
1 0.674667 0.661333 0.088 0.101333
1 0.7030000000000001 0.5836669999999999 0.086 0.083333
2 0.746 0.698 0.036 0.044
1 0.758 0.876 0.081333 0.1
1 0.964333 0.937333 0.071333 0.097333
1 0.863333 0.859 0.098667 0.134
2 0.944 0.829333 0.053333 0.065333
1 0.806667 0.744667 0.085333 0.098667
1 0.901 0.754667 0.11 0.097333
1 0.7893330000000001 0.632667 0.102667 0.1
1 0.855 0.6890000000000001 0.084667 0.09
1 0.937 0.683333 0.087333 0.096
1 0.887333 0.603333 0.098667 0.089333
2 0.819667 0.558333 0.091333 0.092667
1 0.374 0.351333 0.053333 0.052
1 0.45299999999999996 0.391 0.047333 0.05
1 0.40333300000000005 0.29600000000000004 0.141333 0.170667
1 0.42733299999999996 0.18766700000000003 0.106667 0.118
1 0.501667 0.258 0.108667 0.132
1 0.538333 0.436667 0.084667 0.108
1 0.5880000000000001 0.47366699999999995 0.044 0.046
1 0.635667 0.513667 0.115333 0.11
1 0.74 0.512667 0.098667 0.098667
1 0.5640000000000001 0.07966700000000004 0.1 0.119333
1 0.5533330000000001 0.333333 0.097333 0.112
1 0.558 0.20199999999999996 0.081333 0.089333
1 0.507333 0.12766699999999997 0.097333 0.095333
1 0.615 0.13933300000000004 0.064667 0.061333
1 0.652333 0.04200000000000004 0.151333 0.084
1 0.676667 0.10766699999999996 0.077333 0.078
1 0.643667 0.20699999999999996 0.122 0.115333
1 0.6453329999999999 0.404667 0.134667 0.133333
1 0.673333 0.30600000000000005 0.118667 0.097333
1 0.773333 0.06333299999999997 0.096 0.102667
1 0.78 0.15700000000000003 0.129333 0.107333
1 0.7296670000000001 0.23066699999999996 0.127333 0.101333
1 0.886667 0.08466700000000005 0.136 0.148
1 0.888333 0.19399999999999995 0.118 0.102667
1 0.881667 0.28200000000000003 0.098 0.090667
2 0.814333 0.248 0.052667 0.056
1 0.775667 0.32966700000000004 0.114 0.114
1 0.765667 0.436667 0.13 0.128
1 0.863 0.37633300000000003 0.108667 0.118
1 0.955667 0.381 0.088667 0.162
1 0.9033329999999999 0.499 0.138667 0.147333
1 0.136 0.927667 0.088 0.054
0 0.738 0.963 0.045333 0.048667
1 0.969333 0.760667 0.061333 0.106667
1 0.973 0.046667000000000014 0.054 0.08
