1 0.979333 0.152 0.041333 0.061333
1 0.9143330000000001 0.167333 0.088667 0.122667
1 0.863667 0.051333 0.146 0.088
1 0.824667 0.109 0.057333 0.039333
1 0.816667 0.147333 0.068 0.04
1 0.826667 0.188 0.077333 0.058667
1 0.779333 0.217333 0.1 0.058667
1 0.765 0.286667 0.138 0.092
1 0.745333 0.352667 0.065333 0.057333
1 0.815667 0.348 0.078 0.064
1 0.904 0.270667 0.062667 0.057333
1 0.956 0.229 0.072 0.076667
1 0.885333 0.35 0.072 0.088
1 0.935667 0.474333 0.120667 0.15
1 0.860333 0.471 0.080667 0.076667
1 0.811667 0.418 0.086 0.085333
1 0.712333 0.43 0.120667 0.102667
1 0.696333 0.507667 0.094 0.088667
1 0.767667 0.501 0.054 0.05
1 0.8336669999999999 0.551333 0.119333 0.093333
1 0.953 0.699333 0.083333 0.094667
1 0.820333 0.668 0.187333 0.16
1 0.906 0.814 0.108 0.126667
2 0.862 0.918 0.132 0.121333
1 0.812333 0.797333 0.084667 0.101333
1 0.761 0.744333 0.087333 0.084667
1 0.718333 0.688333 0.080667 0.091333
1 0.6759999999999999 0.613333 0.068 0.058667
1 0.644 0.691667 0.070667 0.076667
2 0.622 0.759 0.090667 0.066
1 0.765667 0.907667 0.066 0.086
1 0.757333 0.839333 0.066667 0.066667
1 0.721 0.787333 0.07 0.070667
1 0.702333 0.883667 0.059333 0.083333
1 0.651 0.923 0.051333 0.058
1 0.598 0.857 0.098667 0.084667
2 0.594333 0.923667 0.054 0.043333
0 0.20033299999999998 0.740667 0.178 0.144
0 0.23866699999999996 0.668 0.134667 0.081333
0 0.354 0.575 0.153333 0.166
0 0.417667 0.451 0.168667 0.120667
0 0.331333 0.423 0.064 0.052667
0 0.45066700000000004 0.323667 0.072 0.088667
0 0.5023329999999999 0.24 0.108667 0.129333
0 0.511667 0.058667 0.13 0.096
0 0.38033300000000003 0.165 0.104667 0.098
0 0.345333 0.238333 0.082667 0.075333
0 0.30633299999999997 0.310333 0.108667 0.096667
0 0.17300000000000004 0.595 0.083333 0.13
0 0.10566699999999996 0.588333 0.09 0.112667
0 0.06999999999999995 0.554667 0.097333 0.108
0 0.02300000000000002 0.740667 0.039333 0.045333
0 0.08799999999999997 0.48 0.038667 0.046667
0 0.13866699999999998 0.405333 0.076 0.053333
0 0.24333300000000002 0.441333 0.108 0.110667
0 0.18966700000000003 0.345 0.099333 0.120667
0 0.18366700000000002 0.250333 0.119333 0.122
0 0.37 0.074333 0.110667 0.094
0 0.23399999999999999 0.082333 0.082667 0.094
0 0.07033299999999998 0.322333 0.139333 0.134
0 0.12333300000000003 0.212667 0.092 0.12
0 0.11166699999999996 0.059 0.103333 0.118
0 0.05900000000000005 0.901667 0.038 0.039333
2 0.974 0.076333 0.052 0.079333
2 0.972667 0.939667 0.054667 0.07
2 0.957667 0.604 0.084667 0.101333
2 0.957667 0.377667 0.084667 0.087333
2 0.961667 0.286333 0.075333 0.100667
2 0.7416670000000001 0.968333 0.126 0.059333
