2 0.928333 0.029667 0.083333 0.055333
2 0.878 0.109667 0.1 0.128667
2 0.916333 0.204333 0.115333 0.11
2 0.912 0.293 0.073333 0.076667
2 0.907333 0.389 0.056 0.074
2 0.8486670000000001 0.316667 0.1 0.093333
2 0.824667 0.219333 0.076 0.098667
2 0.8296669999999999 0.407667 0.124667 0.108667
2 0.874667 0.487667 0.098667 0.087333
1 0.955 0.565667 0.09 0.099333
2 0.861 0.569 0.112667 0.083333
2 0.820667 0.612333 0.057333 0.046
1 0.8566670000000001 0.664 0.118667 0.104
2 0.946 0.644 0.066667 0.069333
1 0.911333 0.724333 0.105333 0.083333
1 0.813667 0.743667 0.126 0.111333
2 0.835 0.835667 0.086 0.078
2 0.933 0.939667 0.118 0.096667
2 0.928667 0.834 0.106667 0.105333
1 0.751 0.664667 0.09 0.1
1 0.754667 0.565333 0.097333 0.106667
1 0.749667 0.457667 0.112667 0.13
1 0.702 0.607667 0.069333 0.099333
1 0.759333 0.920667 0.101333 0.101333
1 0.730333 0.839 0.126 0.143333
2 0.695667 0.753333 0.107333 0.1
1 0.648333 0.687667 0.095333 0.087333
1 0.632333 0.614667 0.106 0.086667
1 0.606333 0.535333 0.148667 0.144
1 0.546333 0.458333 0.127333 0.143333
1 0.636333 0.414333 0.116667 0.119333
1 0.600333 0.316 0.094 0.097333
1 0.496 0.316 0.130667 0.133333
1 0.47466699999999995 0.223 0.085333 0.091333
1 0.42700000000000005 0.135333 0.114 0.138667
2 0.5303329999999999 0.102333 0.09 0.114
1 0.568333 0.207 0.111333 0.118
1 0.613667 0.117667 0.087333 0.15
2 0.646333 0.034 0.106 0.066667
1 0.677667 0.115333 0.084667 0.098667
2 0.763667 0.127333 0.128667 0.172
1 0.049000000000000044 0.026333 0.052667 0.038
1 0.09966699999999995 0.031333 0.054 0.058667
2 0.11866699999999997 0.107667 0.030667 0.034
1 0.04966700000000002 0.091 0.084667 0.086
1 0.151667 0.063667 0.058 0.079333
1 0.20266700000000004 0.043667 0.093333 0.083333
1 0.32466700000000004 0.123 0.101333 0.122
1 0.23933300000000002 0.145 0.086667 0.091333
1 0.18733299999999997 0.110333 0.068 0.072667
1 0.16033299999999995 0.153333 0.055333 0.064
1 0.08466700000000005 0.189667 0.098667 0.07
1 0.095333 0.252333 0.062667 0.078
1 0.13566699999999998 0.329333 0.076667 0.068
1 0.153667 0.246667 0.079333 0.092
1 0.20099999999999996 0.210333 0.079333 0.083333
1 0.261 0.285333 0.112667 0.169333
1 0.373333 0.234 0.114667 0.122667
1 0.39633300000000005 0.339667 0.111333 0.122
1 0.436667 0.420333 0.125333 0.124667
1 0.476 0.51 0.088 0.101333
1 0.519667 0.594667 0.111333 0.104
1 0.5473330000000001 0.683333 0.1 0.098667
1 0.5700000000000001 0.768 0.133333 0.093333
1 0.603 0.843 0.122 0.084667
1 0.595667 0.893333 0.048667 0.029333
1 0.6006670000000001 0.926333 0.066667 0.038
1 0.5183329999999999 0.932667 0.080667 0.069333
1 0.489333 0.846667 0.097333 0.102667
1 0.43533299999999997 0.869667 0.066667 0.082
1 0.43233299999999997 0.945333 0.080667 0.074667
1 0.475 0.765333 0.048667 0.052
3 0.48166699999999996 0.73 0.031333 0.033333
1 0.442333 0.668333 0.111333 0.103333
1 0.40133300000000005 0.565667 0.129333 0.116667
1 0.36066699999999996 0.450667 0.098667 0.166667
1 0.28933299999999995 0.473667 0.066667 0.079333
1 0.278667 0.392 0.106667 0.098667
1 0.22166699999999995 0.447 0.054 0.051333
2 0.253 0.523667 0.086 0.087333
1 0.255 0.598 0.082 0.069333
1 0.32466700000000004 0.597333 0.073333 0.088
1 0.359333 0.672 0.057333 0.065333
1 0.40733299999999995 0.714 0.074667 0.065333
1 0.365333 0.782667 0.1 0.128
1 0.42700000000000005 0.794333 0.052667 0.059333
1 0.279 0.841667 0.046 0.040667
1 0.32599999999999996 0.901333 0.132 0.112
1 0.26433300000000004 0.798 0.060667 0.041333
1 0.269667 0.746667 0.075333 0.072
1 0.22766699999999995 0.723667 0.087333 0.087333
1 0.21766700000000005 0.67 0.120667 0.092
2 0.19899999999999995 0.593 0.063333 0.059333
1 0.16433299999999995 0.503 0.103333 0.09
1 0.19066700000000003 0.541 0.049333 0.047333
1 0.15100000000000002 0.439 0.084667 0.087333
2 0.762 0.236 0.06 0.072
1 0.6906669999999999 0.306 0.097333 0.096
2 0.757333 0.316667 0.074667 0.092
0 0.682667 0.226667 0.086667 0.1
0 0.659333 0.326667 0.038667 0.052
0 0.6599999999999999 0.910667 0.058667 0.069333
0 0.896667 0.976667 0.050667 0.046667
0 0.681 0.535333 0.028667 0.036
0 0.31133299999999997 0.795667 0.044 0.048667
0 0.032332999999999945 0.966667 0.028667 0.034667
2 0.959333 0.456333 0.081333 0.119333
2 0.981 0.361 0.038 0.076667
2 0.978333 0.276667 0.043333 0.109333
2 0.971667 0.099 0.056667 0.079333
2 0.513333 0.038333 0.118667 0.075333
2 0.404 0.032 0.098667 0.061333
2 0.30433299999999996 0.037333 0.107333 0.072
2 0.35066699999999995 0.961333 0.164 0.077333
2 0.52 0.977333 0.072 0.045333
2 0.707333 0.957667 0.156 0.084667
