1 0.088333 0.09066700000000005 0.086 0.066667
1 0.153667 0.15733299999999995 0.158 0.141333
2 0.294667 0.19199999999999995 0.126667 0.122667
2 0.256667 0.28800000000000003 0.132 0.108
1 0.04033299999999995 0.18700000000000006 0.079333 0.104667
1 0.11133300000000002 0.268 0.170667 0.162667
1 0.06333299999999997 0.393 0.125333 0.154
2 0.17433299999999996 0.397667 0.139333 0.127333
2 0.288667 0.41400000000000003 0.104 0.102667
1 0.39233300000000004 0.42400000000000004 0.075333 0.082667
2 0.09099999999999997 0.573333 0.180667 0.165333
2 0.15400000000000003 0.504 0.101333 0.096
2 0.24433300000000002 0.5163329999999999 0.079333 0.11
2 0.333333 0.517 0.142667 0.147333
1 0.05833299999999997 0.770667 0.115333 0.170667
1 0.15633300000000006 0.718667 0.160667 0.161333
1 0.22999999999999998 0.7663329999999999 0.133333 0.131333
1 0.233333 0.849 0.070667 0.044667
2 0.32666700000000004 0.817333 0.062667 0.066667
2 0.31399999999999995 0.671667 0.104 0.146
2 0.220333 0.6226670000000001 0.108667 0.110667
1 0.44766700000000004 0.5283329999999999 0.086 0.083333
1 0.44166700000000003 0.6106670000000001 0.098 0.093333
1 0.39933300000000005 0.6759999999999999 0.082667 0.093333
1 0.281667 0.930667 0.143333 0.128
1 0.442333 0.08233299999999999 0.075333 0.080667
1 0.568667 0.07199999999999995 0.110667 0.134667
1 0.675 0.06833299999999998 0.135333 0.108667
1 0.895 0.12333300000000003 0.183333 0.162667
1 0.482 0.16500000000000004 0.170667 0.171333
1 0.445333 0.26333300000000004 0.074667 0.065333
1 0.588333 0.20799999999999996 0.080667 0.062667
1 0.6759999999999999 0.18100000000000005 0.197333 0.15
1 0.641 0.265 0.114 0.074
1 0.794667 0.19766700000000004 0.098667 0.119333
1 0.867333 0.279 0.146667 0.148667
1 0.767333 0.35166699999999995 0.136 0.155333
1 0.634667 0.379667 0.168 0.160667
1 0.546333 0.29833299999999996 0.111333 0.087333
1 0.5756669999999999 0.42900000000000005 0.096667 0.084667
1 0.490333 0.375333 0.107333 0.094667
1 0.485 0.45599999999999996 0.115333 0.108
1 0.6819999999999999 0.461333 0.104 0.1
1 0.7953330000000001 0.487333 0.130667 0.157333
1 0.919667 0.381667 0.156667 0.135333
1 0.898 0.470333 0.105333 0.120667
1 0.5700000000000001 0.551667 0.194667 0.172667
1 0.702 0.569 0.158667 0.140667
1 0.56 0.677333 0.104 0.093333
1 0.668667 0.678667 0.133333 0.132
1 0.853667 0.618333 0.186 0.172667
1 0.967 0.662667 0.066 0.094667
1 0.738333 0.748333 0.172667 0.146
1 0.895 0.774667 0.15 0.154667
2 0.487333 0.808 0.162667 0.170667
2 0.41500000000000004 0.880333 0.084667 0.079333
2 0.384667 0.946667 0.109333 0.104
2 0.491 0.948333 0.078 0.082
2 0.574333 0.942 0.083333 0.072
2 0.613333 0.818333 0.110667 0.183333
2 0.8160000000000001 0.854 0.113333 0.098667
1 0.710333 0.846333 0.124667 0.114
1 0.724333 0.931 0.180667 0.111333
2 0.854 0.935333 0.098667 0.105333
2 0.943333 0.927333 0.113333 0.112
2 0.957667 0.5529999999999999 0.084667 0.107333
