3 0.8140000000000001 0.054667 0.084 0.088
3 0.657333 0.126667 0.098667 0.121333
3 0.552 0.092333 0.070667 0.071333
3 0.562667 0.157 0.08 0.09
3 0.48466699999999996 0.120333 0.056 0.064667
3 0.582333 0.227333 0.067333 0.072
3 0.506 0.206667 0.092 0.098667
3 0.538333 0.300333 0.058 0.07
3 0.33466700000000005 0.258 0.070667 0.064
3 0.468333 0.066333 0.032667 0.034
2 0.37066699999999997 0.057667 0.108 0.112667
3 0.11066699999999996 0.057 0.072 0.099333
3 0.19699999999999995 0.056 0.102 0.110667
2 0.07899999999999996 0.144 0.079333 0.082667
0 0.545667 0.416 0.163333 0.157333
0 0.394 0.382667 0.2 0.188
0 0.24666699999999997 0.460667 0.164 0.161333
0 0.31133299999999997 0.544333 0.16 0.123333
0 0.42633299999999996 0.618 0.308667 0.254667
0 0.274 0.756667 0.169333 0.204
0 0.387 0.814333 0.154 0.186
0 0.797333 0.283667 0.384 0.378
3 0.641 0.038667 0.084667 0.076
