0 0.259667 0.391333 0.179333 0.234667
0 0.35666699999999996 0.378 0.066667 0.066667
0 0.28500000000000003 0.454667 0.072667 0.066667
0 0.11733300000000002 0.324333 0.101333 0.076667
0 0.35966699999999996 0.222667 0.088667 0.066667
0 0.30500000000000005 0.118333 0.194 0.206
0 0.144667 0.107333 0.188 0.212
0 0.08899999999999997 0.246667 0.108667 0.082667
0 0.19699999999999995 0.667 0.256667 0.232667
0 0.257667 0.799333 0.107333 0.141333
0 0.17166700000000001 0.875 0.158 0.163333
0 0.330333 0.879 0.171333 0.123333
0 0.42933299999999996 0.759 0.192 0.19
0 0.494 0.681333 0.066667 0.054667
0 0.47266699999999995 0.627667 0.145333 0.104667
0 0.543667 0.500333 0.186 0.214
0 0.540333 0.251 0.236667 0.244667
0 0.705333 0.188333 0.137333 0.139333
0 0.803333 0.313333 0.196 0.172
0 0.681667 0.338667 0.119333 0.133333
0 0.892 0.463 0.192 0.127333
0 0.930333 0.311667 0.123333 0.111333
0 0.925 0.134667 0.148667 0.214667
0 0.577 0.083 0.127333 0.139333
0 0.723 0.552667 0.194 0.125333
0 0.689667 0.664 0.147333 0.125333
0 0.612333 0.752 0.072667 0.078667
0 0.5223329999999999 0.851 0.151333 0.171333
0 0.84 0.680333 0.156 0.148667
0 0.884333 0.752667 0.138 0.172
0 0.754667 0.818333 0.136 0.15
0 0.71 0.920667 0.149333 0.130667
0 0.870667 0.914 0.130667 0.172
0 0.675333 0.807 0.085333 0.122
