0 0.877667 0.37 0.175333 0.224
0 0.897667 0.113333 0.203333 0.208
0 0.764667 0.111 0.164 0.220667
0 0.6313329999999999 0.17 0.144 0.148
0 0.642333 0.343 0.238 0.218
0 0.451333 0.318667 0.204 0.242667
0 0.234333 0.272 0.258 0.254667
0 0.30100000000000005 0.132667 0.206 0.181333
0 0.373333 0.066667 0.158667 0.132
0 0.158667 0.602333 0.22 0.228667
0 0.30400000000000005 0.816667 0.192 0.184
0 0.593 0.85 0.171333 0.157333
0 0.47966699999999995 0.745667 0.171333 0.155333
0 0.46866699999999994 0.594333 0.274667 0.208667
0 0.24366699999999997 0.687333 0.127333 0.164
0 0.11833300000000002 0.784333 0.236667 0.196667
0 0.12433300000000003 0.905667 0.207333 0.188667
0 0.834333 0.662 0.234 0.250667
0 0.898 0.789333 0.118667 0.117333
0 0.819 0.861 0.159333 0.163333
0 0.947 0.876667 0.104667 0.14
0 0.911 0.518333 0.088667 0.076667
0 0.08899999999999997 0.159 0.178 0.214
