2 0.083 0.656667 0.05 0.062667
2 0.599333 0.512333 0.082667 0.080667
3 0.574667 0.591667 0.064 0.066
3 0.667667 0.633 0.09 0.084667
3 0.737 0.712 0.071333 0.076
3 0.626667 0.729667 0.096 0.098
3 0.452667 0.679333 0.061333 0.066667
3 0.366 0.675667 0.050667 0.060667
3 0.265333 0.74 0.088 0.085333
3 0.063667 0.754333 0.087333 0.080667
3 0.041333 0.826333 0.066667 0.07
3 0.120333 0.8 0.09 0.086667
3 0.123 0.882 0.084667 0.078667
3 0.322 0.830333 0.077333 0.087333
2 0.223333 0.895 0.041333 0.035333
3 0.426 0.794667 0.028 0.042667
2 0.405 0.865333 0.034 0.028
3 0.531 0.775667 0.092667 0.092667
2 0.301 0.918333 0.078 0.075333
3 0.374333 0.928 0.054 0.065333
3 0.492667 0.932333 0.064 0.098
3 0.7 0.852 0.108 0.098667
3 0.667667 0.958 0.082 0.084
3 0.852 0.958667 0.078667 0.082667
3 0.940667 0.962 0.08 0.076
3 0.962333 0.868 0.058 0.072
3 0.895 0.833 0.092667 0.112667
3 0.789667 0.752667 0.03 0.030667
2 0.919333 0.638333 0.037333 0.036667
3 0.754333 0.633667 0.095333 0.088667
0 0.38 0.153333 0.329333 0.262667
0 0.466333 0.235333 0.198 0.172
0 0.483 0.316 0.252667 0.228
0 0.155667 0.462667 0.31 0.286667
0 0.17 0.656333 0.110667 0.080667
0 0.531667 0.655667 0.107333 0.155333
0 0.608333 0.845667 0.107333 0.147333
0 0.784 0.818333 0.086667 0.096667
0 0.788 0.544667 0.062667 0.078667
0 0.913333 0.512 0.070667 0.062667
0 0.888333 0.743667 0.088667 0.056667
0 0.046333 0.927667 0.091333 0.138
3 0.967333 0.799333 0.065333 0.108
