2 0.056332999999999966 0.935667 0.11 0.127333
2 0.45499999999999996 0.920333 0.139333 0.128667
2 0.550333 0.854333 0.123333 0.11
2 0.39333300000000004 0.832 0.149333 0.146667
2 0.33066700000000004 0.743 0.138667 0.166
2 0.484333 0.757667 0.162 0.147333
2 0.613333 0.76 0.121333 0.133333
2 0.7376670000000001 0.737667 0.131333 0.140667
2 0.661667 0.651667 0.146 0.146
1 0.5656669999999999 0.584667 0.140667 0.112
2 0.529667 0.672667 0.128667 0.116
2 0.400667 0.659333 0.113333 0.118667
2 0.19199999999999995 0.594333 0.188 0.17
1 0.32899999999999996 0.602333 0.134 0.140667
1 0.403667 0.527667 0.107333 0.120667
2 0.325333 0.451333 0.145333 0.130667
1 0.498 0.492667 0.142667 0.148
1 0.597667 0.447 0.139333 0.160667
1 0.522667 0.394 0.049333 0.049333
1 0.6623330000000001 0.529333 0.103333 0.097333
1 0.123 0.513 0.140667 0.138
1 0.08066700000000004 0.431667 0.108 0.106
2 0.19733299999999998 0.447667 0.117333 0.11
1 0.138 0.360667 0.108 0.133333
1 0.09799999999999998 0.275667 0.133333 0.091333
1 0.21166700000000005 0.281667 0.107333 0.114
1 0.271 0.357667 0.11 0.147333
2 0.37 0.339667 0.112 0.134
1 0.31233299999999997 0.242333 0.094 0.107333
1 0.398667 0.220667 0.090667 0.081333
1 0.233333 0.191333 0.133333 0.117333
1 0.44866700000000004 0.296333 0.113333 0.118
1 0.560333 0.298333 0.116667 0.128667
1 0.623333 0.351667 0.092 0.095333
1 0.655 0.237667 0.096667 0.111333
1 0.556667 0.175667 0.169333 0.143333
1 0.713667 0.328 0.102 0.122667
1 0.779667 0.257667 0.114 0.123333
1 0.723 0.178667 0.119333 0.141333
1 0.8566670000000001 0.218333 0.124 0.124667
1 0.933333 0.165333 0.121333 0.118667
1 0.962333 0.255 0.075333 0.072667
1 0.925667 0.309333 0.09 0.092
2 0.834667 0.347 0.124 0.122
2 0.778 0.409 0.078667 0.076667
1 0.7050000000000001 0.441333 0.120667 0.148
2 0.833333 0.462667 0.082667 0.081333
2 0.900667 0.433667 0.105333 0.099333
2 0.905 0.522667 0.082 0.081333
2 0.812333 0.533 0.108667 0.120667
2 0.757667 0.592667 0.140667 0.153333
1 0.089333 0.148667 0.113333 0.142667
1 0.18866700000000003 0.107 0.116 0.140667
1 0.253667 0.064 0.143333 0.128
1 0.338333 0.144667 0.108667 0.122667
1 0.43799999999999994 0.14 0.110667 0.168
1 0.37733300000000003 0.049333 0.106667 0.098667
1 0.5203329999999999 0.066667 0.099333 0.114667
1 0.642333 0.112333 0.080667 0.11
1 0.596 0.048667 0.097333 0.097333
1 0.743 0.072667 0.135333 0.125333
1 0.806333 0.146667 0.095333 0.097333
2 0.867333 0.088333 0.085333 0.102
0 0.578667 0.959333 0.081333 0.08
0 0.5880000000000001 0.879 0.074667 0.072667
0 0.681667 0.843333 0.100667 0.090667
0 0.674667 0.938333 0.094667 0.103333
0 0.8009999999999999 0.959333 0.084667 0.08
0 0.882667 0.926333 0.098667 0.123333
0 0.923333 0.581667 0.070667 0.084667
0 0.857333 0.638333 0.093333 0.092667
0 0.922 0.719 0.093333 0.084667
0 0.854333 0.783667 0.095333 0.096667
0 0.778667 0.821333 0.085333 0.086667
0 0.783667 0.686 0.075333 0.078667
0 0.941333 0.833333 0.078667 0.070667
0 0.965 0.907667 0.07 0.106
0 0.973 0.650667 0.054 0.089333
2 0.040000000000000036 0.068667 0.078667 0.118667
2 0.11633300000000002 0.049 0.111333 0.098
2 0.930333 0.034667 0.115333 0.069333
1 0.823333 0.036333 0.094667 0.072667
1 0.958333 0.37 0.083333 0.129333
