2 0.172 0.14 0.048 0.053333
2 0.273333 0.149333 0.058667 0.054667
2 0.286333 0.049667 0.084667 0.080667
2 0.369667 0.158667 0.075333 0.065333
2 0.433 0.091 0.11 0.146
2 0.434333 0.184333 0.040667 0.044667
2 0.478667 0.203 0.049333 0.056667
2 0.507333 0.140333 0.12 0.131333
2 0.232333 0.310333 0.054 0.051333
2 0.166667 0.332667 0.052 0.038667
2 0.14 0.292333 0.049333 0.040667
2 0.036 0.375 0.069333 0.074
3 0.317333 0.377667 0.106667 0.116667
2 0.413 0.363 0.064667 0.05
2 0.661333 0.348333 0.069333 0.091333
3 0.626 0.484667 0.082667 0.062667
3 0.550333 0.503 0.071333 0.066
3 0.463333 0.478667 0.090667 0.077333
2 0.191333 0.465333 0.141333 0.117333
3 0.283 0.518667 0.099333 0.093333
3 0.178 0.569333 0.121333 0.089333
3 0.278667 0.606333 0.093333 0.086
3 0.352667 0.675 0.066667 0.080667
2 0.263333 0.695333 0.125333 0.106667
3 0.714333 0.546 0.076667 0.077333
2 0.673333 0.627333 0.054667 0.041333
3 0.61 0.653333 0.049333 0.049333
3 0.520333 0.706 0.05 0.046667
3 0.447667 0.56 0.063333 0.056
3 0.238 0.754667 0.077333 0.064
2 0.044 0.733333 0.058667 0.061333
2 0.223 0.829 0.067333 0.082
3 0.128333 0.849667 0.07 0.078
3 0.689 0.717 0.091333 0.079333
3 0.738667 0.787667 0.088 0.099333
3 0.649667 0.781333 0.07 0.072
3 0.628333 0.851333 0.059333 0.066667
3 0.714333 0.883667 0.083333 0.071333
2 0.567 0.814333 0.058 0.064667
3 0.487333 0.859333 0.077333 0.082667
3 0.541 0.899 0.051333 0.056667
3 0.607333 0.925333 0.04 0.053333
3 0.413 0.794667 0.103333 0.1
3 0.387333 0.915 0.102667 0.118
3 0.294667 0.889667 0.070667 0.084667
3 0.102333 0.940667 0.075333 0.093333
3 0.860333 0.937 0.074 0.087333
3 0.868667 0.842667 0.056 0.057333
2 0.889333 0.756333 0.041333 0.042
2 0.915333 0.677 0.062667 0.054
2 0.770333 0.541333 0.044667 0.038667
3 0.756667 0.426333 0.112 0.095333
3 0.874333 0.191667 0.056667 0.055333
2 0.762333 0.282 0.128667 0.14
2 0.872667 0.261333 0.108 0.088
2 0.947333 0.300667 0.096 0.085333
2 0.833 0.348333 0.135333 0.134
2 0.809667 0.072 0.112667 0.109333
3 0.098333 0.445333 0.048667 0.056
0 0.451333 0.279 0.077333 0.084667
0 0.537333 0.275 0.090667 0.072667
0 0.582667 0.348333 0.101333 0.111333
0 0.496667 0.372667 0.102667 0.082667
0 0.101667 0.084 0.080667 0.066667
0 0.037 0.043667 0.072667 0.082
0 0.634333 0.253667 0.119333 0.119333
0 0.550333 0.576667 0.068667 0.066667
0 0.497667 0.608333 0.064667 0.056667
0 0.457333 0.651667 0.089333 0.115333
0 0.370333 0.597 0.072667 0.103333
0 0.033 0.298667 0.064667 0.082667
0 0.360667 0.439 0.050667 0.055333
0 0.585667 0.433667 0.087333 0.080667
0 0.648667 0.153333 0.125333 0.078667
0 0.608667 0.078667 0.097333 0.066667
0 0.796333 0.204667 0.058 0.06
0 0.700667 0.484667 0.093333 0.058667
0 0.802 0.499333 0.057333 0.050667
0 0.857667 0.586 0.062 0.077333
0 0.772 0.688 0.064 0.082667
0 0.795667 0.607333 0.059333 0.08
3 0.026333 0.872 0.051333 0.088
3 0.967333 0.904 0.065333 0.066667
3 0.703667 0.959667 0.135333 0.080667
3 0.803667 0.952667 0.080667 0.094667
3 0.195333 0.954667 0.101333 0.090667
