2 0.078 0.918 0.06 0.057333
2 0.088333 0.844 0.146 0.106667
3 0.162333 0.906 0.046 0.048
3 0.106667 0.737 0.137333 0.127333
3 0.227667 0.742333 0.143333 0.132667
2 0.220667 0.624 0.170667 0.133333
3 0.285 0.548 0.095333 0.084
3 0.346333 0.647 0.102 0.126
3 0.29 0.804667 0.109333 0.118667
2 0.242 0.913667 0.133333 0.139333
3 0.369667 0.875 0.154 0.188667
3 0.123333 0.450333 0.053333 0.051333
3 0.203667 0.463333 0.112667 0.113333
3 0.144667 0.366333 0.066667 0.075333
3 0.160667 0.283667 0.093333 0.076667
3 0.232667 0.35966699999999996 0.121333 0.107333
3 0.309667 0.45966700000000005 0.131333 0.111333
3 0.35 0.35766699999999996 0.118667 0.135333
3 0.368333 0.268667 0.094 0.088
3 0.413333 0.465333 0.098667 0.128
3 0.441667 0.6946669999999999 0.163333 0.132
3 0.463667 0.602333 0.132667 0.108667
3 0.488333 0.512667 0.115333 0.113333
2 0.508 0.40433300000000005 0.164 0.138
3 0.626667 0.43966700000000003 0.104 0.088667
3 0.666667 0.518667 0.053333 0.061333
3 0.642 0.344333 0.134667 0.120667
3 0.716667 0.421667 0.1 0.123333
2 0.527333 0.788333 0.134667 0.118
3 0.606667 0.7743329999999999 0.105333 0.108667
2 0.675667 0.861333 0.108667 0.104
2 0.754667 0.919333 0.084 0.093333
3 0.624667 0.680667 0.154667 0.149333
3 0.709333 0.77 0.096 0.077333
2 0.860333 0.945 0.126 0.099333
2 0.825667 0.844 0.175333 0.133333
2 0.847667 0.734667 0.099333 0.108
2 0.758 0.6759999999999999 0.133333 0.12
3 0.864333 0.6433329999999999 0.071333 0.061333
2 0.941333 0.719 0.117333 0.119333
2 0.956667 0.934667 0.069333 0.076
3 0.772333 0.566333 0.154 0.111333
2 0.898333 0.548667 0.118 0.157333
3 0.954667 0.611333 0.072 0.077333
3 0.794667 0.47 0.089333 0.082667
3 0.823667 0.39033300000000004 0.095333 0.114
2 0.769667 0.31266700000000003 0.131333 0.118667
2 0.933 0.378667 0.134 0.164
2 0.707667 0.225333 0.143333 0.130667
2 0.575667 0.23866699999999996 0.144667 0.174667
3 0.964667 0.28200000000000003 0.070667 0.069333
2 0.911 0.19899999999999995 0.147333 0.17
2 0.810667 0.128 0.112 0.134667
2 0.937667 0.06966700000000003 0.122 0.103333
3 0.730667 0.05400000000000005 0.073333 0.070667
3 0.630667 0.039000000000000035 0.053333 0.052667
2 0.480667 0.20399999999999996 0.105333 0.117333
3 0.449667 0.07633299999999998 0.115333 0.138
3 0.387333 0.17933299999999996 0.081333 0.090667
2 0.271667 0.26133300000000004 0.124667 0.110667
3 0.204 0.19833299999999998 0.065333 0.071333
3 0.278 0.133 0.142667 0.158
3 0.122 0.058667000000000025 0.056 0.065333
2 0.121 0.18733299999999997 0.096667 0.110667
0 0.453667 0.30833299999999997 0.107333 0.116667
0 0.668667 0.11933300000000002 0.117333 0.118667
0 0.561333 0.881 0.137333 0.123333
0 0.597 0.551667 0.135333 0.131333
0 0.068 0.630333 0.093333 0.080667
0 0.100667 0.387667 0.06 0.058
0 0.866 0.29033299999999995 0.072 0.075333
3 0.039333 0.45966700000000005 0.077333 0.136667
2 0.338333 0.962667 0.166 0.073333
3 0.665 0.950667 0.147333 0.097333
3 0.533333 0.06366700000000003 0.118667 0.127333
2 0.334333 0.06166700000000003 0.139333 0.123333
3 0.043667 0.05833299999999997 0.086 0.116667
