0 0.387333 0.569667 0.161333 0.198
0 0.257 0.566667 0.155333 0.176
0 0.344667 0.352333 0.242667 0.252667
0 0.147333 0.151 0.293333 0.271333
0 0.149 0.378667 0.198 0.192
0 0.101 0.508667 0.200667 0.198667
0 0.309333 0.780667 0.176 0.228
0 0.179 0.838333 0.19 0.226
0 0.453 0.793667 0.147333 0.198
0 0.565 0.684 0.178 0.228
0 0.655 0.556333 0.131333 0.135333
0 0.749667 0.606 0.131333 0.129333
0 0.696333 0.729333 0.162 0.189333
0 0.619333 0.884 0.246667 0.232
0 0.804333 0.934333 0.131333 0.131333
0 0.818333 0.835333 0.131333 0.122667
0 0.897667 0.794667 0.204667 0.182667
0 0.594333 0.38 0.264667 0.290667
0 0.528667 0.178667 0.145333 0.184
0 0.813333 0.371667 0.242667 0.226
0 0.925667 0.388667 0.131333 0.188
0 0.875333 0.604 0.18 0.157333
0 0.891333 0.501 0.216 0.166
0 0.935 0.670333 0.13 0.136667
0 0.66 0.147667 0.141333 0.178
0 0.71 0.073 0.150667 0.144667
0 0.812333 0.118667 0.167333 0.236
0 0.340667 0.934333 0.246667 0.131333
