0 0.34466699999999995 0.169667 0.121333 0.142
0 0.944 0.792667 0.090667 0.098667
0 0.913 0.85 0.054 0.054667
0 0.788333 0.750667 0.062 0.093333
0 0.847 0.822667 0.09 0.078667
0 0.887667 0.557667 0.051333 0.059333
0 0.8109999999999999 0.536667 0.087333 0.077333
0 0.883 0.450333 0.120667 0.111333
0 0.89 0.36366699999999996 0.105333 0.082
0 0.675667 0.548333 0.096667 0.084667
0 0.749333 0.512 0.050667 0.041333
0 0.569 0.19266700000000003 0.176667 0.168
0 0.738 0.13566699999999998 0.193333 0.271333
0 0.44199999999999995 0.22966699999999995 0.054667 0.055333
0 0.384667 0.279 0.06 0.068667
0 0.43300000000000005 0.32766700000000004 0.115333 0.108667
0 0.251667 0.140667 0.098 0.102667
0 0.33799999999999997 0.04533299999999996 0.053333 0.057333
0 0.19833299999999998 0.04133299999999995 0.086 0.076
0 0.17733299999999996 0.11099999999999999 0.064 0.07
0 0.22266699999999995 0.30600000000000005 0.093333 0.089333
0 0.04800000000000004 0.17666700000000002 0.096 0.125333
0 0.13466699999999998 0.277 0.088 0.084667
0 0.40033300000000005 0.41833299999999995 0.078 0.09
0 0.369 0.5760000000000001 0.09 0.101333
0 0.242 0.504 0.084 0.094667
0 0.053332999999999964 0.492 0.106667 0.096
0 0.21099999999999997 0.406 0.086 0.085333
0 0.11066699999999996 0.418667 0.078667 0.086667
0 0.05600000000000005 0.731333 0.112 0.126667
0 0.20499999999999996 0.743333 0.119333 0.1
0 0.10599999999999998 0.643667 0.1 0.082
0 0.30900000000000005 0.8160000000000001 0.079333 0.088
0 0.20866700000000005 0.806333 0.110667 0.086
0 0.259667 0.891333 0.091333 0.082667
0 0.679 0.715333 0.055333 0.064
0 0.673667 0.795 0.039333 0.052667
0 0.5369999999999999 0.824667 0.115333 0.112
