0 0.638333 0.706333 0.096667 0.088667
0 0.645667 0.92 0.244667 0.16
0 0.343333 0.935 0.222667 0.13
0 0.12933300000000003 0.887333 0.117333 0.086667
0 0.143667 0.787 0.084667 0.076667
0 0.47766699999999995 0.477 0.099333 0.103333
0 0.44666700000000004 0.633667 0.125333 0.15
0 0.342333 0.626667 0.167333 0.192
0 0.251667 0.730667 0.155333 0.121333
0 0.24966699999999997 0.586333 0.131333 0.167333
0 0.31399999999999995 0.443 0.192 0.139333
0 0.19999999999999996 0.409333 0.101333 0.097333
0 0.13733300000000004 0.506333 0.121333 0.092667
0 0.09066700000000005 0.452 0.133333 0.133333
0 0.46466700000000005 0.182 0.242667 0.216
0 0.519333 0.383 0.101333 0.068667
0 0.23833300000000002 0.277 0.174 0.167333
0 0.10499999999999998 0.315667 0.116667 0.123333
0 0.07766700000000004 0.228667 0.103333 0.098667
0 0.259667 0.106667 0.115333 0.121333
0 0.675 0.552 0.202 0.204
0 0.79 0.420333 0.298667 0.252667
0 0.853333 0.787 0.2 0.21
0 0.792 0.076 0.113333 0.149333
