0 0.728 0.892667 0.254667 0.213333
0 0.845 0.6970000000000001 0.21 0.166
0 0.893 0.560667 0.212667 0.168
0 0.817 0.336333 0.327333 0.324667
0 0.586333 0.340333 0.206 0.232667
0 0.367333 0.439333 0.2 0.196
0 0.428667 0.6333329999999999 0.254667 0.196
0 0.394667 0.813333 0.238667 0.208
0 0.18533299999999997 0.901 0.196 0.162
0 0.19666700000000004 0.732333 0.226667 0.216667
0 0.08333299999999999 0.764667 0.133333 0.172
0 0.14933300000000005 0.453333 0.176 0.18
0 0.07433299999999998 0.5373330000000001 0.091333 0.089333
0 0.04066700000000001 0.43600000000000005 0.081333 0.117333
0 0.11099999999999999 0.321333 0.147333 0.141333
0 0.26233300000000004 0.35866699999999996 0.123333 0.152
0 0.42300000000000004 0.29200000000000004 0.202 0.224
0 0.43200000000000005 0.149667 0.212 0.206
0 0.22599999999999998 0.14333300000000004 0.309333 0.286667
