0 0.133 0.704 0.191333 0.188
0 0.20766700000000005 0.830333 0.175333 0.178
0 0.411667 0.896667 0.260667 0.205333
0 0.578333 0.742333 0.186 0.260667
0 0.44799999999999995 0.728333 0.176 0.167333
0 0.352333 0.5676669999999999 0.311333 0.275333
0 0.49466699999999997 0.597 0.106667 0.115333
0 0.667333 0.546667 0.306667 0.2
0 0.718667 0.734333 0.192 0.208667
0 0.813667 0.842667 0.143333 0.149333
0 0.891667 0.764667 0.174 0.16
0 0.880333 0.5353330000000001 0.135333 0.125333
0 0.636 0.329333 0.164 0.165333
0 0.514667 0.4 0.168 0.189333
0 0.09166700000000005 0.513333 0.166 0.157333
0 0.529 0.17466700000000002 0.159333 0.156
0 0.12266699999999997 0.27433300000000005 0.245333 0.326
0 0.26933300000000004 0.381 0.109333 0.115333
0 0.802667 0.13233300000000003 0.246667 0.252667
