3 0.92 0.360667 0.062667 0.052
3 0.842667 0.362667 0.049333 0.049333
3 0.758667 0.363 0.029333 0.032667
3 0.677667 0.362667 0.091333 0.089333
2 0.582667 0.386333 0.048 0.044667
2 0.932333 0.454333 0.087333 0.074
2 0.755667 0.451333 0.064667 0.076
2 0.676667 0.468667 0.114667 0.144
3 0.576333 0.463 0.098 0.104667
2 0.481333 0.466667 0.101333 0.096
2 0.38933300000000004 0.476 0.044 0.045333
2 0.272667 0.596 0.069333 0.054667
2 0.27433300000000005 0.677 0.047333 0.044667
2 0.396667 0.578 0.126667 0.141333
3 0.5660000000000001 0.557333 0.110667 0.096
3 0.512 0.639333 0.088 0.077333
3 0.614333 0.616667 0.095333 0.090667
3 0.701333 0.602667 0.090667 0.092
2 0.813333 0.534333 0.062667 0.075333
3 0.752333 0.538333 0.088667 0.088667
3 0.96 0.517667 0.056 0.051333
3 0.894 0.523333 0.106667 0.092
3 0.89 0.604 0.116 0.084
3 0.963 0.698333 0.067333 0.071333
3 0.768667 0.699667 0.092 0.099333
3 0.8993329999999999 0.763333 0.048 0.064
3 0.833 0.787 0.080667 0.091333
3 0.675333 0.788333 0.101333 0.100667
2 0.609333 0.800667 0.030667 0.032
3 0.532667 0.729 0.093333 0.084667
2 0.5393330000000001 0.793 0.065333 0.054
2 0.45499999999999996 0.813 0.040667 0.055333
3 0.308667 0.837333 0.070667 0.074667
3 0.388667 0.826 0.089333 0.109333
3 0.681333 0.897333 0.052 0.066667
3 0.767333 0.886667 0.064 0.076
2 0.8376669999999999 0.880333 0.091333 0.102
3 0.367 0.929333 0.062 0.073333
3 0.27833300000000005 0.933667 0.123333 0.114
3 0.235 0.836333 0.079333 0.088667
3 0.15933299999999995 0.846 0.094667 0.104
3 0.14433300000000004 0.951 0.107333 0.098
3 0.07666700000000004 0.871333 0.076 0.073333
3 0.12066699999999997 0.775667 0.145333 0.140667
3 0.06566700000000003 0.715667 0.082 0.084667
2 0.19833299999999998 0.688333 0.035333 0.042
2 0.30700000000000005 0.496 0.034 0.04
0 0.206333 0.496 0.155333 0.148
0 0.12333300000000003 0.431333 0.110667 0.152
0 0.13966699999999999 0.342333 0.099333 0.107333
0 0.220333 0.397 0.111333 0.123333
0 0.07766700000000004 0.633333 0.060667 0.054667
0 0.41333299999999995 0.712333 0.113333 0.123333
0 0.057667000000000024 0.948667 0.064667 0.074667
0 0.872 0.691 0.109333 0.092667
0 0.6226670000000001 0.730333 0.093333 0.082
0 0.492333 0.916 0.079333 0.068
0 0.567333 0.883 0.085333 0.123333
0 0.218333 0.928333 0.062 0.072667
0 0.46966699999999995 0.549667 0.054 0.075333
3 0.963667 0.897667 0.071333 0.07
