2 0.199 0.163667 0.120667 0.131333
3 0.218667 0.052333 0.096 0.095333
3 0.309333 0.115 0.126667 0.158
3 0.197 0.275667 0.068667 0.066
2 0.170667 0.378667 0.164 0.153333
2 0.447667 0.184667 0.138 0.121333
2 0.549 0.205 0.122 0.144667
3 0.652667 0.166 0.109333 0.1
2 0.504333 0.316667 0.108667 0.136
3 0.279333 0.307667 0.041333 0.048667
3 0.411 0.414 0.086 0.08
2 0.380333 0.282667 0.134 0.142667
3 0.599 0.368333 0.076667 0.076667
3 0.63 0.291333 0.069333 0.057333
3 0.725 0.296333 0.114 0.099333
3 0.682 0.489333 0.121333 0.124
3 0.556667 0.575 0.142667 0.139333
3 0.085 0.742333 0.096667 0.094
3 0.288333 0.644667 0.063333 0.049333
2 0.274 0.763 0.144 0.158
2 0.417 0.670667 0.188667 0.196
3 0.388 0.791 0.068 0.058
3 0.337667 0.867 0.096667 0.080667
2 0.479667 0.793667 0.116667 0.143333
3 0.596667 0.783333 0.092 0.138667
2 0.727 0.808333 0.163333 0.163333
3 0.816333 0.795333 0.052667 0.064
3 0.724333 0.705333 0.023333 0.026667
2 0.752333 0.61 0.151333 0.118667
3 0.868667 0.575333 0.077333 0.069333
2 0.87 0.690667 0.154667 0.148
2 0.922 0.865 0.154667 0.138
3 0.810667 0.392333 0.098667 0.088667
2 0.921333 0.395333 0.153333 0.133333
2 0.946333 0.284 0.107333 0.082667
2 0.881333 0.175 0.186667 0.176667
2 0.830333 0.066667 0.156667 0.130667
3 0.451333 0.909333 0.073333 0.066667
2 0.563667 0.93 0.151333 0.14
2 0.712667 0.942 0.098667 0.093333
0 0.509333 0.078667 0.088 0.089333
0 0.312 0.458333 0.125333 0.122
0 0.655333 0.390667 0.068 0.114667
0 0.512667 0.423 0.094667 0.102
0 0.586 0.463667 0.090667 0.104667
0 0.335 0.580333 0.102 0.082
0 0.257 0.532 0.096667 0.105333
0 0.144 0.513333 0.14 0.136
0 0.047 0.561667 0.092667 0.09
0 0.107667 0.420333 0.051333 0.052667
0 0.558667 0.679333 0.090667 0.090667
0 0.226333 0.643333 0.080667 0.097333
0 0.159667 0.656667 0.080667 0.093333
0 0.174333 0.731667 0.079333 0.054
0 0.050667 0.869667 0.1 0.111333
0 0.673333 0.722333 0.069333 0.078
0 0.203333 0.866667 0.114667 0.088
0 0.725 0.391 0.079333 0.100667
0 0.643 0.574 0.068667 0.066667
0 0.644 0.640667 0.070667 0.06
0 0.804667 0.494 0.102667 0.093333
0 0.858667 0.312667 0.066667 0.066667
0 0.918667 0.071 0.097333 0.084667
2 0.076 0.208667 0.150667 0.210667
3 0.390667 0.054333 0.192 0.107333
2 0.708333 0.053333 0.143333 0.104
2 0.956667 0.672 0.086667 0.142667
3 0.910667 0.952667 0.128 0.094667
2 0.319 0.970333 0.079333 0.059333
3 0.049333 0.426333 0.097333 0.171333
