0 0.293667 0.638333 0.088667 0.096667
0 0.07999999999999996 0.645667 0.16 0.244667
0 0.06499999999999995 0.343333 0.13 0.222667
0 0.11266699999999996 0.12933300000000003 0.086667 0.117333
0 0.21299999999999997 0.143667 0.076667 0.084667
0 0.523 0.47766699999999995 0.103333 0.099333
0 0.366333 0.44666700000000004 0.15 0.125333
0 0.373333 0.342333 0.192 0.167333
0 0.26933300000000004 0.251667 0.121333 0.155333
0 0.413667 0.24966699999999997 0.167333 0.131333
0 0.5569999999999999 0.31399999999999995 0.139333 0.192
0 0.590667 0.19999999999999996 0.097333 0.101333
0 0.49366699999999997 0.13733300000000004 0.092667 0.121333
0 0.548 0.09066700000000005 0.133333 0.133333
0 0.8180000000000001 0.46466700000000005 0.216 0.242667
0 0.617 0.519333 0.068667 0.101333
0 0.723 0.23833300000000002 0.167333 0.174
0 0.6843330000000001 0.10499999999999998 0.123333 0.116667
0 0.771333 0.07766700000000004 0.098667 0.103333
0 0.893333 0.259667 0.121333 0.115333
0 0.44799999999999995 0.675 0.204 0.202
0 0.5796669999999999 0.79 0.252667 0.298667
0 0.21299999999999997 0.853333 0.21 0.2
0 0.924 0.792 0.149333 0.113333
