2 0.941667 0.208667 0.102 0.110667
2 0.836 0.086 0.078667 0.098667
2 0.8486670000000001 0.177333 0.126667 0.101333
3 0.919 0.128667 0.075333 0.054667
2 0.756333 0.080333 0.086 0.082
3 0.671667 0.069333 0.086 0.104
3 0.637 0.157333 0.111333 0.108
2 0.740333 0.174 0.120667 0.130667
3 0.693667 0.258667 0.114 0.113333
2 0.797333 0.282333 0.109333 0.099333
3 0.9 0.295667 0.101333 0.076667
3 0.7853330000000001 0.383 0.146667 0.098
3 0.868 0.498333 0.14 0.102
2 0.770667 0.473333 0.093333 0.076
3 0.885333 0.606667 0.064 0.076
3 0.809667 0.581 0.095333 0.111333
3 0.730667 0.561333 0.076 0.097333
2 0.683333 0.492 0.062667 0.092
3 0.6146670000000001 0.512333 0.094667 0.112667
2 0.544333 0.581667 0.092667 0.09
3 0.648333 0.603667 0.082 0.076667
3 0.836333 0.833 0.118 0.107333
3 0.749667 0.700333 0.115333 0.13
3 0.7090000000000001 0.791333 0.083333 0.081333
3 0.647 0.721333 0.087333 0.138667
3 0.5529999999999999 0.706 0.120667 0.113333
3 0.612333 0.844333 0.112667 0.118
2 0.747333 0.871333 0.070667 0.077333
3 0.697333 0.927333 0.096 0.124
3 0.482 0.938 0.078667 0.089333
3 0.530667 0.872 0.070667 0.057333
3 0.517333 0.797667 0.074667 0.091333
3 0.44166700000000003 0.765667 0.082 0.103333
3 0.444333 0.847 0.082 0.079333
3 0.373 0.715 0.116667 0.115333
3 0.36366699999999996 0.803667 0.076667 0.082
3 0.362333 0.899333 0.082 0.1
2 0.29233299999999995 0.871333 0.058 0.064
2 0.273667 0.772667 0.095333 0.130667
3 0.31799999999999995 0.639333 0.06 0.064
2 0.44166700000000003 0.615 0.112667 0.107333
3 0.45566700000000004 0.524 0.087333 0.074667
3 0.540667 0.488 0.069333 0.074667
3 0.482333 0.457333 0.083333 0.077333
3 0.40833299999999995 0.433667 0.079333 0.124667
3 0.32066700000000004 0.401667 0.096 0.108667
3 0.326333 0.485 0.059333 0.058
3 0.273667 0.532 0.11 0.1
3 0.364 0.572667 0.073333 0.094667
3 0.24666699999999997 0.610667 0.058667 0.06
3 0.170667 0.591333 0.076 0.078667
2 0.19833299999999998 0.681667 0.151333 0.112667
3 0.11299999999999999 0.721 0.055333 0.078
2 0.18200000000000005 0.758 0.098667 0.068
3 0.127 0.833 0.122 0.084667
3 0.18333299999999997 0.899 0.112 0.096667
2 0.26233300000000004 0.924667 0.079333 0.088
2 0.365 0.898333 0.082 0.095333
2 0.5840000000000001 0.406 0.110667 0.08
3 0.483333 0.369 0.081333 0.092667
3 0.366 0.327667 0.113333 0.082
3 0.43400000000000005 0.281667 0.08 0.087333
3 0.500667 0.294 0.058667 0.070667
3 0.576667 0.316333 0.098667 0.087333
3 0.540333 0.182333 0.09 0.142
3 0.45699999999999996 0.180333 0.071333 0.104667
3 0.37633300000000003 0.167 0.092667 0.103333
3 0.429667 0.082333 0.078 0.078
2 0.33399999999999996 0.065667 0.110667 0.111333
2 0.5569999999999999 0.048333 0.076667 0.056667
2 0.226333 0.253 0.115333 0.122
3 0.19833299999999998 0.115667 0.112667 0.136667
3 0.123 0.184333 0.060667 0.079333
3 0.17100000000000004 0.218 0.046 0.070667
3 0.12233300000000003 0.26 0.087333 0.066667
3 0.043332999999999955 0.320333 0.068 0.087333
3 0.14 0.346333 0.132 0.094
3 0.09499999999999997 0.425333 0.106 0.064
2 0.828667 0.030333 0.041333 0.043333
2 0.481333 0.052 0.068 0.102667
0 0.596333 0.257333 0.072667 0.077333
0 0.642667 0.354667 0.068 0.069333
0 0.657333 0.416 0.057333 0.049333
0 0.885667 0.398667 0.082 0.101333
0 0.929333 0.365667 0.061333 0.052667
2 0.945667 0.09 0.056667 0.054667
3 0.962333 0.556 0.072667 0.105333
0 0.879667 0.745 0.068667 0.078
0 0.934667 0.778333 0.044 0.047333
2 0.575333 0.646667 0.077333 0.061333
0 0.774667 0.937333 0.044 0.065333
2 0.845667 0.948333 0.098 0.103333
2 0.948 0.924 0.097333 0.089333
2 0.5573330000000001 0.953 0.089333 0.094
2 0.406667 0.97 0.061333 0.06
2 0.32966700000000004 0.955 0.114 0.09
0 0.11433300000000002 0.971333 0.083333 0.057333
0 0.099333 0.916333 0.061333 0.062
0 0.03433299999999995 0.777333 0.038 0.038667
0 0.01966699999999999 0.742333 0.038 0.038
0 0.06533299999999997 0.747667 0.036 0.042
3 0.05600000000000005 0.499667 0.112 0.107333
0 0.30100000000000005 0.163 0.044667 0.051333
2 0.028333000000000053 0.385333 0.056667 0.094667
2 0.04066700000000001 0.232 0.081333 0.089333
2 0.05733299999999997 0.167333 0.065333 0.065333
2 0.07133299999999998 0.082667 0.12 0.104
