3 0.944 0.899667 0.097333 0.080667
3 0.913333 0.800333 0.102667 0.098
3 0.730333 0.94 0.09 0.108
3 0.652333 0.956333 0.086 0.083333
2 0.601333 0.911333 0.114667 0.065333
3 0.657 0.828667 0.107333 0.092
3 0.752333 0.867 0.086 0.074
3 0.830333 0.851667 0.084667 0.107333
3 0.8376669999999999 0.931667 0.084667 0.044667
3 0.88 0.6966669999999999 0.092 0.097333
3 0.813 0.741333 0.088667 0.105333
3 0.746667 0.8069999999999999 0.058667 0.046
3 0.718667 0.746 0.1 0.068
3 0.781667 0.667 0.079333 0.09
2 0.693667 0.683333 0.094 0.065333
3 0.677 0.608333 0.122 0.084667
3 0.786667 0.5836669999999999 0.110667 0.079333
2 0.858333 0.61 0.076667 0.081333
2 0.928667 0.45266700000000004 0.072 0.069333
3 0.840333 0.482333 0.09 0.104667
3 0.748 0.500333 0.097333 0.082
3 0.635667 0.5183329999999999 0.116667 0.120667
3 0.6863330000000001 0.42900000000000005 0.118 0.088667
3 0.7763329999999999 0.422667 0.076667 0.096
3 0.881333 0.37933300000000003 0.133333 0.090667
2 0.7030000000000001 0.348333 0.084667 0.078
2 0.788 0.30533299999999997 0.092 0.097333
3 0.882667 0.29333299999999995 0.102667 0.078667
2 0.961667 0.27833300000000005 0.055333 0.082
3 0.954333 0.17600000000000005 0.054 0.094667
2 0.895667 0.19899999999999995 0.059333 0.084667
3 0.40433300000000005 0.919 0.087333 0.086
3 0.41133299999999995 0.842 0.104 0.081333
3 0.32066700000000004 0.929333 0.073333 0.076
3 0.22999999999999998 0.950333 0.074667 0.082
3 0.320333 0.849667 0.080667 0.094
3 0.354 0.7150000000000001 0.109333 0.086
2 0.367333 0.781333 0.113333 0.064
2 0.20766700000000005 0.833 0.142 0.114
3 0.208333 0.9103330000000001 0.087333 0.048667
3 0.127 0.927333 0.063333 0.064
3 0.10266699999999995 0.849667 0.065333 0.088667
3 0.043332999999999955 0.822667 0.068 0.070667
3 0.17000000000000004 0.7070000000000001 0.138667 0.112667
2 0.07166700000000004 0.74 0.078 0.077333
3 0.06133299999999997 0.657333 0.098667 0.098667
2 0.28800000000000003 0.605333 0.1 0.136
2 0.353333 0.5529999999999999 0.089333 0.123333
2 0.45199999999999996 0.529333 0.125333 0.170667
2 0.357 0.45066700000000004 0.074 0.066667
2 0.295667 0.47466699999999995 0.051333 0.058667
2 0.118 0.535667 0.176 0.15
2 0.210333 0.44199999999999995 0.058 0.057333
2 0.146667 0.44966700000000004 0.061333 0.07
3 0.12033300000000002 0.394667 0.086 0.062667
2 0.10699999999999998 0.32999999999999996 0.104667 0.064
2 0.20266700000000004 0.36966699999999997 0.093333 0.092667
3 0.28333299999999995 0.354333 0.114667 0.126
2 0.391 0.378667 0.108667 0.094667
3 0.478333 0.354333 0.122 0.107333
2 0.5896669999999999 0.20333299999999999 0.124667 0.162667
2 0.523667 0.07799999999999996 0.079333 0.070667
3 0.48666699999999996 0.13933300000000004 0.074667 0.065333
2 0.477 0.22266699999999995 0.122 0.096
2 0.371333 0.274667 0.1 0.108
3 0.40133300000000005 0.18366700000000002 0.048 0.056667
3 0.35766699999999996 0.19899999999999995 0.058 0.056667
3 0.30000000000000004 0.158667 0.081333 0.093333
2 0.261 0.22899999999999998 0.048667 0.044667
3 0.156667 0.255667 0.098667 0.09
2 0.07266700000000004 0.09166700000000005 0.121333 0.118
2 0.937 0.961333 0.124667 0.076
2 0.958333 0.73 0.082 0.133333
2 0.9299999999999999 0.621333 0.121333 0.086667
0 0.9103330000000001 0.559667 0.079333 0.066
2 0.964 0.5163329999999999 0.070667 0.092667
0 0.967 0.38333300000000003 0.063333 0.097333
2 0.951 0.059667000000000026 0.094 0.119333
0 0.640333 0.09366699999999994 0.048667 0.05
0 0.517667 0.44666700000000004 0.040667 0.04
0 0.500667 0.41500000000000004 0.070667 0.056667
0 0.593333 0.40900000000000003 0.041333 0.043333
0 0.6623330000000001 0.04133299999999995 0.042 0.044
0 0.37 0.037667000000000006 0.066667 0.056667
0 0.317333 0.07966700000000004 0.049333 0.056667
0 0.24333300000000002 0.11466699999999996 0.058667 0.069333
2 0.149667 0.042332999999999954 0.071333 0.076667
0 0.02533300000000005 0.17366700000000002 0.050667 0.063333
0 0.091333 0.17500000000000004 0.074667 0.07
0 0.05300000000000005 0.22366699999999995 0.055333 0.060667
2 0.07499999999999996 0.40900000000000003 0.05 0.056667
0 0.44966700000000004 0.6643330000000001 0.076667 0.064667
2 0.037667000000000006 0.891 0.075333 0.086
2 0.05700000000000005 0.9319999999999999 0.043333 0.04
