3 0.057667 0.920667 0.083333 0.101333
3 0.155333 0.850333 0.129333 0.091333
3 0.136667 0.924 0.069333 0.050667
3 0.220333 0.893 0.088667 0.082
2 0.354667 0.773333 0.097333 0.093333
2 0.520667 0.870667 0.126667 0.14
2 0.630667 0.849 0.090667 0.091333
3 0.722667 0.850333 0.097333 0.091333
3 0.684333 0.930333 0.116667 0.087333
3 0.668 0.755 0.142667 0.112667
3 0.773667 0.673333 0.092667 0.098667
3 0.747333 0.736 0.096 0.106667
3 0.904667 0.63 0.097333 0.101333
3 0.895 0.721667 0.114 0.087333
3 0.883333 0.813667 0.148 0.104667
3 0.893 0.904333 0.11 0.088667
0 0.248667 0.067667 0.196 0.134
0 0.065333 0.126333 0.129333 0.247333
0 0.177667 0.227333 0.175333 0.184
0 0.493 0.124667 0.188667 0.162667
0 0.471333 0.187333 0.074667 0.057333
0 0.320667 0.171333 0.164 0.153333
0 0.514667 0.366333 0.257333 0.346
0 0.629667 0.257667 0.076667 0.079333
0 0.373333 0.501333 0.116 0.105333
0 0.612 0.513333 0.046667 0.054667
0 0.635333 0.475667 0.04 0.040667
0 0.688333 0.393667 0.13 0.13
0 0.280333 0.605333 0.235333 0.228
0 0.063667 0.616 0.124667 0.14
0 0.234667 0.704 0.094667 0.089333
0 0.229667 0.762333 0.047333 0.048667
0 0.258 0.779667 0.04 0.052667
0 0.028333 0.726 0.054 0.058667
0 0.021 0.784 0.040667 0.052
0 0.123 0.758333 0.040667 0.044667
0 0.083333 0.776333 0.054667 0.048667
0 0.465333 0.712333 0.032 0.032667
3 0.141 0.971667 0.098 0.056667
0 0.037333 0.846333 0.064 0.074
2 0.536 0.95 0.18 0.1
2 0.861667 0.948 0.162 0.104
3 0.967333 0.97 0.065333 0.058667
3 0.964333 0.886333 0.071333 0.112667
2 0.826 0.734333 0.061333 0.078
2 0.966 0.700333 0.068 0.076667
0 0.757333 0.577333 0.089333 0.073333
0 0.782333 0.521333 0.047333 0.046667
0 0.883667 0.524667 0.046 0.045333
0 0.777333 0.437667 0.081333 0.086
0 0.774333 0.303333 0.211333 0.188
0 0.965667 0.328 0.047333 0.048
0 0.944 0.276 0.057333 0.052
0 0.891333 0.253333 0.038667 0.049333
0 0.933667 0.328 0.034 0.044
0 0.902667 0.334667 0.036 0.053333
0 0.749667 0.11 0.279333 0.218667
0 0.601667 0.050667 0.179333 0.1
