3 0.935667 0.211667 0.07 0.058
3 0.9319999999999999 0.287667 0.104 0.087333
3 0.853 0.329667 0.054 0.047333
3 0.803667 0.366 0.052667 0.053333
3 0.671 0.393 0.059333 0.059333
3 0.5796669999999999 0.375667 0.048667 0.044667
3 0.621 0.425333 0.056667 0.068
3 0.7196670000000001 0.502 0.082 0.074667
3 0.772 0.423 0.092 0.07
3 0.852333 0.427667 0.07 0.087333
3 0.896 0.383333 0.068 0.057333
3 0.920667 0.454 0.102667 0.073333
3 0.880333 0.522333 0.086 0.079333
3 0.958667 0.533333 0.081333 0.098667
3 0.938667 0.713333 0.092 0.077333
3 0.852333 0.686333 0.086 0.079333
3 0.825333 0.612333 0.101333 0.082
3 0.807333 0.545 0.076 0.05
2 0.785 0.488667 0.082 0.065333
3 0.738 0.589667 0.093333 0.078
2 0.772667 0.658333 0.070667 0.074
2 0.801667 0.746333 0.115333 0.088667
3 0.726333 0.807667 0.116667 0.100667
2 0.520667 0.938667 0.097333 0.101333
3 0.647 0.789667 0.055333 0.039333
3 0.638667 0.745 0.125333 0.091333
3 0.615333 0.664667 0.104 0.066667
3 0.587 0.608333 0.072667 0.051333
3 0.667 0.586333 0.076667 0.079333
3 0.42733299999999996 0.515333 0.094667 0.096
2 0.452333 0.631333 0.086 0.069333
3 0.48066699999999996 0.714667 0.096 0.130667
3 0.542 0.765333 0.096 0.085333
3 0.542667 0.687 0.046667 0.055333
3 0.401 0.683667 0.075333 0.084667
3 0.399667 0.780333 0.094 0.112667
3 0.35166699999999995 0.841 0.068667 0.066
3 0.26 0.769333 0.14 0.132
3 0.29133299999999995 0.877333 0.108 0.105333
3 0.226333 0.925667 0.083333 0.088667
2 0.18433299999999997 0.850667 0.091333 0.1
3 0.10099999999999998 0.902667 0.100667 0.101333
3 0.04500000000000004 0.968333 0.07 0.063333
0 0.886 0.191333 0.074667 0.093333
0 0.78 0.237667 0.196 0.192667
0 0.65 0.284 0.132 0.133333
0 0.6699999999999999 0.109667 0.230667 0.214
0 0.802333 0.102 0.079333 0.098667
0 0.955 0.656 0.066 0.050667
0 0.904 0.607333 0.065333 0.06
0 0.569 0.241 0.114 0.144667
0 0.48266699999999996 0.217 0.166667 0.147333
0 0.558333 0.507 0.202 0.195333
0 0.21266700000000005 0.073667 0.124 0.104667
0 0.13266699999999998 0.028333 0.058667 0.052667
0 0.11333300000000002 0.217667 0.226667 0.23
0 0.20499999999999996 0.428667 0.095333 0.1
0 0.275 0.521 0.152667 0.139333
0 0.08133299999999999 0.610667 0.162667 0.244
0 0.10266699999999995 0.751333 0.198667 0.257333
3 0.14800000000000002 0.965667 0.124 0.068667
0 0.331333 0.646333 0.156 0.162
0 0.552 0.858667 0.053333 0.049333
0 0.587 0.830333 0.042 0.036667
0 0.728 0.904 0.057333 0.054667
0 0.778667 0.925333 0.058667 0.068
0 0.809333 0.824667 0.058667 0.044
3 0.625 0.957333 0.115333 0.085333
0 0.919667 0.771 0.044667 0.038
