2 0.870667 0.367333 0.137333 0.133333
2 0.887667 0.25133300000000003 0.147333 0.148
2 0.875333 0.12133300000000002 0.110667 0.158667
2 0.801 0.132 0.118 0.190667
2 0.732333 0.07733299999999999 0.094 0.130667
2 0.698333 0.16233299999999995 0.048667 0.051333
2 0.633667 0.17766700000000002 0.111333 0.140667
2 0.636 0.07399999999999995 0.096 0.102667
2 0.551667 0.10599999999999998 0.080667 0.133333
3 0.491333 0.20066700000000004 0.070667 0.086667
3 0.461333 0.11066699999999996 0.105333 0.102667
3 0.424667 0.05133299999999996 0.101333 0.098667
2 0.681 0.375 0.142 0.182
3 0.769 0.32099999999999995 0.084667 0.146
3 0.633 0.27833300000000005 0.064667 0.060667
3 0.353 0.254 0.108667 0.142667
3 0.259333 0.255667 0.101333 0.107333
3 0.255333 0.16233299999999995 0.134667 0.107333
3 0.196333 0.31033299999999997 0.080667 0.106
3 0.161 0.22366699999999995 0.09 0.079333
3 0.148333 0.13733300000000004 0.087333 0.104
3 0.073333 0.170667 0.096 0.076
0 0.086333 0.877667 0.171333 0.243333
0 0.049 0.602333 0.096667 0.107333
0 0.062333 0.49866699999999997 0.112667 0.101333
0 0.165 0.554 0.19 0.185333
0 0.292333 0.590333 0.094 0.103333
0 0.359 0.7276670000000001 0.223333 0.194
0 0.454667 0.91 0.164 0.177333
0 0.438333 0.558667 0.131333 0.148
0 0.357667 0.477333 0.199333 0.168
0 0.552667 0.588667 0.041333 0.038667
0 0.490333 0.43866700000000003 0.040667 0.042667
0 0.660667 0.712 0.058667 0.049333
0 0.665667 0.923 0.167333 0.148667
0 0.846333 0.889667 0.172667 0.203333
0 0.902333 0.794333 0.195333 0.240667
0 0.914 0.622 0.172 0.152
0 0.961333 0.091333 0.049333 0.04
0 0.98 0.168667 0.04 0.037333
0 0.731 0.20566700000000004 0.066 0.071333
2 0.800333 0.02300000000000002 0.075333 0.046
0 0.447667 0.244 0.032667 0.038667
0 0.083667 0.27533300000000005 0.163333 0.172
2 0.057333 0.119 0.109333 0.064667
