3 0.594 0.534333 0.118667 0.094
2 0.595 0.649667 0.135333 0.136667
2 0.43966700000000003 0.65 0.183333 0.137333
3 0.477 0.745667 0.084667 0.087333
3 0.44966700000000004 0.840667 0.060667 0.066667
3 0.7066669999999999 0.909 0.102667 0.155333
3 0.580333 0.837333 0.091333 0.096
3 0.45299999999999996 0.961333 0.079333 0.062667
2 0.739 0.594667 0.112667 0.1
0 0.839 0.199667 0.320667 0.383333
3 0.610333 0.732667 0.07 0.076
0 0.48166699999999996 0.47 0.062 0.052
0 0.45166700000000004 0.530333 0.056667 0.060667
0 0.41333299999999995 0.375667 0.042667 0.035333
0 0.310667 0.485 0.094667 0.076667
0 0.305667 0.571 0.068667 0.066
0 0.347 0.639 0.048667 0.052667
0 0.43433299999999997 0.576 0.05 0.04
0 0.214333 0.268333 0.044667 0.05
0 0.25833300000000003 0.156 0.047333 0.034667
0 0.24866699999999997 0.656667 0.065333 0.056
0 0.22199999999999998 0.673667 0.026667 0.035333
0 0.18300000000000005 0.568667 0.067333 0.076
0 0.139 0.595333 0.042 0.038667
0 0.13866699999999998 0.718667 0.056 0.053333
0 0.15333300000000005 0.668333 0.046667 0.052667
0 0.16333299999999995 0.070333 0.065333 0.078
0 0.093333 0.186667 0.044 0.046667
0 0.09399999999999997 0.318 0.061333 0.058667
0 0.04733299999999996 0.265667 0.032 0.027333
0 0.028666999999999998 0.526333 0.057333 0.062
0 0.04566700000000001 0.570333 0.05 0.047333
0 0.15000000000000002 0.944667 0.061333 0.06
0 0.08899999999999997 0.949 0.048667 0.05
0 0.03633299999999995 0.928 0.062 0.053333
0 0.030333000000000054 0.828667 0.046 0.048
0 0.03633299999999995 0.787 0.063333 0.058
0 0.227333 0.892 0.058667 0.049333
0 0.27433300000000005 0.812333 0.082 0.078
0 0.331333 0.948 0.077333 0.078667
0 0.361 0.785 0.068667 0.056667
0 0.41300000000000003 0.793333 0.056667 0.053333
0 0.44699999999999995 0.899667 0.063333 0.054
0 0.506 0.836333 0.052 0.05
3 0.571333 0.944667 0.128 0.110667
3 0.785667 0.929333 0.072667 0.074667
0 0.85 0.788667 0.296 0.352
