3 0.121667 0.074 0.091333 0.069333
2 0.201333 0.039333 0.070667 0.061333
2 0.296667 0.092667 0.092 0.096
2 0.348 0.067 0.061333 0.111333
3 0.41 0.062333 0.070667 0.112667
3 0.273 0.173333 0.083333 0.076
3 0.191667 0.183333 0.098 0.101333
3 0.112667 0.145333 0.109333 0.098667
2 0.242333 0.247 0.094 0.087333
3 0.177333 0.269667 0.066667 0.058
3 0.109 0.287333 0.060667 0.06
3 0.153333 0.359333 0.072 0.070667
3 0.123 0.442667 0.091333 0.093333
3 0.048 0.456667 0.074667 0.073333
3 0.041667 0.398333 0.064667 0.051333
3 0.041333 0.334333 0.066667 0.059333
3 0.256667 0.399667 0.068 0.059333
3 0.238333 0.465667 0.094 0.072667
3 0.218333 0.535333 0.079333 0.061333
3 0.297 0.536667 0.082 0.092
3 0.355667 0.499 0.079333 0.116667
3 0.318 0.431667 0.088 0.098
2 0.278 0.302 0.096 0.1
3 0.376333 0.194667 0.120667 0.102667
2 0.502667 0.161 0.126667 0.123333
2 0.366667 0.274667 0.112 0.070667
3 0.379667 0.340667 0.111333 0.089333
3 0.433333 0.248333 0.057333 0.056667
3 0.465333 0.307 0.104 0.116667
2 0.540333 0.363667 0.079333 0.084667
3 0.471 0.387 0.059333 0.046
3 0.394333 0.405333 0.09 0.070667
3 0.432 0.478 0.114667 0.097333
3 0.714667 0.536 0.092 0.101333
3 0.742667 0.440667 0.102667 0.102667
3 0.823667 0.418333 0.076667 0.080667
3 0.895333 0.399667 0.092 0.115333
3 0.736333 0.348333 0.148667 0.084667
3 0.647 0.315 0.118 0.118
3 0.564 0.211 0.090667 0.146
3 0.637667 0.096 0.079333 0.066667
3 0.659 0.178333 0.108667 0.114
3 0.734667 0.168333 0.065333 0.072667
3 0.704333 0.238 0.076667 0.072
2 0.785333 0.109667 0.122667 0.146
3 0.873667 0.064333 0.084667 0.094
3 0.887667 0.141333 0.115333 0.098667
3 0.843667 0.199 0.052667 0.047333
2 0.796333 0.165 0.055333 0.051333
3 0.771667 0.223333 0.072667 0.078667
3 0.814 0.263 0.090667 0.083333
3 0.740333 0.286667 0.071333 0.058667
3 0.906 0.244667 0.1 0.094667
3 0.964333 0.231667 0.052667 0.071333
3 0.921667 0.315 0.108667 0.074
3 0.83 0.329333 0.068 0.070667
3 0.540333 0.501 0.115333 0.128667
3 0.348667 0.616333 0.065333 0.059333
3 0.396 0.579333 0.076 0.061333
3 0.469 0.554667 0.080667 0.074667
3 0.375 0.671333 0.079333 0.061333
3 0.373667 0.728667 0.071333 0.068
3 0.442 0.629667 0.098667 0.086
3 0.538333 0.609333 0.106 0.096
3 0.433333 0.710667 0.088 0.101333
2 0.499333 0.695333 0.072 0.098667
2 0.558333 0.667667 0.071333 0.09
3 0.623 0.655667 0.088667 0.116667
3 0.692 0.613 0.101333 0.088667
2 0.754333 0.67 0.11 0.128
2 0.670333 0.715667 0.083333 0.106
2 0.596333 0.736667 0.088667 0.092
3 0.512 0.764333 0.1 0.091333
3 0.408333 0.794333 0.087333 0.076667
3 0.447333 0.849 0.073333 0.083333
3 0.381333 0.876333 0.053333 0.054
3 0.518667 0.839333 0.094667 0.105333
3 0.597333 0.818 0.098667 0.101333
3 0.83 0.762333 0.130667 0.118
3 0.778667 0.819667 0.102667 0.075333
3 0.754333 0.868667 0.112667 0.105333
3 0.671 0.869 0.076667 0.11
3 0.608333 0.892667 0.064667 0.093333
3 0.548 0.906 0.056 0.064
3 0.773 0.943333 0.094 0.074667
0 0.032 0.061 0.057333 0.063333
3 0.496333 0.043 0.103333 0.084667
0 0.458667 0.140333 0.034667 0.042
0 0.579667 0.292667 0.044667 0.044
0 0.193667 0.580333 0.083333 0.075333
0 0.614333 0.546333 0.051333 0.062
0 0.659667 0.498 0.068667 0.068
0 0.072667 0.591 0.142667 0.120667
0 0.257667 0.652 0.120667 0.113333
0 0.110667 0.895667 0.212 0.208667
0 0.292667 0.914333 0.122667 0.13
0 0.243 0.787333 0.204667 0.213333
2 0.626 0.954 0.037333 0.034667
2 0.697667 0.944667 0.048667 0.048
2 0.567667 0.967667 0.074 0.064667
2 0.944 0.943 0.109333 0.114
0 0.872333 0.913333 0.039333 0.046667
0 0.837 0.876667 0.042 0.049333
0 0.911 0.749 0.055333 0.043333
0 0.948667 0.682 0.04 0.045333
0 0.83 0.644667 0.045333 0.057333
0 0.778333 0.532333 0.034 0.048667
3 0.970333 0.106 0.059333 0.052
2 0.954667 0.048 0.090667 0.094667
3 0.823667 0.022333 0.084667 0.042
