2 0.866 0.716 0.094667 0.102667
3 0.758333 0.746333 0.102 0.112667
2 0.661 0.753 0.092667 0.123333
2 0.648 0.864333 0.092 0.087333
3 0.454333 0.879667 0.148667 0.128667
3 0.43433299999999997 0.771 0.083333 0.084667
2 0.377 0.6926669999999999 0.119333 0.1
2 0.18400000000000005 0.812333 0.161333 0.111333
2 0.17566700000000002 0.707333 0.136667 0.104
2 0.309667 0.783667 0.079333 0.079333
3 0.20366700000000004 0.316333 0.086 0.088667
3 0.17266700000000001 0.24833300000000003 0.094667 0.080667
3 0.271667 0.234333 0.116667 0.116667
3 0.20966700000000005 0.13633300000000004 0.115333 0.128667
3 0.5720000000000001 0.22599999999999998 0.129333 0.133333
3 0.621 0.14633300000000005 0.115333 0.120667
3 0.734667 0.053332999999999964 0.104 0.104
3 0.8280000000000001 0.22866699999999995 0.101333 0.108
3 0.532333 0.527667 0.052667 0.052667
3 0.515333 0.43433299999999997 0.06 0.058
3 0.552 0.950333 0.072 0.092667
0 0.755 0.817333 0.046 0.038667
0 0.806 0.851667 0.050667 0.064667
2 0.8336669999999999 0.807667 0.035333 0.038
0 0.5680000000000001 0.75 0.108 0.122667
0 0.5609999999999999 0.648333 0.120667 0.120667
0 0.519333 0.576333 0.068 0.056667
0 0.486333 0.6086670000000001 0.047333 0.050667
0 0.451333 0.675667 0.085333 0.107333
0 0.44299999999999995 0.553667 0.055333 0.066
0 0.36766699999999997 0.594 0.128667 0.110667
0 0.7703329999999999 0.6619999999999999 0.096667 0.081333
0 0.736 0.621 0.076 0.075333
2 0.663667 0.951 0.140667 0.096667
0 0.790667 0.519333 0.152 0.104
2 0.982 0.596333 0.034667 0.044667
0 0.838333 0.462333 0.075333 0.074
0 0.873333 0.5353330000000001 0.033333 0.037333
0 0.8220000000000001 0.573333 0.056 0.049333
0 0.807667 0.419667 0.052667 0.046
0 0.31899999999999995 0.33866700000000005 0.066 0.076
0 0.40333300000000005 0.39133300000000004 0.073333 0.084
0 0.44799999999999995 0.269 0.061333 0.068667
0 0.917667 0.22266699999999995 0.066 0.073333
0 0.937667 0.27133300000000005 0.036667 0.048
0 0.968667 0.25633300000000003 0.034667 0.044667
0 0.953333 0.205333 0.032 0.046667
3 0.46099999999999997 0.17900000000000005 0.048667 0.043333
3 0.5449999999999999 0.09599999999999997 0.046 0.072
3 0.5183329999999999 0.07433299999999998 0.060667 0.062
0 0.801333 0.12 0.036 0.041333
0 0.602333 0.023333000000000048 0.022 0.028
0 0.07399999999999995 0.086333 0.066667 0.062
0 0.10933300000000001 0.18500000000000005 0.086667 0.094
0 0.09466699999999995 0.32699999999999996 0.101333 0.107333
0 0.04533299999999996 0.516667 0.056 0.070667
2 0.147667 0.586667 0.047333 0.042667
0 0.207333 0.590333 0.045333 0.052667
0 0.14433300000000004 0.957 0.059333 0.056667
