3 0.9123330000000001 0.899667 0.087333 0.114
2 0.812333 0.934333 0.118 0.106
2 0.864667 0.797667 0.122667 0.084667
2 0.828333 0.7216670000000001 0.080667 0.088667
3 0.761667 0.754667 0.088667 0.126667
2 0.682667 0.796667 0.097333 0.108
3 0.679 0.699667 0.092667 0.091333
3 0.648667 0.570333 0.076 0.094
2 0.628333 0.473333 0.060667 0.066667
3 0.581333 0.41133299999999995 0.110667 0.104
3 0.570333 0.31466700000000003 0.114 0.097333
3 0.538667 0.22466699999999995 0.104 0.105333
3 0.45766700000000005 0.17133299999999996 0.094 0.093333
2 0.46666700000000005 0.08166700000000005 0.101333 0.091333
3 0.574333 0.12866699999999998 0.094 0.077333
3 0.532 0.04833299999999996 0.073333 0.083333
3 0.650667 0.11266699999999996 0.086667 0.076
2 0.731333 0.100333 0.077333 0.084667
3 0.795667 0.08666700000000005 0.074 0.104
3 0.880667 0.07866700000000004 0.093333 0.089333
3 0.865333 0.164667 0.145333 0.094667
2 0.929667 0.24266699999999997 0.124667 0.113333
2 0.801333 0.251 0.048 0.058
3 0.704 0.19133299999999998 0.073333 0.077333
3 0.6273329999999999 0.20799999999999996 0.069333 0.089333
2 0.645667 0.292667 0.076667 0.077333
3 0.734 0.285667 0.097333 0.114
3 0.833333 0.32999999999999996 0.114667 0.097333
2 0.959333 0.380667 0.066667 0.106667
3 0.884667 0.41633299999999995 0.098667 0.13
3 0.802667 0.42933299999999996 0.062667 0.076
3 0.72 0.435667 0.102667 0.124667
3 0.6659999999999999 0.38 0.102667 0.1
3 0.746667 0.5393330000000001 0.108 0.076
3 0.745 0.628 0.119333 0.093333
3 0.836 0.514667 0.104 0.072
3 0.839333 0.598 0.105333 0.097333
3 0.919333 0.577 0.078667 0.115333
2 0.898 0.703667 0.077333 0.075333
2 0.846333 0.6623330000000001 0.052667 0.047333
2 0.629667 0.891 0.080667 0.080667
3 0.563 0.917333 0.055333 0.066667
3 0.486333 0.944 0.079333 0.072
3 0.504667 0.844333 0.102667 0.119333
3 0.5916669999999999 0.823 0.087333 0.111333
3 0.6106670000000001 0.650333 0.097333 0.087333
3 0.536 0.6643330000000001 0.068 0.084667
3 0.45899999999999996 0.6859999999999999 0.086 0.097333
2 0.6 0.721333 0.062667 0.068
3 0.525667 0.746333 0.096667 0.082
3 0.402667 0.874 0.104 0.104
3 0.23666699999999996 0.849667 0.108 0.088667
2 0.34166700000000005 0.806333 0.09 0.078
2 0.42300000000000004 0.775333 0.078 0.088
2 0.371333 0.722667 0.074667 0.076
3 0.29033299999999995 0.750333 0.095333 0.104667
2 0.143667 0.887 0.086 0.075333
3 0.12266699999999997 0.79 0.105333 0.110667
2 0.21666700000000005 0.756 0.090667 0.104
2 0.15000000000000002 0.683667 0.076 0.098
3 0.502 0.594 0.089333 0.092
2 0.5756669999999999 0.5696669999999999 0.075333 0.071333
3 0.5529999999999999 0.49766699999999997 0.082 0.084667
3 0.45899999999999996 0.526 0.103333 0.094667
3 0.40933299999999995 0.632333 0.1 0.095333
3 0.34099999999999997 0.647 0.103333 0.086
3 0.259667 0.6683330000000001 0.09 0.082
3 0.20066700000000004 0.600333 0.102667 0.112667
3 0.151667 0.5163329999999999 0.118 0.119333
2 0.253667 0.484333 0.088667 0.096667
3 0.32499999999999996 0.45666700000000005 0.082 0.102667
3 0.41733299999999995 0.435667 0.116 0.106
3 0.499 0.42800000000000005 0.080667 0.078667
3 0.37166699999999997 0.546333 0.080667 0.087333
3 0.280667 0.5716669999999999 0.106667 0.091333
2 0.487333 0.33999999999999997 0.065333 0.077333
3 0.411667 0.355333 0.106 0.133333
2 0.28333299999999995 0.383 0.148 0.108667
3 0.29000000000000004 0.31499999999999995 0.132 0.058
3 0.24033300000000002 0.25633300000000003 0.123333 0.078
3 0.226333 0.16700000000000004 0.171333 0.104667
2 0.40900000000000003 0.23199999999999998 0.091333 0.104
3 0.33066700000000004 0.23833300000000002 0.065333 0.086
2 0.269 0.06433299999999997 0.086 0.107333
3 0.10766699999999996 0.07533299999999998 0.111333 0.132
3 0.19033299999999997 0.05466700000000002 0.092667 0.098667
0 0.713333 0.8993329999999999 0.049333 0.050667
2 0.6739999999999999 0.944667 0.1 0.109333
3 0.5836669999999999 0.965333 0.091333 0.068
2 0.386667 0.953333 0.116 0.092
2 0.29300000000000004 0.943667 0.103333 0.111333
2 0.964333 0.54 0.07 0.136
0 0.462333 0.28733299999999995 0.046 0.04
2 0.9053329999999999 0.31799999999999995 0.050667 0.069333
2 0.950667 0.08233299999999999 0.097333 0.164667
0 0.983667 0.14533300000000005 0.031333 0.052
0 0.688 0.14133300000000004 0.045333 0.032
0 0.355333 0.143667 0.064 0.079333
2 0.681 0.044332999999999956 0.092667 0.088667
2 0.603 0.03833299999999995 0.087333 0.076667
2 0.36166699999999996 0.06399999999999995 0.139333 0.128
0 0.14033300000000004 0.35466699999999995 0.094 0.073333
0 0.135 0.41833299999999995 0.084667 0.066
2 0.06033299999999997 0.45699999999999996 0.120667 0.120667
2 0.058667000000000025 0.7456670000000001 0.117333 0.159333
2 0.19299999999999995 0.947667 0.11 0.103333
