3 0.848333 0.131333 0.119333 0.144
3 0.911333 0.146667 0.142667 0.125333
3 0.922333 0.222333 0.120667 0.084667
3 0.872 0.304667 0.1 0.105333
2 0.7913330000000001 0.273 0.092 0.088667
2 0.929333 0.440333 0.101333 0.11
2 0.863 0.402 0.09 0.097333
2 0.773333 0.390667 0.1 0.1
2 0.781333 0.462667 0.1 0.065333
2 0.807333 0.521333 0.121333 0.066667
2 0.9083330000000001 0.637333 0.118 0.106667
2 0.947 0.776667 0.088667 0.104
2 0.868333 0.735 0.126 0.120667
2 0.78 0.686 0.105333 0.098667
3 0.779667 0.595 0.123333 0.088667
2 0.958 0.881333 0.074667 0.1
3 0.915 0.903667 0.075333 0.091333
3 0.854 0.912667 0.066667 0.090667
3 0.853 0.967667 0.071333 0.05
2 0.749667 0.884 0.139333 0.166667
3 0.72 0.774333 0.098667 0.099333
3 0.685 0.693 0.104667 0.104667
3 0.674667 0.601667 0.102667 0.084667
3 0.689333 0.528667 0.068 0.058667
2 0.642 0.492333 0.078667 0.075333
2 0.703667 0.430333 0.075333 0.079333
2 0.626 0.407 0.102667 0.102
3 0.603 0.299333 0.104667 0.105333
3 0.651667 0.200667 0.09 0.105333
3 0.769667 0.18 0.115333 0.102667
3 0.600333 0.068333 0.079333 0.084667
3 0.614 0.162 0.068 0.1
3 0.569 0.208333 0.083333 0.084667
2 0.508667 0.297667 0.090667 0.114
2 0.494333 0.211333 0.05 0.06
3 0.45166700000000004 0.133667 0.092667 0.115333
3 0.427667 0.229667 0.080667 0.080667
3 0.440333 0.299 0.079333 0.083333
3 0.468333 0.362 0.098 0.072
3 0.36966699999999997 0.130667 0.079333 0.104
3 0.346333 0.204333 0.09 0.087333
3 0.371333 0.286333 0.065333 0.087333
3 0.45866700000000005 0.420667 0.096 0.068
3 0.546 0.406333 0.076 0.103333
3 0.562333 0.491667 0.055333 0.062
3 0.48166699999999996 0.518333 0.106 0.118
2 0.586667 0.566 0.104 0.082667
2 0.523 0.628667 0.05 0.058667
2 0.585 0.645 0.087333 0.080667
3 0.6106670000000001 0.713333 0.066667 0.089333
3 0.544333 0.719 0.086 0.078
3 0.5549999999999999 0.794333 0.111333 0.076667
3 0.638333 0.837333 0.083333 0.129333
3 0.5920000000000001 0.942333 0.121333 0.088667
2 0.562 0.861667 0.097333 0.086
3 0.49066699999999996 0.819667 0.065333 0.118
2 0.41200000000000003 0.820667 0.128 0.096
3 0.46266700000000005 0.900667 0.090667 0.069333
3 0.389 0.908333 0.076667 0.082
3 0.34366699999999994 0.759 0.048667 0.05
3 0.33799999999999997 0.659667 0.104 0.095333
3 0.31000000000000005 0.572333 0.129333 0.115333
2 0.359333 0.520667 0.102667 0.106667
2 0.389 0.380667 0.051333 0.065333
3 0.29033299999999995 0.256333 0.084667 0.094
2 0.23933300000000002 0.298667 0.096 0.090667
3 0.318333 0.388333 0.09 0.122
3 0.27933300000000005 0.453667 0.06 0.078
2 0.244 0.382 0.058667 0.078667
3 0.17966700000000002 0.393 0.084667 0.107333
3 0.11399999999999999 0.414 0.06 0.088
3 0.20033299999999998 0.477 0.135333 0.106
2 0.18233299999999997 0.552333 0.104667 0.078
3 0.21766700000000005 0.664333 0.114 0.114
3 0.272667 0.720667 0.062667 0.068
3 0.242 0.755667 0.06 0.059333
3 0.29833299999999996 0.787 0.078 0.083333
3 0.251 0.834 0.086 0.094667
3 0.33066700000000004 0.853 0.073333 0.082
3 0.267 0.917333 0.079333 0.089333
3 0.306667 0.960333 0.069333 0.072667
3 0.19899999999999995 0.933333 0.059333 0.078667
3 0.12466699999999997 0.913333 0.141333 0.108
3 0.09899999999999998 0.843667 0.092667 0.083333
3 0.07666700000000004 0.751 0.098667 0.114
3 0.16600000000000004 0.758667 0.1 0.165333
3 0.142667 0.275667 0.069333 0.063333
3 0.18566700000000003 0.177667 0.060667 0.09
3 0.271667 0.184 0.055333 0.064
3 0.260667 0.121333 0.058667 0.066667
3 0.222333 0.05 0.051333 0.06
3 0.149667 0.055667 0.058 0.076667
3 0.08499999999999996 0.072 0.087333 0.070667
3 0.10866699999999996 0.148 0.101333 0.097333
3 0.07466700000000004 0.253 0.064 0.076667
3 0.10733300000000001 0.338667 0.126667 0.070667
3 0.049000000000000044 0.451333 0.082 0.101333
0 0.966 0.541667 0.06 0.048667
0 0.9143330000000001 0.022667 0.067333 0.044
0 0.724667 0.087 0.06 0.043333
0 0.720333 0.269667 0.044667 0.044667
0 0.678667 0.326333 0.041333 0.039333
0 0.494 0.051 0.054667 0.052667
0 0.562 0.064333 0.026667 0.031333
0 0.398667 0.473667 0.044 0.051333
3 0.036667000000000005 0.379333 0.073333 0.06
2 0.062000000000000055 0.558333 0.124 0.138
0 0.090333 0.521 0.047333 0.038
0 0.07866700000000004 0.611333 0.061333 0.054667
0 0.04566700000000001 0.679333 0.068667 0.057333
0 0.41400000000000003 0.674 0.218667 0.213333
2 0.44999999999999996 0.958333 0.149333 0.083333
2 0.880333 0.825667 0.054 0.048667
2 0.932667 0.974 0.105333 0.052
