2 0.091667 0.112 0.112667 0.104
2 0.095333 0.190667 0.074667 0.072
3 0.168333 0.224 0.112667 0.113333
3 0.257667 0.12 0.106 0.102667
3 0.302667 0.048333 0.090667 0.076667
3 0.366667 0.106 0.085333 0.077333
2 0.415 0.154 0.084667 0.093333
3 0.492333 0.142333 0.063333 0.086
3 0.313333 0.197667 0.092 0.07
3 0.447333 0.24 0.101333 0.088
2 0.373667 0.248333 0.074 0.068667
3 0.312333 0.269333 0.082 0.065333
2 0.369333 0.320667 0.068 0.068
3 0.303333 0.334 0.072 0.069333
3 0.236 0.293333 0.065333 0.069333
2 0.157 0.316333 0.107333 0.09
3 0.097333 0.376667 0.090667 0.069333
3 0.051333 0.322667 0.078667 0.102667
3 0.043667 0.463667 0.075333 0.095333
3 0.168 0.434333 0.065333 0.079333
3 0.108333 0.447333 0.062 0.069333
3 0.241667 0.431667 0.084667 0.076667
3 0.232667 0.362 0.077333 0.070667
3 0.341 0.406667 0.103333 0.073333
3 0.434667 0.374667 0.073333 0.076
2 0.436667 0.448667 0.058667 0.066667
3 0.362667 0.478667 0.096 0.073333
2 0.276 0.496 0.069333 0.064
2 0.214667 0.503333 0.072 0.061333
3 0.133 0.526667 0.083333 0.074667
3 0.097333 0.613 0.106667 0.127333
3 0.200333 0.590333 0.118 0.116667
3 0.333333 0.563333 0.090667 0.104
3 0.423333 0.542 0.098667 0.102667
3 0.448667 0.622667 0.06 0.066667
2 0.376333 0.634667 0.076667 0.065333
3 0.409333 0.704 0.097333 0.096
3 0.522333 0.525667 0.09 0.083333
3 0.525667 0.609 0.091333 0.086
3 0.507 0.693333 0.102 0.094667
2 0.403333 0.79 0.072 0.073333
3 0.479667 0.791333 0.080667 0.104
3 0.548667 0.850333 0.073333 0.078
3 0.594333 0.922333 0.09 0.114
3 0.501667 0.949667 0.084667 0.087333
3 0.470667 0.872 0.070667 0.065333
3 0.391 0.881667 0.088667 0.092667
3 0.266 0.911667 0.122667 0.114
3 0.326333 0.822 0.092667 0.096
2 0.325667 0.724667 0.086 0.096
3 0.246667 0.767 0.089333 0.114
2 0.082667 0.930667 0.117333 0.102667
2 0.116 0.807333 0.077333 0.064
2 0.17 0.854333 0.072 0.055333
2 0.174667 0.784 0.066667 0.066667
2 0.136333 0.711333 0.11 0.102667
2 0.189 0.723333 0.043333 0.045333
2 0.588333 0.761 0.078 0.084667
2 0.653667 0.731 0.080667 0.091333
2 0.773667 0.698 0.118 0.098667
2 0.871 0.667667 0.074 0.09
2 0.888333 0.775667 0.122 0.116667
2 0.787333 0.788333 0.098667 0.115333
3 0.716333 0.811667 0.116667 0.116667
3 0.636 0.833333 0.076 0.068
3 0.673667 0.913667 0.076667 0.087333
3 0.749333 0.900333 0.082667 0.080667
2 0.861 0.866333 0.092667 0.074
2 0.914 0.556667 0.109333 0.098667
3 0.815333 0.589 0.118667 0.119333
2 0.703667 0.575 0.108667 0.118
3 0.617333 0.589333 0.110667 0.097333
3 0.613333 0.672 0.097333 0.078667
3 0.618 0.491333 0.098667 0.093333
2 0.726333 0.458667 0.120667 0.092
2 0.506333 0.444333 0.086 0.082
3 0.541 0.206667 0.091333 0.088
3 0.5 0.29 0.085333 0.076
3 0.569333 0.279333 0.068 0.066667
3 0.516667 0.363667 0.090667 0.076667
3 0.603 0.338667 0.087333 0.054667
3 0.580667 0.408 0.078667 0.073333
3 0.666 0.378667 0.102667 0.106667
2 0.681333 0.297 0.08 0.054
3 0.651333 0.234667 0.098667 0.065333
3 0.646 0.161667 0.093333 0.086
3 0.564333 0.108667 0.116667 0.092
3 0.685667 0.096333 0.114 0.091333
3 0.882667 0.131 0.086667 0.088667
3 0.914 0.063667 0.101333 0.074
2 0.811 0.146333 0.079333 0.072667
3 0.735333 0.185 0.102667 0.111333
3 0.799333 0.239333 0.113333 0.097333
2 0.880667 0.222667 0.076 0.094667
3 0.798667 0.335667 0.118667 0.09
3 0.883333 0.309333 0.088 0.073333
3 0.880667 0.397333 0.165333 0.1
3 0.928333 0.465667 0.142 0.096667
2 0.178667 0.119667 0.064 0.088667
2 0.031667 0.175667 0.062 0.086
0 0.039333 0.038 0.064 0.073333
2 0.411333 0.044 0.117333 0.086667
2 0.559 0.037333 0.120667 0.073333
2 0.671 0.038667 0.114 0.074667
0 0.242 0.675333 0.06 0.06
2 0.040667 0.843333 0.077333 0.128
0 0.075 0.757333 0.052667 0.068
2 0.174 0.930667 0.096 0.138667
2 0.362 0.954 0.078667 0.092
2 0.433333 0.956667 0.073333 0.086667
2 0.814667 0.938 0.125333 0.124
2 0.946 0.825333 0.108 0.150667
0 0.932 0.690333 0.057333 0.062
0 0.844333 0.515667 0.039333 0.047333
3 0.951 0.298667 0.098 0.132
0 0.975667 0.211333 0.048667 0.077333
2 0.956 0.136 0.070667 0.086667
2 0.861667 0.041333 0.147333 0.081333
0 0.719 0.253 0.054 0.055333
