3 0.920667 0.942333 0.101333 0.083333
3 0.850333 0.8446670000000001 0.091333 0.129333
3 0.924 0.863333 0.050667 0.069333
3 0.893 0.779667 0.082 0.088667
2 0.773333 0.6453329999999999 0.093333 0.097333
2 0.870667 0.479333 0.14 0.126667
2 0.849 0.369333 0.091333 0.090667
3 0.850333 0.27733300000000005 0.091333 0.097333
3 0.930333 0.31566700000000003 0.087333 0.116667
3 0.755 0.33199999999999996 0.112667 0.142667
3 0.673333 0.226333 0.098667 0.092667
3 0.736 0.252667 0.106667 0.096
3 0.63 0.095333 0.101333 0.097333
3 0.721667 0.10499999999999998 0.087333 0.114
3 0.813667 0.11666699999999997 0.104667 0.148
3 0.904333 0.10699999999999998 0.088667 0.11
0 0.067667 0.751333 0.134 0.196
0 0.126333 0.934667 0.247333 0.129333
0 0.227333 0.822333 0.184 0.175333
0 0.124667 0.507 0.162667 0.188667
0 0.187333 0.528667 0.057333 0.074667
0 0.171333 0.679333 0.153333 0.164
0 0.366333 0.485333 0.346 0.257333
0 0.257667 0.370333 0.079333 0.076667
0 0.501333 0.626667 0.105333 0.116
0 0.513333 0.388 0.054667 0.046667
0 0.475667 0.36466699999999996 0.040667 0.04
0 0.393667 0.311667 0.13 0.13
0 0.605333 0.7196670000000001 0.228 0.235333
0 0.616 0.936333 0.14 0.124667
0 0.704 0.765333 0.089333 0.094667
0 0.762333 0.7703329999999999 0.048667 0.047333
0 0.779667 0.742 0.052667 0.04
0 0.726 0.971667 0.058667 0.054
0 0.784 0.979 0.052 0.040667
0 0.758333 0.877 0.044667 0.040667
0 0.776333 0.916667 0.048667 0.054667
0 0.712333 0.534667 0.032667 0.032
3 0.971667 0.859 0.056667 0.098
0 0.846333 0.962667 0.074 0.064
2 0.95 0.46399999999999997 0.1 0.18
2 0.948 0.13833300000000004 0.104 0.162
3 0.97 0.032667 0.058667 0.065333
3 0.886333 0.035667000000000004 0.112667 0.071333
2 0.734333 0.17400000000000004 0.078 0.061333
2 0.700333 0.03400000000000003 0.076667 0.068
0 0.577333 0.24266699999999997 0.073333 0.089333
0 0.521333 0.21766700000000005 0.046667 0.047333
0 0.524667 0.11633300000000002 0.045333 0.046
0 0.437667 0.22266699999999995 0.086 0.081333
0 0.303333 0.22566699999999995 0.188 0.211333
0 0.328 0.03433299999999995 0.048 0.047333
0 0.276 0.05600000000000005 0.052 0.057333
0 0.253333 0.10866699999999996 0.049333 0.038667
0 0.328 0.06633299999999998 0.044 0.034
0 0.334667 0.097333 0.053333 0.036
0 0.11 0.250333 0.218667 0.279333
0 0.050667 0.39833300000000005 0.1 0.179333
