0 0.693333 0.799667 0.056 0.076667
0 0.722667 0.6986669999999999 0.098667 0.102667
0 0.601667 0.648333 0.115333 0.135333
0 0.470333 0.6533329999999999 0.139333 0.134667
0 0.521 0.934667 0.112667 0.128
0 0.400667 0.831333 0.162667 0.201333
0 0.251 0.756 0.154 0.153333
0 0.228333 0.930667 0.143333 0.137333
0 0.7416670000000001 0.5660000000000001 0.104667 0.093333
0 0.18566700000000003 0.458333 0.142 0.154
0 0.275667 0.499 0.066 0.082
0 0.24233300000000002 0.33399999999999996 0.123333 0.126667
0 0.503 0.247 0.100667 0.103333
0 0.354 0.39 0.110667 0.1
0 0.35866699999999996 0.46366700000000005 0.106667 0.088667
0 0.6803330000000001 0.41133299999999995 0.13 0.158667
0 0.486333 0.499333 0.11 0.137333
0 0.17233299999999996 0.610333 0.104667 0.103333
0 0.11466699999999996 0.164667 0.118667 0.158667
0 0.39733300000000005 0.21266700000000005 0.118667 0.102667
0 0.798333 0.276667 0.146 0.148
0 0.6006670000000001 0.21266700000000005 0.089333 0.106667
0 0.6 0.31200000000000006 0.1 0.097333
0 0.552 0.41800000000000004 0.132 0.136
0 0.15300000000000002 0.7150000000000001 0.112667 0.11
0 0.10299999999999998 0.569 0.11 0.104667
0 0.21366700000000005 0.11333300000000002 0.108667 0.148
0 0.936333 0.16833299999999995 0.094 0.096667
0 0.650333 0.913667 0.135333 0.156667
0 0.8466670000000001 0.5409999999999999 0.085333 0.100667
0 0.721333 0.03633299999999995 0.118667 0.072667
0 0.33699999999999997 0.037667000000000006 0.056667 0.060667
0 0.6719999999999999 0.11566699999999996 0.128 0.102
0 0.763667 0.965 0.052667 0.063333
0 0.395667 0.531333 0.102 0.078667
0 0.289667 0.23166699999999996 0.060667 0.063333
0 0.808667 0.11866699999999997 0.066667 0.064
0 0.525 0.11599999999999999 0.054 0.046667
0 0.05066700000000002 0.264 0.101333 0.148
