0 0.194667 0.898667 0.130667 0.141333
0 0.655 0.771 0.236667 0.252667
0 0.239 0.648333 0.07 0.068667
0 0.340333 0.23366699999999996 0.080667 0.075333
0 0.704333 0.33199999999999996 0.104667 0.108
0 0.570667 0.24666699999999997 0.153333 0.18
0 0.528333 0.12533300000000003 0.120667 0.144
0 0.714 0.20899999999999996 0.134667 0.139333
0 0.676667 0.10866699999999996 0.126667 0.130667
0 0.814 0.33899999999999997 0.181333 0.164667
0 0.082667 0.6859999999999999 0.162667 0.190667
0 0.448667 0.06266700000000003 0.141333 0.125333
0 0.373333 0.884 0.116 0.096
0 0.320667 0.7723329999999999 0.064 0.066
0 0.421 0.776 0.088667 0.092
0 0.401 0.704333 0.088667 0.079333
0 0.338667 0.681333 0.061333 0.049333
0 0.473333 0.913333 0.074667 0.077333
0 0.516667 0.848333 0.122667 0.13
0 0.116 0.44799999999999995 0.072 0.048
0 0.806667 0.499667 0.168 0.156667
0 0.843333 0.62 0.165333 0.12
0 0.902333 0.738333 0.140667 0.120667
0 0.828333 0.18733299999999997 0.096667 0.144
0 0.924333 0.368333 0.151333 0.143333
0 0.946 0.17733299999999996 0.108 0.122667
0 0.550333 0.394667 0.09 0.114667
0 0.474333 0.39233300000000004 0.062 0.063333
0 0.402667 0.330333 0.093333 0.080667
0 0.225 0.269667 0.042 0.040667
0 0.263667 0.27633300000000005 0.032667 0.039333
0 0.263667 0.22699999999999998 0.064667 0.068667
0 0.139 0.18700000000000006 0.062 0.056667
0 0.204667 0.43966700000000003 0.057333 0.068667
0 0.232333 0.339333 0.062 0.068
0 0.326333 0.326333 0.064667 0.076667
0 0.271667 0.407667 0.054 0.058
0 0.457 0.6683330000000001 0.075333 0.058
0 0.925 0.265 0.106 0.100667
