0 0.890333 0.785333 0.074 0.101333
0 0.8009999999999999 0.875 0.139333 0.176667
0 0.661333 0.915 0.148 0.17
0 0.653667 0.746667 0.17 0.176
0 0.506667 0.787333 0.142667 0.168
0 0.373 0.823667 0.143333 0.166
0 0.509667 0.933333 0.160667 0.133333
0 0.25 0.833333 0.122667 0.176
0 0.154667 0.793 0.137333 0.138
0 0.8356669999999999 0.514 0.099333 0.12
0 0.741 0.608 0.182 0.201333
0 0.876 0.631 0.117333 0.154
0 0.76 0.420667 0.1 0.114667
0 0.667 0.479 0.124667 0.155333
0 0.573 0.539333 0.091333 0.124
0 0.477 0.617 0.174 0.180667
0 0.09299999999999997 0.525333 0.186 0.256
0 0.46599999999999997 0.456333 0.144 0.142
0 0.24733300000000003 0.392333 0.18 0.140667
0 0.15233300000000005 0.261333 0.132667 0.121333
0 0.29433299999999996 0.293333 0.142 0.162667
0 0.5123329999999999 0.258333 0.274 0.294
0 0.19566700000000004 0.68 0.118 0.130667
0 0.28633299999999995 0.583667 0.231333 0.300667
0 0.755667 0.203333 0.223333 0.325333
0 0.25733300000000003 0.116667 0.173333 0.168
0 0.09266700000000005 0.132667 0.108 0.110667
0 0.890667 0.218 0.193333 0.193333
0 0.94 0.480667 0.118667 0.110667
0 0.965 0.582667 0.068667 0.101333
0 0.08033299999999999 0.856 0.160667 0.242667
0 0.35066699999999995 0.109667 0.225333 0.218
