0 0.563333 0.740667 0.105333 0.12
0 0.486 0.746 0.077333 0.118667
0 0.382 0.830667 0.185333 0.169333
0 0.563 0.900333 0.246 0.199333
0 0.762 0.925667 0.145333 0.148667
0 0.916 0.875667 0.166667 0.248667
0 0.564333 0.254 0.176667 0.150667
0 0.06299999999999994 0.520333 0.080667 0.031333
0 0.528 0.114 0.316 0.226667
0 0.72 0.142 0.176 0.174667
0 0.757333 0.357333 0.252 0.234667
0 0.777667 0.65 0.262 0.466667
0 0.28133300000000006 0.436 0.409333 0.413333
0 0.5840000000000001 0.504667 0.129333 0.121333
0 0.528667 0.605333 0.138667 0.108
0 0.42433299999999996 0.641 0.063333 0.066
0 0.885 0.174 0.202 0.226667
0 0.04566700000000001 0.219333 0.071333 0.093333
0 0.19966700000000004 0.160667 0.139333 0.105333
0 0.09899999999999998 0.126667 0.088667 0.093333
