0 0.091333 0.9013329999999999 0.113333 0.132
0 0.165333 0.949333 0.092 0.1
0 0.136 0.779667 0.129333 0.114
0 0.149 0.6799999999999999 0.087333 0.084
0 0.207 0.763 0.047333 0.078
0 0.267 0.726333 0.123333 0.120667
0 0.127333 0.43966700000000003 0.206667 0.206
0 0.171333 0.5880000000000001 0.101333 0.093333
0 0.252333 0.6393329999999999 0.05 0.054667
0 0.331667 0.928333 0.103333 0.119333
0 0.271667 0.5780000000000001 0.074 0.084
0 0.34 0.603333 0.093333 0.154667
0 0.450333 0.632 0.138 0.176
0 0.609333 0.857333 0.082667 0.069333
0 0.348667 0.462333 0.108 0.13
0 0.389 0.7783329999999999 0.120667 0.119333
0 0.488667 0.842667 0.146667 0.096
0 0.841333 0.8586670000000001 0.141333 0.138667
