2 0.95 0.48266699999999996 0.068 0.072
0 0.270333 0.930333 0.083333 0.078
0 0.578 0.429667 0.066667 0.087333
0 0.658 0.584333 0.08 0.058
0 0.400333 0.42500000000000004 0.086 0.082
0 0.738667 0.403 0.065333 0.074
0 0.782 0.354333 0.077333 0.080667
0 0.831333 0.21699999999999997 0.112 0.118
0 0.097333 0.713333 0.084 0.069333
0 0.624333 0.268 0.054 0.072
0 0.951 0.400667 0.071333 0.062667
0 0.507 0.27333300000000005 0.095333 0.078667
0 0.5 0.19866700000000004 0.096 0.064
0 0.931 0.24166699999999997 0.088667 0.09
0 0.296667 0.8140000000000001 0.053333 0.030667
0 0.290333 0.774 0.046 0.042667
3 0.942667 0.925 0.112 0.148667
3 0.951667 0.797667 0.096667 0.13
