3 0.12166699999999997 0.664 0.155333 0.133333
2 0.27033300000000005 0.763667 0.144667 0.156667
2 0.16500000000000004 0.873 0.087333 0.118
3 0.05800000000000005 0.887333 0.101333 0.124
2 0.25833300000000003 0.874 0.115333 0.097333
3 0.368 0.835667 0.042667 0.056667
3 0.466333 0.835667 0.082 0.09
3 0.576333 0.838333 0.115333 0.115333
3 0.656 0.726 0.105333 0.104
3 0.611667 0.637 0.083333 0.079333
3 0.416667 0.653333 0.098667 0.102667
3 0.20366700000000004 0.554 0.088667 0.101333
3 0.29933299999999996 0.550333 0.105333 0.080667
2 0.28533299999999995 0.460667 0.108 0.096
2 0.385667 0.458333 0.080667 0.082
3 0.469333 0.442667 0.062667 0.068
3 0.42633299999999996 0.548333 0.071333 0.087333
3 0.518 0.545333 0.109333 0.106667
2 0.625667 0.544333 0.075333 0.087333
2 0.805333 0.744333 0.14 0.11
3 0.858333 0.839333 0.123333 0.105333
3 0.922 0.728667 0.098667 0.101333
3 0.937333 0.622667 0.093333 0.092
2 0.823667 0.628 0.118 0.097333
2 0.742333 0.527333 0.158 0.162667
2 0.87 0.512667 0.089333 0.130667
3 0.801333 0.324 0.096 0.089333
3 0.884667 0.219 0.121333 0.123333
3 0.824333 0.127333 0.114 0.101333
2 0.946667 0.147 0.105333 0.179333
2 0.6839999999999999 0.203333 0.153333 0.2
2 0.5333330000000001 0.133 0.121333 0.148667
2 0.42333299999999996 0.241667 0.129333 0.148667
2 0.31233299999999997 0.266333 0.092667 0.095333
2 0.159667 0.285333 0.095333 0.094667
3 0.300667 0.357333 0.133333 0.108
3 0.6006670000000001 0.338667 0.1 0.078667
3 0.502667 0.342333 0.054667 0.052667
2 0.577 0.442667 0.139333 0.126667
3 0.570667 0.254333 0.073333 0.078
3 0.706333 0.636333 0.076667 0.064667
0 0.08899999999999997 0.493 0.099333 0.079333
0 0.04066700000000001 0.250333 0.081333 0.094
0 0.04133299999999995 0.386 0.08 0.074667
0 0.124 0.403333 0.090667 0.085333
0 0.6703330000000001 0.833667 0.058 0.068667
0 0.773 0.931 0.072667 0.080667
0 0.7090000000000001 0.906 0.064667 0.06
0 0.16433299999999995 0.113667 0.072667 0.066
0 0.12966699999999998 0.147 0.038 0.043333
0 0.22066699999999995 0.168 0.088 0.06
3 0.957 0.815 0.084667 0.099333
3 0.954 0.524333 0.090667 0.115333
3 0.44266700000000003 0.946333 0.096 0.107333
