0 0.852333 0.313333 0.167333 0.146667
0 0.7130000000000001 0.279667 0.102 0.092667
0 0.72 0.370667 0.108 0.113333
0 0.5836669999999999 0.316333 0.216667 0.227333
0 0.711667 0.610667 0.192667 0.185333
0 0.776667 0.469667 0.198667 0.19
0 0.923667 0.454333 0.151333 0.232667
0 0.816333 0.792 0.212667 0.193333
0 0.480333 0.677 0.195333 0.194
0 0.484 0.896667 0.078667 0.104
0 0.581 0.536 0.119333 0.12
0 0.614 0.442333 0.090667 0.083333
0 0.46099999999999997 0.537 0.146 0.143333
0 0.344333 0.555333 0.148667 0.246667
0 0.305667 0.748 0.099333 0.136
0 0.21866699999999994 0.575667 0.133333 0.222
0 0.673 0.694333 0.146 0.124667
0 0.581333 0.876667 0.121333 0.090667
0 0.859667 0.094 0.279333 0.186667
0 0.849 0.185667 0.206 0.132667
0 0.668667 0.111333 0.156 0.221333
0 0.216333 0.104667 0.135333 0.156
0 0.330333 0.31 0.212667 0.217333
0 0.387667 0.207 0.163333 0.168667
0 0.893667 0.903333 0.19 0.150667
0 0.521 0.129333 0.172667 0.257333
0 0.18200000000000005 0.422667 0.082667 0.08
0 0.11266699999999996 0.136667 0.077333 0.077333
0 0.07333299999999998 0.191667 0.146667 0.120667
0 0.11666699999999997 0.329 0.061333 0.046
0 0.17400000000000004 0.257333 0.06 0.068
0 0.421667 0.824 0.063333 0.056
0 0.11766699999999997 0.042333 0.084667 0.083333
0 0.08366700000000005 0.099667 0.140667 0.124667
