2 0.845667 0.088667 0.186 0.165333
1 0.699667 0.071 0.13 0.115333
2 0.819 0.228 0.17 0.14
1 0.685667 0.228 0.116667 0.126667
1 0.776667 0.358333 0.137333 0.162
1 0.569 0.191667 0.294 0.318
2 0.315 0.165333 0.211333 0.212
2 0.174667 0.224333 0.089333 0.096667
2 0.299667 0.314333 0.163333 0.119333
1 0.117667 0.359333 0.194 0.185333
1 0.125333 0.501333 0.201333 0.132
1 0.093333 0.640667 0.14 0.133333
1 0.240333 0.689667 0.246 0.224667
2 0.323 0.897333 0.178 0.190667
2 0.205667 0.899333 0.076667 0.102667
2 0.081667 0.9 0.163333 0.198667
2 0.547 0.895667 0.286 0.206
1 0.488333 0.748 0.224667 0.158667
1 0.372 0.584667 0.202667 0.188
2 0.401333 0.429 0.133333 0.151333
2 0.548667 0.345667 0.096 0.082
1 0.541333 0.486 0.136 0.162667
1 0.667 0.431333 0.179333 0.241333
1 0.912667 0.404333 0.170667 0.187333
1 0.884 0.648667 0.166667 0.185333
1 0.721667 0.607667 0.208667 0.23
1 0.836333 0.766 0.120667 0.117333
1 0.723667 0.801333 0.184667 0.193333
1 0.809333 0.901 0.130667 0.114
1 0.274667 0.451333 0.138667 0.162667
1 0.537667 0.633667 0.140667 0.151333
0 0.11 0.752667 0.092 0.081333
2 0.927 0.914 0.144667 0.170667
