0 0.644667 0.9053329999999999 0.166667 0.188
0 0.328667 0.354 0.04 0.038667
0 0.298 0.32166700000000004 0.046667 0.051333
0 0.438 0.451333 0.076 0.057333
0 0.572 0.507333 0.078667 0.098667
0 0.555 0.372333 0.048667 0.042
0 0.421667 0.364 0.046 0.04
0 0.484 0.367333 0.050667 0.053333
0 0.107 0.129 0.048667 0.058
0 0.573667 0.24466699999999997 0.107333 0.104
0 0.797667 0.629 0.066 0.064667
0 0.086333 0.04966700000000002 0.047333 0.035333
0 0.452667 0.40233300000000005 0.086667 0.043333
0 0.611667 0.5529999999999999 0.038 0.058
0 0.960333 0.718 0.078 0.101333
0 0.438333 0.821667 0.271333 0.355333
0 0.550333 0.940667 0.067333 0.117333
0 0.288 0.682667 0.164 0.178667
0 0.895667 0.681667 0.074 0.062
