0 0.19266700000000003 0.075333 0.096 0.097333
0 0.14700000000000002 0.142667 0.052667 0.049333
0 0.12366699999999997 0.191667 0.068667 0.067333
0 0.04566700000000001 0.218 0.091333 0.133333
0 0.16300000000000003 0.588333 0.108667 0.119333
0 0.21966699999999995 0.683 0.128667 0.116667
0 0.31799999999999995 0.663667 0.097333 0.086
0 0.19699999999999995 0.783333 0.107333 0.093333
0 0.10699999999999998 0.771 0.108667 0.176667
0 0.42100000000000004 0.705667 0.100667 0.11
0 0.33066700000000004 0.529 0.181333 0.199333
0 0.504667 0.943 0.112 0.114
0 0.42833299999999996 0.898667 0.114 0.144
0 0.358 0.950333 0.153333 0.099333
0 0.517333 0.701667 0.090667 0.103333
0 0.946333 0.82 0.106 0.128
0 0.041000000000000036 0.635333 0.082 0.145333
0 0.669667 0.795 0.15 0.206
0 0.630333 0.879333 0.052667 0.038667
0 0.598 0.807 0.042667 0.042
0 0.583333 0.590333 0.122667 0.104667
0 0.828667 0.799 0.168 0.198
0 0.803333 0.62 0.269333 0.196
0 0.483 0.365 0.416667 0.342
0 0.658667 0.270667 0.056 0.058667
0 0.653667 0.322333 0.074 0.047333
0 0.861667 0.404333 0.271333 0.311333
0 0.763 0.281333 0.075333 0.052
