1 0.742 0.888667 0.133333 0.138667
1 0.852333 0.911667 0.15 0.148667
1 0.829667 0.79 0.124667 0.102667
1 0.898667 0.656667 0.173333 0.177333
1 0.711 0.645667 0.238 0.180667
1 0.609667 0.785667 0.238 0.242
1 0.498667 0.896333 0.198667 0.184667
1 0.342333 0.883 0.132667 0.147333
1 0.202667 0.855 0.157333 0.180667
2 0.095667 0.9143330000000001 0.143333 0.143333
1 0.458333 0.748333 0.102 0.106
1 0.337 0.706 0.15 0.196
2 0.170667 0.685667 0.198667 0.155333
2 0.196667 0.554667 0.192 0.137333
1 0.464333 0.5900000000000001 0.216667 0.174667
1 0.565333 0.479333 0.168 0.157333
1 0.732667 0.485 0.18 0.151333
1 0.444333 0.452333 0.084667 0.103333
1 0.326333 0.43000000000000005 0.168667 0.230667
1 0.182 0.40733299999999995 0.154667 0.157333
1 0.057333 0.392 0.114667 0.142667
1 0.184 0.25733300000000003 0.236 0.154667
1 0.433 0.315333 0.184667 0.165333
1 0.610333 0.32466700000000004 0.206 0.18
1 0.48 0.17033299999999996 0.246667 0.160667
1 0.106333 0.11266699999999996 0.198 0.214667
1 0.621333 0.10733300000000001 0.194667 0.209333
1 0.745 0.12066699999999997 0.186 0.166667
1 0.872667 0.129 0.166667 0.188667
1 0.887667 0.31266700000000003 0.212667 0.273333
1 0.73 0.25933300000000004 0.202667 0.202667
2 0.252 0.12433300000000003 0.141333 0.126
0 0.681333 0.959667 0.153333 0.079333
2 0.942333 0.801667 0.111333 0.143333
2 0.394667 0.06666700000000003 0.24 0.133333
2 0.919 0.9319999999999999 0.154 0.134667
