0 0.46066700000000005 0.817667 0.138667 0.159333
0 0.599 0.747333 0.147333 0.116
0 0.536667 0.642667 0.189333 0.192
0 0.382667 0.649 0.148 0.184667
0 0.274667 0.563333 0.134667 0.133333
0 0.724 0.41500000000000004 0.164 0.159333
0 0.525 0.24966699999999997 0.139333 0.111333
0 0.52 0.366333 0.110667 0.106
0 0.488333 0.483333 0.132667 0.133333
0 0.683 0.572667 0.164667 0.169333
0 0.766 0.7090000000000001 0.153333 0.19
0 0.685667 0.8446670000000001 0.19 0.205333
0 0.867667 0.765333 0.175333 0.2
0 0.34866699999999995 0.779667 0.146667 0.127333
0 0.227333 0.784333 0.117333 0.159333
0 0.11699999999999999 0.862667 0.154 0.158667
0 0.21899999999999997 0.919 0.124667 0.116667
0 0.42500000000000004 0.937667 0.136667 0.123333
0 0.20033299999999998 0.630333 0.184667 0.175333
0 0.391 0.402 0.164667 0.177333
0 0.31566700000000003 0.329333 0.147333 0.142667
0 0.16800000000000004 0.46399999999999997 0.2 0.134667
0 0.05700000000000005 0.542667 0.114 0.148
0 0.20033299999999998 0.17366700000000002 0.146 0.119333
0 0.10733300000000001 0.31466700000000003 0.157333 0.152
0 0.038000000000000034 0.395667 0.076 0.124667
0 0.614 0.11166699999999996 0.310667 0.223333
0 0.06833299999999998 0.12033300000000002 0.124667 0.091333
0 0.06633299999999998 0.20799999999999996 0.132667 0.093333
0 0.906333 0.525333 0.084667 0.089333
0 0.826667 0.590667 0.124 0.142667
0 0.741333 0.925 0.26 0.148667
0 0.5493330000000001 0.938667 0.128 0.121333
