3 0.053 0.959 0.075333 0.07
2 0.065667 0.844333 0.116667 0.140667
3 0.165 0.89 0.131333 0.132
2 0.308 0.804 0.048 0.057333
3 0.382333 0.836667 0.096667 0.094667
3 0.468333 0.789 0.078 0.092667
3 0.454667 0.901667 0.108 0.118
3 0.546333 0.871333 0.086 0.094667
3 0.642667 0.907667 0.106667 0.116667
2 0.675333 0.782667 0.074667 0.074667
2 0.762 0.898667 0.070667 0.070667
3 0.852667 0.887 0.106667 0.15
3 0.756 0.677 0.094667 0.080667
2 0.672667 0.671333 0.066667 0.064
2 0.756 0.751333 0.064 0.052
2 0.854 0.637 0.109333 0.119333
3 0.950667 0.621667 0.064 0.05
2 0.95 0.5329999999999999 0.068 0.051333
3 0.873333 0.397 0.073333 0.082
2 0.794 0.369333 0.098667 0.073333
2 0.799 0.442333 0.086 0.080667
2 0.781 0.512667 0.072667 0.073333
3 0.762333 0.5836669999999999 0.082 0.083333
3 0.676333 0.563 0.087333 0.080667
2 0.686333 0.45899999999999996 0.15 0.160667
2 0.711333 0.328333 0.1 0.108667
2 0.718333 0.24133300000000002 0.083333 0.068
3 0.740667 0.11599999999999999 0.133333 0.172
3 0.866333 0.14300000000000002 0.064667 0.051333
2 0.837333 0.055332999999999966 0.093333 0.110667
2 0.613333 0.20333299999999999 0.132 0.128
3 0.632333 0.10766699999999996 0.072667 0.080667
2 0.600333 0.330333 0.114 0.120667
2 0.500333 0.39233300000000004 0.094 0.106
2 0.416333 0.374 0.082 0.097333
3 0.428333 0.273 0.122 0.108667
3 0.449 0.14033300000000004 0.106 0.120667
2 0.538667 0.08399999999999996 0.104 0.133333
2 0.346333 0.11866699999999997 0.114 0.125333
2 0.316333 0.22766699999999995 0.098 0.143333
2 0.212333 0.20466700000000004 0.092667 0.094667
3 0.234 0.10066699999999995 0.102667 0.122667
3 0.334 0.32366700000000004 0.066667 0.062
2 0.199667 0.29100000000000004 0.098 0.114
2 0.096333 0.29933299999999996 0.116667 0.138667
3 0.320667 0.39733300000000005 0.076 0.068
3 0.324667 0.47366699999999995 0.134667 0.095333
3 0.199667 0.40133300000000005 0.051333 0.037333
3 0.193 0.498333 0.087333 0.082
3 0.180667 0.606333 0.102667 0.116667
3 0.069333 0.692333 0.106667 0.096667
3 0.098333 0.600333 0.062 0.05
3 0.376 0.548 0.109333 0.105333
3 0.384333 0.65 0.107333 0.093333
3 0.392667 0.727 0.078667 0.060667
2 0.469 0.692333 0.056667 0.055333
2 0.476 0.575 0.101333 0.143333
2 0.558667 0.643 0.144 0.174
3 0.567 0.520667 0.07 0.065333
3 0.945667 0.24433300000000002 0.079333 0.087333
3 0.519667 0.278667 0.059333 0.054667
3 0.37 0.030667 0.090667 0.061333
0 0.206 0.7026669999999999 0.053333 0.052
0 0.284333 0.739333 0.059333 0.070667
0 0.815 0.21999999999999997 0.104667 0.117333
0 0.869333 0.738 0.1 0.076
3 0.937333 0.797667 0.125333 0.158
2 0.950667 0.442333 0.098667 0.120667
