0 0.186667 0.652 0.122667 0.136
0 0.403333 0.7046669999999999 0.110667 0.126667
0 0.302333 0.667 0.138 0.139333
0 0.275333 0.554333 0.090667 0.128667
0 0.384667 0.544 0.2 0.194667
0 0.523333 0.692333 0.137333 0.166
0 0.555 0.5680000000000001 0.114 0.122667
0 0.655333 0.5800000000000001 0.109333 0.129333
0 0.776 0.5816669999999999 0.128 0.108667
0 0.787 0.7030000000000001 0.127333 0.134
0 0.762333 0.833333 0.108667 0.124
0 0.640333 0.819333 0.168667 0.190667
0 0.515667 0.818667 0.144667 0.18
0 0.256333 0.432667 0.158 0.134667
0 0.097333 0.5449999999999999 0.190667 0.252667
0 0.22 0.874 0.150667 0.209333
0 0.074667 0.867333 0.148 0.254667
0 0.331 0.8506670000000001 0.112667 0.224
0 0.410333 0.838667 0.091333 0.14
0 0.863667 0.941667 0.138 0.106
0 0.872667 0.7853330000000001 0.106667 0.101333
0 0.085 0.349333 0.152667 0.152
0 0.201333 0.263 0.146667 0.171333
0 0.150667 0.15500000000000003 0.085333 0.102
0 0.057333 0.21766700000000005 0.105333 0.103333
0 0.425 0.397667 0.143333 0.144667
0 0.357667 0.285667 0.167333 0.202
0 0.407667 0.19466700000000003 0.136667 0.130667
0 0.540667 0.361 0.118667 0.156667
0 0.540667 0.22399999999999998 0.177333 0.185333
0 0.647667 0.22066699999999995 0.082 0.12
0 0.614667 0.413667 0.056 0.082
0 0.648333 0.32366700000000004 0.107333 0.139333
0 0.745667 0.45766700000000005 0.147333 0.139333
0 0.888333 0.525333 0.144667 0.162667
0 0.83 0.372333 0.126667 0.122
0 0.727333 0.19733299999999998 0.104 0.150667
0 0.345333 0.07666700000000004 0.134667 0.134667
0 0.212667 0.14100000000000001 0.082667 0.088667
0 0.49 0.07733299999999999 0.101333 0.14
0 0.592 0.07499999999999996 0.154667 0.15
0 0.719667 0.07066700000000004 0.11 0.141333
0 0.741 0.33099999999999996 0.092667 0.120667
0 0.824333 0.24533300000000002 0.086 0.117333
0 0.895 0.08799999999999997 0.21 0.176
0 0.953 0.20299999999999996 0.094 0.155333
0 0.913333 0.32899999999999996 0.076 0.075333
0 0.924333 0.404 0.064667 0.08
0 0.953333 0.751667 0.093333 0.128667
