1 0.111333 0.742 0.138667 0.133333
1 0.088333 0.852333 0.148667 0.15
1 0.21 0.829667 0.102667 0.124667
1 0.343333 0.898667 0.177333 0.173333
1 0.354333 0.711 0.180667 0.238
1 0.214333 0.609667 0.242 0.238
1 0.103667 0.498667 0.184667 0.198667
1 0.117 0.342333 0.147333 0.132667
1 0.145 0.202667 0.180667 0.157333
2 0.085667 0.095667 0.143333 0.143333
1 0.251667 0.458333 0.106 0.102
1 0.294 0.337 0.196 0.15
2 0.314333 0.170667 0.155333 0.198667
2 0.445333 0.196667 0.137333 0.192
1 0.41 0.464333 0.174667 0.216667
1 0.520667 0.565333 0.157333 0.168
1 0.515 0.732667 0.151333 0.18
1 0.547667 0.444333 0.103333 0.084667
1 0.57 0.326333 0.230667 0.168667
1 0.592667 0.182 0.157333 0.154667
1 0.608 0.057333 0.142667 0.114667
1 0.742667 0.184 0.154667 0.236
1 0.684667 0.433 0.165333 0.184667
1 0.675333 0.610333 0.18 0.206
1 0.829667 0.48 0.160667 0.246667
1 0.887333 0.106333 0.214667 0.198
1 0.892667 0.621333 0.209333 0.194667
1 0.879333 0.745 0.166667 0.186
1 0.871 0.872667 0.188667 0.166667
1 0.687333 0.887667 0.273333 0.212667
1 0.740667 0.73 0.202667 0.202667
2 0.875667 0.252 0.126 0.141333
0 0.040333 0.681333 0.079333 0.153333
2 0.198333 0.942333 0.143333 0.111333
2 0.933333 0.394667 0.133333 0.24
2 0.068 0.919 0.134667 0.154
