0 0.137 0.969667 0.042 0.040667
0 0.922 0.556 0.08 0.08
0 0.809667 0.134667 0.075333 0.076
0 0.5800000000000001 0.370333 0.061333 0.055333
0 0.538 0.317667 0.04 0.05
0 0.591 0.247667 0.083333 0.091333
0 0.778667 0.352667 0.101333 0.125333
0 0.843 0.422667 0.103333 0.092
0 0.813 0.218333 0.072667 0.09
0 0.733 0.235667 0.094 0.104667
0 0.53 0.410667 0.036 0.04
0 0.269 0.157333 0.127333 0.129333
0 0.212333 0.224667 0.042 0.06
0 0.730333 0.836333 0.288667 0.308667
0 0.897 0.873667 0.152667 0.159333
0 0.12066699999999997 0.746 0.052 0.069333
0 0.679 0.358 0.056667 0.053333
0 0.42233299999999996 0.968 0.098 0.064
0 0.506 0.066333 0.081333 0.09
0 0.5589999999999999 0.642333 0.018 0.024667
0 0.48866699999999996 0.576667 0.034667 0.036
0 0.527333 0.546 0.025333 0.030667
0 0.133 0.627 0.051333 0.052667
0 0.07099999999999995 0.619 0.074 0.083333
