0 0.919333 0.693667 0.056 0.056667
0 0.869333 0.644 0.097333 0.08
0 0.952 0.822333 0.094667 0.114
0 0.953667 0.936333 0.091333 0.126
0 0.897333 0.757667 0.084 0.107333
0 0.452333 0.430667 0.138 0.128
0 0.680667 0.30733299999999997 0.128 0.122667
0 0.18833299999999997 0.472333 0.046 0.05
0 0.258 0.414667 0.144 0.121333
0 0.747333 0.41200000000000003 0.061333 0.089333
0 0.677667 0.45366700000000004 0.115333 0.114
0 0.596333 0.404 0.048667 0.08
0 0.530667 0.448333 0.085333 0.188667
0 0.506667 0.05033299999999996 0.06 0.056667
0 0.825 0.142667 0.095333 0.110667
0 0.590667 0.24966699999999997 0.106667 0.126
0 0.5349999999999999 0.267667 0.075333 0.134
0 0.443333 0.28233299999999995 0.108 0.132667
0 0.24566699999999997 0.739333 0.443333 0.377333
0 0.76 0.850333 0.38 0.298
0 0.18433299999999997 0.20166700000000004 0.368667 0.400667
0 0.6293329999999999 0.07199999999999995 0.093333 0.096
