0 0.776667 0.089667 0.053333 0.05
0 0.79 0.409333 0.176 0.149333
0 0.6226670000000001 0.400333 0.128 0.127333
0 0.685 0.1 0.13 0.153333
0 0.696 0.288333 0.141333 0.132667
0 0.47566699999999995 0.18 0.083333 0.066667
0 0.5736669999999999 0.202667 0.127333 0.112
0 0.47866699999999995 0.234333 0.065333 0.05
0 0.512667 0.288667 0.077333 0.078667
0 0.43400000000000005 0.319333 0.08 0.086667
0 0.382 0.281667 0.038667 0.044667
0 0.04266700000000001 0.357333 0.070667 0.058667
0 0.777 0.738333 0.196667 0.184667
0 0.647 0.643667 0.134 0.143333
0 0.5553330000000001 0.661 0.082667 0.07
0 0.488333 0.637667 0.059333 0.068667
0 0.40833299999999995 0.654 0.067333 0.066667
0 0.378 0.344 0.066667 0.065333
0 0.19899999999999995 0.283667 0.066 0.07
0 0.31399999999999995 0.309 0.076 0.079333
0 0.15900000000000003 0.531667 0.127333 0.119333
0 0.31466700000000003 0.396333 0.085333 0.095333
0 0.484 0.454333 0.088 0.095333
0 0.404667 0.457333 0.08 0.094667
0 0.7216670000000001 0.883333 0.136667 0.105333
0 0.490333 0.746333 0.075333 0.086
0 0.07433299999999998 0.643333 0.148667 0.170667
0 0.06999999999999995 0.759333 0.065333 0.061333
0 0.11233300000000002 0.823667 0.124667 0.144667
0 0.469333 0.570333 0.072 0.063333
0 0.9013329999999999 0.558333 0.184 0.242
0 0.344333 0.568333 0.07 0.078
0 0.22566699999999995 0.597 0.106 0.11
0 0.19633299999999998 0.767333 0.119333 0.142667
0 0.32799999999999996 0.841333 0.141333 0.174667
0 0.33066700000000004 0.703667 0.161333 0.122
0 0.424667 0.836333 0.073333 0.118
0 0.46366700000000005 0.114333 0.074 0.067333
0 0.12133300000000002 0.124667 0.242667 0.245333
0 0.24233300000000002 0.420667 0.075333 0.094667
0 0.165667 0.417 0.083333 0.126
0 0.10766699999999996 0.388667 0.074 0.113333
