3 0.947 0.041 0.075333 0.07
2 0.934333 0.155667 0.116667 0.140667
3 0.835 0.11 0.131333 0.132
2 0.692 0.196 0.048 0.057333
3 0.617667 0.163333 0.096667 0.094667
3 0.531667 0.211 0.078 0.092667
3 0.5453330000000001 0.098333 0.108 0.118
3 0.45366700000000004 0.128667 0.086 0.094667
3 0.357333 0.092333 0.106667 0.116667
2 0.32466700000000004 0.217333 0.074667 0.074667
2 0.238 0.101333 0.070667 0.070667
3 0.14733300000000005 0.113 0.106667 0.15
3 0.244 0.323 0.094667 0.080667
2 0.327333 0.328667 0.066667 0.064
2 0.244 0.248667 0.064 0.052
2 0.14600000000000002 0.363 0.109333 0.119333
3 0.04933299999999996 0.378333 0.064 0.05
2 0.050000000000000044 0.467 0.068 0.051333
3 0.12666699999999997 0.603 0.073333 0.082
2 0.20599999999999996 0.630667 0.098667 0.073333
2 0.20099999999999996 0.557667 0.086 0.080667
2 0.21899999999999997 0.487333 0.072667 0.073333
3 0.23766699999999996 0.416333 0.082 0.083333
3 0.32366700000000004 0.437 0.087333 0.080667
2 0.31366700000000003 0.541 0.15 0.160667
2 0.288667 0.671667 0.1 0.108667
2 0.281667 0.758667 0.083333 0.068
3 0.25933300000000004 0.884 0.133333 0.172
3 0.13366699999999998 0.857 0.064667 0.051333
2 0.162667 0.944667 0.093333 0.110667
2 0.386667 0.796667 0.132 0.128
3 0.36766699999999997 0.892333 0.072667 0.080667
2 0.399667 0.669667 0.114 0.120667
2 0.499667 0.607667 0.094 0.106
2 0.5836669999999999 0.626 0.082 0.097333
3 0.5716669999999999 0.727 0.122 0.108667
3 0.5509999999999999 0.859667 0.106 0.120667
2 0.461333 0.916 0.104 0.133333
2 0.653667 0.881333 0.114 0.125333
2 0.683667 0.772333 0.098 0.143333
2 0.787667 0.795333 0.092667 0.094667
3 0.766 0.899333 0.102667 0.122667
3 0.6659999999999999 0.676333 0.066667 0.062
2 0.800333 0.709 0.098 0.114
2 0.903667 0.700667 0.116667 0.138667
3 0.679333 0.602667 0.076 0.068
3 0.675333 0.526333 0.134667 0.095333
3 0.800333 0.598667 0.051333 0.037333
3 0.8069999999999999 0.501667 0.087333 0.082
3 0.819333 0.393667 0.102667 0.116667
3 0.930667 0.307667 0.106667 0.096667
3 0.901667 0.399667 0.062 0.05
3 0.624 0.452 0.109333 0.105333
3 0.615667 0.35 0.107333 0.093333
3 0.607333 0.273 0.078667 0.060667
2 0.531 0.307667 0.056667 0.055333
2 0.524 0.425 0.101333 0.143333
2 0.441333 0.357 0.144 0.174
3 0.43300000000000005 0.479333 0.07 0.065333
3 0.054332999999999965 0.755667 0.079333 0.087333
3 0.480333 0.721333 0.059333 0.054667
3 0.63 0.969333 0.090667 0.061333
0 0.794 0.297333 0.053333 0.052
0 0.715667 0.260667 0.059333 0.070667
0 0.18500000000000005 0.78 0.104667 0.117333
0 0.13066699999999998 0.262 0.1 0.076
3 0.06266700000000003 0.202333 0.125333 0.158
2 0.04933299999999996 0.557667 0.098667 0.120667
