0 0.345333 0.667333 0.076 0.084
0 0.411333 0.7356670000000001 0.121333 0.126
0 0.453 0.642333 0.082 0.075333
0 0.487333 0.5469999999999999 0.144 0.116667
0 0.559333 0.46399999999999997 0.082667 0.053333
0 0.175667 0.675667 0.051333 0.059333
0 0.196 0.748333 0.092 0.086
0 0.266333 0.845 0.060667 0.047333
0 0.135667 0.575 0.174 0.184667
0 0.066667 0.411667 0.085333 0.108667
0 0.682333 0.31766700000000003 0.17 0.212667
0 0.585333 0.18333299999999997 0.206667 0.186667
0 0.618 0.07299999999999995 0.06 0.047333
0 0.465667 0.10866699999999996 0.186 0.216
0 0.201333 0.916333 0.068 0.062
0 0.748667 0.835333 0.084 0.110667
0 0.81 0.154667 0.126667 0.154667
