0 0.651 0.522667 0.222 0.197333
0 0.6659999999999999 0.649333 0.098667 0.06
0 0.486333 0.624 0.152667 0.141333
0 0.19866700000000004 0.286333 0.094667 0.096667
0 0.16533299999999995 0.475667 0.098667 0.088667
0 0.161667 0.819333 0.194 0.141333
0 0.15433300000000005 0.694333 0.235333 0.188667
0 0.507667 0.258 0.102 0.113333
0 0.647 0.257333 0.091333 0.072
0 0.08599999999999997 0.935333 0.172 0.124
0 0.931667 0.752 0.127333 0.130667
0 0.757 0.632667 0.086 0.116
0 0.696333 0.703333 0.078 0.064
0 0.713333 0.293333 0.092 0.089333
0 0.607667 0.895 0.072667 0.084667
0 0.17366700000000002 0.563 0.088667 0.078
0 0.247 0.511 0.075333 0.062
0 0.08766700000000005 0.526 0.063333 0.062667
0 0.469 0.127 0.154 0.160667
0 0.733333 0.847333 0.033333 0.030667
0 0.409667 0.717667 0.063333 0.075333
