0 0.919333 0.306333 0.056 0.056667
0 0.869333 0.356 0.097333 0.08
0 0.952 0.177667 0.094667 0.114
0 0.953667 0.063667 0.091333 0.126
0 0.897333 0.242333 0.084 0.107333
0 0.452333 0.569333 0.138 0.128
0 0.680667 0.692667 0.128 0.122667
0 0.18833299999999997 0.527667 0.046 0.05
0 0.258 0.585333 0.144 0.121333
0 0.747333 0.588 0.061333 0.089333
0 0.677667 0.546333 0.115333 0.114
0 0.596333 0.596 0.048667 0.08
0 0.530667 0.551667 0.085333 0.188667
0 0.506667 0.949667 0.06 0.056667
0 0.825 0.857333 0.095333 0.110667
0 0.590667 0.750333 0.106667 0.126
0 0.5349999999999999 0.732333 0.075333 0.134
0 0.443333 0.717667 0.108 0.132667
0 0.24566699999999997 0.260667 0.443333 0.377333
0 0.76 0.149667 0.38 0.298
0 0.18433299999999997 0.798333 0.368667 0.400667
0 0.6293329999999999 0.928 0.093333 0.096
