0 0.924 0.576333 0.150667 0.136667
0 0.790667 0.6843330000000001 0.221333 0.160667
0 0.873333 0.40333300000000005 0.066667 0.081333
0 0.927667 0.294667 0.138 0.184
0 0.6819999999999999 0.485 0.228 0.192667
0 0.636 0.639 0.136 0.127333
0 0.51 0.570333 0.14 0.166
0 0.557667 0.753333 0.166 0.184
0 0.423667 0.718667 0.118 0.152
0 0.32966700000000004 0.8089999999999999 0.128667 0.15
0 0.31133299999999997 0.637667 0.185333 0.182
0 0.40233300000000005 0.5393330000000001 0.100667 0.162667
0 0.33299999999999996 0.474 0.15 0.153333
0 0.19899999999999995 0.792333 0.164667 0.186
0 0.11633300000000002 0.9013329999999999 0.135333 0.176
0 0.11033300000000001 0.658667 0.218 0.214667
0 0.19799999999999995 0.41700000000000004 0.198667 0.223333
0 0.34466699999999995 0.32099999999999995 0.122667 0.136667
0 0.550667 0.089333 0.161333 0.178667
0 0.795667 0.31866700000000003 0.122 0.132
0 0.132 0.089333 0.1 0.101333
0 0.05600000000000005 0.16833299999999995 0.112 0.200667
0 0.381 0.12766699999999997 0.168667 0.154
0 0.19866700000000004 0.255 0.092 0.103333
0 0.255 0.05933299999999997 0.154 0.118667
0 0.25233300000000003 0.18733299999999997 0.123333 0.148
0 0.048667000000000016 0.479333 0.097333 0.158667
0 0.828667 0.14500000000000002 0.233333 0.223333
0 0.7010000000000001 0.22499999999999998 0.080667 0.084667
0 0.667333 0.31399999999999995 0.114667 0.114667
0 0.25333300000000003 0.952 0.125333 0.094667
0 0.47366699999999995 0.361333 0.140667 0.170667
0 0.6779999999999999 0.08899999999999997 0.085333 0.079333
0 0.693333 0.825333 0.104 0.089333
0 0.875 0.703667 0.052667 0.055333
