3 0.92 0.128667 0.141333 0.104
3 0.813 0.241333 0.108667 0.106667
3 0.6966669999999999 0.169 0.097333 0.087333
3 0.704 0.256 0.101333 0.102667
2 0.486333 0.186667 0.120667 0.136
3 0.44299999999999995 0.069667 0.11 0.122
2 0.32699999999999996 0.080333 0.124667 0.140667
3 0.19966700000000004 0.086 0.118 0.126667
3 0.091333 0.105 0.098667 0.115333
2 0.15900000000000003 0.193333 0.142 0.128
3 0.377 0.190667 0.094 0.086667
3 0.395667 0.282333 0.087333 0.114
2 0.28600000000000003 0.274 0.132 0.156
2 0.17900000000000005 0.295 0.082 0.116667
2 0.563333 0.276 0.158667 0.121333
3 0.579 0.374667 0.140667 0.124
3 0.46066700000000005 0.371 0.1 0.122
3 0.47566699999999995 0.479667 0.100667 0.091333
2 0.372 0.419667 0.126667 0.147333
2 0.266 0.404 0.113333 0.106667
2 0.15700000000000003 0.408667 0.115333 0.105333
3 0.05900000000000005 0.413667 0.091333 0.104667
2 0.23566699999999996 0.536333 0.180667 0.175333
2 0.08566700000000005 0.535333 0.15 0.205333
3 0.671 0.457333 0.182 0.18
3 0.835333 0.472 0.146667 0.129333
2 0.810333 0.347 0.163333 0.128667
2 0.939667 0.358667 0.106 0.128
2 0.927 0.574667 0.122 0.118667
2 0.7893330000000001 0.689 0.2 0.15
3 0.722333 0.615667 0.074 0.086
3 0.620333 0.611667 0.119333 0.119333
3 0.6373329999999999 0.706667 0.098667 0.098667
3 0.501333 0.615 0.14 0.140667
3 0.5333330000000001 0.74 0.126667 0.129333
3 0.41800000000000004 0.728 0.129333 0.164
2 0.30200000000000005 0.732333 0.110667 0.172667
3 0.19733299999999998 0.759333 0.124 0.16
2 0.09499999999999997 0.688 0.178 0.138667
2 0.136 0.895 0.088 0.119333
2 0.26933300000000004 0.903667 0.190667 0.176667
2 0.458333 0.867667 0.168667 0.146
3 0.5840000000000001 0.919 0.12 0.154
3 0.711667 0.914667 0.114 0.101333
3 0.6723330000000001 0.813 0.092667 0.122
2 0.769333 0.793333 0.16 0.125333
2 0.818667 0.904667 0.113333 0.1
2 0.929333 0.86 0.132 0.161333
2 0.938333 0.229 0.122 0.112667
2 0.597333 0.227333 0.098667 0.129333
0 0.589333 0.5 0.070667 0.068
0 0.29200000000000004 0.625 0.065333 0.078
3 0.723 0.063 0.104667 0.124667
3 0.821 0.057 0.111333 0.112667
3 0.550667 0.064 0.118667 0.126667
2 0.05233299999999996 0.925 0.104667 0.140667
