0 0.039667 0.915333 0.068667 0.073333
0 0.094 0.922333 0.04 0.043333
0 0.059333 0.827333 0.113333 0.104
0 0.137333 0.866667 0.096 0.110667
0 0.219 0.89 0.094 0.108
0 0.301333 0.833333 0.106667 0.118667
0 0.110667 0.595 0.085333 0.082
0 0.809667 0.7456670000000001 0.143333 0.138
0 0.795333 0.889667 0.254667 0.216667
0 0.618 0.886667 0.056 0.054667
0 0.576667 0.750333 0.082667 0.07
0 0.474667 0.730333 0.12 0.111333
0 0.517333 0.813333 0.028 0.024
0 0.556333 0.959667 0.042 0.042
0 0.539667 0.893333 0.111333 0.096
0 0.231 0.630667 0.124667 0.129333
0 0.212333 0.5493330000000001 0.046 0.052
0 0.182667 0.584667 0.026667 0.036
0 0.166667 0.605667 0.026667 0.023333
0 0.125333 0.498 0.098667 0.082667
0 0.100333 0.708333 0.096667 0.083333
0 0.093667 0.34766699999999995 0.186 0.204667
0 0.411667 0.916667 0.107333 0.081333
0 0.285 0.929 0.046 0.054
0 0.214333 0.48766699999999996 0.048667 0.078
0 0.288333 0.5043329999999999 0.095333 0.164667
0 0.286 0.362333 0.090667 0.107333
0 0.397 0.708 0.058 0.092
0 0.434333 0.657667 0.059333 0.075333
0 0.599667 0.603333 0.220667 0.224
0 0.414333 0.522667 0.154 0.177333
0 0.179 0.677333 0.060667 0.065333
0 0.388 0.819333 0.053333 0.061333
