3 0.940333 0.709667 0.084667 0.087333
3 0.936333 0.603667 0.076667 0.082
3 0.844667 0.631 0.065333 0.058
3 0.859 0.706 0.080667 0.097333
3 0.784667 0.726 0.065333 0.065333
3 0.782 0.652667 0.073333 0.070667
2 0.785333 0.578 0.072 0.066667
3 0.694333 0.575333 0.11 0.094667
3 0.624333 0.465667 0.091333 0.100667
3 0.690333 0.482333 0.035333 0.042
3 0.760333 0.489 0.091333 0.086
3 0.679333 0.396333 0.098667 0.083333
2 0.821667 0.382667 0.119333 0.1
2 0.953 0.335333 0.084667 0.069333
2 0.955 0.24 0.072667 0.085333
2 0.873 0.233333 0.088667 0.068
2 0.827 0.290667 0.106 0.086667
3 0.734333 0.250667 0.086 0.097333
3 0.659667 0.217667 0.104667 0.120667
2 0.857667 0.142333 0.083333 0.080667
2 0.782667 0.054667 0.105333 0.089333
3 0.716 0.103333 0.049333 0.038667
2 0.923 0.080333 0.147333 0.140667
2 0.645 0.053333 0.122 0.097333
2 0.499333 0.065667 0.105333 0.083333
2 0.403333 0.037333 0.072 0.070667
3 0.404333 0.107333 0.048667 0.050667
2 0.412667 0.191333 0.065333 0.076
2 0.503667 0.154333 0.078 0.080667
3 0.584667 0.133667 0.068 0.075333
3 0.586667 0.206 0.030667 0.036
3 0.682667 0.315 0.046667 0.048667
3 0.561 0.454333 0.048667 0.040667
3 0.953 0.797333 0.094 0.097333
2 0.963333 0.408333 0.073333 0.080667
0 0.768667 0.815667 0.262667 0.267333
0 0.495333 0.524667 0.165333 0.193333
0 0.548 0.32 0.217333 0.241333
0 0.902 0.423 0.064 0.079333
0 0.855 0.452 0.080667 0.073333
0 0.92 0.503333 0.069333 0.065333
0 0.156667 0.688 0.309333 0.289333
0 0.1 0.135 0.198667 0.211333
