2 0.863 0.952333 0.124667 0.088667
2 0.8416669999999999 0.851667 0.138 0.126
2 0.936667 0.863333 0.094667 0.102667
2 0.909 0.775333 0.099333 0.098667
3 0.828333 0.772 0.088667 0.074667
3 0.733333 0.755 0.088 0.080667
2 0.729 0.6783330000000001 0.087333 0.082
2 0.7276670000000001 0.588667 0.104667 0.125333
3 0.790333 0.534333 0.059333 0.058
2 0.948 0.569333 0.064 0.064
3 0.9033329999999999 0.671667 0.092 0.111333
3 0.820667 0.7010000000000001 0.073333 0.072667
2 0.825333 0.615667 0.1 0.095333
3 0.956333 0.495333 0.072667 0.092
3 0.8526670000000001 0.505667 0.137333 0.115333
3 0.782 0.398 0.096 0.1
3 0.866 0.401 0.077333 0.083333
3 0.948 0.399667 0.092 0.094
2 0.940333 0.28500000000000003 0.087333 0.131333
2 0.860333 0.29133299999999995 0.086 0.122667
2 0.767333 0.304667 0.110667 0.093333
2 0.661667 0.265 0.072667 0.094
3 0.745 0.21699999999999997 0.094 0.087333
3 0.823667 0.20866700000000005 0.071333 0.088
3 0.912667 0.19066700000000003 0.098667 0.090667
3 0.692333 0.45099999999999996 0.039333 0.047333
2 0.605667 0.575333 0.140667 0.104
2 0.611667 0.482333 0.119333 0.09
2 0.613667 0.381667 0.146 0.119333
2 0.583333 0.30100000000000005 0.098667 0.100667
3 0.574667 0.209333 0.098667 0.092
3 0.478333 0.28433299999999995 0.116667 0.13
3 0.48466699999999996 0.17666700000000002 0.098667 0.104
3 0.487333 0.08199999999999996 0.098667 0.096
3 0.393 0.19399999999999995 0.079333 0.102667
3 0.39033300000000004 0.09766699999999995 0.087333 0.087333
3 0.29300000000000004 0.10633300000000001 0.107333 0.114
3 0.31966700000000003 0.21066700000000005 0.084667 0.097333
3 0.33999999999999997 0.300667 0.104 0.1
3 0.24133300000000002 0.33366700000000005 0.098667 0.092667
2 0.230333 0.24 0.084667 0.094667
3 0.22266699999999995 0.16400000000000003 0.066667 0.073333
3 0.150667 0.242 0.097333 0.109333
3 0.12766699999999997 0.126 0.09 0.113333
3 0.04700000000000004 0.13933300000000004 0.079333 0.101333
2 0.05900000000000005 0.05400000000000005 0.058 0.061333
2 0.15833299999999995 0.34199999999999997 0.076667 0.093333
2 0.05933299999999997 0.325333 0.118667 0.098667
3 0.20133299999999998 0.446333 0.085333 0.076667
3 0.08899999999999997 0.45799999999999996 0.123333 0.133333
2 0.20366700000000004 0.553667 0.122 0.119333
3 0.10466699999999995 0.564333 0.092 0.082
3 0.099333 0.665 0.113333 0.111333
2 0.23533300000000001 0.667333 0.141333 0.133333
2 0.14200000000000002 0.757333 0.1 0.090667
3 0.231333 0.794 0.125333 0.125333
3 0.147667 0.847667 0.080667 0.079333
2 0.24366699999999997 0.917 0.075333 0.102
2 0.152667 0.938667 0.109333 0.105333
2 0.501333 0.935667 0.093333 0.088667
2 0.6910000000000001 0.927667 0.103333 0.086
3 0.599333 0.905 0.08 0.080667
2 0.688333 0.823333 0.119333 0.144
2 0.588667 0.8089999999999999 0.098667 0.116667
3 0.492333 0.844333 0.114 0.114
3 0.540333 0.730333 0.095333 0.111333
2 0.45299999999999996 0.723 0.084667 0.116667
3 0.377 0.697667 0.07 0.079333
3 0.355 0.6066670000000001 0.116667 0.094667
3 0.460333 0.628333 0.083333 0.079333
0 0.393 0.454333 0.283333 0.298
2 0.028666999999999998 0.582333 0.057333 0.11
2 0.9666669999999999 0.656333 0.065333 0.092667
0 0.813667 0.14300000000000002 0.079333 0.062
0 0.033667 0.21999999999999997 0.048667 0.053333
0 0.289667 0.5593330000000001 0.07 0.061333
