2 0.257667 0.096333 0.052667 0.052667
2 0.344667 0.085333 0.070667 0.072
3 0.424333 0.085667 0.091333 0.092667
3 0.492333 0.047333 0.058 0.066667
3 0.575667 0.045 0.083333 0.080667
3 0.658333 0.041667 0.046 0.048667
2 0.720667 0.044 0.06 0.062667
3 0.906333 0.076 0.106 0.076
3 0.846 0.140667 0.098667 0.128
3 0.919333 0.179 0.096 0.107333
3 0.743667 0.12 0.078 0.092
3 0.67 0.12 0.072 0.092
3 0.579333 0.130667 0.101333 0.097333
3 0.516 0.184333 0.030667 0.038
3 0.434667 0.164333 0.070667 0.052667
2 0.358 0.166333 0.066667 0.064667
2 0.279 0.196 0.076667 0.069333
3 0.283333 0.283 0.096 0.115333
3 0.369 0.265667 0.078 0.111333
3 0.459667 0.246667 0.112667 0.104
3 0.586 0.226 0.104 0.088
3 0.688333 0.213667 0.088667 0.095333
3 0.752 0.208667 0.038667 0.058667
3 0.844 0.297667 0.105333 0.111333
3 0.794333 0.385667 0.082 0.09
2 0.718667 0.396333 0.077333 0.078
3 0.705333 0.302667 0.068 0.065333
2 0.625 0.297333 0.082 0.069333
2 0.553 0.333 0.09 0.082
3 0.467667 0.326 0.047333 0.054667
3 0.377333 0.355333 0.072 0.068
3 0.303667 0.364333 0.055333 0.060667
2 0.230667 0.386667 0.076 0.072
3 0.236333 0.479333 0.082 0.094667
3 0.315667 0.454 0.083333 0.090667
3 0.396333 0.439 0.083333 0.083333
3 0.477 0.417 0.080667 0.108667
3 0.644667 0.373333 0.070667 0.081333
2 0.572333 0.426 0.107333 0.101333
2 0.663667 0.466333 0.087333 0.087333
2 0.742333 0.486333 0.07 0.088667
3 0.801667 0.466333 0.054 0.074
3 0.871667 0.488667 0.091333 0.106667
3 0.945 0.682333 0.086 0.083333
3 0.799333 0.554 0.082667 0.065333
3 0.885333 0.576 0.1 0.088
3 0.816667 0.633 0.088 0.095333
3 0.880333 0.663 0.046 0.055333
2 0.742333 0.595667 0.080667 0.074
2 0.672667 0.561333 0.1 0.105333
3 0.572333 0.520667 0.126 0.106667
2 0.580667 0.592 0.093333 0.066667
2 0.586667 0.686667 0.128 0.130667
2 0.688667 0.665 0.096 0.104667
3 0.699333 0.766667 0.086667 0.098667
3 0.767333 0.756 0.066667 0.077333
3 0.889 0.733 0.115333 0.076667
3 0.943 0.817667 0.112667 0.087333
3 0.845 0.779333 0.086 0.097333
2 0.771333 0.833667 0.1 0.091333
3 0.857667 0.867667 0.078 0.076667
3 0.195667 0.705 0.11 0.112667
3 0.068 0.640667 0.121333 0.092
2 0.078333 0.738 0.114 0.1
3 0.037333 0.839 0.073333 0.083333
3 0.125 0.851 0.126 0.107333
2 0.272667 0.86 0.069333 0.072
2 0.352 0.870667 0.074667 0.098667
2 0.431 0.878333 0.086 0.124667
2 0.532 0.861667 0.106667 0.152667
2 0.269 0.949333 0.09 0.101333
2 0.207667 0.909333 0.072667 0.078667
3 0.125 0.943 0.09 0.079333
3 0.42 0.545333 0.102667 0.104
2 0.047667 0.943 0.094 0.114
2 0.971667 0.31 0.056667 0.064
2 0.970667 0.397333 0.058667 0.068
2 0.950667 0.912333 0.098667 0.111333
2 0.459667 0.965 0.114 0.07
2 0.353333 0.961 0.090667 0.078
0 0.396333 0.794333 0.080667 0.084667
0 0.325667 0.782667 0.078 0.069333
0 0.504333 0.494333 0.054 0.054
0 0.493 0.604 0.052667 0.053333
