2 0.087333 0.051667 0.096 0.084667
1 0.211333 0.091667 0.105333 0.104667
2 0.13233300000000003 0.13 0.066 0.061333
2 0.14133300000000004 0.221667 0.104 0.114
1 0.21299999999999997 0.188 0.080667 0.102667
1 0.32399999999999995 0.083333 0.128 0.112
1 0.311667 0.192333 0.124667 0.142
1 0.30100000000000005 0.299333 0.076667 0.074667
1 0.43333299999999997 0.215333 0.132 0.132
2 0.46199999999999997 0.049333 0.096 0.094667
2 0.594333 0.069667 0.09 0.11
2 0.526667 0.151333 0.110667 0.121333
1 0.40800000000000003 0.315667 0.106667 0.083333
1 0.5413330000000001 0.273 0.154667 0.122
1 0.700333 0.182667 0.183333 0.182667
2 0.7216670000000001 0.053333 0.148667 0.1
1 0.5369999999999999 0.375 0.123333 0.104667
2 0.646333 0.382667 0.108667 0.164
1 0.503667 0.459667 0.123333 0.084667
1 0.401667 0.411 0.116667 0.126
1 0.31000000000000005 0.393667 0.094667 0.114
1 0.21966699999999995 0.372 0.111333 0.137333
1 0.123 0.348667 0.118 0.16
1 0.11099999999999999 0.450667 0.087333 0.074667
2 0.20133299999999998 0.466667 0.062667 0.057333
2 0.17133299999999996 0.535333 0.092 0.089333
1 0.06233299999999997 0.536 0.123333 0.109333
1 0.12333300000000003 0.637 0.165333 0.116667
1 0.06633299999999998 0.721667 0.076667 0.078
1 0.13133300000000003 0.747333 0.101333 0.121333
1 0.24633300000000002 0.746667 0.144667 0.138667
1 0.265 0.600667 0.156667 0.153333
1 0.294667 0.507 0.1 0.102
1 0.392667 0.542333 0.096 0.136667
1 0.47466699999999995 0.541333 0.088 0.1
2 0.45466700000000004 0.623 0.094667 0.083333
2 0.46299999999999997 0.7 0.058 0.06
2 0.377667 0.683 0.11 0.116667
2 0.361 0.86 0.151333 0.101333
2 0.371 0.77 0.078 0.064
2 0.352 0.949667 0.122667 0.100667
2 0.451333 0.942333 0.062667 0.114
2 0.534333 0.726667 0.09 0.104
2 0.057667000000000024 0.174333 0.114 0.156667
0 0.653667 0.595 0.319333 0.258
0 0.881 0.370333 0.108667 0.114
0 0.933 0.081333 0.127333 0.152
0 0.943667 0.219667 0.112667 0.127333
0 0.839 0.229667 0.094 0.116667
0 0.963333 0.793 0.068 0.058
0 0.808333 0.764 0.135333 0.181333
0 0.671667 0.740333 0.166 0.184667
0 0.536333 0.860667 0.092667 0.093333
0 0.5283329999999999 0.954 0.094 0.092
0 0.694 0.947 0.168 0.106
0 0.740333 0.870667 0.11 0.110667
0 0.798 0.935667 0.081333 0.128667
0 0.11566699999999996 0.904333 0.114 0.092667
