2 0.903667 0.257667 0.052667 0.052667
2 0.914667 0.344667 0.072 0.070667
3 0.9143330000000001 0.424333 0.092667 0.091333
3 0.952667 0.492333 0.066667 0.058
3 0.955 0.575667 0.080667 0.083333
3 0.958333 0.658333 0.048667 0.046
2 0.956 0.720667 0.062667 0.06
3 0.924 0.906333 0.076 0.106
3 0.859333 0.846 0.128 0.098667
3 0.821 0.919333 0.107333 0.096
3 0.88 0.743667 0.092 0.078
3 0.88 0.67 0.092 0.072
3 0.869333 0.579333 0.097333 0.101333
3 0.815667 0.516 0.038 0.030667
3 0.8356669999999999 0.434667 0.052667 0.070667
2 0.8336669999999999 0.358 0.064667 0.066667
2 0.804 0.279 0.069333 0.076667
3 0.7170000000000001 0.283333 0.115333 0.096
3 0.734333 0.369 0.111333 0.078
3 0.753333 0.459667 0.104 0.112667
3 0.774 0.586 0.088 0.104
3 0.786333 0.688333 0.095333 0.088667
3 0.7913330000000001 0.752 0.058667 0.038667
3 0.702333 0.844 0.111333 0.105333
3 0.614333 0.794333 0.09 0.082
2 0.603667 0.718667 0.078 0.077333
3 0.697333 0.705333 0.065333 0.068
2 0.7026669999999999 0.625 0.069333 0.082
2 0.667 0.553 0.082 0.09
3 0.6739999999999999 0.467667 0.054667 0.047333
3 0.644667 0.377333 0.068 0.072
3 0.635667 0.303667 0.060667 0.055333
2 0.613333 0.230667 0.072 0.076
3 0.520667 0.236333 0.094667 0.082
3 0.546 0.315667 0.090667 0.083333
3 0.5609999999999999 0.396333 0.083333 0.083333
3 0.583 0.477 0.108667 0.080667
3 0.626667 0.644667 0.081333 0.070667
2 0.5740000000000001 0.572333 0.101333 0.107333
2 0.533667 0.663667 0.087333 0.087333
2 0.513667 0.742333 0.088667 0.07
3 0.533667 0.801667 0.074 0.054
3 0.511333 0.871667 0.106667 0.091333
3 0.31766700000000003 0.945 0.083333 0.086
3 0.44599999999999995 0.799333 0.065333 0.082667
3 0.42400000000000004 0.885333 0.088 0.1
3 0.367 0.816667 0.095333 0.088
3 0.33699999999999997 0.880333 0.055333 0.046
2 0.40433300000000005 0.742333 0.074 0.080667
2 0.43866700000000003 0.672667 0.105333 0.1
3 0.479333 0.572333 0.106667 0.126
2 0.40800000000000003 0.580667 0.066667 0.093333
2 0.313333 0.586667 0.130667 0.128
2 0.33499999999999996 0.688667 0.104667 0.096
3 0.233333 0.699333 0.098667 0.086667
3 0.244 0.767333 0.077333 0.066667
3 0.267 0.889 0.076667 0.115333
3 0.18233299999999997 0.943 0.087333 0.112667
3 0.22066699999999995 0.845 0.097333 0.086
2 0.16633299999999995 0.771333 0.091333 0.1
3 0.13233300000000003 0.857667 0.076667 0.078
3 0.29500000000000004 0.195667 0.112667 0.11
3 0.359333 0.068 0.092 0.121333
2 0.262 0.078333 0.1 0.114
3 0.16100000000000003 0.037333 0.083333 0.073333
3 0.14900000000000002 0.125 0.107333 0.126
2 0.14 0.272667 0.072 0.069333
2 0.12933300000000003 0.352 0.098667 0.074667
2 0.12166699999999997 0.431 0.124667 0.086
2 0.13833300000000004 0.532 0.152667 0.106667
2 0.05066700000000002 0.269 0.101333 0.09
2 0.09066700000000005 0.207667 0.078667 0.072667
3 0.05700000000000005 0.125 0.079333 0.09
3 0.45466700000000004 0.42 0.104 0.102667
2 0.05700000000000005 0.047667 0.114 0.094
2 0.69 0.971667 0.064 0.056667
2 0.6026670000000001 0.970667 0.068 0.058667
2 0.08766700000000005 0.950667 0.111333 0.098667
2 0.03500000000000003 0.459667 0.07 0.114
2 0.039000000000000035 0.353333 0.078 0.090667
0 0.20566700000000004 0.396333 0.084667 0.080667
0 0.217333 0.325667 0.069333 0.078
0 0.505667 0.504333 0.054 0.054
0 0.396 0.493 0.053333 0.052667
