2 0.05166700000000002 0.912667 0.084667 0.096
1 0.09166700000000005 0.788667 0.104667 0.105333
2 0.13 0.867667 0.061333 0.066
2 0.22166699999999995 0.858667 0.114 0.104
1 0.18799999999999994 0.787 0.102667 0.080667
1 0.08333299999999999 0.676 0.112 0.128
1 0.19233299999999998 0.688333 0.142 0.124667
1 0.29933299999999996 0.699 0.074667 0.076667
1 0.215333 0.566667 0.132 0.132
2 0.04933299999999996 0.538 0.094667 0.096
2 0.06966700000000003 0.405667 0.11 0.09
2 0.15133300000000005 0.473333 0.121333 0.110667
1 0.31566700000000003 0.592 0.083333 0.106667
1 0.273 0.458667 0.122 0.154667
1 0.18266700000000002 0.299667 0.182667 0.183333
2 0.053332999999999964 0.278333 0.1 0.148667
1 0.375 0.463 0.104667 0.123333
2 0.382667 0.353667 0.164 0.108667
1 0.45966700000000005 0.496333 0.084667 0.123333
1 0.41100000000000003 0.598333 0.126 0.116667
1 0.393667 0.69 0.114 0.094667
1 0.372 0.780333 0.137333 0.111333
1 0.34866699999999995 0.877 0.16 0.118
1 0.45066700000000004 0.889 0.074667 0.087333
2 0.46666700000000005 0.798667 0.057333 0.062667
2 0.5353330000000001 0.828667 0.089333 0.092
1 0.536 0.937667 0.109333 0.123333
1 0.637 0.876667 0.116667 0.165333
1 0.7216670000000001 0.933667 0.078 0.076667
1 0.747333 0.868667 0.121333 0.101333
1 0.746667 0.753667 0.138667 0.144667
1 0.6006670000000001 0.735 0.153333 0.156667
1 0.507 0.705333 0.102 0.1
1 0.542333 0.607333 0.136667 0.096
1 0.5413330000000001 0.525333 0.1 0.088
2 0.623 0.545333 0.083333 0.094667
2 0.7 0.537 0.06 0.058
2 0.683 0.622333 0.116667 0.11
2 0.86 0.639 0.101333 0.151333
2 0.77 0.629 0.064 0.078
2 0.949667 0.648 0.100667 0.122667
2 0.942333 0.548667 0.114 0.062667
2 0.726667 0.465667 0.104 0.09
2 0.17433299999999996 0.942333 0.156667 0.114
0 0.595 0.346333 0.258 0.319333
0 0.370333 0.119 0.114 0.108667
0 0.08133299999999999 0.067 0.152 0.127333
0 0.21966699999999995 0.056333 0.127333 0.112667
0 0.22966699999999995 0.161 0.116667 0.094
0 0.793 0.036667 0.058 0.068
0 0.764 0.191667 0.181333 0.135333
0 0.740333 0.328333 0.184667 0.166
0 0.860667 0.463667 0.093333 0.092667
0 0.954 0.471667 0.092 0.094
0 0.947 0.306 0.106 0.168
0 0.870667 0.259667 0.110667 0.11
0 0.935667 0.202 0.128667 0.081333
0 0.904333 0.884333 0.092667 0.114
