2 0.731333 0.398 0.070667 0.072
3 0.672667 0.432 0.082667 0.093333
3 0.296667 0.525667 0.04 0.044667
3 0.312333 0.609667 0.054 0.055333
2 0.410333 0.532333 0.028667 0.03
3 0.473 0.557 0.094 0.108667
3 0.553 0.591333 0.039333 0.038667
3 0.559667 0.526333 0.080667 0.083333
3 0.625 0.556333 0.067333 0.079333
3 0.664667 0.512 0.086667 0.073333
2 0.298333 0.711333 0.095333 0.088
2 0.385667 0.721667 0.043333 0.043333
2 0.480333 0.665667 0.048667 0.046
3 0.615667 0.632 0.079333 0.070667
2 0.715667 0.693 0.104667 0.162
2 0.629667 0.711667 0.076667 0.082
2 0.548333 0.687333 0.09 0.113333
2 0.455 0.751333 0.098 0.118667
3 0.132 0.78 0.050667 0.045333
3 0.218 0.763667 0.078667 0.059333
3 0.194333 0.849333 0.107333 0.088
3 0.287333 0.796 0.065333 0.072
3 0.360667 0.798 0.069333 0.073333
2 0.458667 0.862333 0.102667 0.094
3 0.545 0.873667 0.092667 0.095333
3 0.545 0.784333 0.079333 0.084667
2 0.626 0.806 0.097333 0.105333
3 0.184 0.950667 0.097333 0.086667
2 0.342333 0.891667 0.11 0.108667
2 0.456333 0.951 0.087333 0.098
3 0.539 0.949 0.052667 0.052667
3 0.683667 0.944667 0.062 0.066667
2 0.762333 0.865333 0.138 0.126667
2 0.836333 0.817667 0.094 0.119333
3 0.885333 0.801 0.058667 0.056667
3 0.902333 0.849333 0.054 0.048
3 0.813667 0.63 0.11 0.154667
1 0.892 0.680667 0.036 0.041333
3 0.831667 0.740667 0.05 0.052
1 0.927333 0.633667 0.038667 0.044667
3 0.898667 0.336 0.076 0.068
3 0.842667 0.294333 0.036 0.035333
2 0.845 0.48 0.078 0.076
2 0.932 0.531333 0.092 0.081333
0 0.120333 0.661 0.239333 0.216667
0 0.176667 0.513 0.192 0.124667
0 0.044 0.477 0.085333 0.144667
0 0.062333 0.354667 0.114 0.148
0 0.219667 0.376667 0.194 0.173333
0 0.060333 0.198333 0.119333 0.158
0 0.192 0.180667 0.206667 0.228
0 0.307333 0.088667 0.233333 0.176
0 0.402333 0.412 0.196667 0.194667
0 0.555333 0.384667 0.153333 0.149333
0 0.402667 0.247 0.192 0.159333
0 0.576333 0.252333 0.162 0.162
0 0.731333 0.272667 0.176 0.185333
0 0.843667 0.135333 0.236667 0.194667
0 0.904667 0.084333 0.190667 0.167333
0 0.612333 0.081333 0.103333 0.1
0 0.066 0.064333 0.130667 0.127333
2 0.598333 0.964 0.079333 0.072
3 0.346 0.962333 0.098667 0.075333
2 0.086667 0.952333 0.105333 0.095333
3 0.045333 0.852 0.089333 0.105333
3 0.953333 0.784 0.093333 0.164
