1 0.911667 0.909333 0.086 0.066667
1 0.846333 0.842667 0.158 0.141333
2 0.705333 0.808 0.126667 0.122667
2 0.743333 0.712 0.132 0.108
1 0.959667 0.813 0.079333 0.104667
1 0.888667 0.732 0.170667 0.162667
1 0.936667 0.607 0.125333 0.154
2 0.825667 0.602333 0.139333 0.127333
2 0.711333 0.586 0.104 0.102667
1 0.607667 0.576 0.075333 0.082667
2 0.909 0.426667 0.180667 0.165333
2 0.846 0.496 0.101333 0.096
2 0.755667 0.483667 0.079333 0.11
2 0.666667 0.483 0.142667 0.147333
1 0.941667 0.229333 0.115333 0.170667
1 0.843667 0.281333 0.160667 0.161333
1 0.77 0.233667 0.133333 0.131333
1 0.766667 0.151 0.070667 0.044667
2 0.673333 0.182667 0.062667 0.066667
2 0.6859999999999999 0.328333 0.104 0.146
2 0.779667 0.377333 0.108667 0.110667
1 0.552333 0.471667 0.086 0.083333
1 0.558333 0.389333 0.098 0.093333
1 0.6006670000000001 0.324 0.082667 0.093333
1 0.718333 0.069333 0.143333 0.128
1 0.557667 0.917667 0.075333 0.080667
1 0.43133299999999997 0.928 0.110667 0.134667
1 0.32499999999999996 0.931667 0.135333 0.108667
1 0.10499999999999998 0.876667 0.183333 0.162667
1 0.518 0.835 0.170667 0.171333
1 0.554667 0.736667 0.074667 0.065333
1 0.411667 0.792 0.080667 0.062667
1 0.32399999999999995 0.819 0.197333 0.15
1 0.359 0.735 0.114 0.074
1 0.205333 0.802333 0.098667 0.119333
1 0.13266699999999998 0.721 0.146667 0.148667
1 0.23266699999999996 0.648333 0.136 0.155333
1 0.365333 0.620333 0.168 0.160667
1 0.45366700000000004 0.701667 0.111333 0.087333
1 0.42433299999999996 0.571 0.096667 0.084667
1 0.509667 0.624667 0.107333 0.094667
1 0.515 0.544 0.115333 0.108
1 0.31799999999999995 0.538667 0.104 0.1
1 0.20466700000000004 0.512667 0.130667 0.157333
1 0.08033299999999999 0.618333 0.156667 0.135333
1 0.10199999999999998 0.529667 0.105333 0.120667
1 0.43000000000000005 0.448333 0.194667 0.172667
1 0.29800000000000004 0.431 0.158667 0.140667
1 0.43999999999999995 0.322667 0.104 0.093333
1 0.331333 0.321333 0.133333 0.132
1 0.14633300000000005 0.381667 0.186 0.172667
1 0.03300000000000003 0.337333 0.066 0.094667
1 0.261667 0.251667 0.172667 0.146
1 0.10499999999999998 0.225333 0.15 0.154667
2 0.512667 0.192 0.162667 0.170667
2 0.585 0.119667 0.084667 0.079333
2 0.615333 0.053333 0.109333 0.104
2 0.509 0.051667 0.078 0.082
2 0.425667 0.058 0.083333 0.072
2 0.386667 0.181667 0.110667 0.183333
2 0.18400000000000005 0.146 0.113333 0.098667
1 0.289667 0.153667 0.124667 0.114
1 0.275667 0.069 0.180667 0.111333
2 0.14600000000000002 0.064667 0.098667 0.105333
2 0.05666700000000002 0.072667 0.113333 0.112
2 0.042332999999999954 0.447 0.084667 0.107333
