1 0.848 0.020667 0.061333 0.041333
1 0.832667 0.085667 0.122667 0.088667
1 0.948667 0.136333 0.088 0.146
1 0.891 0.175333 0.039333 0.057333
1 0.8526670000000001 0.183333 0.04 0.068
1 0.812 0.173333 0.058667 0.077333
1 0.782667 0.220667 0.058667 0.1
1 0.713333 0.235 0.092 0.138
1 0.6473329999999999 0.254667 0.057333 0.065333
1 0.652 0.184333 0.064 0.078
1 0.729333 0.096 0.057333 0.062667
1 0.771 0.044 0.076667 0.072
1 0.65 0.114667 0.088 0.072
1 0.525667 0.064333 0.15 0.120667
1 0.529 0.139667 0.076667 0.080667
1 0.5820000000000001 0.188333 0.085333 0.086
1 0.5700000000000001 0.287667 0.102667 0.120667
1 0.492333 0.303667 0.088667 0.094
1 0.499 0.232333 0.05 0.054
1 0.44866700000000004 0.166333 0.093333 0.119333
1 0.300667 0.047 0.094667 0.083333
1 0.33199999999999996 0.179667 0.16 0.187333
1 0.18600000000000005 0.094 0.126667 0.108
2 0.08199999999999996 0.138 0.121333 0.132
1 0.20266700000000004 0.187667 0.101333 0.084667
1 0.255667 0.239 0.084667 0.087333
1 0.311667 0.281667 0.091333 0.080667
1 0.386667 0.324 0.058667 0.068
1 0.30833299999999997 0.356 0.076667 0.070667
2 0.241 0.378 0.066 0.090667
1 0.092333 0.234333 0.086 0.066
1 0.160667 0.242667 0.066667 0.066667
1 0.21266700000000005 0.279 0.070667 0.07
1 0.11633300000000002 0.297667 0.083333 0.059333
1 0.07699999999999996 0.349 0.058 0.051333
1 0.14300000000000002 0.402 0.084667 0.098667
2 0.07633299999999998 0.405667 0.043333 0.054
0 0.25933300000000004 0.799667 0.144 0.178
0 0.33199999999999996 0.761333 0.081333 0.134667
0 0.42500000000000004 0.646 0.166 0.153333
0 0.5489999999999999 0.582333 0.120667 0.168667
0 0.577 0.668667 0.052667 0.064
0 0.6763330000000001 0.549333 0.088667 0.072
0 0.76 0.497667 0.129333 0.108667
0 0.941333 0.488333 0.096 0.13
0 0.835 0.619667 0.098 0.104667
0 0.761667 0.654667 0.075333 0.082667
0 0.689667 0.693667 0.096667 0.108667
0 0.405 0.827 0.13 0.083333
0 0.411667 0.894333 0.112667 0.09
0 0.445333 0.93 0.108 0.097333
0 0.25933300000000004 0.977 0.045333 0.039333
0 0.52 0.912 0.046667 0.038667
0 0.5946670000000001 0.861333 0.053333 0.076
0 0.558667 0.756667 0.110667 0.108
0 0.655 0.810333 0.120667 0.099333
0 0.749667 0.816333 0.122 0.119333
0 0.925667 0.63 0.094 0.110667
0 0.917667 0.766 0.094 0.082667
0 0.677667 0.929667 0.134 0.139333
0 0.7873330000000001 0.876667 0.12 0.092
0 0.9410000000000001 0.888333 0.118 0.103333
0 0.098333 0.941 0.039333 0.038
2 0.923667 0.026 0.079333 0.052
2 0.06033299999999997 0.027333 0.07 0.054667
2 0.396 0.042333 0.101333 0.084667
2 0.622333 0.042333 0.087333 0.084667
2 0.713667 0.038333 0.100667 0.075333
2 0.031667 0.258333 0.059333 0.126
