1 0.13733300000000004 0.616 0.134667 0.125333
1 0.11566699999999996 0.471333 0.191333 0.197333
1 0.224333 0.509 0.116667 0.116667
1 0.11399999999999999 0.225 0.097333 0.148667
1 0.17633299999999996 0.086667 0.182 0.169333
1 0.212333 0.175667 0.09 0.091333
1 0.18300000000000005 0.247 0.074 0.082
1 0.26833300000000004 0.437333 0.078 0.073333
1 0.20666700000000005 0.310333 0.090667 0.147333
1 0.29200000000000004 0.334667 0.113333 0.134667
1 0.31566700000000003 0.213 0.108667 0.116667
2 0.28533299999999995 0.112333 0.064 0.074
1 0.33766700000000005 0.583333 0.116667 0.137333
1 0.355333 0.468667 0.132 0.12
1 0.37733300000000003 0.367333 0.101333 0.102667
1 0.406 0.264667 0.089333 0.1
2 0.39833300000000005 0.152333 0.120667 0.116667
1 0.43433299999999997 0.089667 0.112667 0.114
2 0.505333 0.047667 0.082667 0.095333
2 0.404667 0.735667 0.144 0.15
2 0.45399999999999996 0.611 0.134667 0.120667
1 0.466333 0.5 0.135333 0.134667
2 0.45766700000000005 0.383333 0.083333 0.098667
2 0.487 0.319333 0.056667 0.054667
1 0.521667 0.250667 0.112667 0.092
1 0.510667 0.180667 0.104 0.070667
1 0.5573330000000001 0.107667 0.094667 0.078
1 0.605333 0.163333 0.070667 0.066667
1 0.583 0.057333 0.146 0.114667
1 0.646 0.229667 0.128 0.124667
1 0.627667 0.339 0.176667 0.118
1 0.580333 0.455333 0.095333 0.106667
1 0.659333 0.462667 0.070667 0.098667
1 0.741333 0.432667 0.165333 0.169333
2 0.833 0.469667 0.068667 0.084667
2 0.7873330000000001 0.320333 0.068 0.083333
1 0.771333 0.225667 0.161333 0.206
1 0.779667 0.107333 0.106 0.102667
1 0.866333 0.243667 0.068667 0.083333
1 0.872667 0.367333 0.108 0.117333
1 0.947333 0.417667 0.105333 0.122
2 0.774 0.618667 0.12 0.130667
1 0.519667 0.77 0.144667 0.166667
2 0.5966670000000001 0.628 0.196 0.204
1 0.603333 0.804333 0.108 0.148667
2 0.6863330000000001 0.814 0.080667 0.106667
2 0.740667 0.749333 0.141333 0.146667
2 0.876 0.647333 0.109333 0.124
2 0.781 0.88 0.122 0.138667
2 0.892667 0.930667 0.129333 0.124
2 0.871333 0.791333 0.138667 0.168
1 0.522667 0.424333 0.074667 0.082
2 0.932333 0.144 0.135333 0.138667
2 0.938333 0.279667 0.123333 0.155333
1 0.9646669999999999 0.854 0.070667 0.152
1 0.032667 0.205333 0.064 0.097333
2 0.04133299999999995 0.308667 0.081333 0.112
1 0.05300000000000005 0.064333 0.104667 0.128667
2 0.705667 0.054333 0.126 0.108667
1 0.878333 0.065667 0.154 0.131333
2 0.970333 0.613333 0.059333 0.093333
