1 0.050000000000000044 0.07 0.098667 0.108
1 0.08866700000000005 0.062333 0.104 0.120667
1 0.11366699999999996 0.214667 0.148667 0.18
1 0.19966700000000004 0.102667 0.128667 0.137333
1 0.273 0.169333 0.151333 0.176
1 0.21899999999999997 0.276667 0.112667 0.137333
1 0.315333 0.301333 0.1 0.124
2 0.419667 0.129667 0.086 0.088667
2 0.395 0.246333 0.142 0.152667
1 0.372333 0.061667 0.159333 0.122
1 0.45099999999999996 0.378333 0.182 0.178
1 0.497333 0.255667 0.097333 0.087333
1 0.591333 0.385333 0.134667 0.225333
1 0.671333 0.435333 0.116 0.194667
2 0.5573330000000001 0.163333 0.189333 0.194667
2 0.6719999999999999 0.146 0.124 0.157333
2 0.7130000000000001 0.04 0.072667 0.065333
2 0.749 0.098333 0.083333 0.115333
1 0.7456670000000001 0.317 0.179333 0.21
2 0.810333 0.173 0.119333 0.108667
2 0.881 0.062333 0.180667 0.118
2 0.915667 0.153333 0.063333 0.058667
2 0.907 0.265333 0.160667 0.148
1 0.861 0.340333 0.056667 0.056667
1 0.9319999999999999 0.346333 0.066667 0.052667
2 0.820333 0.458 0.156667 0.210667
2 0.920667 0.473667 0.124 0.243333
0 0.626333 0.814 0.140667 0.181333
0 0.7066669999999999 0.920333 0.074667 0.071333
0 0.570667 0.938 0.088 0.073333
0 0.5 0.797 0.121333 0.142
0 0.367 0.937 0.138 0.126
0 0.401667 0.750333 0.094 0.116667
0 0.367 0.835667 0.064667 0.062
0 0.296667 0.693333 0.138667 0.176
0 0.26533300000000004 0.826667 0.06 0.050667
0 0.27733300000000005 0.874667 0.072 0.053333
0 0.25233300000000003 0.912333 0.067333 0.063333
0 0.20599999999999996 0.868667 0.056 0.061333
0 0.17533299999999996 0.815 0.092 0.106
0 0.12466699999999997 0.649333 0.141333 0.168
0 0.10066699999999995 0.763 0.08 0.092667
0 0.03966700000000001 0.821667 0.078 0.114
0 0.05033299999999996 0.531 0.098 0.175333
0 0.10066699999999995 0.873667 0.068 0.068667
0 0.485333 0.900667 0.081333 0.08
1 0.498333 0.035667 0.099333 0.064667
1 0.036667000000000005 0.208 0.069333 0.213333
2 0.967333 0.137 0.065333 0.106
0 0.169667 0.736333 0.083333 0.064667
