3 0.882 0.959 0.057333 0.067333
3 0.846 0.892667 0.042667 0.057333
3 0.774667 0.906 0.069333 0.066667
3 0.734 0.937667 0.036 0.042
3 0.654 0.928 0.093333 0.105333
3 0.564333 0.922 0.071333 0.090667
3 0.511333 0.921 0.048 0.075333
3 0.42500000000000004 0.908 0.091333 0.108
3 0.330333 0.942 0.100667 0.106667
3 0.232333 0.929333 0.062 0.081333
3 0.22599999999999998 0.820667 0.021333 0.029333
3 0.16633299999999995 0.780667 0.038 0.028
3 0.05733299999999997 0.868333 0.114667 0.108667
0 0.31000000000000005 0.788333 0.182667 0.144667
0 0.245 0.862333 0.036667 0.035333
0 0.15500000000000003 0.914 0.032667 0.030667
0 0.564333 0.803667 0.122 0.104667
0 0.746667 0.733 0.177333 0.175333
0 0.781 0.566 0.139333 0.133333
0 0.6553329999999999 0.569 0.116 0.154
0 0.597333 0.620333 0.113333 0.095333
0 0.586333 0.696667 0.107333 0.093333
0 0.469 0.741333 0.126 0.138667
0 0.253 0.717667 0.124667 0.106
0 0.11266699999999996 0.640667 0.225333 0.262667
0 0.279 0.575667 0.160667 0.154
0 0.951667 0.72 0.094 0.128
0 0.548667 0.558 0.138667 0.128
0 0.43133299999999997 0.615333 0.204 0.196
0 0.870333 0.474667 0.168667 0.164
0 0.7146669999999999 0.438667 0.130667 0.130667
0 0.6513329999999999 0.378 0.109333 0.110667
0 0.601333 0.452 0.082667 0.096
0 0.523333 0.465333 0.102667 0.092
0 0.41033299999999995 0.501333 0.131333 0.113333
0 0.06599999999999995 0.431333 0.132 0.16
0 0.170667 0.442333 0.128 0.146
0 0.27633300000000005 0.398333 0.116667 0.172667
0 0.360333 0.391 0.107333 0.179333
0 0.439333 0.367667 0.117333 0.132667
0 0.792 0.296333 0.16 0.15
0 0.523667 0.337 0.112667 0.112667
0 0.19399999999999995 0.301333 0.185333 0.148
0 0.469333 0.248 0.142667 0.122667
0 0.894333 0.222 0.166 0.181333
0 0.6739999999999999 0.19 0.182667 0.189333
0 0.781333 0.122667 0.124 0.118667
0 0.857333 0.051333 0.077333 0.06
0 0.536 0.143333 0.145333 0.129333
0 0.28833299999999995 0.183 0.148667 0.154
0 0.14600000000000002 0.189333 0.157333 0.136
0 0.08599999999999997 0.108333 0.142667 0.111333
0 0.17000000000000004 0.058667 0.208 0.116
0 0.403 0.084 0.139333 0.166667
0 0.771333 0.033333 0.114667 0.065333
3 0.06333299999999997 0.951333 0.125333 0.097333
