1 0.843333 0.13066699999999998 0.137333 0.070667
1 0.789667 0.18733299999999997 0.078 0.06
1 0.807667 0.24 0.080667 0.065333
1 0.699667 0.06033299999999997 0.088667 0.094
2 0.753333 0.05266700000000002 0.037333 0.04
2 0.769 0.087333 0.036667 0.037333
1 0.682333 0.13 0.107333 0.089333
1 0.46 0.056332999999999966 0.090667 0.103333
1 0.371333 0.05700000000000005 0.098667 0.102
2 0.776667 0.353333 0.178667 0.158667
2 0.704333 0.24166699999999997 0.140667 0.128667
1 0.642 0.19799999999999995 0.06 0.053333
1 0.604 0.266 0.061333 0.102667
1 0.574 0.19166700000000003 0.068 0.079333
1 0.512 0.17000000000000004 0.161333 0.133333
1 0.412667 0.14800000000000002 0.070667 0.086667
1 0.332333 0.13733300000000004 0.095333 0.098667
1 0.290333 0.227333 0.087333 0.097333
1 0.393333 0.23533300000000001 0.124 0.108
1 0.528667 0.22699999999999998 0.064 0.055333
1 0.539333 0.289667 0.068 0.086
1 0.640333 0.36766699999999997 0.115333 0.114
2 0.731 0.487 0.187333 0.188667
1 0.646667 0.564667 0.092 0.113333
1 0.587667 0.531 0.048667 0.080667
1 0.592667 0.427667 0.082667 0.115333
1 0.544667 0.525667 0.073333 0.088667
1 0.501667 0.485 0.098 0.087333
1 0.482667 0.313333 0.069333 0.077333
1 0.499667 0.391 0.116667 0.116667
1 0.412 0.307667 0.072 0.07
1 0.398667 0.377 0.098667 0.086
1 0.401 0.43899999999999995 0.067333 0.059333
1 0.325333 0.33866700000000005 0.088 0.101333
1 0.297 0.41633299999999995 0.086 0.083333
2 0.254 0.30200000000000005 0.036 0.044
1 0.242 0.124 0.081333 0.1
1 0.035667 0.06266700000000003 0.071333 0.097333
1 0.136667 0.14100000000000001 0.098667 0.134
2 0.056 0.170667 0.053333 0.065333
1 0.193333 0.25533300000000003 0.085333 0.098667
1 0.099 0.24533300000000002 0.11 0.097333
1 0.210667 0.367333 0.102667 0.1
1 0.145 0.31100000000000005 0.084667 0.09
1 0.063 0.31666700000000003 0.087333 0.096
1 0.112667 0.396667 0.098667 0.089333
2 0.180333 0.44166700000000003 0.091333 0.092667
1 0.626 0.648667 0.053333 0.052
1 0.547 0.609 0.047333 0.05
1 0.596667 0.704 0.141333 0.170667
1 0.572667 0.812333 0.106667 0.118
1 0.498333 0.742 0.108667 0.132
1 0.461667 0.563333 0.084667 0.108
1 0.412 0.5263329999999999 0.044 0.046
1 0.364333 0.486333 0.115333 0.11
1 0.26 0.487333 0.098667 0.098667
1 0.436 0.920333 0.1 0.119333
1 0.446667 0.666667 0.097333 0.112
1 0.442 0.798 0.081333 0.089333
1 0.492667 0.872333 0.097333 0.095333
1 0.385 0.860667 0.064667 0.061333
1 0.347667 0.958 0.151333 0.084
1 0.323333 0.892333 0.077333 0.078
1 0.356333 0.793 0.122 0.115333
1 0.354667 0.595333 0.134667 0.133333
1 0.326667 0.694 0.118667 0.097333
1 0.226667 0.936667 0.096 0.102667
1 0.22 0.843 0.129333 0.107333
1 0.270333 0.769333 0.127333 0.101333
1 0.113333 0.915333 0.136 0.148
1 0.111667 0.806 0.118 0.102667
1 0.118333 0.718 0.098 0.090667
2 0.185667 0.752 0.052667 0.056
1 0.224333 0.6703330000000001 0.114 0.114
1 0.234333 0.563333 0.13 0.128
1 0.137 0.623667 0.108667 0.118
1 0.044333 0.619 0.088667 0.162
1 0.096667 0.501 0.138667 0.147333
1 0.864 0.07233299999999998 0.088 0.054
0 0.262 0.03700000000000003 0.045333 0.048667
1 0.030667 0.23933300000000002 0.061333 0.106667
1 0.027 0.953333 0.054 0.08
