2 0.970333 0.07166700000000004 0.055333 0.083333
2 0.890333 0.122 0.128667 0.1
2 0.795667 0.08366700000000005 0.11 0.115333
2 0.7070000000000001 0.08799999999999997 0.076667 0.073333
2 0.611 0.09266700000000005 0.074 0.056
2 0.683333 0.15133300000000005 0.093333 0.1
2 0.780667 0.17533299999999996 0.098667 0.076
2 0.592333 0.17033299999999996 0.108667 0.124667
2 0.5123329999999999 0.12533300000000003 0.087333 0.098667
1 0.43433299999999997 0.04500000000000004 0.099333 0.09
2 0.43100000000000005 0.139 0.083333 0.112667
2 0.387667 0.17933299999999996 0.046 0.057333
1 0.33599999999999997 0.14333300000000004 0.104 0.118667
2 0.356 0.05400000000000005 0.069333 0.066667
1 0.275667 0.08866700000000005 0.083333 0.105333
1 0.25633300000000003 0.18633299999999997 0.111333 0.126
2 0.16433299999999995 0.16500000000000004 0.078 0.086
2 0.06033299999999997 0.06699999999999995 0.096667 0.118
2 0.16600000000000004 0.07133299999999998 0.105333 0.106667
1 0.335333 0.249 0.1 0.09
1 0.434667 0.24533300000000002 0.106667 0.097333
1 0.542333 0.250333 0.13 0.112667
1 0.39233300000000004 0.29800000000000004 0.099333 0.069333
1 0.07933299999999999 0.24066699999999996 0.101333 0.101333
1 0.16100000000000003 0.269667 0.143333 0.126
2 0.24666699999999997 0.30433299999999996 0.1 0.107333
1 0.31233299999999997 0.35166699999999995 0.087333 0.095333
1 0.38533300000000004 0.36766699999999997 0.086667 0.106
1 0.46466700000000005 0.393667 0.144 0.148667
1 0.541667 0.45366700000000004 0.143333 0.127333
1 0.5856669999999999 0.36366699999999996 0.119333 0.116667
1 0.6839999999999999 0.399667 0.097333 0.094
1 0.6839999999999999 0.504 0.133333 0.130667
1 0.777 0.525333 0.091333 0.085333
1 0.864667 0.573 0.138667 0.114
2 0.897667 0.46966699999999995 0.114 0.09
1 0.793 0.431667 0.118 0.111333
1 0.882333 0.38633300000000004 0.15 0.087333
2 0.966 0.35366699999999995 0.066667 0.106
1 0.884667 0.322333 0.098667 0.084667
2 0.872667 0.23633300000000002 0.172 0.128667
1 0.973667 0.951 0.038 0.052667
1 0.968667 0.900333 0.058667 0.054
2 0.892333 0.881333 0.034 0.030667
1 0.909 0.950333 0.086 0.084667
1 0.936333 0.848333 0.079333 0.058
1 0.956333 0.797333 0.083333 0.093333
1 0.877 0.675333 0.122 0.101333
1 0.855 0.760667 0.091333 0.086667
1 0.889667 0.812667 0.072667 0.068
1 0.8466670000000001 0.8396669999999999 0.064 0.055333
1 0.810333 0.915333 0.07 0.098667
1 0.7476670000000001 0.904667 0.078 0.062667
1 0.670667 0.864333 0.068 0.076667
1 0.753333 0.846333 0.092 0.079333
1 0.789667 0.7989999999999999 0.083333 0.079333
1 0.7146669999999999 0.739 0.169333 0.112667
1 0.766 0.626667 0.122667 0.114667
1 0.6603330000000001 0.603667 0.122 0.111333
1 0.5796669999999999 0.563333 0.124667 0.125333
1 0.49 0.524 0.101333 0.088
1 0.40533300000000005 0.480333 0.104 0.111333
1 0.31666700000000003 0.45266700000000004 0.098667 0.1
1 0.23199999999999998 0.43000000000000005 0.093333 0.133333
1 0.15700000000000003 0.397 0.084667 0.122
1 0.10666699999999996 0.40433300000000005 0.029333 0.048667
1 0.07366700000000004 0.39933300000000005 0.038 0.066667
1 0.06733299999999998 0.48166699999999996 0.069333 0.080667
1 0.15333300000000005 0.510667 0.102667 0.097333
1 0.13033300000000003 0.564667 0.082 0.066667
1 0.05466700000000002 0.5676669999999999 0.074667 0.080667
1 0.23466699999999996 0.525 0.052 0.048667
3 0.27 0.5183329999999999 0.033333 0.031333
1 0.33166700000000005 0.557667 0.103333 0.111333
1 0.43433299999999997 0.5986670000000001 0.116667 0.129333
1 0.5493330000000001 0.6393329999999999 0.166667 0.098667
1 0.5263329999999999 0.7106669999999999 0.079333 0.066667
1 0.608 0.721333 0.098667 0.106667
1 0.5529999999999999 0.7783329999999999 0.051333 0.054
2 0.476333 0.747 0.087333 0.086
1 0.402 0.745 0.069333 0.082
1 0.402667 0.675333 0.088 0.073333
1 0.32799999999999996 0.640667 0.065333 0.057333
1 0.28600000000000003 0.592667 0.065333 0.074667
1 0.217333 0.634667 0.128 0.1
1 0.20566700000000004 0.573 0.059333 0.052667
1 0.15833299999999995 0.721 0.040667 0.046
1 0.09866699999999995 0.6739999999999999 0.112 0.132
1 0.20199999999999996 0.7356670000000001 0.041333 0.060667
1 0.25333300000000003 0.730333 0.072 0.075333
1 0.27633300000000005 0.7723329999999999 0.087333 0.087333
1 0.32999999999999996 0.782333 0.092 0.120667
2 0.40700000000000003 0.8009999999999999 0.059333 0.063333
1 0.497 0.8356669999999999 0.09 0.103333
1 0.45899999999999996 0.809333 0.047333 0.049333
1 0.5609999999999999 0.849 0.087333 0.084667
2 0.764 0.238 0.072 0.06
1 0.694 0.30933299999999997 0.096 0.097333
2 0.683333 0.24266699999999997 0.092 0.074667
0 0.773333 0.317333 0.1 0.086667
0 0.673333 0.34066700000000005 0.052 0.038667
0 0.089333 0.33999999999999997 0.069333 0.058667
0 0.023333000000000048 0.10333300000000001 0.046667 0.050667
0 0.46466700000000005 0.31899999999999995 0.036 0.028667
0 0.204333 0.6886669999999999 0.048667 0.044
0 0.033332999999999946 0.967667 0.034667 0.028667
2 0.543667 0.04066700000000001 0.119333 0.081333
2 0.639 0.019000000000000017 0.076667 0.038
2 0.723333 0.021666999999999992 0.109333 0.043333
2 0.901 0.028333000000000053 0.079333 0.056667
2 0.961667 0.48666699999999996 0.075333 0.118667
2 0.968 0.596 0.061333 0.098667
2 0.962667 0.695667 0.072 0.107333
2 0.03866700000000001 0.6493329999999999 0.077333 0.164
2 0.022666999999999993 0.48 0.045333 0.072
2 0.042332999999999954 0.292667 0.084667 0.156
