3 0.774 0.262333 0.064 0.072667
3 0.880667 0.311667 0.066667 0.055333
3 0.719333 0.396667 0.052 0.04
2 0.737333 0.368667 0.038667 0.04
3 0.735 0.306 0.038 0.041333
3 0.937 0.397 0.051333 0.067333
3 0.886667 0.402667 0.049333 0.076
3 0.915667 0.474333 0.098 0.066
3 0.672667 0.428 0.049333 0.044
3 0.6759999999999999 0.477 0.049333 0.038
3 0.657 0.376333 0.064667 0.066
3 0.656667 0.287667 0.093333 0.095333
3 0.570667 0.281 0.054667 0.083333
3 0.518 0.276333 0.054667 0.083333
3 0.42900000000000005 0.253333 0.098 0.101333
3 0.33066700000000004 0.278333 0.106667 0.092667
3 0.22899999999999998 0.182333 0.020667 0.03
3 0.566667 0.395667 0.038667 0.040667
3 0.5369999999999999 0.371 0.071333 0.074
3 0.42600000000000005 0.364333 0.126667 0.136667
3 0.32766700000000004 0.385333 0.083333 0.086667
3 0.44999999999999996 0.461667 0.029333 0.027333
3 0.24766699999999997 0.417333 0.059333 0.061333
3 0.935 0.55 0.09 0.089333
3 0.944333 0.631 0.051333 0.072667
3 0.852333 0.578333 0.079333 0.067333
3 0.748667 0.497 0.142667 0.124667
3 0.597333 0.51 0.085333 0.066667
3 0.552333 0.470333 0.106 0.103333
2 0.42733299999999996 0.477333 0.024 0.022667
3 0.35966699999999996 0.490333 0.084667 0.087333
3 0.36566699999999996 0.589667 0.13 0.106
3 0.499667 0.605 0.082 0.087333
3 0.45166700000000004 0.638 0.034 0.030667
3 0.573 0.565 0.054 0.05
3 0.547667 0.654333 0.026 0.031333
3 0.606 0.610333 0.082667 0.058
3 0.599333 0.665667 0.073333 0.063333
2 0.41533299999999995 0.668 0.030667 0.033333
3 0.695333 0.594333 0.086667 0.11
3 0.777667 0.605333 0.066 0.062667
3 0.801333 0.690333 0.088 0.099333
3 0.980667 0.631667 0.037333 0.05
3 0.969 0.695333 0.058 0.056
3 0.736333 0.744 0.038 0.036
3 0.384667 0.742333 0.084 0.102
3 0.484 0.745667 0.086667 0.100667
3 0.647 0.729333 0.079333 0.08
3 0.5796669999999999 0.745333 0.064667 0.088
2 0.535667 0.747333 0.027333 0.045333
2 0.711667 0.664333 0.035333 0.026
3 0.910667 0.765667 0.128 0.086
3 0.948 0.909 0.096 0.078
3 0.924667 0.87 0.076 0.069333
3 0.802 0.874333 0.042667 0.043333
3 0.778 0.913333 0.088 0.086667
3 0.754333 0.819 0.036667 0.034
3 0.815667 0.782 0.032667 0.026667
3 0.9319999999999999 0.804667 0.089333 0.054667
3 0.681667 0.907667 0.094 0.091333
3 0.704 0.950333 0.050667 0.035333
3 0.605 0.896667 0.058 0.049333
3 0.6779999999999999 0.816667 0.088 0.096
3 0.595667 0.835333 0.074 0.092
2 0.519 0.862667 0.042 0.033333
3 0.424667 0.854 0.082667 0.086667
3 0.365 0.822667 0.054 0.048
2 0.506 0.813 0.036 0.026
3 0.521333 0.949 0.088 0.102
3 0.425667 0.968 0.082 0.062667
3 0.43000000000000005 0.916667 0.053333 0.045333
3 0.355 0.919 0.043333 0.043333
3 0.32266700000000004 0.91 0.017333 0.02
2 0.29700000000000004 0.936333 0.046 0.035333
3 0.28300000000000003 0.813 0.058 0.048667
3 0.09899999999999998 0.717333 0.138 0.130667
3 0.280667 0.696667 0.146667 0.14
3 0.252 0.581 0.098667 0.09
3 0.144667 0.605333 0.124 0.129333
2 0.17766700000000002 0.778667 0.023333 0.028
3 0.08766700000000005 0.501 0.103333 0.100667
3 0.08966700000000005 0.417667 0.044667 0.048667
3 0.18733299999999997 0.385333 0.053333 0.050667
2 0.29933299999999996 0.489667 0.033333 0.031333
3 0.18433299999999997 0.476 0.040667 0.04
3 0.23933300000000002 0.492667 0.086667 0.093333
3 0.22599999999999998 0.282667 0.069333 0.073333
2 0.18400000000000005 0.3 0.02 0.02
3 0.053332999999999964 0.308667 0.081333 0.094667
3 0.166667 0.145667 0.033333 0.03
2 0.088333 0.135 0.028667 0.031333
3 0.05033299999999996 0.211 0.099333 0.094
0 0.293667 0.879333 0.043333 0.057333
0 0.860667 0.86 0.062667 0.041333
0 0.702333 0.716 0.039333 0.045333
0 0.5103329999999999 0.663 0.043333 0.054
0 0.640333 0.667667 0.048667 0.046
0 0.754 0.572 0.045333 0.048
0 0.453333 0.591333 0.033333 0.030667
0 0.16933299999999996 0.516 0.042667 0.048
0 0.45099999999999996 0.525 0.054 0.040667
0 0.52 0.532 0.037333 0.034667
0 0.8526670000000001 0.487 0.04 0.038
0 0.622 0.42 0.061333 0.076
0 0.136 0.413 0.030667 0.034
0 0.840667 0.348667 0.058667 0.06
0 0.69 0.329667 0.042667 0.046
0 0.15800000000000003 0.279 0.034667 0.032667
0 0.30333299999999996 0.108 0.204 0.214667
0 0.45966700000000005 0.064 0.122 0.126667
0 0.5716669999999999 0.140333 0.128667 0.147333
0 0.6579999999999999 0.094 0.108 0.128
3 0.802 0.979 0.072 0.042
3 0.958333 0.972667 0.080667 0.054667
3 0.969 0.369667 0.060667 0.100667
