3 0.904 0.089667 0.062667 0.062
3 0.8296669999999999 0.083667 0.059333 0.058
3 0.714 0.022 0.028 0.028
3 0.978667 0.21 0.038667 0.033333
3 0.794667 0.233333 0.052 0.068
3 0.732667 0.213333 0.069333 0.078667
3 0.693667 0.207667 0.038 0.051333
3 0.7913330000000001 0.316333 0.037333 0.039333
3 0.719333 0.325667 0.058667 0.052667
3 0.743 0.376667 0.060667 0.074667
3 0.690333 0.281667 0.05 0.055333
3 0.696333 0.060333 0.03 0.039333
3 0.632 0.08 0.108 0.1
3 0.624 0.172667 0.118667 0.098667
3 0.609 0.253 0.05 0.054
3 0.5349999999999999 0.156333 0.063333 0.082
3 0.5449999999999999 0.071333 0.031333 0.036
3 0.517667 0.063 0.035333 0.046
3 0.5389999999999999 0.250333 0.064667 0.060667
3 0.572333 0.334333 0.154 0.106
3 0.662667 0.357667 0.057333 0.066
3 0.7010000000000001 0.378667 0.023333 0.024
2 0.84 0.431 0.050667 0.044667
2 0.892667 0.447333 0.057333 0.057333
2 0.934667 0.47 0.029333 0.032
2 0.945 0.541667 0.051333 0.055333
3 0.866667 0.530667 0.062667 0.062667
2 0.892 0.612 0.062667 0.058667
2 0.963667 0.627667 0.024667 0.015333
2 0.925667 0.651667 0.019333 0.018
2 0.908667 0.686667 0.042667 0.038667
2 0.876 0.755333 0.032 0.034667
2 0.830667 0.741 0.045333 0.039333
3 0.76 0.712667 0.133333 0.133333
3 0.676667 0.680667 0.052 0.066667
3 0.640333 0.6 0.034 0.038667
3 0.6086670000000001 0.667333 0.069333 0.068
3 0.775 0.488333 0.088667 0.096667
2 0.754667 0.57 0.033333 0.044
3 0.718333 0.558667 0.047333 0.058667
3 0.681 0.533667 0.035333 0.042
3 0.7106669999999999 0.456 0.062667 0.094667
3 0.615667 0.453667 0.116667 0.152667
3 0.54 0.414 0.044 0.066667
2 0.576333 0.572667 0.036667 0.038667
3 0.523667 0.631333 0.058 0.068
3 0.489 0.709667 0.064667 0.060667
3 0.500333 0.561333 0.082 0.065333
3 0.489333 0.420333 0.044 0.048667
3 0.5043329999999999 0.485 0.104667 0.088667
3 0.48966699999999996 0.137667 0.039333 0.066
3 0.41533299999999995 0.038 0.04 0.046667
2 0.425667 0.115667 0.119333 0.112667
3 0.41000000000000003 0.214333 0.108 0.09
2 0.42733299999999996 0.305667 0.112 0.100667
3 0.339333 0.288667 0.038667 0.034667
3 0.430667 0.393333 0.102667 0.073333
3 0.37066699999999997 0.359 0.036 0.054
2 0.322333 0.349667 0.074 0.111333
3 0.25633300000000003 0.444333 0.128667 0.128667
3 0.32799999999999996 0.527667 0.097333 0.076667
3 0.355 0.601667 0.064667 0.066
3 0.380667 0.671333 0.065333 0.061333
3 0.355 0.737333 0.047333 0.041333
3 0.306667 0.654 0.041333 0.046667
3 0.30500000000000005 0.695 0.011333 0.015333
3 0.28033300000000005 0.710333 0.039333 0.063333
3 0.255 0.634667 0.062 0.073333
3 0.16300000000000003 0.621667 0.082 0.068667
3 0.21399999999999997 0.535667 0.089333 0.096667
3 0.136 0.487667 0.105333 0.104667
2 0.31033299999999997 0.080333 0.103333 0.104667
2 0.290667 0.193333 0.129333 0.124
2 0.19666700000000004 0.068667 0.114667 0.132
3 0.12933300000000003 0.054667 0.033333 0.048
3 0.12433300000000003 0.16 0.163333 0.134667
2 0.18700000000000006 0.317 0.175333 0.186
2 0.06266700000000003 0.307667 0.108 0.100667
3 0.05733299999999997 0.205667 0.109333 0.096667
3 0.06566700000000003 0.375667 0.084667 0.044667
3 0.06599999999999995 0.438667 0.096 0.085333
3 0.12233300000000003 0.405 0.046 0.05
3 0.05466700000000002 0.580667 0.048 0.033333
3 0.10233300000000001 0.596 0.027333 0.032
3 0.07933299999999999 0.748667 0.068 0.069333
3 0.088333 0.899667 0.05 0.062
3 0.18633299999999997 0.732 0.143333 0.162667
3 0.21866699999999994 0.880667 0.066667 0.082667
3 0.29200000000000004 0.808 0.084 0.117333
2 0.269667 0.887 0.031333 0.039333
2 0.350333 0.922667 0.040667 0.026667
2 0.39833300000000005 0.927667 0.042 0.039333
3 0.367333 0.822333 0.06 0.066
3 0.45199999999999996 0.847 0.073333 0.068667
2 0.329333 0.979333 0.062667 0.041333
3 0.551667 0.796333 0.043333 0.042
3 0.5389999999999999 0.880333 0.063333 0.094
3 0.5860000000000001 0.967667 0.049333 0.060667
2 0.5876669999999999 0.896333 0.040667 0.042
3 0.631667 0.910333 0.040667 0.039333
3 0.6843330000000001 0.924333 0.020667 0.018
3 0.7010000000000001 0.838667 0.018 0.018667
2 0.794 0.965667 0.038667 0.046
3 0.816333 0.576667 0.059333 0.068
3 0.406 0.470333 0.093333 0.084667
3 0.424667 0.544667 0.069333 0.061333
0 0.144667 0.962 0.076 0.069333
0 0.34366699999999994 0.946667 0.044667 0.034667
0 0.459333 0.986667 0.029333 0.026667
0 0.478333 0.237333 0.048667 0.046667
0 0.491333 0.316 0.041333 0.048
0 0.717667 0.128667 0.042 0.042667
0 0.845333 0.254 0.050667 0.053333
0 0.909 0.208 0.048667 0.056
0 0.941667 0.293333 0.042 0.050667
0 0.979333 0.307667 0.04 0.056667
3 0.04966700000000002 0.656333 0.099333 0.11
3 0.8109999999999999 0.053333 0.139333 0.105333
3 0.922333 0.044667 0.106 0.088
