3 0.875333 0.8316669999999999 0.065333 0.059333
3 0.806667 0.799667 0.061333 0.044667
3 0.819667 0.7236670000000001 0.060667 0.063333
3 0.849667 0.6843330000000001 0.044667 0.039333
3 0.957333 0.849333 0.085333 0.076
2 0.910333 0.684667 0.040667 0.037333
3 0.935333 0.6703330000000001 0.037333 0.048667
3 0.844667 0.605667 0.094667 0.106
3 0.926667 0.613333 0.069333 0.058667
3 0.947333 0.516 0.044 0.034667
3 0.917333 0.488 0.078667 0.064
3 0.833 0.5143329999999999 0.084667 0.067333
3 0.822 0.46099999999999997 0.069333 0.046
3 0.808667 0.375667 0.104 0.092667
3 0.836 0.28 0.113333 0.1
3 0.917333 0.379667 0.126667 0.104667
3 0.945 0.28 0.091333 0.089333
3 0.827 0.18166700000000002 0.080667 0.067333
3 0.956333 0.19299999999999995 0.059333 0.059333
3 0.919333 0.14033300000000004 0.052 0.044667
3 0.676667 0.119 0.026667 0.03
3 0.718667 0.18266700000000002 0.026667 0.02
0 0.896333 0.7893330000000001 0.056667 0.065333
0 0.892333 0.223333 0.028667 0.032
0 0.808667 0.11033300000000001 0.032 0.034
0 0.683667 0.266 0.148667 0.177333
0 0.603667 0.20233299999999999 0.11 0.119333
0 0.533333 0.097333 0.262667 0.194667
0 0.591 0.28600000000000003 0.064667 0.077333
0 0.651 0.410667 0.103333 0.118667
0 0.706 0.5203329999999999 0.112 0.120667
0 0.667 0.61 0.084667 0.089333
0 0.625333 0.714 0.18 0.201333
0 0.619333 0.927 0.168 0.144667
0 0.771 0.906667 0.216667 0.185333
0 0.462667 0.9319999999999999 0.130667 0.134667
0 0.460333 0.719 0.143333 0.100667
0 0.474333 0.631667 0.139333 0.116667
0 0.513333 0.5553330000000001 0.094667 0.112
0 0.594 0.540333 0.096 0.111333
0 0.504333 0.39333300000000004 0.208667 0.216
0 0.462 0.228333 0.153333 0.15
0 0.393333 0.37633300000000003 0.106667 0.119333
0 0.361667 0.49 0.09 0.097333
0 0.451 0.5123329999999999 0.102 0.140667
0 0.371333 0.829 0.169333 0.182
0 0.340667 0.679667 0.114667 0.122
0 0.278 0.616333 0.113333 0.111333
0 0.345667 0.5636669999999999 0.092667 0.086
0 0.321333 0.054332999999999965 0.184 0.108667
0 0.323 0.13266699999999998 0.143333 0.134667
0 0.288333 0.237 0.172667 0.116667
0 0.284333 0.31866700000000003 0.171333 0.112
0 0.268333 0.412667 0.115333 0.094667
0 0.232333 0.494333 0.131333 0.111333
0 0.207 0.760667 0.155333 0.168
0 0.131333 0.874 0.182667 0.173333
0 0.094667 0.644333 0.188 0.196667
0 0.061333 0.529333 0.121333 0.136
0 0.139667 0.432667 0.135333 0.144
0 0.076333 0.258667 0.15 0.136
0 0.073333 0.11566699999999996 0.133333 0.151333
0 0.19 0.162667 0.16 0.192
0 0.753333 0.746333 0.038667 0.032667
3 0.756333 0.030333000000000054 0.094 0.059333
3 0.856667 0.038000000000000034 0.114667 0.076
3 0.938 0.9390000000000001 0.124 0.103333
