2 0.8160000000000001 0.113667 0.097333 0.098
3 0.879 0.170667 0.086 0.088
3 0.937333 0.254333 0.041333 0.052667
3 0.874 0.258667 0.1 0.096
3 0.79 0.217333 0.066667 0.090667
3 0.729 0.216333 0.060667 0.059333
2 0.689667 0.077 0.084667 0.094
2 0.549667 0.107 0.094 0.11
3 0.43733299999999997 0.047 0.109333 0.091333
3 0.44399999999999995 0.133667 0.096 0.103333
3 0.351 0.081 0.072667 0.092667
3 0.603333 0.200667 0.046667 0.045333
2 0.5243329999999999 0.223333 0.11 0.121333
2 0.523333 0.304667 0.026667 0.042667
2 0.46099999999999997 0.314 0.091333 0.112
3 0.79 0.763 0.082667 0.082
3 0.779667 0.674333 0.079333 0.076667
3 0.867 0.816667 0.074 0.090667
3 0.08399999999999996 0.131333 0.06 0.069333
3 0.09966699999999995 0.058 0.106 0.093333
3 0.800667 0.04 0.034667 0.033333
0 0.641667 0.873 0.263333 0.254
0 0.345333 0.853333 0.416 0.286667
0 0.631 0.652 0.208667 0.201333
0 0.43766700000000003 0.685333 0.234 0.229333
0 0.91 0.632 0.178667 0.256
0 0.937333 0.909 0.124 0.182
0 0.911333 0.429 0.174667 0.212667
0 0.807333 0.511333 0.076 0.065333
0 0.745333 0.495333 0.077333 0.097333
0 0.649 0.523667 0.072667 0.054
0 0.13 0.661333 0.26 0.253333
0 0.544667 0.447667 0.049333 0.055333
0 0.256667 0.422 0.316 0.268
0 0.05233299999999996 0.363333 0.104667 0.246667
0 0.641 0.335 0.200667 0.223333
0 0.532333 0.499667 0.055333 0.066
0 0.21966699999999995 0.19 0.356667 0.265333
3 0.9 0.046333 0.121333 0.091333
