2 0.928333 0.970333 0.083333 0.055333
2 0.878 0.890333 0.1 0.128667
2 0.916333 0.795667 0.115333 0.11
2 0.912 0.707 0.073333 0.076667
2 0.907333 0.611 0.056 0.074
2 0.8486670000000001 0.683333 0.1 0.093333
2 0.824667 0.780667 0.076 0.098667
2 0.8296669999999999 0.592333 0.124667 0.108667
2 0.874667 0.512333 0.098667 0.087333
1 0.955 0.434333 0.09 0.099333
2 0.861 0.431 0.112667 0.083333
2 0.820667 0.387667 0.057333 0.046
1 0.8566670000000001 0.336 0.118667 0.104
2 0.946 0.356 0.066667 0.069333
1 0.911333 0.275667 0.105333 0.083333
1 0.813667 0.256333 0.126 0.111333
2 0.835 0.164333 0.086 0.078
2 0.933 0.060333 0.118 0.096667
2 0.928667 0.166 0.106667 0.105333
1 0.751 0.335333 0.09 0.1
1 0.754667 0.434667 0.097333 0.106667
1 0.749667 0.542333 0.112667 0.13
1 0.702 0.392333 0.069333 0.099333
1 0.759333 0.079333 0.101333 0.101333
1 0.730333 0.161 0.126 0.143333
2 0.695667 0.246667 0.107333 0.1
1 0.648333 0.312333 0.095333 0.087333
1 0.632333 0.385333 0.106 0.086667
1 0.606333 0.464667 0.148667 0.144
1 0.546333 0.541667 0.127333 0.143333
1 0.636333 0.585667 0.116667 0.119333
1 0.600333 0.684 0.094 0.097333
1 0.496 0.684 0.130667 0.133333
1 0.47466699999999995 0.777 0.085333 0.091333
1 0.42700000000000005 0.864667 0.114 0.138667
2 0.5303329999999999 0.897667 0.09 0.114
1 0.568333 0.793 0.111333 0.118
1 0.613667 0.882333 0.087333 0.15
2 0.646333 0.966 0.106 0.066667
1 0.677667 0.884667 0.084667 0.098667
2 0.763667 0.872667 0.128667 0.172
1 0.049000000000000044 0.973667 0.052667 0.038
1 0.09966699999999995 0.968667 0.054 0.058667
2 0.11866699999999997 0.892333 0.030667 0.034
1 0.04966700000000002 0.909 0.084667 0.086
1 0.151667 0.936333 0.058 0.079333
1 0.20266700000000004 0.956333 0.093333 0.083333
1 0.32466700000000004 0.877 0.101333 0.122
1 0.23933300000000002 0.855 0.086667 0.091333
1 0.18733299999999997 0.889667 0.068 0.072667
1 0.16033299999999995 0.846667 0.055333 0.064
1 0.08466700000000005 0.810333 0.098667 0.07
1 0.095333 0.747667 0.062667 0.078
1 0.13566699999999998 0.670667 0.076667 0.068
1 0.153667 0.753333 0.079333 0.092
1 0.20099999999999996 0.789667 0.079333 0.083333
1 0.261 0.714667 0.112667 0.169333
1 0.373333 0.766 0.114667 0.122667
1 0.39633300000000005 0.660333 0.111333 0.122
1 0.436667 0.579667 0.125333 0.124667
1 0.476 0.49 0.088 0.101333
1 0.519667 0.405333 0.111333 0.104
1 0.5473330000000001 0.316667 0.1 0.098667
1 0.5700000000000001 0.232 0.133333 0.093333
1 0.603 0.157 0.122 0.084667
1 0.595667 0.106667 0.048667 0.029333
1 0.6006670000000001 0.073667 0.066667 0.038
1 0.5183329999999999 0.067333 0.080667 0.069333
1 0.489333 0.153333 0.097333 0.102667
1 0.43533299999999997 0.130333 0.066667 0.082
1 0.43233299999999997 0.054667 0.080667 0.074667
1 0.475 0.234667 0.048667 0.052
3 0.48166699999999996 0.27 0.031333 0.033333
1 0.442333 0.331667 0.111333 0.103333
1 0.40133300000000005 0.434333 0.129333 0.116667
1 0.36066699999999996 0.549333 0.098667 0.166667
1 0.28933299999999995 0.526333 0.066667 0.079333
1 0.278667 0.608 0.106667 0.098667
1 0.22166699999999995 0.553 0.054 0.051333
2 0.253 0.476333 0.086 0.087333
1 0.255 0.402 0.082 0.069333
1 0.32466700000000004 0.402667 0.073333 0.088
1 0.359333 0.328 0.057333 0.065333
1 0.40733299999999995 0.286 0.074667 0.065333
1 0.365333 0.217333 0.1 0.128
1 0.42700000000000005 0.205667 0.052667 0.059333
1 0.279 0.158333 0.046 0.040667
1 0.32599999999999996 0.098667 0.132 0.112
1 0.26433300000000004 0.202 0.060667 0.041333
1 0.269667 0.253333 0.075333 0.072
1 0.22766699999999995 0.276333 0.087333 0.087333
1 0.21766700000000005 0.33 0.120667 0.092
2 0.19899999999999995 0.407 0.063333 0.059333
1 0.16433299999999995 0.497 0.103333 0.09
1 0.19066700000000003 0.459 0.049333 0.047333
1 0.15100000000000002 0.561 0.084667 0.087333
2 0.762 0.764 0.06 0.072
1 0.6906669999999999 0.694 0.097333 0.096
2 0.757333 0.683333 0.074667 0.092
0 0.682667 0.773333 0.086667 0.1
0 0.659333 0.673333 0.038667 0.052
0 0.6599999999999999 0.089333 0.058667 0.069333
0 0.896667 0.023333 0.050667 0.046667
0 0.681 0.464667 0.028667 0.036
0 0.31133299999999997 0.204333 0.044 0.048667
0 0.032332999999999945 0.033333 0.028667 0.034667
2 0.959333 0.543667 0.081333 0.119333
2 0.981 0.639 0.038 0.076667
2 0.978333 0.723333 0.043333 0.109333
2 0.971667 0.901 0.056667 0.079333
2 0.513333 0.961667 0.118667 0.075333
2 0.404 0.968 0.098667 0.061333
2 0.30433299999999996 0.962667 0.107333 0.072
2 0.35066699999999995 0.038667 0.164 0.077333
2 0.52 0.022667 0.072 0.045333
2 0.707333 0.042333 0.156 0.084667
