3 0.951333 0.019333 0.026667 0.029333
2 0.935667 0.125333 0.05 0.042667
3 0.9033329999999999 0.242667 0.129333 0.133333
3 0.882 0.334667 0.046667 0.046667
3 0.814333 0.319333 0.09 0.136
3 0.797667 0.065333 0.102 0.122667
3 0.7110000000000001 0.114667 0.082 0.088
3 0.74 0.209 0.098667 0.094
3 0.732667 0.302667 0.084 0.090667
3 0.782333 0.394 0.032667 0.045333
3 0.747 0.390667 0.044667 0.056
3 0.599 0.09 0.106 0.086667
3 0.659667 0.181 0.055333 0.074
3 0.611333 0.176333 0.048 0.07
3 0.5473330000000001 0.166333 0.078667 0.079333
3 0.6086670000000001 0.261667 0.064 0.07
3 0.555667 0.262667 0.044667 0.053333
3 0.663 0.282 0.035333 0.04
3 0.6759999999999999 0.365 0.030667 0.048667
3 0.5860000000000001 0.357667 0.028 0.038
3 0.632333 0.417 0.051333 0.060667
3 0.973 0.370667 0.05 0.048
3 0.971 0.560333 0.056667 0.079333
2 0.935333 0.502 0.025333 0.024
3 0.866333 0.424 0.047333 0.052
3 0.812667 0.463 0.041333 0.028667
3 0.741 0.461667 0.052667 0.052667
3 0.747 0.542333 0.056667 0.051333
3 0.801667 0.532667 0.111333 0.113333
3 0.851333 0.579 0.024 0.026
2 0.923667 0.599333 0.043333 0.029333
2 0.857 0.658667 0.042 0.034667
2 0.825333 0.71 0.033333 0.032
2 0.941333 0.679333 0.026667 0.041333
3 0.928 0.741333 0.077333 0.073333
2 0.776 0.664 0.038667 0.050667
3 0.750333 0.61 0.034 0.030667
2 0.670667 0.529 0.041333 0.052667
3 0.611333 0.542333 0.078667 0.11
2 0.5553330000000001 0.521 0.053333 0.039333
3 0.5676669999999999 0.446333 0.09 0.103333
2 0.542333 0.590333 0.043333 0.040667
2 0.612333 0.617 0.055333 0.052667
2 0.662667 0.635 0.054667 0.067333
2 0.5433330000000001 0.678667 0.062667 0.057333
2 0.6763330000000001 0.768 0.035333 0.028
3 0.471333 0.737667 0.048 0.064667
2 0.448333 0.656 0.020667 0.017333
2 0.41300000000000003 0.680667 0.022 0.016
2 0.394667 0.717333 0.038667 0.041333
2 0.366333 0.632 0.047333 0.041333
2 0.42800000000000005 0.572333 0.056 0.060667
2 0.488333 0.506667 0.044667 0.045333
2 0.416667 0.5 0.030667 0.030667
3 0.348333 0.560333 0.063333 0.063333
2 0.371333 0.476 0.058667 0.054667
2 0.31999999999999995 0.462667 0.042667 0.041333
3 0.494 0.337667 0.042667 0.055333
3 0.503667 0.086 0.071333 0.093333
3 0.43733299999999997 0.143 0.090667 0.108667
3 0.45866700000000005 0.238 0.041333 0.034667
3 0.36 0.124333 0.054667 0.055333
3 0.38633300000000004 0.054667 0.112667 0.094667
3 0.295667 0.118 0.040667 0.053333
3 0.268 0.046 0.12 0.089333
3 0.21766700000000005 0.100333 0.043333 0.05
3 0.17966700000000002 0.055 0.027333 0.034
3 0.16200000000000003 0.092667 0.042667 0.044
3 0.259 0.265667 0.051333 0.060667
3 0.20133299999999998 0.248 0.062667 0.077333
3 0.15700000000000003 0.239667 0.042 0.044667
3 0.08666700000000005 0.117 0.12 0.09
3 0.07633299999999998 0.207333 0.116667 0.089333
3 0.07399999999999995 0.294 0.064 0.057333
3 0.158667 0.161667 0.026667 0.031333
3 0.16333299999999995 0.312333 0.052 0.054
3 0.249 0.352333 0.042 0.039333
3 0.19566700000000004 0.356 0.054 0.048
3 0.206333 0.410667 0.082 0.069333
3 0.126 0.394667 0.076 0.066667
3 0.06499999999999995 0.485667 0.13 0.139333
3 0.17000000000000004 0.488 0.073333 0.088
3 0.16133299999999995 0.565 0.038667 0.039333
3 0.20033299999999998 0.590667 0.048667 0.058667
2 0.23833300000000002 0.601 0.028667 0.043333
3 0.291667 0.604667 0.064667 0.069333
3 0.24266699999999997 0.520333 0.089333 0.095333
3 0.11966699999999997 0.631667 0.031333 0.032667
2 0.05933299999999997 0.601333 0.033333 0.032
3 0.08166700000000005 0.703333 0.079333 0.073333
3 0.156667 0.713 0.058667 0.068667
3 0.233333 0.743 0.125333 0.134
2 0.31966700000000003 0.770333 0.040667 0.044667
2 0.36266699999999996 0.785667 0.038667 0.044667
3 0.15400000000000003 0.782333 0.029333 0.034
3 0.04200000000000004 0.831 0.04 0.044667
3 0.11966699999999997 0.942333 0.038 0.042
2 0.07899999999999996 0.93 0.043333 0.042667
2 0.19066700000000003 0.871 0.021333 0.016667
2 0.122 0.850333 0.026667 0.026
3 0.546333 0.754667 0.068667 0.070667
3 0.47466699999999995 0.825333 0.078667 0.077333
3 0.507333 0.881 0.033333 0.039333
3 0.585333 0.837667 0.053333 0.067333
2 0.552667 0.916667 0.038667 0.045333
3 0.675667 0.955333 0.042 0.048
3 0.738667 0.953333 0.088 0.088
2 0.748333 0.871333 0.072667 0.066667
2 0.699667 0.823333 0.064667 0.041333
2 0.667333 0.884667 0.065333 0.077333
3 0.795 0.808 0.080667 0.070667
3 0.836333 0.908 0.119333 0.12
3 0.939333 0.84 0.037333 0.034667
3 0.949667 0.937333 0.099333 0.125333
3 0.861667 0.983333 0.040667 0.033333
2 0.9143330000000001 0.677 0.026 0.038
0 0.317333 0.280667 0.061333 0.057333
0 0.18766700000000003 0.161667 0.046 0.036667
0 0.11933300000000002 0.017333 0.049333 0.033333
0 0.128 0.087 0.036 0.042
0 0.45699999999999996 0.34 0.03 0.050667
0 0.41500000000000004 0.322333 0.039333 0.036667
0 0.389667 0.346667 0.039333 0.048
0 0.478333 0.606333 0.091333 0.098
0 0.538667 0.831333 0.057333 0.069333
0 0.6619999999999999 0.711667 0.045333 0.062
0 0.642333 0.354 0.038 0.038667
0 0.674667 0.232333 0.045333 0.043333
0 0.71 0.642333 0.04 0.038
0 0.7396670000000001 0.666667 0.044667 0.048
0 0.860667 0.791 0.074667 0.09
0 0.72 0.431333 0.048 0.048
0 0.801333 0.123 0.048 0.048667
0 0.901667 0.103333 0.046 0.049333
0 0.899667 0.148 0.048667 0.04
0 0.853 0.173 0.044667 0.039333
0 0.799333 0.231 0.052 0.048667
0 0.814667 0.405333 0.038667 0.04
0 0.884 0.521 0.058667 0.064667
3 0.031667 0.92 0.063333 0.089333
2 0.018333000000000044 0.671 0.035333 0.056667
2 0.05700000000000005 0.360667 0.114 0.096
3 0.717333 0.031667 0.086667 0.062
