2 0.899 0.912667 0.120667 0.101333
1 0.942 0.814333 0.104 0.119333
1 0.851667 0.822333 0.095333 0.107333
1 0.785 0.928 0.104667 0.101333
1 0.778 0.857 0.073333 0.054
2 0.813 0.745 0.046 0.042
2 0.887 0.710333 0.094 0.114
1 0.964 0.682667 0.070667 0.089333
1 0.959333 0.613667 0.061333 0.056667
2 0.930667 0.566 0.106667 0.105333
2 0.852333 0.632667 0.094 0.086667
2 0.9390000000000001 0.455 0.118 0.116667
2 0.834333 0.564 0.096667 0.096
2 0.838333 0.473 0.142 0.124667
1 0.908667 0.356 0.104 0.094667
1 0.933667 0.248667 0.120667 0.134667
1 0.965667 0.188333 0.056667 0.055333
1 0.9083330000000001 0.086 0.115333 0.078667
1 0.899667 0.156333 0.075333 0.075333
1 0.8586670000000001 0.28 0.118667 0.102667
1 0.799667 0.378 0.106 0.129333
1 0.758 0.309 0.056 0.060667
1 0.815 0.219333 0.122 0.129333
1 0.804 0.11 0.094667 0.101333
2 0.799667 0.928667 0.078 0.1
1 0.756 0.794667 0.098667 0.101333
1 0.777333 0.687333 0.102667 0.104
1 0.7130000000000001 0.739333 0.076667 0.097333
2 0.7476670000000001 0.609 0.09 0.096667
1 0.724667 0.430333 0.102667 0.118
1 0.722333 0.069333 0.09 0.070667
1 0.702333 0.162333 0.188667 0.118
1 0.714333 0.245 0.107333 0.108667
1 0.695333 0.346667 0.102667 0.108
2 0.6926669999999999 0.911333 0.12 0.134667
1 0.6603330000000001 0.812333 0.118 0.11
2 0.6273329999999999 0.743 0.089333 0.095333
2 0.6663330000000001 0.657667 0.108667 0.094
1 0.620333 0.592333 0.078 0.083333
1 0.675333 0.553333 0.129333 0.133333
1 0.621 0.441 0.107333 0.183333
2 0.602 0.875667 0.068 0.067333
1 0.5760000000000001 0.812 0.1 0.102667
2 0.533667 0.966667 0.054 0.052
2 0.512 0.871 0.141333 0.156667
2 0.47466699999999995 0.792333 0.064 0.067333
2 0.45166700000000004 0.964667 0.068667 0.058667
2 0.42800000000000005 0.894333 0.070667 0.082
1 0.381667 0.820667 0.116667 0.109333
2 0.344333 0.911667 0.086 0.080667
2 0.260667 0.921667 0.125333 0.144667
2 0.29500000000000004 0.832667 0.048667 0.053333
1 0.32099999999999995 0.764 0.092667 0.109333
2 0.366333 0.655667 0.042 0.056667
2 0.16700000000000004 0.938333 0.064667 0.088667
2 0.19666700000000004 0.862667 0.058667 0.065333
2 0.06899999999999995 0.893667 0.063333 0.060667
1 0.146667 0.800667 0.072 0.116
1 0.18433299999999997 0.772333 0.042 0.084667
2 0.232333 0.772667 0.09 0.138667
1 0.5473330000000001 0.729667 0.065333 0.055333
2 0.466333 0.681333 0.183333 0.156
2 0.500333 0.584667 0.056667 0.054667
1 0.42933299999999996 0.601333 0.057333 0.054667
1 0.584333 0.100667 0.086 0.094667
1 0.5143329999999999 0.131667 0.11 0.120667
1 0.568333 0.208333 0.102 0.087333
1 0.5613330000000001 0.295333 0.16 0.136
1 0.512 0.401333 0.105333 0.109333
2 0.538 0.507 0.101333 0.138
2 0.450333 0.527667 0.104667 0.118
1 0.424667 0.431333 0.102667 0.108
1 0.43633299999999997 0.328667 0.107333 0.097333
1 0.462333 0.23 0.152667 0.125333
1 0.35566699999999996 0.257667 0.076667 0.091333
1 0.390667 0.136667 0.154667 0.141333
1 0.44799999999999995 0.05 0.094667 0.088
2 0.27033300000000005 0.141 0.147333 0.186
1 0.18999999999999995 0.172 0.141333 0.170667
1 0.08499999999999996 0.163 0.118 0.111333
1 0.04366700000000001 0.075 0.087333 0.100667
2 0.023333000000000048 0.156333 0.044 0.047333
1 0.224333 0.590333 0.080667 0.087333
1 0.265667 0.679 0.09 0.092667
2 0.169667 0.690333 0.095333 0.092667
2 0.07033299999999998 0.734667 0.083333 0.093333
2 0.086333 0.646333 0.084667 0.086
2 0.16000000000000003 0.611333 0.06 0.065333
1 0.31766700000000003 0.570667 0.178 0.173333
1 0.344333 0.362333 0.080667 0.076667
1 0.33766700000000005 0.462 0.123333 0.138667
1 0.20999999999999996 0.431667 0.168 0.182
2 0.12366699999999997 0.526333 0.115333 0.120667
2 0.09899999999999998 0.437333 0.092667 0.076
1 0.279667 0.294333 0.084667 0.11
1 0.20599999999999996 0.322333 0.098667 0.092667
1 0.11466699999999996 0.334667 0.105333 0.112
1 0.11633300000000002 0.251333 0.119333 0.068
2 0.032332999999999945 0.462 0.064667 0.096
1 0.963 0.901667 0.072667 0.083333
1 0.6206670000000001 0.040333 0.093333 0.080667
1 0.21466700000000005 0.033667 0.086667 0.067333
