2 0.11466699999999996 0.110333 0.138667 0.118
2 0.233333 0.152333 0.109333 0.111333
2 0.32266700000000004 0.199 0.064 0.071333
2 0.40633300000000006 0.218333 0.083333 0.098
2 0.47466699999999995 0.241333 0.068 0.074667
2 0.07833299999999999 0.206667 0.072667 0.077333
1 0.135 0.236667 0.051333 0.068
1 0.20299999999999996 0.253667 0.087333 0.091333
1 0.28733299999999995 0.269 0.090667 0.088667
1 0.359 0.285667 0.055333 0.05
1 0.445333 0.315 0.094667 0.088667
1 0.498333 0.351667 0.087333 0.079333
2 0.553667 0.281333 0.111333 0.097333
2 0.654667 0.325333 0.138667 0.170667
2 0.746333 0.388667 0.124667 0.133333
1 0.838333 0.408667 0.075333 0.081333
2 0.939667 0.426667 0.119333 0.16
2 0.8416669999999999 0.502333 0.064667 0.055333
1 0.946333 0.518333 0.086 0.076667
1 0.8993329999999999 0.556 0.072 0.093333
1 0.951667 0.599667 0.071333 0.086
1 0.892333 0.645 0.096667 0.084667
1 0.798 0.589667 0.108 0.144667
1 0.854 0.568333 0.062667 0.074
1 0.894667 0.726 0.096 0.089333
2 0.921667 0.913667 0.114 0.144667
2 0.815333 0.925333 0.098667 0.098667
1 0.849333 0.84 0.1 0.077333
1 0.836667 0.772667 0.122667 0.090667
2 0.762333 0.826 0.084667 0.089333
2 0.728333 0.91 0.091333 0.088
1 0.736667 0.745 0.092 0.079333
1 0.792333 0.694667 0.111333 0.093333
1 0.671667 0.707667 0.091333 0.080667
1 0.713333 0.649667 0.097333 0.086
1 0.716 0.56 0.108 0.129333
1 0.739 0.487 0.048667 0.060667
1 0.785667 0.474667 0.052667 0.058667
1 0.671333 0.801667 0.094667 0.102
1 0.634 0.910667 0.1 0.102667
2 0.532 0.894 0.093333 0.138667
1 0.5696669999999999 0.795 0.112667 0.115333
1 0.572667 0.703 0.097333 0.087333
1 0.607667 0.624667 0.111333 0.110667
1 0.627 0.544667 0.094 0.088
1 0.644333 0.481 0.092667 0.09
2 0.41433299999999995 0.96 0.111333 0.078667
2 0.44766700000000004 0.880667 0.096667 0.106667
2 0.31399999999999995 0.951667 0.090667 0.095333
2 0.35266699999999995 0.875333 0.101333 0.104
2 0.07399999999999995 0.886333 0.102667 0.095333
1 0.19599999999999995 0.876333 0.14 0.116667
2 0.22466699999999995 0.813667 0.065333 0.042
2 0.300667 0.782333 0.050667 0.056667
1 0.481333 0.8 0.066667 0.065333
1 0.49366699999999997 0.743333 0.086 0.090667
1 0.400667 0.807333 0.110667 0.101333
1 0.38533300000000004 0.717667 0.105333 0.108667
1 0.20699999999999996 0.741333 0.118 0.12
2 0.10199999999999998 0.798 0.110667 0.1
1 0.09699999999999998 0.725 0.054 0.051333
1 0.04066700000000001 0.682333 0.081333 0.074
1 0.20366700000000004 0.651667 0.05 0.054
1 0.291667 0.682333 0.051333 0.046
1 0.28500000000000003 0.728 0.048667 0.042667
1 0.31999999999999995 0.725333 0.033333 0.042667
1 0.31399999999999995 0.637667 0.065333 0.056667
1 0.45699999999999996 0.657333 0.062 0.073333
1 0.511333 0.607 0.129333 0.120667
1 0.541667 0.502333 0.11 0.080667
1 0.44999999999999996 0.547333 0.109333 0.096
1 0.11633300000000002 0.628333 0.118 0.118
2 0.03300000000000003 0.578333 0.066 0.072667
1 0.08899999999999997 0.509333 0.084667 0.092
1 0.04700000000000004 0.423 0.087333 0.080667
2 0.16100000000000003 0.451 0.148667 0.108667
2 0.20133299999999998 0.365 0.157333 0.119333
1 0.17733299999999996 0.561 0.102667 0.119333
1 0.27233300000000005 0.578 0.112667 0.129333
1 0.37833300000000003 0.612333 0.094 0.111333
1 0.32299999999999995 0.494667 0.147333 0.129333
1 0.12033300000000002 0.301 0.083333 0.072667
1 0.33899999999999997 0.349 0.107333 0.095333
2 0.373333 0.414667 0.134667 0.094667
1 0.495333 0.410667 0.064 0.053333
1 0.595333 0.384333 0.064 0.060667
1 0.571333 0.416 0.105333 0.097333
1 0.44566700000000004 0.461667 0.120667 0.118
0 0.922 0.071 0.046667 0.048667
0 0.985667 0.067333 0.027333 0.041333
0 0.256667 0.663333 0.041333 0.044
0 0.161667 0.166 0.052667 0.050667
0 0.06633299999999998 0.713333 0.028667 0.04
2 0.048667000000000016 0.311333 0.097333 0.170667
2 0.028666999999999998 0.505333 0.057333 0.070667
2 0.08299999999999996 0.959667 0.119333 0.078
2 0.20066700000000004 0.965667 0.133333 0.067333
2 0.586667 0.975 0.124 0.047333
1 0.952667 0.833333 0.093333 0.105333
1 0.9646669999999999 0.742 0.069333 0.112
