3 0.789333 0.446333 0.053333 0.055333
3 0.465 0.17200000000000004 0.059333 0.073333
2 0.364667 0.41300000000000003 0.032 0.052667
2 0.353 0.5449999999999999 0.047333 0.044667
2 0.265667 0.587333 0.072667 0.06
2 0.286333 0.510667 0.080667 0.069333
3 0.309333 0.40133300000000005 0.057333 0.073333
3 0.234667 0.375 0.062667 0.071333
2 0.243 0.303667 0.018 0.022
2 0.265667 0.298667 0.024667 0.024
3 0.225333 0.25 0.02 0.024
3 0.202333 0.206333 0.054 0.058
3 0.2 0.13466699999999998 0.065333 0.073333
3 0.142667 0.100333 0.090667 0.083333
3 0.06 0.06466700000000003 0.058667 0.074667
3 0.085333 0.09799999999999998 0.028 0.044
3 0.046333 0.152667 0.072667 0.093333
3 0.121333 0.16800000000000004 0.072 0.068
3 0.087333 0.24666699999999997 0.068 0.072
3 0.072333 0.31599999999999995 0.083333 0.066667
3 0.065 0.40833299999999995 0.104667 0.115333
3 0.095333 0.596333 0.093333 0.083333
2 0.137333 0.511667 0.026667 0.019333
3 0.199 0.5283329999999999 0.083333 0.075333
3 0.157333 0.344333 0.092 0.092667
2 0.160667 0.28233299999999995 0.024 0.019333
3 0.152333 0.43400000000000005 0.046 0.053333
3 0.173 0.626333 0.082 0.068667
2 0.144667 0.707667 0.033333 0.027333
3 0.055667 0.670667 0.083333 0.065333
2 0.079667 0.777667 0.088667 0.076667
3 0.124667 0.873667 0.052 0.048667
3 0.202 0.732667 0.038667 0.044
0 0.843667 0.913333 0.142 0.154667
0 0.952333 0.900667 0.095333 0.126667
0 0.928667 0.788 0.110667 0.130667
0 0.887667 0.5529999999999999 0.166 0.191333
0 0.862667 0.33266700000000005 0.104 0.1
0 0.902333 0.277 0.195333 0.263333
0 0.726667 0.10333300000000001 0.096 0.092
0 0.704667 0.16633299999999995 0.132 0.104667
0 0.746667 0.31266700000000003 0.121333 0.098667
0 0.717 0.409667 0.119333 0.120667
0 0.766 0.556333 0.108 0.143333
0 0.718667 0.7663329999999999 0.134667 0.132667
0 0.607333 0.752333 0.101333 0.102
0 0.68 0.652333 0.109333 0.106
0 0.597 0.61 0.103333 0.092
0 0.653333 0.528 0.136 0.116
0 0.605 0.41600000000000004 0.126 0.101333
0 0.632667 0.07599999999999996 0.137333 0.12
0 0.374333 0.147667 0.15 0.13
0 0.354333 0.26933300000000004 0.164667 0.146667
0 0.832333 0.739 0.122 0.098
0 0.732 0.881 0.085333 0.096667
0 0.659333 0.870333 0.089333 0.112667
0 0.498333 0.8220000000000001 0.135333 0.126667
0 0.422333 0.695333 0.152667 0.186667
0 0.302333 0.757 0.194 0.223333
0 0.126333 0.55 0.043333 0.04
0 0.140667 0.23466699999999996 0.061333 0.057333
2 0.070667 0.957 0.096 0.079333
2 0.034 0.948333 0.064 0.099333
3 0.039667 0.856 0.072667 0.097333
3 0.027333 0.5816669999999999 0.053333 0.082
3 0.028333 0.482333 0.055333 0.095333
3 0.034 0.21299999999999997 0.061333 0.086
3 0.098667 0.023333000000000048 0.072 0.046667
