2 0.268667 0.602 0.070667 0.072
3 0.327333 0.5680000000000001 0.082667 0.093333
3 0.703333 0.474333 0.04 0.044667
3 0.687667 0.39033300000000004 0.054 0.055333
2 0.5896669999999999 0.46766700000000005 0.028667 0.03
3 0.527 0.44299999999999995 0.094 0.108667
3 0.44699999999999995 0.408667 0.039333 0.038667
3 0.440333 0.47366699999999995 0.080667 0.083333
3 0.375 0.44366700000000003 0.067333 0.079333
3 0.335333 0.488 0.086667 0.073333
2 0.701667 0.288667 0.095333 0.088
2 0.614333 0.27833300000000005 0.043333 0.043333
2 0.519667 0.334333 0.048667 0.046
3 0.38433300000000004 0.368 0.079333 0.070667
2 0.28433299999999995 0.30700000000000005 0.104667 0.162
2 0.370333 0.28833299999999995 0.076667 0.082
2 0.45166700000000004 0.31266700000000003 0.09 0.113333
2 0.5449999999999999 0.24866699999999997 0.098 0.118667
3 0.868 0.21999999999999997 0.050667 0.045333
3 0.782 0.23633300000000002 0.078667 0.059333
3 0.805667 0.150667 0.107333 0.088
3 0.7126669999999999 0.20399999999999996 0.065333 0.072
3 0.6393329999999999 0.20199999999999996 0.069333 0.073333
2 0.5413330000000001 0.13766699999999998 0.102667 0.094
3 0.45499999999999996 0.12633300000000003 0.092667 0.095333
3 0.45499999999999996 0.21566700000000005 0.079333 0.084667
2 0.374 0.19399999999999995 0.097333 0.105333
3 0.8160000000000001 0.04933299999999996 0.097333 0.086667
2 0.657667 0.10833300000000001 0.11 0.108667
2 0.543667 0.049000000000000044 0.087333 0.098
3 0.46099999999999997 0.051000000000000045 0.052667 0.052667
3 0.316333 0.055332999999999966 0.062 0.066667
2 0.23766699999999996 0.13466699999999998 0.138 0.126667
2 0.163667 0.18233299999999997 0.094 0.119333
3 0.11466699999999996 0.19899999999999995 0.058667 0.056667
3 0.09766699999999995 0.150667 0.054 0.048
3 0.18633299999999997 0.37 0.11 0.154667
1 0.10799999999999998 0.319333 0.036 0.041333
3 0.16833299999999995 0.25933300000000004 0.05 0.052
1 0.07266700000000004 0.366333 0.038667 0.044667
3 0.101333 0.6639999999999999 0.076 0.068
3 0.15733299999999995 0.705667 0.036 0.035333
2 0.15500000000000003 0.52 0.078 0.076
2 0.06799999999999995 0.46866699999999994 0.092 0.081333
0 0.879667 0.33899999999999997 0.239333 0.216667
0 0.823333 0.487 0.192 0.124667
0 0.956 0.523 0.085333 0.144667
0 0.937667 0.6453329999999999 0.114 0.148
0 0.7803329999999999 0.623333 0.194 0.173333
0 0.939667 0.801667 0.119333 0.158
0 0.808 0.819333 0.206667 0.228
0 0.6926669999999999 0.911333 0.233333 0.176
0 0.597667 0.5880000000000001 0.196667 0.194667
0 0.44466700000000003 0.615333 0.153333 0.149333
0 0.597333 0.753 0.192 0.159333
0 0.423667 0.7476670000000001 0.162 0.162
0 0.268667 0.727333 0.176 0.185333
0 0.15633300000000006 0.864667 0.236667 0.194667
0 0.095333 0.915667 0.190667 0.167333
0 0.387667 0.918667 0.103333 0.1
0 0.9339999999999999 0.935667 0.130667 0.127333
2 0.401667 0.03600000000000003 0.079333 0.072
3 0.654 0.037667000000000006 0.098667 0.075333
2 0.913333 0.047667000000000015 0.105333 0.095333
3 0.954667 0.14800000000000002 0.089333 0.105333
3 0.046667000000000014 0.21599999999999997 0.093333 0.164
