3 0.980667 0.951333 0.029333 0.026667
2 0.874667 0.935667 0.042667 0.05
3 0.757333 0.9033329999999999 0.133333 0.129333
3 0.665333 0.882 0.046667 0.046667
3 0.680667 0.814333 0.136 0.09
3 0.934667 0.797667 0.122667 0.102
3 0.885333 0.7110000000000001 0.088 0.082
3 0.791 0.74 0.094 0.098667
3 0.697333 0.732667 0.090667 0.084
3 0.606 0.782333 0.045333 0.032667
3 0.609333 0.747 0.056 0.044667
3 0.91 0.599 0.086667 0.106
3 0.819 0.659667 0.074 0.055333
3 0.823667 0.611333 0.07 0.048
3 0.8336669999999999 0.5473330000000001 0.079333 0.078667
3 0.738333 0.6086670000000001 0.07 0.064
3 0.737333 0.555667 0.053333 0.044667
3 0.718 0.663 0.04 0.035333
3 0.635 0.6759999999999999 0.048667 0.030667
3 0.642333 0.5860000000000001 0.038 0.028
3 0.583 0.632333 0.060667 0.051333
3 0.6293329999999999 0.973 0.048 0.05
3 0.43966700000000003 0.971 0.079333 0.056667
2 0.498 0.935333 0.024 0.025333
3 0.5760000000000001 0.866333 0.052 0.047333
3 0.5369999999999999 0.812667 0.028667 0.041333
3 0.538333 0.741 0.052667 0.052667
3 0.45766700000000005 0.747 0.051333 0.056667
3 0.467333 0.801667 0.113333 0.111333
3 0.42100000000000004 0.851333 0.026 0.024
2 0.400667 0.923667 0.029333 0.043333
2 0.341333 0.857 0.034667 0.042
2 0.29000000000000004 0.825333 0.032 0.033333
2 0.32066700000000004 0.941333 0.041333 0.026667
3 0.258667 0.928 0.073333 0.077333
2 0.33599999999999997 0.776 0.050667 0.038667
3 0.39 0.750333 0.030667 0.034
2 0.471 0.670667 0.052667 0.041333
3 0.45766700000000005 0.611333 0.11 0.078667
2 0.479 0.5553330000000001 0.039333 0.053333
3 0.553667 0.5676669999999999 0.103333 0.09
2 0.409667 0.542333 0.040667 0.043333
2 0.383 0.612333 0.052667 0.055333
2 0.365 0.662667 0.067333 0.054667
2 0.321333 0.5433330000000001 0.057333 0.062667
2 0.23199999999999998 0.6763330000000001 0.028 0.035333
3 0.26233300000000004 0.471333 0.064667 0.048
2 0.344 0.448333 0.017333 0.020667
2 0.319333 0.41300000000000003 0.016 0.022
2 0.282667 0.394667 0.041333 0.038667
2 0.368 0.366333 0.041333 0.047333
2 0.427667 0.42800000000000005 0.060667 0.056
2 0.493333 0.488333 0.045333 0.044667
2 0.5 0.416667 0.030667 0.030667
3 0.43966700000000003 0.348333 0.063333 0.063333
2 0.524 0.371333 0.054667 0.058667
2 0.5373330000000001 0.31999999999999995 0.041333 0.042667
3 0.6623330000000001 0.494 0.055333 0.042667
3 0.914 0.503667 0.093333 0.071333
3 0.857 0.43733299999999997 0.108667 0.090667
3 0.762 0.45866700000000005 0.034667 0.041333
3 0.875667 0.36 0.055333 0.054667
3 0.945333 0.38633300000000004 0.094667 0.112667
3 0.882 0.295667 0.053333 0.040667
3 0.954 0.268 0.089333 0.12
3 0.899667 0.21766700000000005 0.05 0.043333
3 0.945 0.17966700000000002 0.034 0.027333
3 0.907333 0.16200000000000003 0.044 0.042667
3 0.734333 0.259 0.060667 0.051333
3 0.752 0.20133299999999998 0.077333 0.062667
3 0.760333 0.15700000000000003 0.044667 0.042
3 0.883 0.08666700000000005 0.09 0.12
3 0.792667 0.07633299999999998 0.089333 0.116667
3 0.706 0.07399999999999995 0.057333 0.064
3 0.838333 0.158667 0.031333 0.026667
3 0.687667 0.16333299999999995 0.054 0.052
3 0.647667 0.249 0.039333 0.042
3 0.644 0.19566700000000004 0.048 0.054
3 0.589333 0.206333 0.069333 0.082
3 0.605333 0.126 0.066667 0.076
3 0.5143329999999999 0.06499999999999995 0.139333 0.13
3 0.512 0.17000000000000004 0.088 0.073333
3 0.43500000000000005 0.16133299999999995 0.039333 0.038667
3 0.40933299999999995 0.20033299999999998 0.058667 0.048667
2 0.399 0.23833300000000002 0.043333 0.028667
3 0.39533300000000005 0.291667 0.069333 0.064667
3 0.47966699999999995 0.24266699999999997 0.095333 0.089333
3 0.368333 0.11966699999999997 0.032667 0.031333
2 0.398667 0.05933299999999997 0.032 0.033333
3 0.296667 0.08166700000000005 0.073333 0.079333
3 0.28700000000000003 0.156667 0.068667 0.058667
3 0.257 0.233333 0.134 0.125333
2 0.22966699999999995 0.31966700000000003 0.044667 0.040667
2 0.214333 0.36266699999999996 0.044667 0.038667
3 0.21766700000000005 0.15400000000000003 0.034 0.029333
3 0.16900000000000004 0.04200000000000004 0.044667 0.04
3 0.057667000000000024 0.11966699999999997 0.042 0.038
2 0.06999999999999995 0.07899999999999996 0.042667 0.043333
2 0.129 0.19066700000000003 0.016667 0.021333
2 0.149667 0.122 0.026 0.026667
3 0.24533300000000002 0.546333 0.070667 0.068667
3 0.17466700000000002 0.47466699999999995 0.077333 0.078667
3 0.119 0.507333 0.039333 0.033333
3 0.16233299999999995 0.585333 0.067333 0.053333
2 0.08333299999999999 0.552667 0.045333 0.038667
3 0.04466700000000001 0.675667 0.048 0.042
3 0.046667000000000014 0.738667 0.088 0.088
2 0.12866699999999998 0.748333 0.066667 0.072667
2 0.17666700000000002 0.699667 0.041333 0.064667
2 0.11533300000000002 0.667333 0.077333 0.065333
3 0.19199999999999995 0.795 0.070667 0.080667
3 0.09199999999999997 0.836333 0.12 0.119333
3 0.16000000000000003 0.939333 0.034667 0.037333
3 0.06266700000000003 0.949667 0.125333 0.099333
3 0.016666999999999987 0.861667 0.033333 0.040667
2 0.32299999999999995 0.9143330000000001 0.038 0.026
0 0.719333 0.317333 0.057333 0.061333
0 0.838333 0.18766700000000003 0.036667 0.046
0 0.982667 0.11933300000000002 0.033333 0.049333
0 0.913 0.128 0.042 0.036
0 0.6599999999999999 0.45699999999999996 0.050667 0.03
0 0.677667 0.41500000000000004 0.036667 0.039333
0 0.6533329999999999 0.389667 0.048 0.039333
0 0.393667 0.478333 0.098 0.091333
0 0.168667 0.538667 0.069333 0.057333
0 0.28833299999999995 0.6619999999999999 0.062 0.045333
0 0.646 0.642333 0.038667 0.038
0 0.767667 0.674667 0.043333 0.045333
0 0.35766699999999996 0.71 0.038 0.04
0 0.333333 0.7396670000000001 0.048 0.044667
0 0.20899999999999996 0.860667 0.09 0.074667
0 0.568667 0.72 0.048 0.048
0 0.877 0.801333 0.048667 0.048
0 0.896667 0.901667 0.049333 0.046
0 0.852 0.899667 0.04 0.048667
0 0.827 0.853 0.039333 0.044667
0 0.769 0.799333 0.048667 0.052
0 0.5946670000000001 0.814667 0.04 0.038667
0 0.479 0.884 0.064667 0.058667
3 0.07999999999999996 0.031667 0.089333 0.063333
2 0.32899999999999996 0.018333000000000044 0.056667 0.035333
2 0.6393329999999999 0.05700000000000005 0.096 0.114
3 0.968333 0.717333 0.062 0.086667
