2 0.889667 0.114667 0.118 0.138667
2 0.847667 0.233333 0.111333 0.109333
2 0.8009999999999999 0.322667 0.071333 0.064
2 0.781667 0.406333 0.098 0.083333
2 0.758667 0.474667 0.074667 0.068
2 0.7933330000000001 0.078333 0.077333 0.072667
1 0.763333 0.135 0.068 0.051333
1 0.746333 0.203 0.091333 0.087333
1 0.731 0.287333 0.088667 0.090667
1 0.714333 0.359 0.05 0.055333
1 0.685 0.445333 0.088667 0.094667
1 0.648333 0.498333 0.079333 0.087333
2 0.718667 0.553667 0.097333 0.111333
2 0.674667 0.654667 0.170667 0.138667
2 0.611333 0.746333 0.133333 0.124667
1 0.591333 0.838333 0.081333 0.075333
2 0.573333 0.939667 0.16 0.119333
2 0.49766699999999997 0.841667 0.055333 0.064667
1 0.48166699999999996 0.946333 0.076667 0.086
1 0.44399999999999995 0.899333 0.093333 0.072
1 0.40033300000000005 0.951667 0.086 0.071333
1 0.355 0.892333 0.084667 0.096667
1 0.41033299999999995 0.798 0.144667 0.108
1 0.431667 0.854 0.074 0.062667
1 0.274 0.894667 0.089333 0.096
2 0.086333 0.921667 0.144667 0.114
2 0.07466700000000004 0.815333 0.098667 0.098667
1 0.16000000000000003 0.849333 0.077333 0.1
1 0.227333 0.836667 0.090667 0.122667
2 0.17400000000000004 0.762333 0.089333 0.084667
2 0.08999999999999997 0.728333 0.088 0.091333
1 0.255 0.736667 0.079333 0.092
1 0.30533299999999997 0.792333 0.093333 0.111333
1 0.29233299999999995 0.671667 0.080667 0.091333
1 0.350333 0.713333 0.086 0.097333
1 0.43999999999999995 0.716 0.129333 0.108
1 0.513 0.739 0.060667 0.048667
1 0.525333 0.785667 0.058667 0.052667
1 0.19833299999999998 0.671333 0.102 0.094667
1 0.089333 0.634 0.102667 0.1
2 0.10599999999999998 0.532 0.138667 0.093333
1 0.20499999999999996 0.569667 0.115333 0.112667
1 0.29700000000000004 0.572667 0.087333 0.097333
1 0.375333 0.607667 0.110667 0.111333
1 0.455333 0.627 0.088 0.094
1 0.519 0.644333 0.09 0.092667
2 0.040000000000000036 0.414333 0.078667 0.111333
2 0.11933300000000002 0.447667 0.106667 0.096667
2 0.04833299999999996 0.314 0.095333 0.090667
2 0.12466699999999997 0.352667 0.104 0.101333
2 0.11366699999999996 0.074 0.095333 0.102667
1 0.12366699999999997 0.196 0.116667 0.14
2 0.18633299999999997 0.224667 0.042 0.065333
2 0.21766700000000005 0.300667 0.056667 0.050667
1 0.19999999999999996 0.481333 0.065333 0.066667
1 0.256667 0.493667 0.090667 0.086
1 0.19266700000000003 0.400667 0.101333 0.110667
1 0.28233299999999995 0.385333 0.108667 0.105333
1 0.258667 0.207 0.12 0.118
2 0.20199999999999996 0.102 0.1 0.110667
1 0.275 0.097 0.051333 0.054
1 0.31766700000000003 0.040667 0.074 0.081333
1 0.348333 0.203667 0.054 0.05
1 0.31766700000000003 0.291667 0.046 0.051333
1 0.272 0.285 0.042667 0.048667
1 0.274667 0.32 0.042667 0.033333
1 0.362333 0.314 0.056667 0.065333
1 0.34266700000000005 0.457 0.073333 0.062
1 0.393 0.511333 0.120667 0.129333
1 0.49766699999999997 0.541667 0.080667 0.11
1 0.45266700000000004 0.45 0.096 0.109333
1 0.37166699999999997 0.116333 0.118 0.118
2 0.421667 0.033 0.072667 0.066
1 0.49066699999999996 0.089 0.092 0.084667
1 0.577 0.047 0.080667 0.087333
2 0.5489999999999999 0.161 0.108667 0.148667
2 0.635 0.201333 0.119333 0.157333
1 0.43899999999999995 0.177333 0.119333 0.102667
1 0.42200000000000004 0.272333 0.129333 0.112667
1 0.387667 0.378333 0.111333 0.094
1 0.505333 0.323 0.129333 0.147333
1 0.6990000000000001 0.120333 0.072667 0.083333
1 0.651 0.339 0.095333 0.107333
2 0.585333 0.373333 0.094667 0.134667
1 0.589333 0.495333 0.053333 0.064
1 0.615667 0.595333 0.060667 0.064
1 0.5840000000000001 0.571333 0.097333 0.105333
1 0.538333 0.445667 0.118 0.120667
0 0.929 0.922 0.048667 0.046667
0 0.932667 0.985667 0.041333 0.027333
0 0.33666700000000005 0.256667 0.044 0.041333
0 0.834 0.161667 0.050667 0.052667
0 0.286667 0.066333 0.04 0.028667
2 0.6886669999999999 0.048667 0.170667 0.097333
2 0.49466699999999997 0.028667 0.070667 0.057333
2 0.04033299999999995 0.083 0.078 0.119333
2 0.03433299999999995 0.200667 0.067333 0.133333
2 0.025000000000000022 0.586667 0.047333 0.124
1 0.166667 0.952667 0.105333 0.093333
1 0.258 0.964667 0.112 0.069333
