2 0.087333 0.101 0.101333 0.120667
1 0.185667 0.058 0.119333 0.104
1 0.177667 0.148333 0.107333 0.095333
1 0.072 0.215 0.101333 0.104667
1 0.143 0.222 0.054 0.073333
2 0.255 0.187 0.042 0.046
2 0.289667 0.113 0.114 0.094
1 0.317333 0.036 0.089333 0.070667
1 0.386333 0.040667 0.056667 0.061333
2 0.434 0.069333 0.105333 0.106667
2 0.367333 0.147667 0.086667 0.094
2 0.545 0.061 0.116667 0.118
2 0.436 0.165667 0.096 0.096667
2 0.527 0.161667 0.124667 0.142
1 0.644 0.091333 0.094667 0.104
1 0.751333 0.066333 0.134667 0.120667
1 0.811667 0.034333 0.055333 0.056667
1 0.914 0.091667 0.078667 0.115333
1 0.843667 0.100333 0.075333 0.075333
1 0.72 0.141333 0.102667 0.118667
1 0.622 0.200333 0.129333 0.106
1 0.691 0.242 0.060667 0.056
1 0.780667 0.185 0.129333 0.122
1 0.89 0.196 0.101333 0.094667
2 0.071333 0.200333 0.1 0.078
1 0.205333 0.244 0.101333 0.098667
1 0.312667 0.222667 0.104 0.102667
1 0.260667 0.287 0.097333 0.076667
2 0.391 0.252333 0.096667 0.09
1 0.569667 0.275333 0.118 0.102667
1 0.930667 0.277667 0.070667 0.09
1 0.837667 0.297667 0.118 0.188667
1 0.755 0.285667 0.108667 0.107333
1 0.653333 0.304667 0.108 0.102667
2 0.088667 0.307333 0.134667 0.12
1 0.187667 0.339667 0.11 0.118
2 0.257 0.372667 0.095333 0.089333
2 0.342333 0.333667 0.094 0.108667
1 0.407667 0.379667 0.083333 0.078
1 0.446667 0.324667 0.133333 0.129333
1 0.559 0.379 0.183333 0.107333
2 0.124333 0.398 0.067333 0.068
1 0.188 0.424 0.102667 0.1
2 0.033333 0.466333 0.052 0.054
2 0.129 0.488 0.156667 0.141333
2 0.207667 0.525333 0.067333 0.064
2 0.035333 0.548333 0.058667 0.068667
2 0.105667 0.572 0.082 0.070667
1 0.179333 0.618333 0.109333 0.116667
2 0.088333 0.655667 0.080667 0.086
2 0.078333 0.739333 0.144667 0.125333
2 0.167333 0.705 0.053333 0.048667
1 0.236 0.679 0.109333 0.092667
2 0.344333 0.633667 0.056667 0.042
2 0.061667 0.833 0.088667 0.064667
2 0.137333 0.803333 0.065333 0.058667
2 0.106333 0.931 0.060667 0.063333
1 0.199333 0.853333 0.116 0.072
1 0.227667 0.815667 0.084667 0.042
2 0.227333 0.767667 0.138667 0.09
1 0.270333 0.452667 0.055333 0.065333
2 0.318667 0.533667 0.156 0.183333
2 0.415333 0.499667 0.054667 0.056667
1 0.398667 0.570667 0.054667 0.057333
1 0.899333 0.415667 0.094667 0.086
1 0.868333 0.485667 0.120667 0.11
1 0.791667 0.431667 0.087333 0.102
1 0.704667 0.438667 0.136 0.16
1 0.598667 0.488 0.109333 0.105333
2 0.493 0.462 0.138 0.101333
2 0.472333 0.549667 0.118 0.104667
1 0.568667 0.575333 0.108 0.102667
1 0.671333 0.563667 0.097333 0.107333
1 0.77 0.537667 0.125333 0.152667
1 0.742333 0.644333 0.091333 0.076667
1 0.863333 0.609333 0.141333 0.154667
1 0.95 0.552 0.088 0.094667
2 0.859 0.729667 0.186 0.147333
1 0.828 0.81 0.170667 0.141333
1 0.837 0.915 0.111333 0.118
1 0.925 0.956333 0.100667 0.087333
2 0.843667 0.976667 0.047333 0.044
1 0.409667 0.775667 0.087333 0.080667
1 0.321 0.734333 0.092667 0.09
2 0.309667 0.830333 0.092667 0.095333
2 0.265333 0.929667 0.093333 0.083333
2 0.353667 0.913667 0.086 0.084667
2 0.388667 0.84 0.065333 0.06
1 0.429333 0.682333 0.173333 0.178
1 0.637667 0.655667 0.076667 0.080667
1 0.538 0.662333 0.138667 0.123333
1 0.568333 0.79 0.182 0.168
2 0.473667 0.876333 0.120667 0.115333
2 0.562667 0.901 0.076 0.092667
1 0.705667 0.720333 0.11 0.084667
1 0.677667 0.794 0.092667 0.098667
1 0.665333 0.885333 0.112 0.105333
1 0.748667 0.883667 0.068 0.119333
2 0.538 0.967667 0.096 0.064667
1 0.098333 0.037 0.083333 0.072667
1 0.959667 0.379333 0.080667 0.093333
1 0.966333 0.785333 0.067333 0.086667
