3 0.345333 0.936333 0.066667 0.088667
3 0.42833299999999996 0.912667 0.083333 0.102667
3 0.402 0.834667 0.02 0.034667
3 0.32766700000000004 0.843667 0.054 0.05
3 0.504 0.940667 0.06 0.069333
3 0.654333 0.883667 0.054 0.060667
2 0.732667 0.865667 0.069333 0.07
2 0.799667 0.842667 0.051333 0.062667
2 0.83 0.907333 0.069333 0.072
2 0.866 0.804667 0.122667 0.089333
2 0.843333 0.861333 0.032 0.036
2 0.766 0.945333 0.08 0.096
3 0.7006669999999999 0.779 0.064 0.092667
3 0.772667 0.761333 0.064 0.064
3 0.622333 0.57 0.059333 0.072
3 0.760333 0.565667 0.086 0.07
3 0.683333 0.554333 0.024 0.022
2 0.862 0.570667 0.094667 0.070667
2 0.885333 0.650333 0.092 0.094
2 0.801333 0.649667 0.081333 0.087333
2 0.843667 0.727333 0.088667 0.093333
2 0.714333 0.640667 0.088667 0.094667
2 0.644333 0.643667 0.074 0.080667
2 0.5736669999999999 0.672 0.084667 0.078667
3 0.606333 0.746667 0.078 0.065333
3 0.391667 0.556333 0.059333 0.051333
3 0.41800000000000004 0.635 0.045333 0.05
3 0.494 0.671333 0.066667 0.077333
3 0.525667 0.745667 0.060667 0.054
2 0.331333 0.583667 0.036 0.036667
2 0.328333 0.501 0.047333 0.051333
3 0.24233300000000002 0.559 0.094 0.083333
3 0.16233299999999995 0.601 0.056667 0.059333
2 0.26333300000000004 0.627333 0.038667 0.032
3 0.357333 0.660333 0.069333 0.080667
3 0.28133300000000006 0.697667 0.089333 0.083333
3 0.44166700000000003 0.713667 0.064667 0.062
3 0.381667 0.758 0.079333 0.098667
3 0.302667 0.779 0.076 0.079333
3 0.5776669999999999 0.899667 0.054 0.051333
3 0.622333 0.804 0.026 0.029333
3 0.47 0.796 0.089333 0.094667
2 0.560333 0.855333 0.075333 0.042667
3 0.566667 0.813667 0.101333 0.074
3 0.214333 0.482333 0.086 0.072667
3 0.11733300000000002 0.458 0.056 0.062667
3 0.07133299999999998 0.366333 0.074667 0.082
3 0.03400000000000003 0.463 0.058667 0.075333
3 0.18866700000000003 0.401 0.106667 0.087333
3 0.27 0.358667 0.092 0.089333
3 0.165667 0.322 0.086 0.076
3 0.07233299999999998 0.278 0.079333 0.074667
3 0.23399999999999999 0.274667 0.110667 0.081333
2 0.03833299999999995 0.138 0.052667 0.061333
2 0.12133300000000002 0.115 0.033333 0.038
3 0.12633300000000003 0.178 0.056667 0.066667
2 0.20133299999999998 0.178 0.085333 0.108
3 0.282667 0.150333 0.1 0.083333
3 0.304667 0.238 0.033333 0.044
2 0.367333 0.224667 0.074667 0.062667
2 0.358333 0.172667 0.020667 0.022667
2 0.6699999999999999 0.489333 0.097333 0.097333
2 0.758333 0.484667 0.082 0.062667
2 0.845 0.499 0.094 0.086
3 0.8140000000000001 0.424 0.068 0.064
2 0.875 0.431 0.018 0.019333
2 0.879333 0.357333 0.093333 0.086667
3 0.786333 0.348333 0.084667 0.082
3 0.6950000000000001 0.351 0.058 0.051333
3 0.645 0.402667 0.072667 0.068
2 0.7216670000000001 0.410333 0.086 0.078
3 0.8526670000000001 0.304333 0.057333 0.047333
2 0.675 0.271667 0.076667 0.082
3 0.625 0.329 0.056667 0.059333
3 0.9339999999999999 0.283 0.082667 0.068667
3 0.938667 0.217 0.098667 0.063333
3 0.900667 0.167667 0.105333 0.09
3 0.805333 0.148667 0.062667 0.066667
3 0.718667 0.081 0.089333 0.075333
3 0.732 0.173333 0.098667 0.106667
2 0.627667 0.087 0.076667 0.084667
2 0.652 0.178667 0.077333 0.101333
3 0.580667 0.172 0.068 0.106667
3 0.596333 0.254667 0.044667 0.044
3 0.823333 0.231 0.065333 0.075333
3 0.5640000000000001 0.041333 0.057333 0.065333
3 0.485333 0.056 0.094667 0.08
3 0.494333 0.139333 0.092667 0.086667
3 0.41933299999999996 0.154333 0.073333 0.080667
3 0.516667 0.222 0.088 0.073333
0 0.157667 0.793667 0.311333 0.332667
0 0.903667 0.51 0.031333 0.041333
0 0.46699999999999997 0.43 0.314 0.358667
0 0.26733300000000004 0.471 0.045333 0.071333
0 0.924333 0.716667 0.036667 0.030667
2 0.05400000000000005 0.951333 0.108 0.097333
2 0.292667 0.961 0.077333 0.078
2 0.601 0.965667 0.087333 0.068667
2 0.678667 0.950333 0.097333 0.099333
3 0.918333 0.044 0.078 0.084
3 0.8396669999999999 0.036667 0.068667 0.066667
3 0.39433300000000004 0.04 0.068667 0.078667
2 0.028000000000000025 0.576333 0.056 0.087333
