2 0.656667 0.917 0.062667 0.05
2 0.512333 0.400667 0.080667 0.082667
3 0.591667 0.42533299999999996 0.066 0.064
3 0.633 0.332333 0.084667 0.09
3 0.712 0.263 0.076 0.071333
3 0.729667 0.373333 0.098 0.096
3 0.679333 0.5473330000000001 0.066667 0.061333
3 0.675667 0.634 0.060667 0.050667
3 0.74 0.734667 0.085333 0.088
3 0.754333 0.936333 0.080667 0.087333
3 0.826333 0.958667 0.07 0.066667
3 0.8 0.879667 0.086667 0.09
3 0.882 0.877 0.078667 0.084667
3 0.830333 0.6779999999999999 0.087333 0.077333
2 0.895 0.776667 0.035333 0.041333
3 0.794667 0.5740000000000001 0.042667 0.028
2 0.865333 0.595 0.028 0.034
3 0.775667 0.469 0.092667 0.092667
2 0.918333 0.6990000000000001 0.075333 0.078
3 0.928 0.625667 0.065333 0.054
3 0.932333 0.507333 0.098 0.064
3 0.852 0.30000000000000004 0.098667 0.108
3 0.958 0.332333 0.084 0.082
3 0.958667 0.14800000000000002 0.082667 0.078667
3 0.962 0.05933299999999997 0.076 0.08
3 0.868 0.037667000000000006 0.072 0.058
3 0.833 0.10499999999999998 0.112667 0.092667
3 0.752667 0.210333 0.030667 0.03
2 0.638333 0.08066700000000004 0.036667 0.037333
3 0.633667 0.24566699999999997 0.088667 0.095333
0 0.153333 0.62 0.262667 0.329333
0 0.235333 0.533667 0.172 0.198
0 0.316 0.517 0.228 0.252667
0 0.462667 0.844333 0.286667 0.31
0 0.656333 0.83 0.080667 0.110667
0 0.655667 0.468333 0.155333 0.107333
0 0.845667 0.391667 0.147333 0.107333
0 0.818333 0.21599999999999997 0.096667 0.086667
0 0.544667 0.21199999999999997 0.078667 0.062667
0 0.512 0.08666700000000005 0.062667 0.070667
0 0.743667 0.11166699999999996 0.056667 0.088667
0 0.927667 0.953667 0.138 0.091333
3 0.799333 0.032667 0.108 0.065333
