2 0.8280000000000001 0.14 0.048 0.053333
2 0.726667 0.149333 0.058667 0.054667
2 0.713667 0.049667 0.084667 0.080667
2 0.630333 0.158667 0.075333 0.065333
2 0.567 0.091 0.11 0.146
2 0.5656669999999999 0.184333 0.040667 0.044667
2 0.521333 0.203 0.049333 0.056667
2 0.49266699999999997 0.140333 0.12 0.131333
2 0.767667 0.310333 0.054 0.051333
2 0.833333 0.332667 0.052 0.038667
2 0.86 0.292333 0.049333 0.040667
2 0.964 0.375 0.069333 0.074
3 0.682667 0.377667 0.106667 0.116667
2 0.587 0.363 0.064667 0.05
2 0.33866700000000005 0.348333 0.069333 0.091333
3 0.374 0.484667 0.082667 0.062667
3 0.44966700000000004 0.503 0.071333 0.066
3 0.536667 0.478667 0.090667 0.077333
2 0.808667 0.465333 0.141333 0.117333
3 0.7170000000000001 0.518667 0.099333 0.093333
3 0.8220000000000001 0.569333 0.121333 0.089333
3 0.721333 0.606333 0.093333 0.086
3 0.6473329999999999 0.675 0.066667 0.080667
2 0.736667 0.695333 0.125333 0.106667
3 0.285667 0.546 0.076667 0.077333
2 0.32666700000000004 0.627333 0.054667 0.041333
3 0.39 0.653333 0.049333 0.049333
3 0.47966699999999995 0.706 0.05 0.046667
3 0.552333 0.56 0.063333 0.056
3 0.762 0.754667 0.077333 0.064
2 0.956 0.733333 0.058667 0.061333
2 0.777 0.829 0.067333 0.082
3 0.871667 0.849667 0.07 0.078
3 0.31100000000000005 0.717 0.091333 0.079333
3 0.26133300000000004 0.787667 0.088 0.099333
3 0.350333 0.781333 0.07 0.072
3 0.37166699999999997 0.851333 0.059333 0.066667
3 0.285667 0.883667 0.083333 0.071333
2 0.43300000000000005 0.814333 0.058 0.064667
3 0.512667 0.859333 0.077333 0.082667
3 0.45899999999999996 0.899 0.051333 0.056667
3 0.392667 0.925333 0.04 0.053333
3 0.587 0.794667 0.103333 0.1
3 0.6126670000000001 0.915 0.102667 0.118
3 0.705333 0.889667 0.070667 0.084667
3 0.897667 0.940667 0.075333 0.093333
3 0.13966699999999999 0.937 0.074 0.087333
3 0.13133300000000003 0.842667 0.056 0.057333
2 0.11066699999999996 0.756333 0.041333 0.042
2 0.08466700000000005 0.677 0.062667 0.054
2 0.22966699999999995 0.541333 0.044667 0.038667
3 0.24333300000000002 0.426333 0.112 0.095333
3 0.12566699999999997 0.191667 0.056667 0.055333
2 0.23766699999999996 0.282 0.128667 0.14
2 0.12733300000000003 0.261333 0.108 0.088
2 0.05266700000000002 0.300667 0.096 0.085333
2 0.16700000000000004 0.348333 0.135333 0.134
2 0.19033299999999997 0.072 0.112667 0.109333
3 0.901667 0.445333 0.048667 0.056
0 0.548667 0.279 0.077333 0.084667
0 0.46266700000000005 0.275 0.090667 0.072667
0 0.41733299999999995 0.348333 0.101333 0.111333
0 0.503333 0.372667 0.102667 0.082667
0 0.898333 0.084 0.080667 0.066667
0 0.963 0.043667 0.072667 0.082
0 0.36566699999999996 0.253667 0.119333 0.119333
0 0.44966700000000004 0.576667 0.068667 0.066667
0 0.5023329999999999 0.608333 0.064667 0.056667
0 0.542667 0.651667 0.089333 0.115333
0 0.629667 0.597 0.072667 0.103333
0 0.967 0.298667 0.064667 0.082667
0 0.6393329999999999 0.439 0.050667 0.055333
0 0.41433299999999995 0.433667 0.087333 0.080667
0 0.351333 0.153333 0.125333 0.078667
0 0.39133300000000004 0.078667 0.097333 0.066667
0 0.20366700000000004 0.204667 0.058 0.06
0 0.29933299999999996 0.484667 0.093333 0.058667
0 0.19799999999999995 0.499333 0.057333 0.050667
0 0.14233300000000004 0.586 0.062 0.077333
0 0.22799999999999998 0.688 0.064 0.082667
0 0.204333 0.607333 0.059333 0.08
3 0.973667 0.872 0.051333 0.088
3 0.032667 0.904 0.065333 0.066667
3 0.29633299999999996 0.959667 0.135333 0.080667
3 0.19633299999999998 0.952667 0.080667 0.094667
3 0.804667 0.954667 0.101333 0.090667
