2 0.836333 0.199 0.131333 0.120667
3 0.947667 0.218667 0.095333 0.096
3 0.885 0.309333 0.158 0.126667
3 0.724333 0.197 0.066 0.068667
2 0.621333 0.170667 0.153333 0.164
2 0.815333 0.447667 0.121333 0.138
2 0.795 0.549 0.144667 0.122
3 0.834 0.652667 0.1 0.109333
2 0.683333 0.504333 0.136 0.108667
3 0.692333 0.279333 0.048667 0.041333
3 0.5860000000000001 0.411 0.08 0.086
2 0.717333 0.380333 0.142667 0.134
3 0.631667 0.599 0.076667 0.076667
3 0.7086669999999999 0.63 0.057333 0.069333
3 0.703667 0.725 0.099333 0.114
3 0.510667 0.682 0.124 0.121333
3 0.42500000000000004 0.556667 0.139333 0.142667
3 0.257667 0.085 0.094 0.096667
3 0.355333 0.288333 0.049333 0.063333
2 0.237 0.274 0.158 0.144
2 0.329333 0.417 0.196 0.188667
3 0.20899999999999996 0.388 0.058 0.068
3 0.133 0.337667 0.080667 0.096667
2 0.206333 0.479667 0.143333 0.116667
3 0.21666700000000005 0.596667 0.138667 0.092
2 0.19166700000000003 0.727 0.163333 0.163333
3 0.20466700000000004 0.816333 0.064 0.052667
3 0.294667 0.724333 0.026667 0.023333
2 0.39 0.752333 0.118667 0.151333
3 0.424667 0.868667 0.069333 0.077333
2 0.30933299999999997 0.87 0.148 0.154667
2 0.135 0.922 0.138 0.154667
3 0.607667 0.810667 0.088667 0.098667
2 0.6046670000000001 0.921333 0.133333 0.153333
2 0.716 0.946333 0.082667 0.107333
2 0.825 0.881333 0.176667 0.186667
2 0.933333 0.830333 0.130667 0.156667
3 0.09066700000000005 0.451333 0.066667 0.073333
2 0.06999999999999995 0.563667 0.14 0.151333
2 0.05800000000000005 0.712667 0.093333 0.098667
0 0.921333 0.509333 0.089333 0.088
0 0.541667 0.312 0.122 0.125333
0 0.609333 0.655333 0.114667 0.068
0 0.577 0.512667 0.102 0.094667
0 0.536333 0.586 0.104667 0.090667
0 0.419667 0.335 0.082 0.102
0 0.46799999999999997 0.257 0.105333 0.096667
0 0.48666699999999996 0.144 0.136 0.14
0 0.438333 0.047 0.09 0.092667
0 0.5796669999999999 0.107667 0.052667 0.051333
0 0.32066700000000004 0.558667 0.090667 0.090667
0 0.35666699999999996 0.226333 0.097333 0.080667
0 0.343333 0.159667 0.093333 0.080667
0 0.26833300000000004 0.174333 0.054 0.079333
0 0.13033300000000003 0.050667 0.111333 0.1
0 0.277667 0.673333 0.078 0.069333
0 0.13333300000000003 0.203333 0.088 0.114667
0 0.609 0.725 0.100667 0.079333
0 0.42600000000000005 0.643 0.066667 0.068667
0 0.359333 0.644 0.06 0.070667
0 0.506 0.804667 0.093333 0.102667
0 0.687333 0.858667 0.066667 0.066667
0 0.929 0.918667 0.084667 0.097333
2 0.7913330000000001 0.076 0.210667 0.150667
3 0.945667 0.390667 0.107333 0.192
2 0.946667 0.708333 0.104 0.143333
2 0.32799999999999996 0.956667 0.142667 0.086667
3 0.04733299999999996 0.910667 0.094667 0.128
2 0.029667 0.319 0.059333 0.079333
3 0.5736669999999999 0.049333 0.171333 0.097333
