1 0.278 0.045 0.08 0.086
1 0.207333 0.122 0.126667 0.12
1 0.104667 0.07 0.144 0.138667
1 0.116 0.192 0.081333 0.077333
1 0.098667 0.302 0.126667 0.144
1 0.177 0.217667 0.095333 0.111333
1 0.258333 0.170333 0.080667 0.059333
1 0.319333 0.106333 0.093333 0.122
1 0.389667 0.092333 0.098 0.09
1 0.485667 0.065333 0.138 0.128
1 0.509333 0.157667 0.090667 0.080667
1 0.595333 0.105333 0.126667 0.126667
1 0.686 0.051333 0.096 0.089333
1 0.718667 0.142333 0.122667 0.148667
2 0.63 0.177333 0.105333 0.1
2 0.562 0.226667 0.058667 0.068
1 0.642333 0.292667 0.140667 0.148
2 0.394 0.170333 0.112 0.118
2 0.328667 0.235 0.117333 0.102
2 0.226667 0.313 0.121333 0.131333
2 0.158667 0.409 0.053333 0.047333
2 0.241667 0.454667 0.13 0.116
2 0.331333 0.370333 0.118667 0.123333
1 0.466333 0.243667 0.118 0.084667
1 0.438667 0.317667 0.174667 0.142
2 0.479 0.419 0.148667 0.15
1 0.559667 0.332 0.107333 0.121333
2 0.642 0.431333 0.136 0.157333
1 0.738 0.258 0.078667 0.102667
2 0.717333 0.484333 0.076 0.062
1 0.088667 0.469333 0.174667 0.165333
1 0.351667 0.488333 0.111333 0.107333
1 0.083667 0.586333 0.164667 0.106
1 0.101 0.668 0.127333 0.129333
1 0.210667 0.584333 0.128 0.142
2 0.375667 0.604333 0.147333 0.211333
2 0.521333 0.638 0.144 0.184
2 0.283 0.691333 0.156667 0.150667
1 0.153333 0.754667 0.133333 0.130667
2 0.227333 0.830333 0.116 0.106
2 0.714333 0.879333 0.086 0.094667
2 0.654 0.941333 0.117333 0.114667
1 0.066667 0.857333 0.130667 0.116
1 0.145 0.901 0.116667 0.114
1 0.059333 0.955333 0.117333 0.089333
2 0.81 0.834 0.168 0.22
2 0.886 0.789667 0.132 0.142
2 0.930333 0.897333 0.127333 0.154667
2 0.931333 0.719333 0.137333 0.150667
2 0.811667 0.455 0.082 0.092667
2 0.907 0.396333 0.062 0.056667
2 0.783 0.341333 0.119333 0.108
2 0.902 0.313 0.081333 0.080667
1 0.855667 0.215667 0.144667 0.146
2 0.826333 0.103333 0.099333 0.114667
2 0.943333 0.155 0.113333 0.13
1 0.920667 0.066 0.116 0.130667
0 0.251333 0.223333 0.062667 0.078667
1 0.050667 0.119667 0.1 0.148667
1 0.767 0.034333 0.098 0.067333
