2 0.107 0.910667 0.118 0.106667
3 0.130667 0.812667 0.121333 0.090667
3 0.057333 0.732 0.110667 0.104
3 0.046333 0.644 0.091333 0.112
3 0.061 0.5493330000000001 0.084667 0.077333
2 0.070667 0.474 0.101333 0.076
2 0.091 0.397 0.168667 0.172667
2 0.071667 0.30633299999999997 0.047333 0.034
3 0.177667 0.291667 0.112667 0.112667
2 0.239333 0.396 0.126667 0.110667
2 0.227667 0.588333 0.095333 0.147333
3 0.247 0.6886669999999999 0.063333 0.073333
3 0.163667 0.707333 0.116667 0.108
2 0.123 0.599667 0.112667 0.144667
2 0.221667 0.883333 0.122 0.096
2 0.250333 0.788 0.131333 0.109333
3 0.314333 0.851 0.058 0.067333
3 0.322667 0.687667 0.106667 0.106
3 0.317333 0.5473330000000001 0.141333 0.144
2 0.348667 0.45999999999999996 0.101333 0.084
3 0.355667 0.37933300000000003 0.123333 0.101333
3 0.385667 0.26833300000000004 0.047333 0.046
3 0.459333 0.354333 0.044 0.036667
3 0.433333 0.33966700000000005 0.044 0.043333
2 0.466 0.264 0.113333 0.105333
3 0.538667 0.31899999999999995 0.125333 0.106
3 0.556 0.409667 0.105333 0.091333
3 0.469 0.43733299999999997 0.155333 0.162667
2 0.437667 0.534667 0.096667 0.093333
2 0.412333 0.624 0.183333 0.124
3 0.528333 0.626 0.056667 0.061333
3 0.405333 0.7416670000000001 0.113333 0.111333
2 0.382667 0.904 0.132 0.157333
3 0.495667 0.867 0.115333 0.146
2 0.587 0.9 0.100667 0.125333
3 0.527 0.742333 0.143333 0.158
3 0.607667 0.715667 0.106 0.123333
3 0.604 0.613667 0.068 0.07
3 0.692 0.641 0.053333 0.047333
3 0.696667 0.865667 0.129333 0.104667
2 0.696 0.759 0.122667 0.135333
3 0.634667 0.517667 0.130667 0.107333
2 0.646667 0.41700000000000004 0.106667 0.104667
2 0.640667 0.32199999999999995 0.088 0.088
2 0.730667 0.33866700000000005 0.106667 0.112
3 0.738667 0.438333 0.086667 0.082
2 0.821333 0.9390000000000001 0.152 0.119333
3 0.796667 0.844 0.129333 0.101333
3 0.913333 0.876 0.108 0.12
3 0.821333 0.749667 0.084 0.09
2 0.888333 0.78 0.056667 0.048
2 0.800667 0.657667 0.085333 0.096667
3 0.89 0.685333 0.136 0.12
2 0.796333 0.570667 0.064667 0.070667
3 0.829667 0.47666699999999995 0.11 0.110667
3 0.904 0.5776669999999999 0.142667 0.112667
2 0.929333 0.488333 0.097333 0.078
3 0.920333 0.407667 0.122 0.095333
3 0.928667 0.310667 0.081333 0.094667
3 0.831 0.290667 0.134 0.126667
2 0.869667 0.18999999999999995 0.127333 0.104
2 0.895 0.08433299999999999 0.124667 0.111333
3 0.803667 0.062000000000000055 0.123333 0.124
3 0.712333 0.03833299999999995 0.074 0.062
3 0.689667 0.13133300000000003 0.180667 0.158667
3 0.674667 0.24466699999999997 0.096 0.089333
3 0.572 0.217333 0.112 0.116
3 0.588333 0.11299999999999999 0.083333 0.108667
2 0.528667 0.09099999999999997 0.062667 0.059333
3 0.486333 0.04800000000000004 0.027333 0.029333
2 0.425667 0.09266700000000005 0.066 0.068
2 0.431667 0.17633299999999996 0.111333 0.103333
3 0.341333 0.139 0.089333 0.079333
2 0.342667 0.24066699999999996 0.082667 0.089333
2 0.256667 0.27333300000000005 0.110667 0.132
3 0.258 0.19733299999999998 0.057333 0.04
2 0.248 0.13766699999999998 0.088 0.095333
3 0.251333 0.057667000000000024 0.092 0.079333
3 0.161333 0.033667 0.08 0.067333
3 0.149 0.11533300000000002 0.114 0.116
3 0.166 0.20566700000000004 0.08 0.063333
2 0.065667 0.21766700000000005 0.096667 0.099333
3 0.051667 0.11033300000000001 0.102 0.114
0 0.191 0.493333 0.087333 0.082667
0 0.957667 0.205333 0.084667 0.121333
0 0.654333 0.562 0.084667 0.074667
0 0.727333 0.5043329999999999 0.085333 0.068667
0 0.730333 0.658667 0.046 0.058667
0 0.525667 0.5553330000000001 0.09 0.089333
0 0.564667 0.813667 0.096 0.071333
0 0.832667 0.607667 0.049333 0.048667
0 0.368667 0.08033299999999999 0.057333 0.056667
0 0.714667 0.566667 0.081333 0.117333
3 0.036333 0.817333 0.071333 0.1
2 0.150333 0.964333 0.111333 0.07
3 0.700333 0.955667 0.115333 0.087333
3 0.959 0.705667 0.082 0.103333
