0 0.088667 0.788667 0.141333 0.145333
0 0.166667 0.901667 0.184 0.174
0 0.247667 0.798667 0.155333 0.173333
0 0.368667 0.83 0.148 0.164
0 0.314333 0.661333 0.155333 0.173333
0 0.431333 0.566333 0.341333 0.319333
0 0.253333 0.43600000000000005 0.192 0.188
0 0.163667 0.5613330000000001 0.186 0.236
0 0.148333 0.26933300000000004 0.252667 0.230667
0 0.351667 0.283667 0.202 0.202
0 0.493667 0.417667 0.143333 0.143333
0 0.667667 0.308667 0.163333 0.172
0 0.527333 0.276667 0.141333 0.208
0 0.435667 0.07999999999999996 0.168667 0.16
0 0.547333 0.07399999999999995 0.08 0.148
0 0.637667 0.086333 0.135333 0.147333
0 0.868667 0.26933300000000004 0.226667 0.202667
0 0.678 0.44399999999999995 0.086667 0.094667
0 0.69 0.755333 0.078667 0.082667
0 0.505333 0.898333 0.133333 0.139333
0 0.709667 0.933333 0.138 0.132
0 0.827333 0.7236670000000001 0.176 0.19
0 0.785667 0.465333 0.182 0.121333
0 0.81 0.089333 0.201333 0.178667
0 0.281667 0.10566699999999996 0.103333 0.084667
0 0.242333 0.17366700000000002 0.108667 0.135333
0 0.06 0.43033299999999997 0.118667 0.098
