3 0.059333 0.883333 0.114667 0.128
3 0.210667 0.904 0.088 0.092
3 0.125 0.77 0.096667 0.093333
3 0.054 0.6643330000000001 0.061333 0.119333
3 0.116 0.665 0.081333 0.103333
3 0.182333 0.531 0.074 0.062
3 0.030667 0.404 0.057333 0.041333
3 0.098 0.408667 0.08 0.085333
3 0.166333 0.430667 0.082 0.089333
3 0.227 0.424667 0.044667 0.050667
3 0.153333 0.32699999999999996 0.064 0.066
2 0.290667 0.54 0.142667 0.165333
3 0.280333 0.718333 0.127333 0.104667
3 0.384 0.45766700000000005 0.077333 0.078
3 0.544333 0.40833299999999995 0.054 0.059333
3 0.636667 0.41800000000000004 0.041333 0.036
2 0.537333 0.570667 0.058667 0.06
1 0.574667 0.671667 0.029333 0.026
3 0.514 0.785 0.1 0.094
2 0.492 0.948333 0.110667 0.102
2 0.583 0.941667 0.060667 0.078
3 0.632667 0.805333 0.045333 0.044
3 0.677333 0.512 0.052 0.066667
3 0.744333 0.5329999999999999 0.080667 0.086
2 0.757667 0.83 0.075333 0.073333
2 0.965333 0.849 0.046667 0.054
2 0.808667 0.5533330000000001 0.038667 0.036
2 0.854667 0.45866700000000005 0.096 0.081333
2 0.876667 0.5676669999999999 0.093333 0.078
2 0.930667 0.6623330000000001 0.130667 0.124667
2 0.935 0.47766699999999995 0.095333 0.078
3 0.877333 0.385667 0.025333 0.026
2 0.801667 0.25133300000000003 0.084667 0.08
2 0.885333 0.271667 0.102667 0.104667
3 0.934667 0.209333 0.045333 0.034667
1 0.869333 0.20799999999999996 0.045333 0.032
2 0.876667 0.07633299999999998 0.124 0.126
2 0.710667 0.05733299999999997 0.058667 0.052
3 0.402667 0.17466700000000002 0.106667 0.101333
2 0.295667 0.26533300000000004 0.062 0.072
3 0.222667 0.23966699999999996 0.088 0.082
3 0.227 0.06633299999999998 0.112667 0.096667
3 0.124 0.22999999999999998 0.065333 0.058667
3 0.043667 0.21166700000000005 0.072667 0.072667
3 0.022 0.11266699999999996 0.04 0.042667
2 0.105 0.04733299999999996 0.075333 0.08
0 0.485667 0.235 0.155333 0.124667
0 0.317 0.363333 0.088667 0.082667
0 0.539333 0.48266699999999996 0.093333 0.070667
0 0.662667 0.750333 0.093333 0.076667
0 0.452333 0.895667 0.092667 0.084667
0 0.376667 0.884667 0.078667 0.066667
0 0.355667 0.937 0.076667 0.071333
0 0.294 0.837 0.038667 0.032667
0 0.182667 0.7126669999999999 0.046667 0.046667
0 0.686667 0.22399999999999998 0.113333 0.094667
0 0.861667 0.811667 0.139333 0.135333
0 0.954667 0.12633300000000003 0.090667 0.128667
0 0.673667 0.32466700000000004 0.107333 0.078667
0 0.06 0.501333 0.118667 0.117333
0 0.049667 0.766667 0.098 0.085333
0 0.380667 0.6783330000000001 0.102667 0.095333
0 0.792 0.349 0.117333 0.111333
0 0.606333 0.874667 0.076667 0.074667
0 0.661333 0.846 0.062667 0.062667
0 0.795 0.922 0.119333 0.133333
0 0.489667 0.6046670000000001 0.135333 0.097333
0 0.41 0.5349999999999999 0.093333 0.079333
3 0.469 0.026666999999999996 0.092667 0.053333
