0 0.740333 0.791 0.327333 0.304667
0 0.512667 0.579667 0.321333 0.319333
0 0.38733300000000004 0.430333 0.333333 0.299333
0 0.23099999999999998 0.749333 0.295333 0.384
0 0.41400000000000003 0.830333 0.22 0.238
0 0.14800000000000002 0.359667 0.238667 0.283333
0 0.12766699999999997 0.158667 0.255333 0.277333
0 0.373333 0.289 0.224 0.178
0 0.405667 0.168667 0.179333 0.2
0 0.54 0.141667 0.234667 0.282
0 0.721 0.391 0.244667 0.240667
0 0.888 0.338333 0.222667 0.35
0 0.6990000000000001 0.127667 0.252667 0.254
0 0.9 0.117333 0.198667 0.217333
0 0.305667 0.091333 0.214 0.181333
