0 0.6086670000000001 0.740333 0.234667 0.179333
0 0.622 0.643333 0.066667 0.066667
0 0.5453330000000001 0.715 0.066667 0.072667
0 0.675667 0.882667 0.076667 0.101333
0 0.777333 0.640333 0.066667 0.088667
0 0.881667 0.695 0.206 0.194
0 0.892667 0.855333 0.212 0.188
0 0.753333 0.911 0.082667 0.108667
0 0.33299999999999996 0.803 0.232667 0.256667
0 0.20066700000000004 0.742333 0.141333 0.107333
0 0.125 0.828333 0.163333 0.158
0 0.121 0.669667 0.123333 0.171333
0 0.241 0.570667 0.19 0.192
0 0.31866700000000003 0.506 0.054667 0.066667
0 0.372333 0.527333 0.104667 0.145333
0 0.499667 0.456333 0.214 0.186
0 0.749 0.459667 0.244667 0.236667
0 0.811667 0.294667 0.139333 0.137333
0 0.686667 0.196667 0.172 0.196
0 0.661333 0.318333 0.133333 0.119333
0 0.5369999999999999 0.108 0.127333 0.192
0 0.688333 0.069667 0.111333 0.123333
0 0.865333 0.075 0.214667 0.148667
0 0.917 0.423 0.139333 0.127333
0 0.447333 0.277 0.125333 0.194
0 0.33599999999999997 0.310333 0.125333 0.147333
0 0.248 0.387667 0.078667 0.072667
0 0.14900000000000002 0.477667 0.171333 0.151333
0 0.31966700000000003 0.16 0.148667 0.156
0 0.24733300000000003 0.115667 0.172 0.138
0 0.18166700000000002 0.245333 0.15 0.136
0 0.07933299999999999 0.29 0.130667 0.149333
0 0.08599999999999997 0.129333 0.172 0.130667
0 0.19299999999999995 0.324667 0.122 0.085333
