0 0.661667 0.397333 0.236667 0.230667
0 0.553667 0.238667 0.23 0.204
0 0.379667 0.231667 0.178 0.23
0 0.502 0.562 0.321333 0.341333
0 0.912667 0.514667 0.173333 0.189333
0 0.895667 0.351667 0.207333 0.223333
0 0.765667 0.828 0.271333 0.344
0 0.538333 0.820667 0.248667 0.317333
0 0.29100000000000004 0.848 0.218 0.234667
0 0.29700000000000004 0.548 0.222 0.232
0 0.22299999999999998 0.158 0.248667 0.297333
0 0.149667 0.293333 0.214 0.18
0 0.10799999999999998 0.510333 0.216 0.299333
0 0.800333 0.1 0.340667 0.198667
