1 0.722 0.955 0.08 0.086
1 0.792667 0.878 0.126667 0.12
1 0.895333 0.93 0.144 0.138667
1 0.884 0.808 0.081333 0.077333
1 0.9013329999999999 0.698 0.126667 0.144
1 0.823 0.782333 0.095333 0.111333
1 0.7416670000000001 0.829667 0.080667 0.059333
1 0.680667 0.893667 0.093333 0.122
1 0.610333 0.907667 0.098 0.09
1 0.5143329999999999 0.934667 0.138 0.128
1 0.49066699999999996 0.842333 0.090667 0.080667
1 0.404667 0.894667 0.126667 0.126667
1 0.31399999999999995 0.948667 0.096 0.089333
1 0.28133300000000006 0.857667 0.122667 0.148667
2 0.37 0.822667 0.105333 0.1
2 0.43799999999999994 0.773333 0.058667 0.068
1 0.35766699999999996 0.707333 0.140667 0.148
2 0.606 0.829667 0.112 0.118
2 0.671333 0.765 0.117333 0.102
2 0.773333 0.687 0.121333 0.131333
2 0.841333 0.591 0.053333 0.047333
2 0.758333 0.545333 0.13 0.116
2 0.668667 0.629667 0.118667 0.123333
1 0.533667 0.756333 0.118 0.084667
1 0.5613330000000001 0.682333 0.174667 0.142
2 0.521 0.581 0.148667 0.15
1 0.440333 0.668 0.107333 0.121333
2 0.358 0.568667 0.136 0.157333
1 0.262 0.742 0.078667 0.102667
2 0.282667 0.515667 0.076 0.062
1 0.911333 0.530667 0.174667 0.165333
1 0.648333 0.511667 0.111333 0.107333
1 0.916333 0.413667 0.164667 0.106
1 0.899 0.332 0.127333 0.129333
1 0.7893330000000001 0.415667 0.128 0.142
2 0.624333 0.395667 0.147333 0.211333
2 0.47866699999999995 0.362 0.144 0.184
2 0.7170000000000001 0.308667 0.156667 0.150667
1 0.8466670000000001 0.245333 0.133333 0.130667
2 0.772667 0.169667 0.116 0.106
2 0.285667 0.120667 0.086 0.094667
2 0.346 0.058667 0.117333 0.114667
1 0.933333 0.142667 0.130667 0.116
1 0.855 0.099 0.116667 0.114
1 0.940667 0.044667 0.117333 0.089333
2 0.18999999999999995 0.166 0.168 0.22
2 0.11399999999999999 0.210333 0.132 0.142
2 0.06966700000000003 0.102667 0.127333 0.154667
2 0.06866700000000003 0.280667 0.137333 0.150667
2 0.18833299999999997 0.545 0.082 0.092667
2 0.09299999999999997 0.603667 0.062 0.056667
2 0.21699999999999997 0.658667 0.119333 0.108
2 0.09799999999999998 0.687 0.081333 0.080667
1 0.14433300000000004 0.784333 0.144667 0.146
2 0.17366700000000002 0.896667 0.099333 0.114667
2 0.05666700000000002 0.845 0.113333 0.13
1 0.07933299999999999 0.934 0.116 0.130667
0 0.748667 0.776667 0.062667 0.078667
1 0.949333 0.880333 0.1 0.148667
1 0.23299999999999998 0.965667 0.098 0.067333
