0 0.941667 0.947 0.106 0.106
0 0.718333 0.900333 0.115333 0.092667
0 0.734333 0.795333 0.079333 0.089333
0 0.834333 0.754667 0.142 0.129333
0 0.914 0.736667 0.078667 0.101333
0 0.868667 0.582333 0.125333 0.139333
0 0.781667 0.645 0.100667 0.115333
0 0.752667 0.531667 0.090667 0.107333
0 0.661667 0.623333 0.115333 0.121333
0 0.628333 0.717667 0.162 0.143333
0 0.544333 0.494333 0.115333 0.112667
0 0.6886669999999999 0.466 0.153333 0.121333
0 0.8160000000000001 0.422667 0.117333 0.094667
0 0.902333 0.458 0.131333 0.117333
0 0.513 0.636 0.17 0.141333
0 0.48766699999999996 0.818333 0.143333 0.119333
0 0.594 0.862 0.113333 0.165333
0 0.359333 0.876 0.121333 0.133333
0 0.284667 0.760667 0.137333 0.133333
0 0.228333 0.669 0.162 0.147333
0 0.09999999999999998 0.663 0.144 0.127333
0 0.10499999999999998 0.536667 0.178 0.137333
0 0.12533300000000003 0.805333 0.161333 0.133333
0 0.09466699999999995 0.913667 0.141333 0.143333
0 0.247 0.909667 0.172667 0.180667
0 0.399 0.727667 0.135333 0.103333
0 0.31799999999999995 0.567 0.188 0.174
0 0.29400000000000004 0.442667 0.184 0.16
0 0.39 0.379333 0.137333 0.121333
0 0.44966700000000004 0.269 0.135333 0.139333
0 0.293667 0.307667 0.131333 0.115333
0 0.18066700000000002 0.310333 0.164 0.182
0 0.08566700000000005 0.321667 0.127333 0.175333
0 0.10099999999999998 0.196333 0.178 0.107333
0 0.358333 0.151667 0.264667 0.244667
0 0.651667 0.366 0.127333 0.126667
0 0.738333 0.315667 0.099333 0.139333
0 0.553667 0.349 0.076667 0.084667
0 0.662667 0.247 0.125333 0.115333
0 0.607 0.152667 0.131333 0.117333
0 0.702 0.125667 0.106667 0.099333
0 0.895667 0.271 0.207333 0.191333
0 0.867667 0.131667 0.119333 0.123333
0 0.779 0.181333 0.131333 0.109333
