0 0.947 0.058333 0.106 0.106
0 0.900333 0.281667 0.092667 0.115333
0 0.795333 0.265667 0.089333 0.079333
0 0.754667 0.165667 0.129333 0.142
0 0.736667 0.086 0.101333 0.078667
0 0.582333 0.131333 0.139333 0.125333
0 0.645 0.218333 0.115333 0.100667
0 0.531667 0.247333 0.107333 0.090667
0 0.623333 0.338333 0.121333 0.115333
0 0.717667 0.371667 0.143333 0.162
0 0.494333 0.455667 0.112667 0.115333
0 0.466 0.311333 0.121333 0.153333
0 0.422667 0.184 0.094667 0.117333
0 0.458 0.097667 0.117333 0.131333
0 0.636 0.487 0.141333 0.17
0 0.818333 0.512333 0.119333 0.143333
0 0.862 0.406 0.165333 0.113333
0 0.876 0.640667 0.133333 0.121333
0 0.760667 0.715333 0.133333 0.137333
0 0.669 0.771667 0.147333 0.162
0 0.663 0.9 0.127333 0.144
0 0.536667 0.895 0.137333 0.178
0 0.805333 0.874667 0.133333 0.161333
0 0.913667 0.905333 0.143333 0.141333
0 0.909667 0.753 0.180667 0.172667
0 0.727667 0.601 0.103333 0.135333
0 0.567 0.682 0.174 0.188
0 0.442667 0.706 0.16 0.184
0 0.379333 0.61 0.121333 0.137333
0 0.269 0.550333 0.139333 0.135333
0 0.307667 0.706333 0.115333 0.131333
0 0.310333 0.819333 0.182 0.164
0 0.321667 0.914333 0.175333 0.127333
0 0.196333 0.899 0.107333 0.178
0 0.151667 0.641667 0.244667 0.264667
0 0.366 0.348333 0.126667 0.127333
0 0.315667 0.261667 0.139333 0.099333
0 0.349 0.446333 0.084667 0.076667
0 0.247 0.337333 0.115333 0.125333
0 0.152667 0.393 0.117333 0.131333
0 0.125667 0.298 0.099333 0.106667
0 0.271 0.104333 0.191333 0.207333
0 0.131667 0.132333 0.123333 0.119333
0 0.181333 0.221 0.109333 0.131333
