3 0.876 0.087333 0.101333 0.125333
3 0.762333 0.078667 0.099333 0.117333
2 0.6643330000000001 0.068 0.099333 0.118667
3 0.731333 0.177667 0.116 0.119333
2 0.830333 0.201667 0.13 0.123333
3 0.647667 0.214333 0.103333 0.100667
2 0.667 0.288333 0.063333 0.064667
2 0.766667 0.295 0.12 0.11
3 0.891333 0.305333 0.133333 0.106667
3 0.896333 0.401667 0.104667 0.096667
3 0.794333 0.392667 0.106 0.097333
3 0.691667 0.372333 0.094 0.106
3 0.5860000000000001 0.373 0.133333 0.13
3 0.574333 0.277667 0.098 0.102
2 0.5589999999999999 0.198333 0.078 0.086
3 0.542333 0.101 0.05 0.042
3 0.33599999999999997 0.127333 0.082667 0.090667
2 0.46299999999999997 0.19 0.064667 0.08
3 0.375333 0.214 0.108 0.112
3 0.46366700000000005 0.287667 0.107333 0.144667
3 0.384667 0.313 0.082667 0.088667
3 0.29400000000000004 0.282333 0.1 0.114
3 0.29533299999999996 0.388333 0.101333 0.114
3 0.395 0.393667 0.079333 0.080667
2 0.8376669999999999 0.562 0.083333 0.088
3 0.802667 0.490333 0.122667 0.112667
2 0.678667 0.484333 0.148 0.13
3 0.743333 0.569667 0.109333 0.11
2 0.937333 0.566667 0.121333 0.134667
3 0.912667 0.672333 0.105333 0.098
2 0.786 0.658333 0.093333 0.102
2 0.6703330000000001 0.663333 0.135333 0.130667
3 0.49166699999999997 0.457333 0.176667 0.162667
3 0.34266700000000005 0.481333 0.096 0.104
3 0.45099999999999996 0.578 0.124667 0.116
3 0.336333 0.603667 0.107333 0.116667
2 0.386667 0.686667 0.101333 0.104
3 0.49466699999999997 0.675333 0.121333 0.101333
2 0.831333 0.755333 0.146667 0.114667
2 0.696 0.762333 0.141333 0.13
3 0.531 0.763 0.126 0.140667
3 0.44099999999999995 0.776333 0.066 0.096667
3 0.587 0.846333 0.143333 0.124667
3 0.519 0.925333 0.083333 0.076
3 0.419667 0.877333 0.146 0.124
3 0.32866700000000004 0.868333 0.06 0.062
3 0.502 0.857 0.038667 0.040667
2 0.625 0.922667 0.11 0.110667
3 0.858 0.853 0.1 0.100667
2 0.946 0.931667 0.077333 0.112667
2 0.890333 0.941667 0.046 0.079333
2 0.822667 0.941 0.094667 0.088667
2 0.7316670000000001 0.943667 0.092667 0.092667
2 0.401667 0.792333 0.003333 0.000667
2 0.73 0.837667 0.12 0.118
3 0.21499999999999997 0.901 0.099333 0.088667
3 0.10366699999999995 0.931667 0.128667 0.136667
3 0.18166700000000002 0.807667 0.131333 0.127333
3 0.15133300000000005 0.712333 0.084 0.080667
3 0.258667 0.695333 0.150667 0.174667
3 0.141667 0.633 0.127333 0.100667
3 0.03433299999999995 0.547 0.038 0.051333
3 0.13366699999999998 0.538 0.123333 0.117333
3 0.231333 0.507667 0.110667 0.135333
3 0.095333 0.445333 0.128 0.138667
3 0.19599999999999995 0.391333 0.106667 0.118667
3 0.20066700000000004 0.299667 0.094667 0.09
2 0.07799999999999996 0.246667 0.110667 0.136
3 0.17933299999999996 0.209 0.130667 0.100667
3 0.137 0.052 0.094 0.097333
2 0.233333 0.110333 0.104 0.102
0 0.45666700000000005 0.066667 0.098667 0.093333
0 0.40533300000000005 0.114 0.089333 0.078667
0 0.936667 0.203 0.097333 0.099333
0 0.592333 0.542333 0.147333 0.119333
0 0.925333 0.745667 0.078667 0.084667
0 0.07299999999999995 0.837667 0.127333 0.127333
0 0.11299999999999999 0.353667 0.135333 0.100667
0 0.381 0.780667 0.096667 0.102667
0 0.559667 0.152 0.07 0.062667
0 0.521 0.030333 0.075333 0.059333
0 0.26733300000000004 0.614333 0.070667 0.082
3 0.96 0.458667 0.078667 0.105333
3 0.061000000000000054 0.757333 0.122 0.113333
3 0.04733299999999996 0.642667 0.094667 0.144
3 0.05366700000000002 0.075333 0.106 0.149333
