0 0.05300000000000005 0.058333 0.106 0.106
0 0.09966699999999995 0.281667 0.092667 0.115333
0 0.20466700000000004 0.265667 0.089333 0.079333
0 0.24533300000000002 0.165667 0.129333 0.142
0 0.26333300000000004 0.086 0.101333 0.078667
0 0.417667 0.131333 0.139333 0.125333
0 0.355 0.218333 0.115333 0.100667
0 0.468333 0.247333 0.107333 0.090667
0 0.376667 0.338333 0.121333 0.115333
0 0.28233299999999995 0.371667 0.143333 0.162
0 0.505667 0.455667 0.112667 0.115333
0 0.534 0.311333 0.121333 0.153333
0 0.577333 0.184 0.094667 0.117333
0 0.542 0.097667 0.117333 0.131333
0 0.364 0.487 0.141333 0.17
0 0.18166700000000002 0.512333 0.119333 0.143333
0 0.138 0.406 0.165333 0.113333
0 0.124 0.640667 0.133333 0.121333
0 0.23933300000000002 0.715333 0.133333 0.137333
0 0.33099999999999996 0.771667 0.147333 0.162
0 0.33699999999999997 0.9 0.127333 0.144
0 0.463333 0.895 0.137333 0.178
0 0.19466700000000003 0.874667 0.133333 0.161333
0 0.086333 0.905333 0.143333 0.141333
0 0.090333 0.753 0.180667 0.172667
0 0.27233300000000005 0.601 0.103333 0.135333
0 0.43300000000000005 0.682 0.174 0.188
0 0.5573330000000001 0.706 0.16 0.184
0 0.6206670000000001 0.61 0.121333 0.137333
0 0.731 0.550333 0.139333 0.135333
0 0.692333 0.706333 0.115333 0.131333
0 0.689667 0.819333 0.182 0.164
0 0.6783330000000001 0.914333 0.175333 0.127333
0 0.803667 0.899 0.107333 0.178
0 0.848333 0.641667 0.244667 0.264667
0 0.634 0.348333 0.126667 0.127333
0 0.6843330000000001 0.261667 0.139333 0.099333
0 0.651 0.446333 0.084667 0.076667
0 0.753 0.337333 0.115333 0.125333
0 0.847333 0.393 0.117333 0.131333
0 0.874333 0.298 0.099333 0.106667
0 0.729 0.104333 0.191333 0.207333
0 0.868333 0.132333 0.123333 0.119333
0 0.818667 0.221 0.109333 0.131333
