2 0.807667 0.775333 0.15 0.121333
2 0.781333 0.657333 0.161333 0.132
2 0.894 0.619667 0.164 0.174
2 0.781333 0.527333 0.177333 0.12
2 0.928 0.503667 0.129333 0.119333
2 0.906333 0.406667 0.114 0.110667
2 0.771333 0.397 0.172 0.15
2 0.904667 0.285667 0.172 0.175333
2 0.900333 0.14533300000000005 0.116667 0.092
2 0.804 0.264667 0.158667 0.174667
2 0.15500000000000003 0.929333 0.083333 0.090667
2 0.26933300000000004 0.933667 0.112 0.095333
2 0.22099999999999997 0.86 0.148667 0.104
2 0.23866699999999996 0.764667 0.165333 0.128
2 0.06299999999999994 0.74 0.108667 0.102667
2 0.24766699999999997 0.651667 0.122 0.104667
2 0.12366699999999997 0.6759999999999999 0.115333 0.138667
2 0.372333 0.54 0.156667 0.156
2 0.267 0.5473330000000001 0.083333 0.098667
2 0.17200000000000004 0.5469999999999999 0.106667 0.108667
2 0.06366700000000003 0.538333 0.118 0.152667
2 0.358333 0.41033299999999995 0.140667 0.115333
2 0.257 0.42900000000000005 0.087333 0.122
2 0.141667 0.401667 0.162 0.19
2 0.405667 0.304667 0.143333 0.129333
2 0.27833300000000005 0.296667 0.122 0.128
3 0.16433299999999995 0.303667 0.055333 0.058
2 0.09699999999999998 0.208333 0.187333 0.151333
2 0.13066699999999998 0.08866700000000005 0.209333 0.136
2 0.400667 0.17300000000000004 0.192 0.152667
2 0.27433300000000005 0.20366700000000004 0.091333 0.083333
0 0.757333 0.9339999999999999 0.146667 0.129333
0 0.889333 0.887667 0.110667 0.132667
2 0.41033299999999995 0.05266700000000002 0.144667 0.105333
2 0.04633299999999996 0.32099999999999995 0.092667 0.100667
2 0.03700000000000003 0.414667 0.072667 0.074667
1 0.06233299999999997 0.931 0.124667 0.136667
0 0.31866700000000003 0.855 0.058667 0.058
3 0.04633299999999996 0.646667 0.05 0.045333
