3 0.077 0.058 0.127333 0.109333
2 0.182667 0.043667 0.094667 0.083333
2 0.262333 0.053667 0.076667 0.087333
2 0.206333 0.140667 0.114 0.117333
3 0.063667 0.161333 0.112667 0.092
3 0.169667 0.21 0.084667 0.077333
3 0.092 0.245 0.098667 0.080667
3 0.129667 0.310333 0.116667 0.086
3 0.228 0.282 0.106667 0.1
3 0.311333 0.26 0.070667 0.066667
3 0.316 0.182667 0.12 0.1
3 0.336667 0.083 0.1 0.104667
3 0.476333 0.109333 0.104667 0.106667
3 0.420667 0.048 0.073333 0.065333
3 0.401667 0.17 0.087333 0.097333
3 0.529667 0.192667 0.088667 0.093333
3 0.459333 0.216333 0.064 0.074
3 0.565333 0.279667 0.085333 0.094
3 0.63 0.347667 0.089333 0.111333
2 0.412 0.322667 0.108 0.102667
3 0.484667 0.283 0.076 0.09
3 0.514 0.375333 0.092 0.089333
2 0.541667 0.458667 0.123333 0.105333
3 0.340333 0.409667 0.095333 0.082
2 0.434 0.410333 0.089333 0.083333
3 0.295333 0.346333 0.105333 0.091333
2 0.195 0.380667 0.111333 0.1
3 0.091 0.425333 0.111333 0.125333
2 0.062 0.592667 0.108 0.104
2 0.153333 0.559333 0.074667 0.073333
3 0.186667 0.483 0.092 0.098
3 0.261667 0.454 0.075333 0.106667
3 0.323667 0.507333 0.048667 0.069333
3 0.385667 0.483667 0.088667 0.114
3 0.475 0.519 0.084667 0.084667
3 0.418 0.575333 0.098667 0.08
3 0.311333 0.576 0.104 0.088
3 0.229 0.597 0.082 0.115333
3 0.139667 0.627 0.083333 0.055333
3 0.110333 0.718333 0.086 0.088667
3 0.056333 0.756667 0.075333 0.085333
3 0.066 0.837333 0.072 0.070667
2 0.126333 0.812 0.062 0.070667
2 0.120667 0.880667 0.073333 0.066667
2 0.252333 0.910333 0.116667 0.152667
3 0.195667 0.790333 0.087333 0.116667
3 0.203333 0.693333 0.105333 0.097333
2 0.359 0.798333 0.086 0.095333
3 0.276333 0.752667 0.084667 0.132
2 0.369333 0.718 0.093333 0.070667
3 0.409 0.64 0.083333 0.078667
2 0.322 0.657 0.098667 0.083333
2 0.613667 0.579 0.120667 0.126
3 0.520333 0.595 0.114 0.119333
2 0.495667 0.683 0.118 0.092667
2 0.593333 0.662667 0.101333 0.094667
3 0.511667 0.757333 0.080667 0.074667
3 0.435333 0.768333 0.072 0.116667
2 0.402 0.883 0.097333 0.115333
2 0.332667 0.890667 0.050667 0.08
2 0.334 0.956667 0.074667 0.06
2 0.57 0.939 0.102667 0.086
2 0.563667 0.861333 0.079333 0.074667
2 0.653333 0.852333 0.066667 0.082
2 0.589 0.779 0.115333 0.126
2 0.496667 0.830667 0.105333 0.130667
3 0.835667 0.922667 0.116667 0.128
3 0.941 0.887 0.096667 0.112667
3 0.934 0.814333 0.092 0.086
3 0.918 0.745 0.098667 0.078
3 0.928333 0.686667 0.088667 0.064
3 0.842 0.840667 0.098667 0.082667
3 0.754333 0.784333 0.092667 0.11
3 0.837 0.767 0.080667 0.07
2 0.811667 0.69 0.116667 0.104
2 0.891667 0.638333 0.107333 0.079333
2 0.762 0.596 0.130667 0.094667
2 0.853667 0.562333 0.116667 0.118
2 0.933333 0.535 0.093333 0.086
3 0.737 0.512333 0.122 0.084667
3 0.695333 0.458 0.141333 0.068
3 0.791667 0.431667 0.068667 0.098
3 0.692333 0.394667 0.114 0.066667
2 0.861667 0.422667 0.080667 0.08
2 0.922 0.397667 0.070667 0.063333
3 0.937333 0.318333 0.093333 0.122
3 0.850333 0.347667 0.118 0.072667
3 0.714 0.31 0.096 0.122667
3 0.802 0.293333 0.077333 0.128
3 0.873 0.269 0.096667 0.076667
3 0.659 0.247333 0.114 0.097333
3 0.588333 0.171333 0.055333 0.089333
2 0.565333 0.103 0.073333 0.083333
3 0.632667 0.072667 0.069333 0.073333
2 0.706333 0.057333 0.072667 0.1
3 0.856333 0.090667 0.142 0.12
2 0.734 0.168667 0.092 0.133333
3 0.648333 0.154 0.082 0.109333
2 0.804 0.182333 0.070667 0.106
2 0.881333 0.180667 0.108 0.102667
2 0.490333 0.041 0.07 0.05
2 0.566333 0.039 0.088667 0.074
2 0.038667 0.283 0.074667 0.102
2 0.039667 0.469 0.074 0.068667
2 0.044333 0.928667 0.087333 0.14
2 0.159667 0.931667 0.155333 0.136667
2 0.747667 0.95 0.120667 0.1
0 0.682333 0.789667 0.048667 0.043333
2 0.961333 0.606 0.077333 0.093333
2 0.952333 0.225667 0.095333 0.106
