3 0.101333 0.9083330000000001 0.101333 0.104667
3 0.211667 0.8466670000000001 0.142 0.133333
3 0.09 0.801333 0.104 0.104
3 0.088333 0.721333 0.084667 0.072
3 0.186333 0.742333 0.078 0.096667
3 0.270667 0.706333 0.096 0.122
3 0.304333 0.784 0.083333 0.089333
3 0.320667 0.891667 0.109333 0.115333
3 0.406667 0.920333 0.088 0.119333
3 0.392 0.8029999999999999 0.105333 0.118
3 0.364333 0.687667 0.096667 0.112667
3 0.502667 0.918 0.098667 0.129333
3 0.481 0.781667 0.07 0.112667
3 0.463667 0.6819999999999999 0.087333 0.073333
3 0.556 0.6783330000000001 0.094667 0.083333
2 0.563667 0.780667 0.082 0.132
2 0.610667 0.935333 0.068 0.089333
2 0.701667 0.935333 0.108667 0.105333
2 0.875333 0.915333 0.089333 0.098667
3 0.772667 0.883333 0.086667 0.129333
3 0.655333 0.841 0.129333 0.13
2 0.642333 0.7456670000000001 0.080667 0.082
2 0.741667 0.725 0.115333 0.126
2 0.806667 0.763667 0.078667 0.09
3 0.849667 0.831 0.092667 0.086
3 0.861 0.7070000000000001 0.112667 0.112667
3 0.914333 0.797333 0.096667 0.109333
3 0.934333 0.646667 0.115333 0.105333
2 0.842667 0.617333 0.070667 0.074667
2 0.766333 0.622 0.092667 0.098667
2 0.647 0.661 0.107333 0.084667
3 0.678333 0.595 0.116667 0.088667
2 0.749 0.5303329999999999 0.099333 0.079333
3 0.59 0.546333 0.078667 0.091333
2 0.526667 0.608333 0.072 0.054
2 0.495333 0.5393330000000001 0.073333 0.069333
2 0.561333 0.46799999999999997 0.069333 0.057333
3 0.650333 0.5063329999999999 0.078 0.080667
2 0.624667 0.440333 0.065333 0.062
3 0.708 0.45466700000000004 0.085333 0.1
2 0.795 0.46866699999999994 0.083333 0.077333
3 0.913667 0.519333 0.120667 0.104
3 0.879667 0.44866700000000004 0.091333 0.070667
3 0.863333 0.372333 0.104 0.09
3 0.775333 0.405 0.097333 0.083333
3 0.746 0.352 0.094667 0.074667
3 0.727333 0.28033300000000005 0.090667 0.076667
2 0.715667 0.20466700000000004 0.106 0.092
3 0.824 0.282667 0.105333 0.105333
2 0.925 0.30133299999999996 0.115333 0.093333
3 0.888 0.20699999999999996 0.108 0.087333
2 0.845 0.14633300000000005 0.116667 0.080667
2 0.815667 0.07166700000000004 0.086 0.080667
2 0.912333 0.09199999999999997 0.079333 0.1
2 0.734333 0.134 0.112667 0.08
2 0.734333 0.054332999999999965 0.112667 0.09
2 0.639333 0.07466700000000004 0.1 0.098667
3 0.606 0.15000000000000002 0.102667 0.101333
2 0.617 0.235 0.088667 0.084667
2 0.656667 0.29300000000000004 0.076 0.074
3 0.67 0.372 0.064 0.070667
3 0.622667 0.369333 0.061333 0.078667
3 0.555 0.389 0.079333 0.09
3 0.516667 0.33066700000000004 0.098667 0.090667
3 0.583333 0.30000000000000004 0.068 0.065333
3 0.497 0.248 0.09 0.089333
2 0.561667 0.24233300000000002 0.052667 0.055333
3 0.513 0.125 0.091333 0.11
3 0.433667 0.12266699999999997 0.075333 0.069333
3 0.407333 0.07433299999999998 0.089333 0.083333
2 0.143 0.605 0.112667 0.144667
3 0.242667 0.5756669999999999 0.112 0.132667
3 0.333333 0.5680000000000001 0.098667 0.132
3 0.437 0.609 0.112667 0.088667
3 0.408 0.526 0.109333 0.1
2 0.376667 0.45266700000000004 0.092 0.124
3 0.472667 0.442333 0.113333 0.136667
3 0.426 0.31966700000000003 0.090667 0.115333
3 0.400333 0.206333 0.122 0.119333
3 0.297333 0.11499999999999999 0.102667 0.087333
3 0.292667 0.20966700000000005 0.096 0.102
3 0.342667 0.345 0.104 0.116667
3 0.293 0.474 0.084667 0.1
3 0.193 0.47366699999999995 0.115333 0.126
3 0.109333 0.516 0.078667 0.08
2 0.084333 0.451333 0.092667 0.065333
2 0.098333 0.376667 0.176667 0.098667
3 0.066333 0.29500000000000004 0.102 0.075333
3 0.170333 0.29800000000000004 0.123333 0.144
3 0.251 0.365333 0.120667 0.14
3 0.201 0.19866700000000004 0.092667 0.106667
2 0.19 0.08599999999999997 0.114667 0.106667
3 0.11 0.18533299999999997 0.105333 0.113333
2 0.093333 0.09166700000000005 0.092 0.082
2 0.171333 0.96 0.114667 0.077333
2 0.055667 0.657333 0.11 0.117333
2 0.055667 0.568333 0.11 0.079333
2 0.037333 0.507 0.073333 0.087333
2 0.026333 0.44366700000000003 0.051333 0.052667
0 0.171667 0.675 0.060667 0.046
0 0.550333 0.860667 0.056667 0.054667
3 0.830667 0.542 0.050667 0.044
2 0.938333 0.42100000000000004 0.062 0.095333
2 0.960667 0.23566699999999996 0.078667 0.088667
2 0.970333 0.08199999999999996 0.059333 0.104
2 0.939667 0.023666999999999994 0.062 0.047333
0 0.54 0.19633299999999998 0.050667 0.043333
2 0.572 0.04033299999999995 0.114667 0.080667
3 0.485333 0.036667000000000005 0.088 0.073333
0 0.348 0.08566700000000005 0.070667 0.075333
0 0.243333 0.23733300000000002 0.068 0.081333
0 0.051 0.11766699999999997 0.055333 0.052667
