2 0.73 0.159333 0.117333 0.124
2 0.743333 0.048667 0.114667 0.089333
2 0.839333 0.114667 0.106667 0.117333
2 0.943333 0.204667 0.106667 0.105333
2 0.824667 0.243333 0.133333 0.134667
2 0.898667 0.345333 0.121333 0.146667
2 0.699333 0.288 0.093333 0.101333
2 0.806 0.381333 0.122667 0.157333
2 0.612 0.325333 0.105333 0.12
2 0.679333 0.422 0.216 0.156
2 0.854667 0.474667 0.134667 0.114667
2 0.852 0.598 0.14 0.172
2 0.722667 0.581333 0.132 0.138667
2 0.93 0.772 0.117333 0.130667
3 0.829333 0.774 0.105333 0.113333
3 0.745333 0.787333 0.113333 0.105333
3 0.334667 0.182667 0.14 0.128
3 0.391333 0.292 0.112 0.101333
3 0.504 0.356 0.118667 0.114667
2 0.410667 0.386667 0.102667 0.082667
3 0.286667 0.302667 0.118667 0.098667
3 0.155333 0.245333 0.117333 0.090667
3 0.192 0.330667 0.102667 0.074667
3 0.102 0.364667 0.117333 0.110667
3 0.202 0.427333 0.138667 0.116
2 0.310667 0.412 0.094667 0.096
2 0.386667 0.481333 0.129333 0.109333
3 0.598667 0.506 0.129333 0.108
3 0.506667 0.546 0.1 0.094667
3 0.621333 0.628667 0.116 0.132
2 0.403333 0.596667 0.125333 0.113333
3 0.278 0.506667 0.093333 0.093333
3 0.189333 0.529333 0.105333 0.077333
2 0.087333 0.606667 0.128 0.189333
3 0.282667 0.611333 0.148 0.113333
3 0.169333 0.629333 0.118667 0.138667
2 0.118667 0.73 0.097333 0.065333
3 0.21 0.738667 0.093333 0.090667
2 0.307333 0.734 0.125333 0.14
2 0.502667 0.656 0.108 0.109333
3 0.687333 0.695333 0.088 0.089333
3 0.597333 0.72 0.113333 0.128
2 0.501333 0.756667 0.094667 0.092
3 0.044667 0.260667 0.086667 0.096
0 0.244333 0.122667 0.042 0.045333
0 0.532333 0.146333 0.246 0.287333
3 0.047 0.484667 0.092667 0.106667
0 0.421 0.775 0.039333 0.044667
2 0.134667 0.907 0.049333 0.046
2 0.450667 0.861333 0.086667 0.105333
2 0.352 0.873333 0.069333 0.074667
0 0.730333 0.879333 0.11 0.096
2 0.820333 0.857333 0.075333 0.082667
2 0.838 0.939333 0.074667 0.08
2 0.947333 0.553 0.105333 0.11
2 0.957 0.445333 0.086 0.145333
2 0.941667 0.088 0.116667 0.136
