2 0.152 0.080333 0.122667 0.148667
3 0.908333 0.068 0.118 0.132
3 0.903667 0.185 0.114 0.122
3 0.808333 0.196 0.087333 0.094667
3 0.699333 0.198667 0.122667 0.133333
2 0.592333 0.229 0.119333 0.126
2 0.234 0.265667 0.072 0.086
2 0.211667 0.356 0.075333 0.08
3 0.292333 0.337 0.086 0.087333
3 0.477667 0.237333 0.054 0.06
3 0.075 0.560667 0.120667 0.109333
3 0.818 0.301 0.104 0.115333
2 0.725667 0.386667 0.116667 0.092
2 0.709 0.493667 0.106 0.116667
2 0.803333 0.483 0.1 0.123333
2 0.895333 0.458667 0.094667 0.146667
2 0.742333 0.631667 0.119333 0.131333
2 0.85 0.815667 0.093333 0.103333
3 0.690333 0.84 0.076667 0.093333
2 0.561333 0.848333 0.165333 0.184667
3 0.342667 0.711333 0.112 0.092
3 0.111 0.745333 0.102 0.113333
3 0.655 0.944667 0.103333 0.110667
3 0.044 0.094 0.086667 0.096
3 0.389 0.029 0.075333 0.056667
3 0.467 0.037 0.047333 0.060667
1 0.313333 0.199667 0.049333 0.048667
2 0.038333 0.284333 0.059333 0.055333
2 0.153667 0.283 0.035333 0.039333
0 0.361667 0.316333 0.091333 0.11
0 0.508 0.346 0.146667 0.152
0 0.507333 0.471667 0.146667 0.128667
0 0.592667 0.531667 0.041333 0.051333
0 0.334333 0.46 0.111333 0.137333
2 0.079333 0.460667 0.066667 0.053333
2 0.163667 0.543333 0.048667 0.050667
0 0.415667 0.554 0.047333 0.057333
0 0.598333 0.582 0.071333 0.050667
0 0.06 0.831 0.092 0.100667
0 0.109 0.897667 0.062 0.066
0 0.059667 0.952667 0.060667 0.065333
2 0.451667 0.941 0.118 0.118
2 0.472667 0.859667 0.049333 0.068667
0 0.715667 0.967333 0.039333 0.056
2 0.868 0.942 0.084 0.084
2 0.947 0.615 0.106 0.156667
0 0.858333 0.570333 0.035333 0.044667
2 0.973333 0.459667 0.053333 0.100667
0 0.810667 0.4 0.053333 0.050667
0 0.609667 0.146667 0.071333 0.064
0 0.662667 0.108333 0.045333 0.059333
