2 0.925333 0.900667 0.145333 0.192
2 0.894 0.739 0.086667 0.11
2 0.872 0.644667 0.064 0.073333
2 0.757333 0.620333 0.106667 0.108667
2 0.783667 0.742333 0.146 0.13
2 0.797333 0.875667 0.134667 0.158
3 0.701333 0.858333 0.066667 0.09
2 0.517667 0.380667 0.13 0.145333
2 0.649 0.603667 0.11 0.147333
2 0.531333 0.582 0.130667 0.154667
2 0.42400000000000004 0.459667 0.137333 0.128667
2 0.473333 0.237 0.122667 0.142
2 0.35766699999999996 0.259 0.080667 0.096667
2 0.387 0.345333 0.119333 0.102667
3 0.42533299999999996 0.627 0.098667 0.083333
2 0.587333 0.716 0.161333 0.138667
2 0.602333 0.801333 0.127333 0.121333
2 0.622333 0.928333 0.148667 0.142
2 0.45166700000000004 0.744 0.115333 0.128
2 0.476 0.863333 0.133333 0.133333
2 0.491333 0.956 0.102667 0.088
2 0.32599999999999996 0.684 0.12 0.161333
1 0.35366699999999995 0.828667 0.127333 0.141333
2 0.22999999999999998 0.827667 0.136 0.174
2 0.216333 0.677667 0.124667 0.156667
2 0.209333 0.54 0.166667 0.168
2 0.08999999999999997 0.548667 0.077333 0.104
2 0.09899999999999998 0.654333 0.112667 0.11
2 0.090333 0.745333 0.112667 0.097333
2 0.10299999999999998 0.843 0.107333 0.104667
2 0.13566699999999998 0.937667 0.180667 0.115333
0 0.865333 0.205 0.268 0.279333
0 0.7913330000000001 0.493667 0.046667 0.031333
0 0.681 0.137333 0.027333 0.032
0 0.589 0.115333 0.026 0.029333
0 0.14100000000000001 0.352 0.235333 0.210667
0 0.03300000000000003 0.453667 0.052667 0.042
0 0.22566699999999995 0.165 0.063333 0.075333
0 0.18000000000000005 0.136333 0.074667 0.07
2 0.028333000000000053 0.829667 0.056667 0.095333
2 0.27533300000000005 0.942 0.161333 0.116
2 0.392667 0.944667 0.126667 0.110667
0 0.636 0.402 0.070667 0.049333
0 0.7066669999999999 0.404 0.054667 0.049333
