2 0.05300000000000005 0.826667 0.106 0.121333
0 0.812667 0.147667 0.093333 0.095333
0 0.819667 0.21 0.098 0.052
0 0.738 0.046667 0.097333 0.092
0 0.965667 0.062 0.067333 0.094667
0 0.928 0.205667 0.14 0.168667
0 0.885667 0.285667 0.067333 0.067333
0 0.872 0.351333 0.082667 0.077333
0 0.933667 0.348667 0.034 0.028
0 0.813 0.327 0.048667 0.046
0 0.809333 0.43 0.04 0.050667
0 0.631 0.195 0.116667 0.116667
0 0.665333 0.126333 0.093333 0.063333
0 0.551667 0.085333 0.139333 0.134667
0 0.45466700000000004 0.172333 0.064 0.060667
0 0.36166699999999996 0.272667 0.088667 0.105333
0 0.28433299999999995 0.287 0.07 0.079333
0 0.353 0.359667 0.058 0.056667
0 0.28233299999999995 0.371667 0.106 0.099333
0 0.337333 0.443333 0.041333 0.038667
0 0.27233300000000005 0.451333 0.039333 0.038667
0 0.26033300000000004 0.481667 0.048667 0.036667
0 0.514 0.458667 0.056 0.050667
0 0.622 0.398333 0.145333 0.15
0 0.723333 0.385333 0.121333 0.12
0 0.868333 0.600667 0.247333 0.289333
0 0.561667 0.54 0.088667 0.12
0 0.51 0.616333 0.048 0.039333
0 0.6373329999999999 0.721333 0.054667 0.062667
0 0.914 0.800667 0.068 0.054667
2 0.936667 0.872667 0.056 0.062667
0 0.851667 0.877667 0.068667 0.055333
0 0.886 0.911667 0.050667 0.043333
0 0.9666669999999999 0.929 0.053333 0.060667
0 0.37366699999999997 0.916667 0.043333 0.054667
0 0.337333 0.856667 0.025333 0.029333
0 0.306667 0.851667 0.037333 0.038
2 0.30133299999999996 0.890667 0.034667 0.04
2 0.123 0.926 0.146 0.148
0 0.04833299999999996 0.732333 0.07 0.078
0 0.037667000000000006 0.663667 0.075333 0.102
0 0.094333 0.488667 0.062 0.061333
0 0.14500000000000002 0.463333 0.052667 0.064
0 0.19366700000000003 0.483333 0.062 0.054667
0 0.20766700000000005 0.429333 0.063333 0.053333
0 0.159667 0.402667 0.028667 0.032
0 0.264 0.159667 0.193333 0.191333
0 0.15733299999999995 0.266667 0.069333 0.068
0 0.08766700000000005 0.217667 0.038 0.048667
