2 0.479333 0.668 0.065333 0.065333
2 0.45999999999999996 0.571667 0.078667 0.088667
2 0.38833300000000004 0.748667 0.086 0.076
2 0.383667 0.666667 0.084667 0.076
2 0.371 0.584333 0.09 0.083333
2 0.33799999999999997 0.519 0.093333 0.086
3 0.296667 0.597333 0.066667 0.078667
3 0.30100000000000005 0.670333 0.075333 0.075333
3 0.21899999999999997 0.587 0.080667 0.075333
2 0.310667 0.401667 0.128 0.115333
2 0.22366699999999995 0.313667 0.118 0.082
3 0.05800000000000005 0.153 0.089333 0.082
2 0.11833300000000002 0.250333 0.148667 0.118
3 0.11833300000000002 0.551 0.067333 0.063333
3 0.147667 0.68 0.074 0.058667
2 0.18899999999999995 0.405 0.112667 0.122
2 0.227333 0.475667 0.12 0.078
2 0.461333 0.732667 0.062667 0.064
0 0.881667 0.122 0.075333 0.074667
0 0.892667 0.2 0.085333 0.090667
0 0.961333 0.164 0.074667 0.057333
0 0.947333 0.232333 0.104 0.096667
0 0.892667 0.337333 0.142667 0.093333
0 0.932333 0.425667 0.134 0.103333
0 0.876333 0.495333 0.135333 0.112
0 0.8416669999999999 0.390333 0.100667 0.098
0 0.738333 0.434333 0.091333 0.080667
0 0.767667 0.062667 0.099333 0.110667
0 0.701333 0.037333 0.052 0.045333
0 0.6333329999999999 0.109667 0.166667 0.158
0 0.644667 0.211 0.076 0.059333
0 0.7070000000000001 0.229667 0.031333 0.038
0 0.587333 0.202333 0.062667 0.058
0 0.5533330000000001 0.268667 0.037333 0.030667
0 0.523 0.197667 0.076667 0.095333
0 0.486 0.099333 0.090667 0.082667
0 0.542 0.103333 0.056 0.070667
0 0.18799999999999994 0.156667 0.045333 0.044
0 0.27433300000000005 0.521333 0.067333 0.08
0 0.16800000000000004 0.522333 0.117333 0.100667
0 0.24766699999999997 0.643333 0.060667 0.066667
3 0.029333000000000053 0.252 0.058667 0.084
2 0.053332999999999964 0.325667 0.077333 0.060667
2 0.07066700000000004 0.400333 0.141333 0.126
2 0.04566700000000001 0.550333 0.091333 0.139333
0 0.05666700000000002 0.680333 0.113333 0.172667
0 0.129 0.713 0.063333 0.048667
0 0.17366700000000002 0.858667 0.21 0.230667
0 0.04166700000000001 0.908333 0.083333 0.120667
0 0.04600000000000004 0.812 0.092 0.101333
0 0.35166699999999995 0.952333 0.184667 0.095333
2 0.43133299999999997 0.830333 0.061333 0.075333
0 0.54 0.788333 0.156 0.182
0 0.494333 0.939333 0.100667 0.078667
0 0.637 0.810667 0.136667 0.166667
0 0.6946669999999999 0.937333 0.185333 0.121333
0 0.749667 0.817 0.148667 0.19
0 0.857667 0.851333 0.147333 0.189333
0 0.885667 0.911 0.227333 0.178
