3 0.851333 0.911 0.090667 0.086
2 0.781333 0.832 0.108 0.104
3 0.889 0.736667 0.09 0.101333
2 0.883 0.644 0.118 0.097333
2 0.887667 0.561667 0.11 0.082
2 0.913 0.485 0.142 0.11
2 0.883 0.376667 0.115333 0.101333
2 0.916667 0.271 0.114667 0.09
2 0.928 0.154667 0.129333 0.137333
2 0.943 0.05266700000000002 0.102 0.1
2 0.828333 0.08566700000000005 0.119333 0.155333
2 0.818333 0.261 0.118 0.147333
2 0.796333 0.430667 0.124667 0.134667
2 0.786 0.56 0.112 0.126667
2 0.562 0.896 0.072 0.073333
3 0.573 0.8200000000000001 0.086 0.070667
2 0.575 0.74 0.092667 0.092
2 0.570667 0.6643330000000001 0.068 0.040667
3 0.6703330000000001 0.6990000000000001 0.083333 0.076667
3 0.6759999999999999 0.6206670000000001 0.1 0.072
2 0.575 0.592667 0.102 0.092
2 0.685333 0.5413330000000001 0.108 0.102667
2 0.684667 0.43866700000000003 0.096 0.102667
2 0.571333 0.48366699999999996 0.136 0.120667
2 0.5840000000000001 0.38533300000000004 0.130667 0.098667
2 0.697667 0.32499999999999996 0.122 0.115333
2 0.7046669999999999 0.21266700000000005 0.108 0.106667
2 0.591 0.18866700000000003 0.114 0.136
2 0.711667 0.09866699999999995 0.119333 0.134667
2 0.606333 0.08566700000000005 0.072667 0.083333
2 0.509667 0.09199999999999997 0.123333 0.114667
2 0.489333 0.17400000000000004 0.097333 0.088
2 0.47066699999999995 0.274667 0.124 0.113333
2 0.39233300000000004 0.23366699999999996 0.044667 0.064667
2 0.45899999999999996 0.394 0.106 0.122667
3 0.47266699999999995 0.901667 0.1 0.082
3 0.47566699999999995 0.829 0.100667 0.078
2 0.469333 0.759333 0.101333 0.1
2 0.48666699999999996 0.6639999999999999 0.102667 0.106667
2 0.45566700000000004 0.554333 0.115333 0.115333
2 0.38333300000000003 0.432667 0.093333 0.130667
2 0.309667 0.501667 0.128667 0.115333
3 0.19033299999999997 0.515667 0.11 0.107333
2 0.07066700000000004 0.646333 0.134667 0.082
2 0.08599999999999997 0.722667 0.142667 0.076
3 0.08466700000000005 0.806333 0.134667 0.088667
2 0.20133299999999998 0.891333 0.14 0.110667
3 0.296667 0.754333 0.094667 0.126
2 0.384667 0.7376670000000001 0.070667 0.079333
2 0.372333 0.6579999999999999 0.112667 0.108
2 0.20066700000000004 0.794 0.094667 0.077333
2 0.19133299999999998 0.635667 0.101333 0.103333
2 0.06366700000000003 0.5449999999999999 0.120667 0.118
2 0.19833299999999998 0.39333300000000004 0.146 0.124
2 0.317333 0.388667 0.102667 0.074667
2 0.32066700000000004 0.31566700000000003 0.126667 0.095333
2 0.30300000000000005 0.234333 0.118 0.07
2 0.305667 0.14633300000000005 0.143333 0.123333
2 0.10466699999999995 0.13766699999999998 0.161333 0.120667
2 0.10333300000000001 0.235 0.128 0.102
2 0.19233299999999998 0.28933299999999995 0.108667 0.090667
2 0.06933299999999998 0.399 0.121333 0.128667
3 0.09966699999999995 0.31366700000000003 0.048667 0.052667
2 0.5840000000000001 0.29833299999999996 0.113333 0.09
2 0.9123330000000001 0.932333 0.116667 0.127333
2 0.660667 0.9319999999999999 0.134667 0.134667
2 0.6599999999999999 0.842667 0.074667 0.061333
2 0.7476670000000001 0.901667 0.078 0.07
2 0.794333 0.724667 0.102 0.112
2 0.5593330000000001 0.9646669999999999 0.056 0.06
2 0.36966699999999997 0.919333 0.094 0.082667
2 0.32199999999999995 0.879333 0.088 0.097333
2 0.30933299999999997 0.053332999999999964 0.138667 0.106667
2 0.19866700000000004 0.08266700000000005 0.138667 0.165333
2 0.09266700000000005 0.05266700000000002 0.102667 0.105333
3 0.03433299999999995 0.275667 0.068667 0.114
2 0.19599999999999995 0.7196670000000001 0.078667 0.064667
2 0.20366700000000004 0.963667 0.080667 0.062
3 0.08966700000000005 0.931333 0.139333 0.136
