3 0.606333 0.849 0.094 0.080667
3 0.5549999999999999 0.926 0.088667 0.078667
2 0.368 0.942667 0.054667 0.073333
3 0.371 0.596 0.079333 0.1
3 0.29000000000000004 0.557333 0.070667 0.077333
2 0.06266700000000003 0.405333 0.104 0.112
2 0.08299999999999996 0.751333 0.118 0.104
2 0.057667000000000024 0.834333 0.083333 0.079333
2 0.17133299999999996 0.879 0.092 0.092667
2 0.25233300000000003 0.926 0.083333 0.132
0 0.728 0.202667 0.197333 0.206667
0 0.8396669999999999 0.267667 0.198 0.263333
0 0.784667 0.421667 0.049333 0.066
0 0.840667 0.432333 0.065333 0.084667
0 0.441333 0.062667 0.161333 0.122667
0 0.284667 0.15 0.126667 0.122667
0 0.724333 0.061333 0.182 0.121333
0 0.392 0.261333 0.034667 0.034667
0 0.40700000000000003 0.328667 0.052667 0.054667
0 0.36466699999999996 0.359333 0.061333 0.058667
0 0.33866700000000005 0.314 0.053333 0.06
0 0.268 0.295333 0.058667 0.062667
0 0.26333300000000004 0.361 0.076 0.087333
0 0.354333 0.433333 0.047333 0.053333
0 0.487 0.538333 0.042 0.051333
0 0.34099999999999997 0.501333 0.083333 0.073333
0 0.7030000000000001 0.534 0.166 0.196
0 0.616333 0.577333 0.055333 0.069333
0 0.5946670000000001 0.450333 0.044 0.051333
0 0.792333 0.501333 0.064667 0.072
0 0.821333 0.628667 0.176 0.218667
0 0.7276670000000001 0.779333 0.099333 0.094667
0 0.675333 0.81 0.101333 0.109333
0 0.761 0.824333 0.064667 0.071333
2 0.576667 0.766333 0.070667 0.067333
0 0.522 0.668333 0.062667 0.058
0 0.432667 0.628 0.042667 0.068
0 0.46199999999999997 0.595 0.054667 0.05
0 0.396 0.73 0.068 0.073333
0 0.44199999999999995 0.770333 0.076 0.066
0 0.509333 0.778667 0.061333 0.058667
0 0.921667 0.866667 0.03 0.032
0 0.842667 0.842333 0.028 0.035333
0 0.801333 0.946 0.053333 0.058667
0 0.683 0.904667 0.048667 0.061333
0 0.654333 0.887333 0.038 0.057333
0 0.7046669999999999 0.941 0.06 0.068667
2 0.6226670000000001 0.948333 0.065333 0.088667
2 0.659667 0.972667 0.066 0.054667
0 0.19733299999999998 0.765 0.106667 0.127333
0 0.09799999999999998 0.912667 0.053333 0.074667
2 0.31599999999999995 0.959 0.077333 0.082
0 0.12633300000000003 0.682333 0.095333 0.094
0 0.04400000000000004 0.673333 0.082667 0.090667
0 0.22099999999999997 0.684667 0.056667 0.052
0 0.210333 0.638 0.05 0.045333
0 0.19899999999999995 0.595 0.066 0.054
0 0.12666699999999997 0.573667 0.061333 0.056667
0 0.042332999999999954 0.556333 0.084667 0.080667
0 0.18933299999999997 0.414 0.084 0.08
