2 0.540667 0.91 0.097333 0.106667
2 0.11266699999999996 0.771333 0.093333 0.093333
2 0.375667 0.841333 0.067333 0.064
2 0.474333 0.815667 0.106 0.112667
2 0.41633299999999995 0.7336670000000001 0.136667 0.120667
2 0.22899999999999998 0.760333 0.092667 0.091333
2 0.26133300000000004 0.641 0.170667 0.136667
2 0.228333 0.534333 0.075333 0.080667
2 0.352 0.508667 0.046667 0.045333
2 0.45799999999999996 0.623333 0.068 0.069333
2 0.5676669999999999 0.593 0.155333 0.235333
2 0.6579999999999999 0.6086670000000001 0.084 0.129333
2 0.6603330000000001 0.714 0.088667 0.093333
2 0.798667 0.741 0.168 0.152667
2 0.9143330000000001 0.774667 0.111333 0.113333
2 0.900667 0.6926669999999999 0.064 0.046667
2 0.892333 0.592667 0.132667 0.149333
2 0.774 0.602333 0.142667 0.124667
2 0.931333 0.351 0.122667 0.13
2 0.854333 0.41800000000000004 0.138 0.166667
3 0.745 0.498333 0.086 0.078
2 0.729 0.40800000000000003 0.118 0.125333
2 0.604 0.42100000000000004 0.134667 0.179333
2 0.28933299999999995 0.43300000000000005 0.102667 0.103333
3 0.400667 0.41133299999999995 0.069333 0.078667
3 0.14233300000000004 0.324333 0.07 0.083333
2 0.232333 0.29900000000000004 0.119333 0.11
2 0.157667 0.21499999999999997 0.15 0.122
2 0.08333299999999999 0.12166699999999997 0.152 0.147333
2 0.272667 0.18033299999999997 0.136 0.178
1 0.38933300000000004 0.20499999999999996 0.105333 0.108667
2 0.406 0.30733299999999997 0.161333 0.121333
2 0.55 0.30600000000000005 0.121333 0.126667
2 0.514667 0.16200000000000003 0.144 0.166667
2 0.40833299999999995 0.08899999999999997 0.123333 0.11
2 0.752 0.287667 0.130667 0.11
2 0.870333 0.236 0.15 0.150667
2 0.7396670000000001 0.08066700000000004 0.083333 0.096
2 0.661667 0.17133299999999996 0.158 0.162667
2 0.625 0.07099999999999995 0.104667 0.09
2 0.972667 0.957333 0.053333 0.069333
2 0.876 0.944 0.126667 0.110667
0 0.742667 0.968333 0.077333 0.060667
0 0.7106669999999999 0.9013329999999999 0.073333 0.1
0 0.659667 0.905 0.043333 0.060667
0 0.62 0.936667 0.038667 0.038667
0 0.649667 0.83 0.084667 0.092
0 0.706333 0.809667 0.036667 0.060667
0 0.834667 0.835 0.098667 0.080667
0 0.801667 0.886333 0.068667 0.07
0 0.923 0.863 0.055333 0.058
0 0.943667 0.914 0.051333 0.057333
2 0.5716669999999999 0.715667 0.044667 0.052667
0 0.974667 0.451333 0.041333 0.052
0 0.938667 0.45499999999999996 0.028 0.036667
2 0.765 0.17900000000000005 0.043333 0.064667
2 0.843 0.06366700000000003 0.13 0.127333
3 0.961 0.05133299999999996 0.076667 0.102667
0 0.20866700000000005 0.394667 0.058667 0.056
0 0.129 0.385 0.074 0.09
0 0.07033299999999998 0.383667 0.066 0.114
0 0.04133299999999995 0.442333 0.065333 0.051333
0 0.16033299999999995 0.47166699999999995 0.115333 0.100667
0 0.051000000000000045 0.519667 0.052667 0.051333
0 0.32999999999999996 0.5720000000000001 0.108 0.125333
0 0.39833300000000005 0.648333 0.123333 0.094
0 0.15300000000000002 0.6966669999999999 0.063333 0.070667
0 0.19933299999999998 0.682667 0.049333 0.053333
0 0.30633299999999997 0.747333 0.068667 0.078667
2 0.032667 0.769333 0.065333 0.084
2 0.266 0.829 0.073333 0.062
0 0.252667 0.906 0.101333 0.104
3 0.32999999999999996 0.92 0.052 0.048
3 0.14100000000000001 0.953 0.066 0.086
0 0.339333 0.976 0.048 0.046667
0 0.42900000000000005 0.877333 0.052667 0.054667
