3 0.064333 0.788333 0.07 0.058
3 0.068 0.712333 0.104 0.087333
3 0.147 0.6703330000000001 0.054 0.047333
3 0.196333 0.634 0.052667 0.053333
3 0.329 0.607 0.059333 0.059333
3 0.420333 0.624333 0.048667 0.044667
3 0.379 0.574667 0.056667 0.068
3 0.280333 0.498 0.082 0.074667
3 0.228 0.577 0.092 0.07
3 0.147667 0.572333 0.07 0.087333
3 0.104 0.6166670000000001 0.068 0.057333
3 0.079333 0.546 0.102667 0.073333
3 0.119667 0.47766699999999995 0.086 0.079333
3 0.041333 0.46666700000000005 0.081333 0.098667
3 0.061333 0.286667 0.092 0.077333
3 0.147667 0.31366700000000003 0.086 0.079333
3 0.174667 0.387667 0.101333 0.082
3 0.192667 0.45499999999999996 0.076 0.05
2 0.215 0.511333 0.082 0.065333
3 0.262 0.41033299999999995 0.093333 0.078
2 0.227333 0.34166700000000005 0.070667 0.074
2 0.198333 0.253667 0.115333 0.088667
3 0.273667 0.19233299999999998 0.116667 0.100667
2 0.479333 0.06133299999999997 0.097333 0.101333
3 0.353 0.210333 0.055333 0.039333
3 0.361333 0.255 0.125333 0.091333
3 0.384667 0.335333 0.104 0.066667
3 0.413 0.391667 0.072667 0.051333
3 0.333 0.413667 0.076667 0.079333
3 0.572667 0.48466699999999996 0.094667 0.096
2 0.547667 0.36866699999999997 0.086 0.069333
3 0.519333 0.28533299999999995 0.096 0.130667
3 0.458 0.23466699999999996 0.096 0.085333
3 0.457333 0.31299999999999994 0.046667 0.055333
3 0.599 0.316333 0.075333 0.084667
3 0.600333 0.21966699999999995 0.094 0.112667
3 0.648333 0.15900000000000003 0.068667 0.066
3 0.74 0.23066699999999996 0.14 0.132
3 0.708667 0.12266699999999997 0.108 0.105333
3 0.773667 0.07433299999999998 0.083333 0.088667
2 0.815667 0.14933300000000005 0.091333 0.1
3 0.899 0.097333 0.100667 0.101333
3 0.955 0.031667 0.07 0.063333
0 0.114 0.808667 0.074667 0.093333
0 0.22 0.762333 0.196 0.192667
0 0.35 0.716 0.132 0.133333
0 0.33 0.890333 0.230667 0.214
0 0.197667 0.898 0.079333 0.098667
0 0.045 0.344 0.066 0.050667
0 0.096 0.392667 0.065333 0.06
0 0.431 0.759 0.114 0.144667
0 0.517333 0.783 0.166667 0.147333
0 0.441667 0.493 0.202 0.195333
0 0.787333 0.926333 0.124 0.104667
0 0.867333 0.971667 0.058667 0.052667
0 0.886667 0.782333 0.226667 0.23
0 0.795 0.571333 0.095333 0.1
0 0.725 0.479 0.152667 0.139333
0 0.918667 0.38933300000000004 0.162667 0.244
0 0.897333 0.24866699999999997 0.198667 0.257333
3 0.852 0.03433299999999995 0.124 0.068667
0 0.668667 0.35366699999999995 0.156 0.162
0 0.448 0.14133300000000004 0.053333 0.049333
0 0.413 0.169667 0.042 0.036667
0 0.272 0.09599999999999997 0.057333 0.054667
0 0.221333 0.07466700000000004 0.058667 0.068
0 0.190667 0.17533299999999996 0.058667 0.044
3 0.375 0.04266700000000001 0.115333 0.085333
0 0.080333 0.22899999999999998 0.044667 0.038
