3 0.061 0.757 0.120667 0.127333
0 0.22 0.898667 0.385333 0.201333
0 0.342 0.791667 0.245333 0.23
0 0.241333 0.5329999999999999 0.48 0.500667
0 0.581667 0.509333 0.208667 0.285333
0 0.779667 0.581333 0.334 0.3
0 0.827 0.7030000000000001 0.346 0.578
0 0.969333 0.268667 0.033333 0.029333
0 0.928333 0.256667 0.020667 0.02
0 0.972333 0.09566699999999995 0.055333 0.152667
0 0.922 0.06999999999999995 0.078667 0.098667
0 0.882667 0.08166700000000005 0.033333 0.028667
0 0.868 0.13166699999999998 0.082667 0.094
0 0.688667 0.22299999999999998 0.373333 0.351333
0 0.796667 0.033667 0.056 0.051333
0 0.700333 0.030667 0.060667 0.061333
0 0.557 0.10199999999999998 0.098 0.104
0 0.199667 0.166667 0.396667 0.333333
0 0.119667 0.30933299999999997 0.234 0.168
