2 0.033667 0.596 0.036667 0.04
2 0.100333 0.590333 0.060667 0.062
2 0.073333 0.519333 0.070667 0.076
2 0.064333 0.43700000000000006 0.080667 0.086
2 0.129667 0.40533300000000005 0.094 0.096
2 0.141333 0.515 0.070667 0.098
2 0.185 0.5880000000000001 0.116667 0.069333
3 0.205 0.509667 0.084667 0.104667
2 0.298 0.511 0.101333 0.115333
2 0.287333 0.411667 0.096 0.075333
2 0.174667 0.357333 0.068 0.069333
2 0.218 0.308667 0.104 0.1
2 0.158667 0.25733300000000003 0.072 0.066667
2 0.128667 0.17900000000000005 0.104 0.084667
2 0.115667 0.11033300000000001 0.099333 0.078
2 0.175333 0.06233299999999997 0.077333 0.076667
2 0.222667 0.161667 0.092 0.122
2 0.076667 0.03966700000000001 0.108 0.072667
2 0.323333 0.6723330000000001 0.132 0.148667
2 0.634333 0.45066700000000004 0.095333 0.066667
2 0.738667 0.43799999999999994 0.042667 0.041333
2 0.650333 0.5103329999999999 0.080667 0.058
2 0.792667 0.48066699999999996 0.070667 0.057333
2 0.883667 0.480333 0.07 0.054
2 0.865667 0.40333300000000005 0.116667 0.110667
2 0.924667 0.33399999999999996 0.052 0.049333
2 0.856667 0.327333 0.081333 0.069333
2 0.765 0.357333 0.079333 0.1
3 0.676667 0.374333 0.092 0.086
2 0.533 0.34666699999999995 0.107333 0.102667
2 0.67 0.28533299999999995 0.094667 0.105333
3 0.588667 0.252 0.137333 0.144
2 0.761667 0.27033300000000005 0.078 0.086
3 0.724667 0.19599999999999995 0.112 0.104
2 0.844333 0.259 0.076667 0.075333
2 0.931667 0.251667 0.095333 0.084667
2 0.896 0.17700000000000005 0.105333 0.088667
2 0.807333 0.13166699999999998 0.108 0.120667
2 0.894 0.10699999999999998 0.093333 0.079333
2 0.852333 0.03966700000000001 0.126 0.075333
2 0.685667 0.09299999999999997 0.151333 0.162
2 0.362333 0.264 0.126 0.126667
2 0.424667 0.19599999999999995 0.076 0.104
2 0.392667 0.059667000000000026 0.093333 0.112667
2 0.477333 0.09366699999999994 0.070667 0.103333
2 0.545333 0.14833300000000005 0.04 0.051333
3 0.535667 0.07299999999999995 0.074 0.106
2 0.512 0.525667 0.068 0.086
2 0.496333 0.20133299999999998 0.072667 0.109333
2 0.677 0.575 0.080667 0.095333
2 0.739333 0.542333 0.074667 0.091333
2 0.824 0.552 0.102667 0.102667
2 0.912 0.552 0.096 0.108
2 0.938 0.673 0.097333 0.114
2 0.951 0.755 0.059333 0.058
3 0.833333 0.9 0.068 0.073333
3 0.849 0.668667 0.127333 0.092
3 0.872333 0.761333 0.083333 0.096
3 0.795667 0.784667 0.115333 0.145333
3 0.675333 0.788333 0.102667 0.116667
2 0.638667 0.7 0.070667 0.076
3 0.564333 0.670667 0.07 0.093333
2 0.579333 0.576667 0.105333 0.101333
2 0.449 0.5880000000000001 0.139333 0.128
2 0.474667 0.675667 0.109333 0.075333
3 0.522333 0.749333 0.080667 0.077333
3 0.547333 0.825667 0.1 0.13
2 0.613 0.8486670000000001 0.075333 0.121333
2 0.051333 0.24033300000000002 0.098667 0.104667
0 0.091667 0.865667 0.180667 0.139333
0 0.069667 0.770667 0.122 0.073333
0 0.155667 0.703333 0.195333 0.174667
0 0.210333 0.819667 0.120667 0.106
0 0.262667 0.879667 0.118667 0.127333
0 0.393 0.866333 0.196667 0.194
0 0.047667 0.318333 0.052667 0.046
0 0.388667 0.718 0.058667 0.065333
0 0.348667 0.739333 0.057333 0.052
0 0.445333 0.7436670000000001 0.072 0.07
0 0.704333 0.884667 0.058 0.050667
0 0.685667 0.964333 0.054 0.048667
0 0.7 0.705667 0.048 0.047333
0 0.929333 0.919333 0.049333 0.052
0 0.744 0.646333 0.04 0.039333
0 0.621333 0.919 0.056 0.040667
0 0.974667 0.9143330000000001 0.032 0.034
2 0.942333 0.446333 0.115333 0.123333
0 0.451 0.430667 0.068667 0.052
0 0.391 0.44799999999999995 0.046 0.056
0 0.394667 0.364333 0.049333 0.05
0 0.460667 0.357333 0.052 0.065333
0 0.427333 0.31766700000000003 0.042667 0.051333
0 0.338 0.367333 0.054667 0.050667
0 0.322333 0.327333 0.059333 0.06
0 0.293333 0.268667 0.04 0.045333
0 0.299 0.213333 0.05 0.044
0 0.309667 0.145667 0.066 0.071333
0 0.363 0.13866699999999998 0.047333 0.048
3 0.037 0.163667 0.072667 0.062
