2 0.534667 0.858 0.121333 0.122667
2 0.328333 0.517667 0.106 0.108667
2 0.28233299999999995 0.617 0.083333 0.079333
3 0.147667 0.661 0.119333 0.114
3 0.04833299999999996 0.673333 0.082 0.094667
2 0.515333 0.353 0.165333 0.162
3 0.06000000000000005 0.452333 0.098667 0.106
2 0.14100000000000001 0.34566699999999995 0.086 0.086
2 0.23533300000000001 0.32799999999999996 0.130667 0.14
2 0.355 0.29600000000000004 0.119333 0.096
2 0.44099999999999995 0.251 0.119333 0.106
2 0.41200000000000003 0.160667 0.128 0.128
2 0.291667 0.18999999999999995 0.123333 0.128
2 0.18133299999999997 0.19199999999999995 0.1 0.129333
2 0.08299999999999996 0.205333 0.144667 0.194667
2 0.28733299999999995 0.06699999999999995 0.129333 0.131333
2 0.5776669999999999 0.13566699999999998 0.104667 0.147333
2 0.6986669999999999 0.19833299999999998 0.172 0.158
2 0.765667 0.33299999999999996 0.216667 0.208667
3 0.877667 0.973333 0.056667 0.052
0 0.628333 0.966333 0.046 0.052667
0 0.673 0.938667 0.028667 0.037333
0 0.8109999999999999 0.897667 0.103333 0.103333
2 0.905667 0.855333 0.036667 0.046667
0 0.873333 0.856333 0.028 0.044667
0 0.460333 0.79 0.066 0.052
0 0.581 0.743333 0.055333 0.049333
0 0.6743330000000001 0.748 0.088667 0.085333
0 0.721 0.794333 0.048667 0.046
0 0.815 0.757667 0.076667 0.07
0 0.917 0.789667 0.100667 0.096667
0 0.915333 0.6970000000000001 0.108 0.102
1 0.819333 0.659667 0.070667 0.064667
0 0.9359999999999999 0.594333 0.113333 0.108667
0 0.825 0.579 0.094 0.103333
0 0.612333 0.624667 0.072667 0.072
0 0.544667 0.689333 0.042667 0.053333
0 0.522 0.6026670000000001 0.110667 0.113333
0 0.736 0.5640000000000001 0.088 0.114667
0 0.671333 0.5676669999999999 0.066667 0.075333
0 0.365333 0.701333 0.092 0.085333
0 0.32066700000000004 0.959333 0.048 0.038667
0 0.462333 0.955333 0.036667 0.050667
0 0.968333 0.508667 0.062 0.074667
0 0.872 0.49066699999999996 0.061333 0.06
0 0.647 0.44899999999999995 0.082 0.079333
0 0.505 0.507 0.103333 0.088667
0 0.42833299999999996 0.492333 0.060667 0.067333
0 0.412667 0.585333 0.084 0.101333
0 0.342333 0.603333 0.056667 0.065333
0 0.31599999999999995 0.460333 0.126667 0.088667
2 0.27633300000000005 0.408667 0.036667 0.037333
0 0.5609999999999999 0.44566700000000004 0.126 0.112667
0 0.908 0.28700000000000003 0.08 0.072667
0 0.35566699999999996 0.388 0.102 0.086667
0 0.441333 0.403667 0.061333 0.059333
2 0.5329999999999999 0.24766699999999997 0.046 0.05
3 0.94 0.18066700000000002 0.085333 0.081333
2 0.876333 0.08033299999999999 0.052667 0.052667
3 0.795 0.07866700000000004 0.095333 0.093333
2 0.591333 0.03633299999999995 0.117333 0.072667
3 0.42000000000000004 0.06666700000000003 0.112 0.081333
0 0.49666699999999997 0.16600000000000004 0.036 0.04
2 0.509333 0.07366700000000004 0.04 0.042
0 0.16133299999999995 0.08766700000000005 0.046667 0.044667
0 0.05900000000000005 0.09366699999999994 0.068667 0.05
0 0.042332999999999954 0.12833300000000003 0.076667 0.058
2 0.091333 0.059667000000000026 0.037333 0.036667
0 0.05466700000000002 0.331333 0.056 0.054667
0 0.17100000000000004 0.44299999999999995 0.066 0.038
1 0.07933299999999999 0.576333 0.052 0.046
0 0.17800000000000005 0.544333 0.090667 0.092667
