2 0.157 0.125333 0.164667 0.133333
2 0.565333 0.164333 0.173333 0.175333
2 0.356 0.150333 0.064 0.058
2 0.615333 0.085 0.093333 0.111333
2 0.670667 0.176 0.070667 0.073333
2 0.734667 0.094667 0.137333 0.128
2 0.805333 0.159667 0.162667 0.151333
2 0.768 0.297333 0.245333 0.164
2 0.932667 0.329667 0.125333 0.152667
2 0.931333 0.433667 0.08 0.083333
2 0.787667 0.416 0.079333 0.066667
2 0.669333 0.411 0.157333 0.148667
2 0.557333 0.403667 0.065333 0.074
2 0.533 0.29 0.116667 0.112
2 0.322 0.237333 0.168 0.170667
2 0.387 0.374 0.183333 0.18
2 0.243 0.377333 0.118 0.109333
2 0.196333 0.264333 0.111333 0.116667
2 0.091 0.234333 0.136667 0.151333
2 0.18 0.492333 0.105333 0.152667
2 0.322667 0.500333 0.169333 0.139333
2 0.516667 0.494 0.162667 0.190667
2 0.082 0.499667 0.085333 0.120667
2 0.069333 0.729667 0.129333 0.155333
2 0.184 0.740667 0.138667 0.18
2 0.221667 0.626667 0.139333 0.136
2 0.354667 0.631667 0.128 0.140667
2 0.322333 0.761333 0.128667 0.136
2 0.448 0.755333 0.108 0.090667
0 0.385333 0.842 0.056 0.058667
2 0.372333 0.925333 0.095333 0.089333
0 0.462667 0.921333 0.06 0.069333
2 0.262333 0.901667 0.115333 0.119333
2 0.088 0.910667 0.069333 0.073333
2 0.162333 0.897 0.082 0.120667
3 0.457 0.647 0.084667 0.123333
2 0.546 0.657333 0.098667 0.105333
2 0.652 0.647 0.122667 0.138
2 0.741667 0.654 0.064667 0.101333
2 0.848667 0.669333 0.152 0.126667
2 0.928 0.540667 0.134667 0.164
2 0.801 0.528667 0.119333 0.162667
3 0.687333 0.530333 0.104 0.087333
2 0.906667 0.786333 0.165333 0.152667
2 0.859 0.893333 0.172667 0.166667
2 0.731333 0.886 0.086667 0.101333
2 0.714667 0.769 0.138667 0.126
2 0.616667 0.848333 0.162667 0.19
2 0.573667 0.926667 0.09 0.069333
2 0.408333 0.079667 0.164667 0.158
2 0.454333 0.171333 0.043333 0.053333
2 0.048333 0.095333 0.095333 0.136
2 0.615 0.290667 0.055333 0.053333
2 0.051333 0.357333 0.101333 0.126667
2 0.062667 0.852333 0.124 0.140667
0 0.067333 0.970333 0.098667 0.059333
2 0.960667 0.899 0.068 0.098
2 0.956 0.668 0.088 0.150667
2 0.935333 0.164 0.129333 0.218667
0 0.873 0.060333 0.075333 0.068667
