3 0.46199999999999997 0.528 0.097333 0.094667
3 0.568667 0.665 0.130667 0.135333
3 0.436667 0.643333 0.122667 0.128
3 0.35 0.615 0.114667 0.131333
2 0.24933300000000003 0.665667 0.110667 0.111333
2 0.273 0.569667 0.088667 0.078
2 0.18866700000000003 0.540333 0.098667 0.083333
2 0.145667 0.614667 0.118 0.132
2 0.713333 0.692 0.102667 0.108
2 0.738333 0.790667 0.080667 0.092
3 0.6006670000000001 0.784333 0.164 0.128667
2 0.46599999999999997 0.752667 0.133333 0.129333
2 0.345333 0.802333 0.136 0.19
2 0.45966700000000005 0.859333 0.120667 0.124
2 0.55 0.883333 0.109333 0.132
2 0.665333 0.908667 0.124 0.133333
2 0.24533300000000002 0.786667 0.136 0.138667
2 0.07499999999999996 0.714333 0.140667 0.17
2 0.10399999999999998 0.831 0.124 0.136667
2 0.18533299999999997 0.892 0.161333 0.133333
0 0.657667 0.509 0.268667 0.288667
0 0.886667 0.947 0.062667 0.056667
0 0.492 0.961 0.073333 0.078
3 0.399667 0.946 0.099333 0.108
2 0.10333300000000001 0.941333 0.134667 0.117333
3 0.10633300000000001 0.526 0.063333 0.062667
0 0.24133300000000002 0.440333 0.286667 0.222
3 0.365333 0.511667 0.078667 0.074
0 0.151667 0.144333 0.303333 0.287333
