2 0.166667 0.102667 0.162667 0.196
2 0.311 0.081 0.120667 0.111333
2 0.434333 0.058 0.21 0.114667
2 0.789333 0.101 0.136 0.159333
2 0.896 0.201 0.196 0.174
2 0.575 0.260333 0.118 0.119333
2 0.452 0.204667 0.161333 0.192
2 0.296667 0.210333 0.192 0.180667
2 0.08 0.238 0.156 0.128
2 0.148667 0.334333 0.14 0.162
2 0.260333 0.304 0.106 0.096
2 0.305667 0.405333 0.138 0.168
2 0.424333 0.401 0.15 0.187333
2 0.525 0.376667 0.098 0.110667
2 0.544333 0.474667 0.146 0.104
2 0.625667 0.369 0.114 0.120667
2 0.739 0.328333 0.171333 0.175333
2 0.868 0.314333 0.132 0.127333
2 0.922333 0.417667 0.151333 0.148667
1 0.780667 0.443333 0.126667 0.092
2 0.803333 0.529 0.138667 0.112667
2 0.663333 0.470333 0.128 0.115333
2 0.673 0.576333 0.136667 0.112667
2 0.561667 0.568 0.098 0.084
2 0.834667 0.638 0.178667 0.108
2 0.771667 0.733667 0.139333 0.116667
2 0.917333 0.741333 0.156 0.126667
2 0.819667 0.854333 0.179333 0.142
2 0.561333 0.663 0.137333 0.122
2 0.553667 0.776 0.119333 0.112
2 0.432667 0.702667 0.182667 0.206667
2 0.22 0.525333 0.2 0.202667
2 0.113667 0.614667 0.176667 0.18
2 0.150333 0.769333 0.151333 0.129333
2 0.364 0.904 0.173333 0.184
0 0.044667 0.154667 0.086667 0.085333
0 0.488 0.282333 0.116 0.080667
0 0.519667 0.129 0.07 0.068667
0 0.679333 0.180667 0.064 0.062667
0 0.751333 0.209 0.056 0.074
0 0.198333 0.247 0.048667 0.034
0 0.162333 0.214 0.068667 0.057333
0 0.561333 0.166333 0.074667 0.091333
2 0.644333 0.079333 0.166 0.157333
2 0.068667 0.362667 0.136 0.16
0 0.260333 0.600667 0.068667 0.074667
2 0.358333 0.582667 0.039333 0.042667
2 0.066 0.768 0.066667 0.086667
0 0.327333 0.739333 0.025333 0.04
0 0.091667 0.823667 0.074 0.067333
0 0.473667 0.909333 0.035333 0.036
3 0.555333 0.874333 0.058667 0.060667
3 0.174 0.955333 0.06 0.045333
0 0.639333 0.849333 0.109333 0.116
2 0.919 0.949667 0.15 0.100667
2 0.942333 0.851333 0.112667 0.126667
2 0.96 0.326667 0.068 0.08
0 0.91 0.118 0.066667 0.061333
