3 0.757 0.061 0.127333 0.120667
0 0.898667 0.22 0.201333 0.385333
0 0.791667 0.342 0.23 0.245333
0 0.5329999999999999 0.241333 0.500667 0.48
0 0.509333 0.581667 0.285333 0.208667
0 0.581333 0.779667 0.3 0.334
0 0.7030000000000001 0.827 0.578 0.346
0 0.268667 0.969333 0.029333 0.033333
0 0.256667 0.928333 0.02 0.020667
0 0.09566699999999995 0.972333 0.152667 0.055333
0 0.06999999999999995 0.922 0.098667 0.078667
0 0.08166700000000005 0.882667 0.028667 0.033333
0 0.13166699999999998 0.868 0.094 0.082667
0 0.22299999999999998 0.688667 0.351333 0.373333
0 0.033667 0.796667 0.051333 0.056
0 0.030667 0.700333 0.061333 0.060667
0 0.10199999999999998 0.557 0.104 0.098
0 0.166667 0.199667 0.333333 0.396667
0 0.30933299999999997 0.119667 0.168 0.234
