3 0.060333 0.122667 0.086 0.077333
3 0.113 0.19 0.086 0.057333
2 0.148 0.267 0.122667 0.096667
3 0.221333 0.338667 0.1 0.090667
3 0.136333 0.379 0.048667 0.051333
3 0.110667 0.454667 0.133333 0.105333
3 0.294 0.412 0.068 0.065333
3 0.213667 0.427 0.051333 0.05
3 0.254 0.452333 0.04 0.040667
3 0.408333 0.452667 0.028667 0.034667
3 0.337667 0.498333 0.09 0.098
3 0.248667 0.530333 0.073333 0.076667
3 0.079333 0.576667 0.134667 0.097333
2 0.175333 0.637 0.101333 0.084667
2 0.146333 0.727333 0.116667 0.090667
2 0.193667 0.795667 0.127333 0.107333
2 0.386667 0.649667 0.133333 0.154
2 0.344667 0.754333 0.101333 0.083333
2 0.269333 0.758 0.062667 0.090667
2 0.384667 0.830333 0.088 0.09
2 0.457667 0.709333 0.103333 0.112
2 0.552 0.765 0.092 0.104667
3 0.592667 0.83 0.069333 0.065333
2 0.503667 0.872 0.088667 0.096
3 0.530667 0.937667 0.068 0.052667
3 0.438667 0.942 0.065333 0.061333
2 0.334667 0.928667 0.112 0.132
2 0.248667 0.931 0.098667 0.111333
2 0.223667 0.873 0.071333 0.076667
0 0.099333 0.032667 0.088 0.064
0 0.127667 0.045 0.060667 0.068667
0 0.415 0.164667 0.191333 0.244
0 0.516667 0.294333 0.044 0.042
0 0.401333 0.299333 0.036 0.034667
0 0.060667 0.300667 0.068 0.068
2 0.042 0.372333 0.082667 0.103333
2 0.030333 0.477667 0.058 0.074
0 0.543333 0.539 0.06 0.056667
3 0.327 0.581333 0.059333 0.053333
2 0.067667 0.748 0.062 0.076
0 0.108 0.662333 0.04 0.038
0 0.206 0.575333 0.041333 0.04
2 0.11 0.836 0.081333 0.116
0 0.119667 0.910333 0.060667 0.055333
0 0.938 0.968333 0.041333 0.044667
0 0.959333 0.894667 0.036 0.037333
0 0.815667 0.826 0.034 0.038667
0 0.621 0.879333 0.05 0.046667
0 0.745667 0.711667 0.032667 0.036667
0 0.666333 0.655333 0.052667 0.053333
0 0.515 0.611667 0.052667 0.038
3 0.541667 0.692 0.039333 0.033333
0 0.893667 0.716333 0.212667 0.296667
0 0.890667 0.477333 0.218667 0.208
0 0.707333 0.558 0.025333 0.032
0 0.668667 0.491333 0.046667 0.045333
0 0.752 0.517 0.028 0.027333
0 0.778333 0.431 0.038 0.040667
0 0.753 0.327333 0.031333 0.036
0 0.856667 0.288667 0.046667 0.046667
0 0.893667 0.325667 0.036667 0.047333
0 0.857 0.145333 0.035333 0.032
0 0.704667 0.117 0.192 0.232667
0 0.576 0.103 0.174667 0.204667
