3 0.127 0.128333 0.108667 0.142
2 0.286 0.190667 0.104 0.12
0 0.2 0.189 0.068 0.080667
0 0.064667 0.225667 0.113333 0.114
2 0.084667 0.39 0.14 0.112
2 0.153333 0.459333 0.128 0.070667
2 0.162333 0.556333 0.143333 0.118
2 0.091667 0.664667 0.162 0.134667
2 0.039 0.779667 0.071333 0.094
2 0.123667 0.787333 0.095333 0.14
2 0.211 0.746 0.087333 0.130667
2 0.278667 0.64 0.164 0.142667
2 0.395 0.655 0.108667 0.118
2 0.458333 0.748333 0.115333 0.128667
2 0.301667 0.762667 0.120667 0.1
2 0.206333 0.862 0.094 0.104
2 0.313333 0.86 0.130667 0.110667
2 0.121667 0.899 0.094 0.091333
2 0.051333 0.916333 0.062667 0.102
2 0.255667 0.931667 0.095333 0.102
2 0.427 0.881667 0.106 0.143333
2 0.546667 0.849 0.130667 0.139333
3 0.360333 0.536333 0.094 0.088667
2 0.307 0.462333 0.118 0.112667
2 0.461 0.413333 0.179333 0.137333
2 0.478333 0.513667 0.124667 0.079333
2 0.470667 0.594667 0.104 0.1
2 0.578333 0.569 0.086 0.151333
2 0.655333 0.636667 0.168 0.108
2 0.691 0.741333 0.167333 0.129333
2 0.794667 0.821667 0.168 0.120667
2 0.863333 0.737667 0.144 0.119333
2 0.854333 0.647 0.082 0.095333
2 0.772 0.615 0.104 0.128667
2 0.676 0.528 0.136 0.105333
2 0.686667 0.421 0.133333 0.122
2 0.586333 0.363667 0.087333 0.104667
0 0.517333 0.336667 0.061333 0.072
3 0.548 0.254667 0.108 0.122667
2 0.587667 0.108 0.118 0.132
2 0.635 0.208 0.084667 0.132
2 0.694333 0.233 0.084667 0.140667
2 0.730667 0.302333 0.096 0.11
2 0.786667 0.389333 0.097333 0.128
2 0.896333 0.389333 0.122 0.133333
2 0.907667 0.537667 0.160667 0.147333
2 0.788333 0.467667 0.058 0.056667
2 0.859 0.303 0.094 0.075333
2 0.859 0.213 0.152667 0.116667
3 0.741667 0.161667 0.115333 0.122
3 0.774333 0.081333 0.124667 0.098667
2 0.904333 0.114 0.126 0.097333
3 0.674333 0.069333 0.07 0.101333
2 0.942333 0.83 0.108667 0.137333
0 0.256667 0.298667 0.074667 0.06
2 0.174 0.061667 0.126667 0.120667
3 0.31 0.078667 0.170667 0.153333
0 0.498667 0.065333 0.052 0.052
0 0.396333 0.118 0.035333 0.026667
2 0.05 0.498333 0.098667 0.142
2 0.071667 0.574333 0.071333 0.054
3 0.174 0.957 0.078667 0.086
2 0.537333 0.932 0.230667 0.136
0 0.608333 0.791667 0.067333 0.07
0 0.645333 0.893333 0.057333 0.061333
0 0.722 0.910333 0.098667 0.096667
2 0.94 0.650667 0.12 0.117333
2 0.95 0.457667 0.1 0.098
