2 0.102667 0.833333 0.196 0.162667
2 0.081 0.6890000000000001 0.111333 0.120667
2 0.058 0.5656669999999999 0.114667 0.21
2 0.101 0.21066700000000005 0.159333 0.136
2 0.201 0.10399999999999998 0.174 0.196
2 0.260333 0.42500000000000004 0.119333 0.118
2 0.204667 0.548 0.192 0.161333
2 0.210333 0.703333 0.180667 0.192
2 0.238 0.92 0.128 0.156
2 0.334333 0.851333 0.162 0.14
2 0.304 0.7396670000000001 0.096 0.106
2 0.405333 0.694333 0.168 0.138
2 0.401 0.5756669999999999 0.187333 0.15
2 0.376667 0.475 0.110667 0.098
2 0.474667 0.45566700000000004 0.104 0.146
2 0.369 0.374333 0.120667 0.114
2 0.328333 0.261 0.175333 0.171333
2 0.314333 0.132 0.127333 0.132
2 0.417667 0.07766700000000004 0.148667 0.151333
1 0.443333 0.219333 0.092 0.126667
2 0.529 0.19666700000000004 0.112667 0.138667
2 0.470333 0.33666700000000005 0.115333 0.128
2 0.576333 0.32699999999999996 0.112667 0.136667
2 0.568 0.438333 0.084 0.098
2 0.638 0.16533299999999995 0.108 0.178667
2 0.733667 0.228333 0.116667 0.139333
2 0.741333 0.08266700000000005 0.126667 0.156
2 0.854333 0.18033299999999997 0.142 0.179333
2 0.663 0.43866700000000003 0.122 0.137333
2 0.776 0.446333 0.112 0.119333
2 0.702667 0.567333 0.206667 0.182667
2 0.525333 0.78 0.202667 0.2
2 0.614667 0.886333 0.18 0.176667
2 0.769333 0.849667 0.129333 0.151333
2 0.904 0.636 0.184 0.173333
0 0.154667 0.955333 0.085333 0.086667
0 0.282333 0.512 0.080667 0.116
0 0.129 0.480333 0.068667 0.07
0 0.180667 0.32066700000000004 0.062667 0.064
0 0.209 0.24866699999999997 0.074 0.056
0 0.247 0.801667 0.034 0.048667
0 0.214 0.8376669999999999 0.057333 0.068667
0 0.166333 0.43866700000000003 0.091333 0.074667
2 0.079333 0.35566699999999996 0.157333 0.166
2 0.362667 0.931333 0.16 0.136
0 0.600667 0.7396670000000001 0.074667 0.068667
2 0.582667 0.641667 0.042667 0.039333
2 0.768 0.9339999999999999 0.086667 0.066667
0 0.739333 0.672667 0.04 0.025333
0 0.823667 0.9083330000000001 0.067333 0.074
0 0.909333 0.5263329999999999 0.036 0.035333
3 0.874333 0.44466700000000003 0.060667 0.058667
3 0.955333 0.8260000000000001 0.045333 0.06
0 0.849333 0.36066699999999996 0.116 0.109333
2 0.949667 0.08099999999999996 0.100667 0.15
2 0.851333 0.057667000000000024 0.126667 0.112667
2 0.326667 0.040000000000000036 0.08 0.068
0 0.118 0.08999999999999997 0.061333 0.066667
