2 0.723667 0.886667 0.128667 0.125333
2 0.849667 0.895 0.083333 0.086
3 0.794667 0.797667 0.070667 0.058
2 0.712 0.715667 0.136 0.166
2 0.822333 0.701667 0.087333 0.119333
2 0.928667 0.735 0.142667 0.143333
2 0.879333 0.601667 0.109333 0.116667
2 0.771 0.588 0.115333 0.102667
2 0.837667 0.494667 0.074 0.072
2 0.926667 0.492667 0.137333 0.145333
3 0.773667 0.387 0.082 0.082
2 0.679667 0.365667 0.086 0.075333
2 0.545 0.477 0.116667 0.147333
2 0.652 0.481333 0.102667 0.134667
2 0.746667 0.487333 0.092 0.109333
2 0.401333 0.485333 0.196 0.202667
2 0.114 0.424 0.129333 0.133333
2 0.227333 0.433 0.097333 0.09
2 0.110333 0.552 0.114 0.128
2 0.225 0.547 0.148667 0.162
3 0.244333 0.647667 0.079333 0.083333
2 0.058333 0.651 0.084667 0.082
2 0.150667 0.649 0.102667 0.086
2 0.143667 0.746333 0.119333 0.111333
2 0.252 0.758667 0.122667 0.164
2 0.096667 0.86 0.105333 0.105333
2 0.221667 0.867 0.144667 0.124667
2 0.423667 0.882333 0.143333 0.114
2 0.386667 0.782333 0.133333 0.136667
2 0.349333 0.651333 0.174667 0.168
2 0.482667 0.653 0.082667 0.086
2 0.516667 0.780333 0.134667 0.146
2 0.591667 0.696 0.102 0.138667
2 0.173 0.090667 0.15 0.146667
2 0.161333 0.213667 0.134667 0.112667
2 0.141667 0.318 0.092667 0.098667
2 0.257667 0.326333 0.142 0.151333
2 0.342667 0.114333 0.097333 0.096667
2 0.364667 0.232333 0.141333 0.136667
2 0.381333 0.342 0.105333 0.094667
2 0.268667 0.132333 0.058667 0.078
2 0.479 0.247 0.118 0.126
2 0.498667 0.354667 0.112 0.092
2 0.842 0.278333 0.101333 0.091333
2 0.741 0.272333 0.106 0.116667
2 0.927 0.069 0.094 0.135333
2 0.631333 0.247667 0.136 0.144667
2 0.452667 0.120333 0.098667 0.120667
2 0.552 0.119 0.1 0.120667
2 0.06 0.083 0.118667 0.158
2 0.050667 0.208 0.1 0.146667
2 0.057 0.311667 0.111333 0.123333
2 0.631667 0.148 0.09 0.084
2 0.711 0.083 0.15 0.163333
3 0.048667 0.737333 0.092 0.130667
0 0.621 0.872333 0.088667 0.098
0 0.022 0.933 0.042667 0.080667
2 0.076 0.948 0.126667 0.104
3 0.218333 0.963667 0.138 0.072667
2 0.941667 0.839667 0.116667 0.094
2 0.945333 0.289667 0.109333 0.13
3 0.939667 0.180667 0.060667 0.06
2 0.823 0.068 0.138 0.134667
