2 0.773667 0.762667 0.192667 0.172
2 0.659667 0.834333 0.123333 0.128667
2 0.775 0.878 0.126 0.097333
2 0.885 0.902 0.087333 0.1
2 0.785667 0.952333 0.111333 0.09
2 0.583333 0.925 0.134667 0.148667
2 0.483667 0.931667 0.082 0.104667
2 0.392333 0.942 0.094 0.102667
2 0.285333 0.915667 0.141333 0.114
2 0.109 0.920333 0.147333 0.115333
2 0.095333 0.813667 0.128 0.095333
2 0.257 0.787 0.159333 0.146
2 0.144667 0.7 0.196 0.134667
2 0.161 0.587333 0.120667 0.096
2 0.095333 0.497 0.108 0.09
2 0.189667 0.497667 0.080667 0.075333
2 0.321 0.505333 0.156667 0.132
2 0.406333 0.609667 0.158 0.154
2 0.475667 0.726 0.163333 0.129333
2 0.660333 0.621667 0.139333 0.112667
2 0.777 0.536 0.124667 0.126667
2 0.905333 0.379333 0.165333 0.169333
2 0.738333 0.419 0.175333 0.107333
2 0.649333 0.489333 0.122667 0.146667
2 0.525 0.518333 0.143333 0.155333
2 0.498 0.395333 0.174667 0.101333
2 0.592333 0.329667 0.103333 0.142
2 0.705667 0.302667 0.11 0.126667
2 0.800667 0.332333 0.08 0.078
2 0.924 0.195667 0.133333 0.148667
2 0.823667 0.202667 0.098 0.165333
2 0.768 0.11 0.124 0.105333
2 0.581667 0.094 0.084667 0.098667
2 0.538333 0.183667 0.075333 0.111333
2 0.630667 0.183667 0.101333 0.15
2 0.738 0.202333 0.102667 0.09
2 0.474 0.280667 0.133333 0.130667
2 0.357 0.181 0.095333 0.088667
2 0.454333 0.183667 0.056667 0.060667
2 0.368333 0.071333 0.115333 0.125333
2 0.258333 0.07 0.098 0.097333
2 0.076667 0.172667 0.096 0.105333
2 0.221333 0.170333 0.166667 0.154
2 0.142333 0.285 0.127333 0.127333
2 0.245667 0.287 0.11 0.120667
2 0.362 0.299 0.102667 0.17
2 0.272333 0.388667 0.162 0.137333
2 0.142333 0.401667 0.127333 0.108667
0 0.041667 0.291333 0.071333 0.076
2 0.475333 0.076667 0.101333 0.092
2 0.069 0.059667 0.136667 0.118
2 0.032667 0.391 0.062667 0.106
2 0.273667 0.609333 0.095333 0.084
0 0.524 0.619 0.077333 0.072667
0 0.5 0.857667 0.057333 0.055333
3 0.698 0.951333 0.070667 0.086667
0 0.790667 0.674333 0.058667 0.047333
0 0.856667 0.524667 0.06 0.092
2 0.942667 0.493 0.114667 0.120667
2 0.931 0.264333 0.138 0.099333
2 0.708 0.067333 0.181333 0.133333
0 0.815333 0.054333 0.041333 0.046
