2 0.159333 0.27 0.124 0.117333
2 0.048667 0.256667 0.089333 0.114667
2 0.114667 0.160667 0.117333 0.106667
2 0.204667 0.05666700000000002 0.105333 0.106667
2 0.243333 0.17533299999999996 0.134667 0.133333
2 0.345333 0.101333 0.146667 0.121333
2 0.288 0.300667 0.101333 0.093333
2 0.381333 0.19399999999999995 0.157333 0.122667
2 0.325333 0.388 0.12 0.105333
2 0.422 0.32066700000000004 0.156 0.216
2 0.474667 0.14533300000000005 0.114667 0.134667
2 0.598 0.14800000000000002 0.172 0.14
2 0.581333 0.27733300000000005 0.138667 0.132
2 0.772 0.06999999999999995 0.130667 0.117333
3 0.774 0.170667 0.113333 0.105333
3 0.787333 0.254667 0.105333 0.113333
3 0.182667 0.665333 0.128 0.14
3 0.292 0.6086670000000001 0.101333 0.112
3 0.356 0.496 0.114667 0.118667
2 0.386667 0.589333 0.082667 0.102667
3 0.302667 0.713333 0.098667 0.118667
3 0.245333 0.8446670000000001 0.090667 0.117333
3 0.330667 0.808 0.074667 0.102667
3 0.364667 0.898 0.110667 0.117333
3 0.427333 0.798 0.116 0.138667
2 0.412 0.689333 0.096 0.094667
2 0.481333 0.613333 0.109333 0.129333
3 0.506 0.40133300000000005 0.108 0.129333
3 0.546 0.493333 0.094667 0.1
3 0.628667 0.378667 0.132 0.116
2 0.596667 0.5966670000000001 0.113333 0.125333
3 0.506667 0.722 0.093333 0.093333
3 0.529333 0.810667 0.077333 0.105333
2 0.606667 0.912667 0.189333 0.128
3 0.611333 0.717333 0.113333 0.148
3 0.629333 0.830667 0.138667 0.118667
2 0.73 0.881333 0.065333 0.097333
3 0.738667 0.79 0.090667 0.093333
2 0.734 0.6926669999999999 0.14 0.125333
2 0.656 0.497333 0.109333 0.108
3 0.695333 0.31266700000000003 0.089333 0.088
3 0.72 0.402667 0.128 0.113333
2 0.756667 0.49866699999999997 0.092 0.094667
3 0.260667 0.955333 0.096 0.086667
0 0.122667 0.755667 0.045333 0.042
0 0.146333 0.46766700000000005 0.287333 0.246
3 0.484667 0.953 0.106667 0.092667
0 0.775 0.579 0.044667 0.039333
2 0.907 0.865333 0.046 0.049333
2 0.861333 0.5493330000000001 0.105333 0.086667
2 0.873333 0.648 0.074667 0.069333
0 0.879333 0.269667 0.096 0.11
2 0.857333 0.17966700000000002 0.082667 0.075333
2 0.939333 0.16200000000000003 0.08 0.074667
2 0.553 0.05266700000000002 0.11 0.105333
2 0.445333 0.04300000000000004 0.145333 0.086
2 0.088 0.05833299999999997 0.136 0.116667
