2 0.900667 0.083 0.161333 0.159333
2 0.896 0.227 0.134667 0.119333
2 0.802667 0.172667 0.096 0.08
3 0.6966669999999999 0.245 0.133333 0.144667
2 0.79 0.276 0.101333 0.088
2 0.909 0.327667 0.142 0.112667
2 0.889 0.432333 0.120667 0.103333
2 0.812667 0.372667 0.06 0.061333
3 0.733333 0.36 0.121333 0.094667
3 0.799333 0.465667 0.105333 0.114
2 0.886 0.54 0.121333 0.096
2 0.615333 0.343667 0.098667 0.088667
2 0.687 0.451 0.122 0.112667
2 0.670667 0.542 0.098667 0.113333
2 0.773 0.557667 0.116667 0.083333
2 0.673 0.636333 0.088667 0.083333
2 0.7783329999999999 0.657333 0.139333 0.117333
2 0.883667 0.630667 0.095333 0.086667
2 0.950667 0.714333 0.089333 0.091333
2 0.904667 0.823333 0.069333 0.081333
2 0.834333 0.785 0.116667 0.114
2 0.788333 0.863 0.124667 0.127333
3 0.734333 0.945667 0.083333 0.087333
3 0.647667 0.908333 0.114 0.115333
3 0.681333 0.821667 0.128 0.087333
3 0.737333 0.739 0.101333 0.086
3 0.669333 0.72 0.062667 0.094667
2 0.5856669999999999 0.681667 0.119333 0.120667
3 0.5720000000000001 0.59 0.096 0.081333
2 0.609 0.499 0.067333 0.106
2 0.529 0.483667 0.112667 0.108667
2 0.571333 0.397667 0.092 0.083333
3 0.502 0.4 0.08 0.093333
2 0.543667 0.291333 0.108667 0.106667
2 0.45066700000000004 0.560333 0.113333 0.111333
2 0.36466699999999996 0.537 0.074667 0.118
2 0.30533299999999997 0.524667 0.073333 0.106667
2 0.23466699999999996 0.492 0.068 0.086667
3 0.16033299999999995 0.454333 0.088667 0.114
3 0.07066700000000004 0.579 0.096 0.087333
3 0.19233299999999998 0.556667 0.134 0.088
3 0.153667 0.626 0.111333 0.096
2 0.384667 0.628333 0.052 0.05
2 0.44299999999999995 0.652333 0.087333 0.084667
3 0.5083329999999999 0.670333 0.084667 0.11
2 0.544333 0.784333 0.120667 0.104667
2 0.5163329999999999 0.872 0.115333 0.090667
2 0.519333 0.953667 0.134667 0.082
2 0.42300000000000004 0.898333 0.078 0.079333
3 0.44999999999999996 0.745333 0.076 0.073333
2 0.42233299999999996 0.807333 0.115333 0.089333
3 0.31000000000000005 0.833667 0.132 0.122
3 0.29433299999999996 0.946333 0.11 0.094
3 0.233333 0.761333 0.106667 0.108
3 0.311667 0.697667 0.108667 0.13
3 0.24366699999999997 0.649667 0.094 0.098
2 0.31599999999999995 0.608 0.064 0.06
3 0.13466699999999998 0.715 0.132 0.104667
3 0.14533300000000005 0.808667 0.105333 0.094667
3 0.06666700000000003 0.869 0.078667 0.092667
3 0.15200000000000002 0.885667 0.125333 0.092667
3 0.42633299999999996 0.374 0.092667 0.082667
2 0.409667 0.461 0.087333 0.087333
2 0.32366700000000004 0.441333 0.082 0.073333
2 0.24433300000000002 0.403667 0.112667 0.09
3 0.096333 0.334333 0.119333 0.087333
3 0.24433300000000002 0.319667 0.126 0.114
2 0.33399999999999996 0.342667 0.1 0.093333
3 0.443333 0.280333 0.101333 0.104667
3 0.35 0.253 0.124 0.108667
3 0.220333 0.237667 0.114 0.086
3 0.10299999999999998 0.258667 0.120667 0.105333
2 0.166667 0.176667 0.118667 0.102667
2 0.06933299999999998 0.147667 0.090667 0.136667
2 0.166667 0.076 0.129333 0.112
3 0.254667 0.118333 0.094667 0.142
2 0.345333 0.123333 0.102667 0.14
2 0.440333 0.147 0.120667 0.143333
3 0.5103329999999999 0.090333 0.078 0.116667
2 0.8069999999999999 0.071333 0.088667 0.117333
2 0.719 0.058667 0.128667 0.116
0 0.591 0.126667 0.111333 0.142667
2 0.6803330000000001 0.128 0.074 0.092
0 0.5856669999999999 0.235 0.058 0.067333
2 0.42733299999999996 0.046333 0.152 0.091333
0 0.513667 0.184 0.038 0.046667
2 0.863 0.689333 0.111333 0.093333
0 0.616333 0.788 0.056667 0.070667
2 0.9410000000000001 0.899 0.116667 0.112667
2 0.827333 0.951 0.108 0.098
2 0.38933300000000004 0.703667 0.062667 0.114
0 0.23666699999999996 0.870333 0.056 0.052667
0 0.028333000000000053 0.906333 0.056667 0.068667
2 0.059667000000000026 0.49 0.119333 0.148
2 0.04733299999999996 0.389667 0.094667 0.108667
