2 0.877 0.244 0.119333 0.124
2 0.382 0.085 0.124 0.114
2 0.39433300000000004 0.206667 0.195333 0.14
2 0.26033300000000004 0.077 0.111333 0.144667
2 0.11133300000000002 0.336333 0.165333 0.188667
2 0.24433300000000002 0.374667 0.140667 0.170667
2 0.35 0.392333 0.109333 0.15
2 0.488333 0.408333 0.214 0.215333
2 0.707333 0.502 0.102667 0.105333
2 0.607 0.480667 0.128667 0.136
2 0.516667 0.575333 0.170667 0.174667
2 0.08966700000000005 0.451667 0.116667 0.116667
2 0.09666699999999995 0.547 0.138667 0.107333
2 0.159667 0.646333 0.156667 0.183333
2 0.273667 0.651667 0.123333 0.124667
2 0.07266700000000004 0.748 0.138667 0.132
2 0.28333299999999995 0.796 0.145333 0.130667
2 0.10399999999999998 0.858 0.157333 0.162667
2 0.246 0.899667 0.137333 0.135333
2 0.474333 0.829667 0.142 0.114
2 0.722 0.748333 0.129333 0.192667
2 0.855333 0.789333 0.16 0.169333
2 0.920333 0.926 0.119333 0.124
0 0.817 0.093 0.11 0.104667
0 0.8280000000000001 0.175333 0.090667 0.085333
0 0.959667 0.204333 0.078 0.079333
0 0.689333 0.248667 0.193333 0.177333
0 0.619 0.307667 0.071333 0.09
0 0.5660000000000001 0.303667 0.050667 0.066
0 0.645667 0.090333 0.163333 0.171333
2 0.5429999999999999 0.070667 0.09 0.114667
3 0.45866700000000005 0.030667 0.06 0.050667
0 0.822333 0.339667 0.111333 0.09
0 0.821 0.458667 0.166 0.169333
0 0.708333 0.407667 0.060667 0.060667
0 0.653667 0.370333 0.080667 0.087333
2 0.39933300000000005 0.528667 0.118667 0.113333
0 0.638667 0.609667 0.08 0.080667
2 0.882333 0.516333 0.067333 0.075333
2 0.8009999999999999 0.613 0.114 0.106
2 0.881333 0.638333 0.186667 0.158
2 0.49866699999999997 0.688667 0.044 0.044
2 0.576667 0.811 0.049333 0.056667
2 0.671667 0.872667 0.127333 0.116
0 0.8049999999999999 0.895667 0.108667 0.104667
2 0.6333329999999999 0.954667 0.06 0.085333
3 0.359 0.908333 0.100667 0.100667
2 0.952 0.751333 0.093333 0.093333
0 0.451333 0.745333 0.049333 0.053333
0 0.39433300000000004 0.765667 0.054 0.054
0 0.404 0.722667 0.041333 0.041333
2 0.386667 0.668 0.093333 0.084
2 0.043332999999999955 0.612667 0.086667 0.14
0 0.24366699999999997 0.527 0.052667 0.064667
0 0.11166699999999996 0.17 0.084667 0.088
0 0.22199999999999998 0.300667 0.06 0.053333
