2 0.807667 0.224667 0.15 0.121333
2 0.781333 0.342667 0.161333 0.132
2 0.894 0.380333 0.164 0.174
2 0.781333 0.472667 0.177333 0.12
2 0.928 0.496333 0.129333 0.119333
2 0.906333 0.593333 0.114 0.110667
2 0.771333 0.603 0.172 0.15
2 0.904667 0.714333 0.172 0.175333
2 0.900333 0.854667 0.116667 0.092
2 0.804 0.735333 0.158667 0.174667
2 0.15500000000000003 0.070667 0.083333 0.090667
2 0.26933300000000004 0.066333 0.112 0.095333
2 0.22099999999999997 0.14 0.148667 0.104
2 0.23866699999999996 0.235333 0.165333 0.128
2 0.06299999999999994 0.26 0.108667 0.102667
2 0.24766699999999997 0.348333 0.122 0.104667
2 0.12366699999999997 0.324 0.115333 0.138667
2 0.372333 0.46 0.156667 0.156
2 0.267 0.452667 0.083333 0.098667
2 0.17200000000000004 0.453 0.106667 0.108667
2 0.06366700000000003 0.461667 0.118 0.152667
2 0.358333 0.589667 0.140667 0.115333
2 0.257 0.571 0.087333 0.122
2 0.141667 0.598333 0.162 0.19
2 0.405667 0.695333 0.143333 0.129333
2 0.27833300000000005 0.703333 0.122 0.128
3 0.16433299999999995 0.696333 0.055333 0.058
2 0.09699999999999998 0.791667 0.187333 0.151333
2 0.13066699999999998 0.911333 0.209333 0.136
2 0.400667 0.827 0.192 0.152667
2 0.27433300000000005 0.796333 0.091333 0.083333
0 0.757333 0.066 0.146667 0.129333
0 0.889333 0.112333 0.110667 0.132667
2 0.41033299999999995 0.947333 0.144667 0.105333
2 0.04633299999999996 0.679 0.092667 0.100667
2 0.03700000000000003 0.585333 0.072667 0.074667
1 0.06233299999999997 0.069 0.124667 0.136667
0 0.31866700000000003 0.145 0.058667 0.058
3 0.04633299999999996 0.353333 0.05 0.045333
