2 0.07399999999999995 0.5509999999999999 0.136 0.142
2 0.09999999999999998 0.362333 0.134667 0.086
2 0.13333300000000003 0.275 0.196 0.182
2 0.07799999999999996 0.10466699999999995 0.129333 0.16
2 0.207333 0.119 0.197333 0.219333
2 0.34466699999999995 0.19266700000000003 0.096 0.130667
2 0.516 0.10399999999999998 0.130667 0.138667
2 0.42500000000000004 0.07133299999999998 0.076667 0.104
2 0.354333 0.06366700000000003 0.09 0.119333
2 0.40900000000000003 0.17033299999999996 0.096667 0.106
2 0.38233300000000003 0.276 0.087333 0.116
2 0.479 0.22599999999999998 0.120667 0.105333
2 0.596 0.24 0.098667 0.089333
1 0.652667 0.29700000000000004 0.101333 0.091333
1 0.548 0.32866700000000004 0.108 0.094667
1 0.454333 0.32599999999999996 0.112667 0.116
2 0.9083330000000001 0.45599999999999996 0.171333 0.201333
2 0.933333 0.18899999999999995 0.106667 0.079333
2 0.897333 0.30533299999999997 0.190667 0.194667
1 0.838 0.20499999999999996 0.094667 0.144667
1 0.729 0.21299999999999997 0.156667 0.215333
1 0.763 0.41233299999999995 0.152667 0.222
1 0.634 0.40800000000000003 0.150667 0.130667
1 0.516 0.45799999999999996 0.130667 0.169333
1 0.43899999999999995 0.493333 0.146 0.145333
1 0.384667 0.378667 0.109333 0.094667
2 0.33466700000000005 0.45166700000000004 0.126667 0.112667
1 0.307667 0.537667 0.124667 0.118
1 0.6066670000000001 0.5183329999999999 0.132 0.168667
1 0.726667 0.536 0.168 0.133333
1 0.714 0.640667 0.176 0.093333
1 0.43100000000000005 0.632333 0.119333 0.138
1 0.5493330000000001 0.642 0.141333 0.142667
1 0.609 0.720667 0.134 0.138667
2 0.7356670000000001 0.754333 0.147333 0.15
2 0.6823330000000001 0.877333 0.183333 0.166667
2 0.49166699999999997 0.914667 0.135333 0.166667
1 0.5636669999999999 0.8316669999999999 0.118 0.122
2 0.493 0.753333 0.123333 0.101333
1 0.259667 0.657333 0.120667 0.132
1 0.37266699999999997 0.7146669999999999 0.166667 0.166667
2 0.23966699999999996 0.751667 0.116667 0.118
2 0.349333 0.8356669999999999 0.169333 0.139333
2 0.32466700000000004 0.914667 0.168 0.130667
2 0.152667 0.878667 0.226667 0.222667
0 0.264 0.264 0.058667 0.069333
0 0.07999999999999996 0.435667 0.144 0.119333
0 0.264 0.333333 0.066667 0.053333
0 0.18566700000000003 0.622333 0.108667 0.120667
0 0.13633300000000004 0.726667 0.171333 0.125333
