2 0.863 0.158333 0.143333 0.156667
2 0.819 0.367333 0.139333 0.141333
2 0.8049999999999999 0.668333 0.119333 0.112667
2 0.867667 0.886 0.114 0.109333
2 0.77 0.921 0.141333 0.158
2 0.676667 0.855333 0.137333 0.104
2 0.785667 0.786333 0.083333 0.087333
2 0.694333 0.753 0.114 0.11
2 0.6273329999999999 0.654667 0.174667 0.172
2 0.517667 0.697 0.124667 0.120667
2 0.547667 0.817 0.123333 0.115333
2 0.6313329999999999 0.545 0.130667 0.088667
2 0.648333 0.47 0.119333 0.1
2 0.652333 0.351333 0.111333 0.137333
2 0.649667 0.223667 0.15 0.138
2 0.671333 0.088333 0.096 0.119333
3 0.756 0.157667 0.104 0.136667
2 0.5449999999999999 0.095333 0.112667 0.128
2 0.40933299999999995 0.076 0.141333 0.130667
2 0.23666699999999996 0.109 0.134667 0.144667
2 0.17333299999999996 0.184667 0.128 0.109333
2 0.235 0.264667 0.107333 0.133333
2 0.367 0.219667 0.146 0.143333
2 0.320333 0.320667 0.091333 0.073333
2 0.44266700000000003 0.342333 0.18 0.203333
2 0.474 0.494 0.104 0.094667
2 0.30800000000000005 0.470333 0.138667 0.144667
2 0.265 0.572333 0.083333 0.079333
2 0.17466700000000002 0.533333 0.108 0.118667
2 0.18433299999999997 0.424333 0.088667 0.108667
2 0.06966700000000003 0.402333 0.120667 0.111333
2 0.05666700000000002 0.150667 0.102667 0.133333
2 0.13566699999999998 0.275667 0.094 0.094
2 0.091333 0.320667 0.069333 0.062667
2 0.385667 0.731333 0.096667 0.089333
2 0.397 0.572 0.083333 0.096
2 0.478 0.609667 0.124 0.118
2 0.31699999999999995 0.780333 0.09 0.082
2 0.399 0.795 0.062 0.058
2 0.40933299999999995 0.93 0.077333 0.072
2 0.21999999999999997 0.638667 0.101333 0.101333
2 0.11366699999999996 0.690333 0.119333 0.131333
2 0.06433299999999997 0.811667 0.115333 0.111333
2 0.07133299999999998 0.912333 0.126667 0.120667
2 0.224333 0.759 0.114 0.122
2 0.150667 0.824333 0.1 0.088667
2 0.265667 0.902667 0.115333 0.124
2 0.17466700000000002 0.919 0.097333 0.119333
2 0.920667 0.44 0.157333 0.141333
2 0.867667 0.538333 0.074 0.094
0 0.935333 0.532667 0.069333 0.065333
3 0.884 0.735 0.077333 0.074
0 0.796333 0.558333 0.075333 0.084667
2 0.880333 0.044 0.107333 0.086667
2 0.767667 0.047 0.143333 0.092667
2 0.711333 0.479333 0.065333 0.090667
0 0.536333 0.206 0.076667 0.073333
0 0.5549999999999999 0.468 0.066 0.068
2 0.47066699999999995 0.175333 0.06 0.050667
0 0.578333 0.410667 0.031333 0.032
2 0.322333 0.621333 0.099333 0.102667
2 0.31133299999999997 0.040667 0.101333 0.078667
2 0.06566700000000003 0.576667 0.131333 0.116
3 0.118 0.061333 0.074667 0.074667
2 0.25933300000000004 0.827 0.078667 0.07
2 0.32999999999999996 0.945667 0.065333 0.098
2 0.42533299999999996 0.855333 0.062667 0.061333
