3 0.258 0.111333 0.066667 0.065333
3 0.08266700000000005 0.170667 0.097333 0.093333
3 0.23633300000000002 0.187 0.09 0.080667
3 0.525333 0.181333 0.104 0.1
3 0.491 0.254 0.080667 0.065333
2 0.5433330000000001 0.344333 0.106667 0.118
3 0.506 0.387667 0.057333 0.056667
2 0.604333 0.477 0.115333 0.116667
3 0.5553330000000001 0.566667 0.092 0.085333
3 0.601 0.639 0.066 0.056667
3 0.652333 0.337667 0.108667 0.120667
2 0.6910000000000001 0.225 0.116667 0.128667
3 0.808 0.187 0.1 0.080667
3 0.784333 0.285 0.058 0.046
3 0.824333 0.345 0.047333 0.055333
2 0.878 0.248 0.076 0.069333
2 0.893667 0.313667 0.084667 0.084667
2 0.923667 0.157667 0.084667 0.103333
2 0.878667 0.073667 0.092 0.087333
2 0.940333 0.25 0.046 0.042667
2 0.942 0.411 0.085333 0.087333
3 0.809333 0.45 0.116 0.104
2 0.808667 0.530667 0.070667 0.070667
2 0.751667 0.614667 0.098 0.089333
3 0.6799999999999999 0.602667 0.061333 0.068
2 0.546333 0.718 0.112667 0.101333
2 0.591 0.814 0.119333 0.098667
2 0.665667 0.886 0.104667 0.124
3 0.732 0.861333 0.068 0.101333
3 0.81 0.872667 0.073333 0.1
2 0.767667 0.723667 0.108667 0.095333
3 0.776667 0.793 0.093333 0.051333
2 0.6783330000000001 0.702333 0.079333 0.088667
3 0.894 0.941 0.141333 0.114
2 0.683667 0.445333 0.040667 0.041333
3 0.870333 0.468 0.05 0.045333
3 0.06633299999999998 0.084667 0.132667 0.101333
2 0.9696670000000001 0.116333 0.059333 0.107333
2 0.925667 0.03 0.072667 0.057333
2 0.812333 0.042667 0.131333 0.084
0 0.884667 0.37 0.054667 0.046667
0 0.970667 0.449 0.056 0.068667
0 0.786333 0.123667 0.084667 0.079333
0 0.7256670000000001 0.138667 0.071333 0.062667
0 0.73 0.375667 0.110667 0.112667
0 0.6926669999999999 0.053 0.094667 0.084667
0 0.648667 0.112 0.077333 0.070667
0 0.656333 0.162667 0.075333 0.081333
0 0.572667 0.130333 0.096 0.087333
0 0.590333 0.242 0.083333 0.085333
0 0.552 0.433 0.068 0.051333
0 0.727 0.539667 0.091333 0.080667
0 0.645667 0.542 0.07 0.070667
0 0.508 0.114667 0.066667 0.062667
0 0.499667 0.052333 0.043333 0.044667
0 0.45066700000000004 0.295333 0.069333 0.061333
0 0.363333 0.345667 0.108 0.099333
0 0.33199999999999996 0.044667 0.090667 0.084
0 0.259667 0.034 0.067333 0.064
0 0.25933300000000004 0.292333 0.081333 0.082
0 0.19933299999999998 0.322667 0.074667 0.113333
0 0.24666699999999997 0.377667 0.052 0.043333
0 0.29133299999999995 0.344 0.057333 0.066667
0 0.165667 0.046333 0.080667 0.058
0 0.137 0.22 0.051333 0.045333
0 0.17233299999999996 0.168333 0.046 0.051333
0 0.19766700000000004 0.226333 0.039333 0.039333
0 0.05666700000000002 0.231667 0.041333 0.039333
0 0.07666700000000004 0.258333 0.044 0.035333
0 0.094333 0.292 0.07 0.048
0 0.08566700000000005 0.351667 0.039333 0.039333
0 0.14533300000000005 0.325333 0.048 0.053333
0 0.15600000000000003 0.391333 0.038667 0.029333
0 0.13866699999999998 0.579333 0.277333 0.334667
0 0.07999999999999996 0.843 0.16 0.231333
0 0.12033300000000002 0.728 0.05 0.048
0 0.13266699999999998 0.935667 0.041333 0.036667
0 0.18766700000000003 0.897333 0.038 0.041333
0 0.26 0.919 0.038667 0.052667
0 0.30000000000000004 0.854667 0.061333 0.058667
0 0.29700000000000004 0.959333 0.046 0.042667
0 0.32899999999999996 0.916667 0.052667 0.042667
0 0.293667 0.784 0.038 0.036
0 0.27133300000000005 0.718667 0.028 0.032
0 0.37066699999999997 0.691667 0.08 0.087333
0 0.45699999999999996 0.714667 0.055333 0.061333
0 0.406667 0.775333 0.065333 0.061333
0 0.385667 0.827333 0.05 0.046667
2 0.511667 0.825 0.047333 0.038
3 0.922 0.644 0.076 0.057333
2 0.879333 0.518667 0.046667 0.037333
0 0.839333 0.626333 0.061333 0.054
2 0.926333 0.713333 0.144667 0.114667
2 0.923333 0.578333 0.102667 0.079333
