3 0.281 0.102333 0.080667 0.087333
2 0.07933299999999999 0.085333 0.106667 0.105333
2 0.698 0.198333 0.161333 0.126
2 0.5589999999999999 0.238333 0.086 0.079333
2 0.843667 0.329667 0.178 0.147333
2 0.717333 0.362333 0.097333 0.092667
2 0.759 0.46 0.127333 0.125333
0 0.6839999999999999 0.412 0.069333 0.073333
2 0.409667 0.331 0.140667 0.139333
2 0.605 0.375333 0.078 0.086667
3 0.628333 0.458 0.072667 0.068
2 0.5203329999999999 0.441667 0.144667 0.182
2 0.943 0.529 0.071333 0.074
3 0.883333 0.559333 0.090667 0.076
2 0.929667 0.719 0.139333 0.148667
2 0.834667 0.613333 0.137333 0.132
3 0.934667 0.84 0.114667 0.088
2 0.906333 0.904667 0.094 0.097333
2 0.833333 0.854 0.076 0.104
2 0.757 0.853667 0.074 0.09
2 0.800667 0.927667 0.097333 0.076667
2 0.814667 0.755333 0.089333 0.104
2 0.7256670000000001 0.769667 0.083333 0.088667
2 0.679 0.823667 0.082 0.116667
2 0.684667 0.926 0.106667 0.104
2 0.675 0.645333 0.087333 0.098667
2 0.581333 0.608 0.122667 0.114667
2 0.597 0.706 0.118 0.08
2 0.599333 0.883 0.077333 0.098
2 0.5916669999999999 0.778667 0.118 0.093333
2 0.530667 0.835333 0.076 0.094667
2 0.463333 0.742 0.138667 0.138667
2 0.428667 0.892 0.094667 0.102667
2 0.405667 0.835 0.09 0.114
2 0.32966700000000004 0.851667 0.083333 0.124667
2 0.368333 0.954333 0.098 0.091333
2 0.26533300000000004 0.854667 0.062667 0.097333
3 0.19933299999999998 0.826 0.077333 0.088
3 0.14433300000000004 0.864333 0.074 0.083333
2 0.12666699999999997 0.790333 0.068 0.083333
2 0.08199999999999996 0.721667 0.093333 0.084667
2 0.11733300000000002 0.639333 0.117333 0.094667
2 0.28200000000000003 0.769333 0.096 0.070667
3 0.205333 0.702333 0.104 0.148667
2 0.315333 0.709667 0.134667 0.087333
2 0.371333 0.631667 0.105333 0.140667
2 0.28233299999999995 0.608667 0.116667 0.108
2 0.39033300000000004 0.519 0.087333 0.079333
2 0.407667 0.448333 0.058 0.062
2 0.32999999999999996 0.431 0.108 0.114
2 0.32166700000000004 0.514333 0.055333 0.07
2 0.246 0.49 0.101333 0.137333
2 0.16133299999999995 0.537 0.098667 0.118
2 0.08899999999999997 0.558 0.056667 0.085333
2 0.033332999999999946 0.556 0.054667 0.102667
2 0.19866700000000004 0.394667 0.070667 0.074667
2 0.08966700000000005 0.319 0.147333 0.118
2 0.09566699999999995 0.406667 0.120667 0.101333
2 0.11466699999999996 0.472667 0.064 0.069333
0 0.664667 0.325 0.050667 0.040667
0 0.509333 0.340667 0.056 0.050667
0 0.273 0.398667 0.058 0.057333
0 0.310667 0.346 0.061333 0.068
0 0.45566700000000004 0.487333 0.074 0.081333
0 0.495 0.552333 0.056667 0.063333
0 0.640667 0.534 0.064 0.082667
0 0.6950000000000001 0.506667 0.071333 0.078667
2 0.744333 0.59 0.083333 0.098667
0 0.742 0.679333 0.065333 0.078667
0 0.441333 0.630667 0.068 0.089333
0 0.43033299999999997 0.577333 0.048667 0.041333
0 0.49166699999999997 0.648 0.054 0.056
0 0.5513330000000001 0.541667 0.070667 0.083333
0 0.598 0.318333 0.044 0.034
2 0.661 0.740667 0.052667 0.058667
2 0.5223329999999999 0.957333 0.076667 0.085333
2 0.463333 0.956333 0.101333 0.087333
0 0.40733299999999995 0.199333 0.06 0.065333
0 0.46499999999999997 0.176333 0.042 0.043333
0 0.498 0.208333 0.06 0.062
0 0.34199999999999997 0.212 0.070667 0.056
0 0.28600000000000003 0.162333 0.04 0.046
0 0.331333 0.155 0.04 0.040667
0 0.411667 0.135 0.036667 0.039333
0 0.890667 0.112667 0.041333 0.045333
0 0.920333 0.08 0.071333 0.072
0 0.476 0.041667 0.082667 0.071333
0 0.40700000000000003 0.046333 0.051333 0.058
0 0.40933299999999995 0.091 0.050667 0.046
0 0.5836669999999999 0.077 0.05 0.054
0 0.5393330000000001 0.066667 0.053333 0.052
0 0.6966669999999999 0.063 0.049333 0.051333
0 0.661333 0.035667 0.096 0.07
0 0.950667 0.219333 0.094667 0.102667
0 0.927667 0.456667 0.046 0.053333
0 0.885667 0.461333 0.040667 0.050667
0 0.833 0.462333 0.056667 0.059333
0 0.7276670000000001 0.284333 0.060667 0.068667
0 0.29933299999999996 0.238 0.037333 0.048
0 0.562 0.151333 0.068 0.082667
2 0.948667 0.600333 0.061333 0.048667
2 0.81 0.546333 0.045333 0.042
2 0.859667 0.712 0.13 0.098667
3 0.021333000000000046 0.697333 0.042667 0.065333
0 0.029667 0.457 0.058 0.060667
0 0.06166700000000003 0.212 0.035333 0.04
0 0.21199999999999997 0.1 0.050667 0.049333
