3 0.6803330000000001 0.114333 0.112667 0.139333
2 0.739 0.200667 0.118 0.130667
3 0.807667 0.125 0.111333 0.118
2 0.938667 0.295667 0.073333 0.074
2 0.836333 0.280333 0.112667 0.156667
2 0.707333 0.368333 0.066667 0.080667
2 0.755333 0.328667 0.062667 0.132
3 0.644667 0.366333 0.062667 0.104667
2 0.547667 0.340667 0.122 0.153333
2 0.605667 0.253667 0.084667 0.087333
2 0.496333 0.114667 0.15 0.165333
2 0.43733299999999997 0.292333 0.093333 0.116667
2 0.596333 0.048333 0.091333 0.09
2 0.605333 0.451333 0.104 0.096
2 0.626667 0.531667 0.101333 0.082
2 0.740333 0.527333 0.104667 0.096
2 0.930333 0.494 0.087333 0.065333
2 0.855667 0.656667 0.107333 0.129333
2 0.761 0.629667 0.092667 0.106
2 0.893 0.753333 0.11 0.097333
2 0.794667 0.736 0.101333 0.106667
2 0.904 0.848 0.098667 0.068
2 0.949667 0.927667 0.084667 0.087333
2 0.857667 0.926667 0.080667 0.097333
2 0.766667 0.92 0.096 0.105333
2 0.7030000000000001 0.835667 0.120667 0.120667
2 0.687667 0.749333 0.102 0.069333
2 0.54 0.539333 0.068 0.074667
2 0.544 0.657667 0.066667 0.083333
2 0.5680000000000001 0.740667 0.073333 0.089333
2 0.5896669999999999 0.833667 0.088667 0.096667
2 0.6553329999999999 0.926333 0.096 0.115333
2 0.565 0.929333 0.082 0.094667
2 0.479333 0.831 0.096 0.103333
2 0.45899999999999996 0.647 0.091333 0.092667
2 0.476333 0.742667 0.092667 0.088
2 0.38733300000000004 0.731667 0.076 0.079333
2 0.37166699999999997 0.819 0.091333 0.09
2 0.27233300000000005 0.809333 0.084667 0.088
2 0.224333 0.901667 0.127333 0.127333
2 0.06999999999999995 0.888 0.094667 0.105333
2 0.06299999999999994 0.769 0.114 0.112667
2 0.368 0.619 0.093333 0.092667
2 0.44299999999999995 0.508 0.098 0.109333
2 0.272667 0.629667 0.105333 0.108667
3 0.24833300000000003 0.547 0.051333 0.048667
3 0.30700000000000005 0.416333 0.054 0.068667
2 0.346 0.497667 0.093333 0.094
2 0.11033300000000001 0.422333 0.17 0.152667
2 0.11299999999999999 0.313333 0.108667 0.065333
2 0.09499999999999997 0.127333 0.119333 0.098667
2 0.222333 0.347667 0.092667 0.114
2 0.339333 0.299 0.105333 0.124667
2 0.362 0.181667 0.094667 0.118
2 0.33099999999999996 0.097333 0.083333 0.097333
2 0.24366699999999997 0.168333 0.108667 0.111333
2 0.22366699999999995 0.251 0.087333 0.074
2 0.160667 0.220333 0.066667 0.112667
3 0.238 0.075333 0.074667 0.077333
3 0.947 0.113333 0.104667 0.108
3 0.598 0.144333 0.069333 0.09
2 0.429667 0.035667 0.060667 0.067333
2 0.41633299999999995 0.096 0.082 0.096
3 0.473333 0.205 0.084 0.078
0 0.942333 0.204667 0.095333 0.102667
0 0.7046669999999999 0.280333 0.044 0.044667
0 0.752667 0.438333 0.102667 0.09
0 0.6799999999999999 0.458333 0.062667 0.09
3 0.843333 0.433 0.034667 0.036667
0 0.864667 0.461667 0.044 0.064667
0 0.897667 0.461667 0.034 0.055333
0 0.902333 0.399667 0.042 0.059333
0 0.971333 0.557 0.054667 0.078
0 0.822667 0.520333 0.065333 0.080667
0 0.47566699999999995 0.403667 0.064667 0.082
0 0.388 0.409667 0.102667 0.092667
0 0.618 0.601667 0.081333 0.075333
3 0.640667 0.653667 0.045333 0.064667
2 0.954667 0.660333 0.088 0.140667
2 0.669333 0.705333 0.082667 0.078667
0 0.965333 0.788333 0.065333 0.074
2 0.8049999999999999 0.832 0.099333 0.096
0 0.42800000000000005 0.892333 0.050667 0.058
2 0.378 0.976333 0.057333 0.047333
0 0.32199999999999995 0.939333 0.070667 0.065333
0 0.382 0.930333 0.046667 0.047333
2 0.20866700000000005 0.982333 0.044 0.035333
0 0.22266699999999995 0.756667 0.085333 0.085333
0 0.31599999999999995 0.722667 0.065333 0.090667
3 0.17966700000000002 0.691 0.047333 0.047333
3 0.047667000000000015 0.568667 0.044667 0.06
2 0.033332999999999946 0.340667 0.066667 0.118667
2 0.06466700000000003 0.216 0.129333 0.129333
3 0.020000000000000018 0.125667 0.04 0.064667
2 0.07166700000000004 0.044333 0.13 0.087333
