2 0.891667 0.082333 0.140667 0.139333
2 0.95 0.142333 0.085333 0.080667
2 0.923667 0.244333 0.140667 0.146
2 0.773667 0.103 0.11 0.114
2 0.8160000000000001 0.22 0.074667 0.066667
2 0.805333 0.414333 0.098667 0.111333
2 0.6583330000000001 0.386667 0.184667 0.166667
2 0.659 0.126333 0.111333 0.112667
2 0.7376670000000001 0.174 0.09 0.069333
2 0.531667 0.173667 0.195333 0.188667
2 0.342333 0.069 0.094 0.118
2 0.44199999999999995 0.065 0.1 0.120667
2 0.263 0.447 0.111333 0.115333
3 0.366 0.481 0.102667 0.096667
2 0.42100000000000004 0.546 0.11 0.097333
2 0.358333 0.590667 0.082 0.077333
2 0.5389999999999999 0.626 0.123333 0.129333
2 0.5333330000000001 0.747667 0.165333 0.116667
2 0.28333299999999995 0.54 0.112 0.085333
3 0.18266700000000002 0.514333 0.1 0.088667
3 0.18200000000000005 0.586333 0.093333 0.075333
3 0.11733300000000002 0.618333 0.072 0.088667
3 0.06166700000000003 0.668 0.114 0.104
3 0.06033299999999997 0.766667 0.096667 0.098667
3 0.16533299999999995 0.738 0.109333 0.108
3 0.19733299999999998 0.658667 0.062667 0.053333
3 0.28133300000000006 0.626667 0.069333 0.069333
2 0.382667 0.668333 0.138667 0.088667
3 0.374333 0.748333 0.158 0.098
3 0.34166700000000005 0.835333 0.138 0.105333
3 0.25 0.89 0.101333 0.096
3 0.25 0.786333 0.078667 0.075333
3 0.16933299999999996 0.84 0.088 0.098667
3 0.26433300000000004 0.706333 0.086 0.082
0 0.812 0.31 0.118667 0.121333
0 0.7216670000000001 0.263 0.124667 0.139333
0 0.579333 0.261 0.108 0.123333
0 0.43966700000000003 0.232 0.114 0.148
0 0.34666699999999995 0.181667 0.098667 0.087333
0 0.26433300000000004 0.08 0.083333 0.076
0 0.5063329999999999 0.462667 0.106 0.116
0 0.6066670000000001 0.545667 0.086667 0.122
0 0.46266700000000005 0.609333 0.064 0.076
0 0.454333 0.855 0.082 0.082
0 0.388667 0.909 0.074667 0.078
0 0.11633300000000002 0.357667 0.040667 0.040667
0 0.11599999999999999 0.331333 0.036 0.026667
1 0.11333300000000002 0.067 0.042667 0.047333
1 0.026000000000000023 0.013667 0.042667 0.026
