2 0.051000000000000045 0.705333 0.102 0.116
2 0.08266700000000005 0.779 0.097333 0.11
2 0.36166699999999996 0.199667 0.155333 0.135333
2 0.33899999999999997 0.093667 0.143333 0.086
3 0.936667 0.072 0.092 0.096
0 0.718 0.086333 0.2 0.171333
0 0.767 0.190333 0.303333 0.282
0 0.6930000000000001 0.341333 0.168667 0.152
0 0.831333 0.329333 0.178667 0.22
2 0.603 0.231 0.067333 0.066
2 0.585 0.322 0.063333 0.065333
0 0.43733299999999997 0.309667 0.109333 0.11
0 0.398 0.368667 0.057333 0.052
2 0.638667 0.434667 0.049333 0.049333
0 0.826333 0.508667 0.154 0.166667
0 0.503333 0.607333 0.194667 0.202667
2 0.6863330000000001 0.624667 0.051333 0.052
0 0.6723330000000001 0.515 0.031333 0.036667
0 0.6763330000000001 0.798667 0.100667 0.097333
0 0.651667 0.888 0.082 0.084
0 0.5533330000000001 0.885 0.037333 0.043333
0 0.588667 0.975333 0.056 0.049333
3 0.160667 0.929 0.046667 0.068667
3 0.10733300000000001 0.927667 0.068 0.068667
