2 0.870333 0.535667 0.15 0.159333
2 0.833333 0.670667 0.252 0.201333
2 0.73 0.739667 0.2 0.151333
2 0.884667 0.842667 0.206667 0.209333
2 0.746 0.842667 0.124 0.088
2 0.624333 0.872667 0.166 0.164
3 0.215333 0.657333 0.16 0.144
2 0.3 0.551 0.152 0.156667
2 0.221333 0.471333 0.2 0.172
2 0.1 0.39 0.157333 0.109333
2 0.127333 0.289333 0.169333 0.136
2 0.294667 0.331667 0.193333 0.156667
2 0.288333 0.179667 0.15 0.152667
2 0.420333 0.214333 0.152667 0.136667
2 0.366 0.085667 0.153333 0.151333
2 0.499333 0.084667 0.122667 0.165333
2 0.094667 0.132333 0.162667 0.200667
2 0.206667 0.135667 0.134667 0.154
2 0.734667 0.936667 0.126667 0.125333
3 0.173667 0.829333 0.054 0.053333
2 0.158 0.881667 0.064 0.05
2 0.921 0.965667 0.120667 0.068667
2 0.961667 0.550667 0.076667 0.134667
0 0.940333 0.438 0.102 0.101333
0 0.821 0.398667 0.11 0.132
0 0.815667 0.228 0.119333 0.101333
0 0.868 0.284 0.066667 0.057333
3 0.895667 0.172667 0.084667 0.072
0 0.881667 0.089 0.074 0.072667
2 0.948667 0.096 0.062667 0.056
2 0.963667 0.026667 0.051333 0.052
