2 0.366 0.101667 0.161333 0.175333
2 0.854 0.123333 0.106667 0.109333
2 0.7476670000000001 0.157333 0.122 0.133333
2 0.638667 0.398 0.098667 0.101333
2 0.648 0.288 0.092 0.102667
2 0.562333 0.281333 0.092667 0.165333
2 0.444333 0.284333 0.154 0.176667
2 0.250667 0.092 0.089333 0.113333
1 0.057667000000000024 0.230333 0.086 0.123333
2 0.20466700000000004 0.184333 0.194667 0.174
2 0.28333299999999995 0.335 0.157333 0.155333
2 0.14233300000000004 0.347 0.172667 0.204667
2 0.09166700000000005 0.492 0.174 0.153333
2 0.275 0.461667 0.112667 0.108667
2 0.42733299999999996 0.427333 0.166667 0.157333
2 0.45899999999999996 0.552333 0.15 0.151333
2 0.353 0.568667 0.082 0.105333
2 0.24866699999999997 0.576 0.134667 0.121333
2 0.08699999999999997 0.605333 0.111333 0.098667
3 0.532667 0.727333 0.086667 0.096
2 0.43766700000000003 0.663667 0.09 0.092667
2 0.347333 0.659667 0.070667 0.087333
2 0.243 0.688333 0.120667 0.118
2 0.136 0.710667 0.096 0.134667
2 0.04566700000000001 0.703667 0.076667 0.087333
2 0.327333 0.792667 0.133333 0.145333
2 0.20233299999999999 0.803667 0.119333 0.123333
2 0.734 0.712333 0.116 0.11
2 0.859667 0.701667 0.135333 0.122
2 0.8376669999999999 0.595 0.123333 0.111333
2 0.6743330000000001 0.558 0.122 0.118667
2 0.773 0.491333 0.155333 0.148
2 0.864 0.373333 0.134667 0.154667
2 0.755667 0.367667 0.084667 0.095333
2 0.956333 0.456333 0.075333 0.082
2 0.876333 0.490667 0.071333 0.084
2 0.888333 0.224667 0.144667 0.152
2 0.755667 0.261 0.120667 0.11
0 0.9410000000000001 0.121667 0.060667 0.064667
2 0.6293329999999999 0.197333 0.065333 0.081333
2 0.963667 0.347667 0.071333 0.119333
2 0.542333 0.395333 0.052667 0.048
0 0.729 0.634 0.05 0.048
0 0.893667 0.819 0.048667 0.072667
0 0.648 0.815667 0.064 0.056667
0 0.621 0.844 0.075333 0.072
0 0.558 0.857333 0.057333 0.064
0 0.41400000000000003 0.954333 0.118667 0.091333
0 0.33099999999999996 0.910333 0.108667 0.111333
3 0.12266699999999997 0.796333 0.058667 0.066
2 0.03966700000000001 0.340333 0.071333 0.106
0 0.141667 0.084667 0.079333 0.096
2 0.05500000000000005 0.129 0.11 0.132667
