2 0.791667 0.944 0.104667 0.093333
2 0.923667 0.946667 0.128667 0.106667
2 0.891 0.825333 0.127333 0.136
2 0.844333 0.687333 0.146 0.16
2 0.707667 0.702667 0.119333 0.137333
2 0.769333 0.828 0.124 0.130667
2 0.677 0.838 0.063333 0.074667
2 0.6026670000000001 0.843333 0.093333 0.122667
2 0.502667 0.858667 0.112 0.125333
2 0.398667 0.862667 0.104 0.128
2 0.500667 0.704667 0.158667 0.174667
2 0.366 0.746667 0.102667 0.165333
2 0.233333 0.750333 0.129333 0.183333
2 0.121 0.766333 0.112667 0.184667
0 0.912667 0.133 0.082667 0.095333
0 0.953 0.35 0.062 0.069333
0 0.490333 0.362333 0.074 0.062
0 0.720667 0.436 0.078667 0.065333
0 0.6739999999999999 0.504333 0.090667 0.078
2 0.47466699999999995 0.96 0.109333 0.08
2 0.5860000000000001 0.947333 0.14 0.105333
2 0.315333 0.844667 0.082667 0.074667
2 0.207333 0.948333 0.113333 0.103333
2 0.10699999999999998 0.958667 0.103333 0.082667
2 0.03700000000000003 0.775333 0.074 0.161333
0 0.30933299999999997 0.185333 0.066667 0.094667
0 0.245 0.208667 0.086 0.110667
