3 0.091 0.161667 0.124667 0.108667
3 0.207 0.16 0.082 0.089333
3 0.311667 0.110333 0.147333 0.147333
3 0.446667 0.124667 0.092 0.104
2 0.547333 0.102333 0.106667 0.143333
2 0.532 0.222 0.076 0.096
2 0.626333 0.195 0.118 0.155333
2 0.876333 0.092 0.156667 0.172
2 0.760667 0.184 0.161333 0.169333
2 0.821 0.283667 0.118 0.103333
3 0.943333 0.278 0.101333 0.092
2 0.687667 0.324667 0.084667 0.090667
2 0.593667 0.316333 0.106 0.084667
2 0.61 0.431667 0.129333 0.123333
3 0.490333 0.434 0.126 0.097333
2 0.463667 0.539333 0.151333 0.12
2 0.344333 0.564333 0.11 0.116667
2 0.223 0.583 0.139333 0.120667
2 0.113667 0.604333 0.115333 0.15
2 0.214 0.475667 0.126667 0.083333
2 0.929 0.384333 0.118 0.107333
2 0.911333 0.851667 0.126667 0.158
2 0.793 0.848 0.115333 0.132
2 0.685667 0.758 0.116667 0.129333
2 0.684667 0.889333 0.124 0.128
3 0.182 0.051333 0.096 0.101333
3 0.067667 0.061667 0.128667 0.122
2 0.647333 0.102 0.081333 0.072
0 0.395 0.292667 0.298 0.256
3 0.263667 0.378333 0.092667 0.078
3 0.216 0.280667 0.089333 0.097333
3 0.173 0.390667 0.028667 0.034667
3 0.105667 0.291 0.138 0.142
2 0.045667 0.643333 0.09 0.153333
0 0.359333 0.796667 0.538667 0.406667
3 0.129 0.731 0.067333 0.063333
2 0.061 0.864333 0.119333 0.271333
2 0.168 0.907333 0.101333 0.112
2 0.573333 0.957 0.096 0.086
3 0.663333 0.975667 0.072 0.048667
2 0.848667 0.948667 0.125333 0.102667
0 0.804 0.578667 0.388 0.390667
3 0.939667 0.707333 0.120667 0.130667
2 0.625 0.641 0.152667 0.116667
2 0.778333 0.394667 0.160667 0.145333
0 0.885333 0.215667 0.073333 0.068667
3 0.951 0.187667 0.068667 0.079333
