2 0.957667 0.124 0.072667 0.116
2 0.899 0.113667 0.11 0.118
2 0.786 0.129667 0.126667 0.119333
2 0.935667 0.223333 0.119333 0.085333
2 0.815667 0.221333 0.114 0.1
2 0.902667 0.320667 0.109333 0.106667
2 0.786 0.312 0.057333 0.068
2 0.716 0.320333 0.053333 0.043333
2 0.6493329999999999 0.290667 0.064 0.066667
2 0.680667 0.200333 0.142667 0.136667
2 0.606333 0.124 0.091333 0.122667
2 0.6910000000000001 0.397667 0.088667 0.114
2 0.775667 0.39 0.067333 0.062667
2 0.849333 0.392667 0.086667 0.078667
2 0.917333 0.494 0.066667 0.06
2 0.96 0.438667 0.065333 0.04
2 0.817333 0.486 0.122667 0.106667
2 0.7476670000000001 0.546667 0.122 0.129333
2 0.8506670000000001 0.657333 0.117333 0.130667
2 0.738667 0.662667 0.106667 0.097333
2 0.643 0.627667 0.079333 0.118
2 0.667333 0.747667 0.077333 0.103333
2 0.759 0.751667 0.096667 0.078
2 0.9083330000000001 0.779333 0.064667 0.066667
2 0.895 0.864333 0.114 0.103333
2 0.786 0.849 0.106667 0.139333
2 0.924333 0.944333 0.094 0.082
2 0.6819999999999999 0.848333 0.109333 0.104667
2 0.705667 0.944333 0.11 0.09
2 0.591 0.927667 0.114 0.118
2 0.593 0.825333 0.095333 0.08
1 0.5860000000000001 0.745667 0.090667 0.084667
2 0.546667 0.639333 0.105333 0.105333
2 0.591 0.54 0.155333 0.101333
2 0.6006670000000001 0.434333 0.116 0.104667
2 0.48266699999999996 0.115 0.089333 0.079333
2 0.5123329999999999 0.172 0.120667 0.090667
2 0.375 0.111667 0.09 0.083333
2 0.411667 0.204333 0.078 0.086
2 0.537667 0.270333 0.120667 0.11
2 0.458333 0.286667 0.071333 0.069333
2 0.33399999999999996 0.261667 0.084 0.078
2 0.405 0.346333 0.083333 0.080667
2 0.33266700000000005 0.354333 0.072 0.083333
2 0.512 0.44 0.064 0.070667
2 0.42133299999999996 0.442667 0.108 0.104
2 0.316333 0.445667 0.086 0.106
2 0.46966699999999995 0.534667 0.084667 0.096
2 0.449333 0.622 0.086667 0.093333
2 0.367 0.546667 0.116667 0.101333
2 0.23466699999999996 0.476667 0.098667 0.097333
1 0.252667 0.558333 0.101333 0.084667
1 0.07666700000000004 0.52 0.101333 0.097333
1 0.16433299999999995 0.527333 0.080667 0.096
2 0.05900000000000005 0.616333 0.094 0.102
1 0.14733300000000005 0.620333 0.098667 0.11
1 0.241 0.638 0.096667 0.110667
2 0.347 0.638333 0.120667 0.106
2 0.48466699999999996 0.724667 0.098667 0.109333
2 0.49566699999999997 0.814 0.082 0.097333
2 0.47366699999999995 0.924 0.107333 0.138667
2 0.39233300000000004 0.827333 0.108667 0.124
2 0.39033300000000004 0.917 0.076667 0.096667
2 0.29633299999999996 0.906667 0.108667 0.157333
2 0.18266700000000002 0.918 0.110667 0.132
2 0.10066699999999995 0.904 0.061333 0.093333
2 0.10833300000000001 0.818333 0.087333 0.091333
1 0.21099999999999997 0.806667 0.126 0.106667
2 0.29400000000000004 0.741333 0.1 0.114667
2 0.39833300000000005 0.725 0.079333 0.084667
1 0.20966700000000005 0.719 0.098 0.084667
2 0.10599999999999998 0.733 0.102667 0.118
1 0.206333 0.388333 0.088667 0.118
2 0.11266699999999996 0.415667 0.101333 0.124667
2 0.889667 0.049333 0.09 0.06
2 0.344333 0.171667 0.086 0.086
2 0.28533299999999995 0.150333 0.081333 0.116667
0 0.255 0.194333 0.038 0.040667
2 0.46599999999999997 0.358333 0.046667 0.055333
3 0.508667 0.374667 0.032 0.045333
2 0.591 0.364333 0.031333 0.038
0 0.921667 0.377667 0.054 0.07
0 0.903667 0.451667 0.028667 0.027333
0 0.948333 0.614 0.07 0.064
2 0.973333 0.893667 0.052 0.064667
2 0.955667 0.794667 0.087333 0.157333
2 0.825333 0.942 0.134667 0.116
2 0.04200000000000004 0.880333 0.084 0.139333
2 0.028333000000000053 0.799 0.056667 0.078
2 0.03533299999999995 0.704333 0.070667 0.083333
2 0.048667000000000016 0.383667 0.097333 0.164667
2 0.04166700000000001 0.220333 0.083333 0.100667
2 0.09399999999999997 0.202 0.1 0.117333
0 0.14833300000000005 0.263 0.051333 0.044667
0 0.18533299999999997 0.207667 0.088 0.082
2 0.22166699999999995 0.124667 0.07 0.065333
