2 0.47866699999999995 0.113 0.061333 0.075333
2 0.5409999999999999 0.145667 0.075333 0.076667
2 0.47066699999999995 0.194667 0.076 0.066667
3 0.47766699999999995 0.268333 0.074 0.083333
2 0.6679999999999999 0.172667 0.129333 0.113333
2 0.761667 0.268333 0.078 0.086
2 0.596333 0.265667 0.083333 0.083333
2 0.667 0.29 0.116667 0.124
2 0.04500000000000004 0.521333 0.083333 0.089333
2 0.28733299999999995 0.516333 0.106667 0.092667
2 0.285667 0.594 0.116667 0.073333
2 0.27633300000000005 0.667 0.098 0.083333
2 0.20266700000000004 0.658 0.070667 0.068
2 0.35966699999999996 0.705 0.135333 0.148667
2 0.252 0.727333 0.097333 0.101333
2 0.12866699999999998 0.834 0.125333 0.144
2 0.233333 0.844333 0.098667 0.072667
2 0.41833299999999995 0.830333 0.182 0.192667
2 0.511667 0.704333 0.147333 0.15
2 0.604333 0.911333 0.146 0.141333
2 0.698 0.797667 0.122667 0.127333
2 0.766 0.900667 0.136 0.136
2 0.863 0.921667 0.075333 0.082
2 0.851333 0.830333 0.148 0.092667
2 0.943667 0.728333 0.088667 0.119333
3 0.843 0.730333 0.104667 0.104667
2 0.44666700000000004 0.551 0.092 0.118
3 0.5333330000000001 0.559 0.085333 0.114
2 0.605333 0.522333 0.106667 0.116667
2 0.686667 0.525333 0.072 0.102667
2 0.6723330000000001 0.636667 0.092667 0.102667
2 0.757667 0.665667 0.080667 0.096667
2 0.854333 0.624 0.123333 0.110667
2 0.758667 0.577667 0.1 0.084667
2 0.832667 0.527 0.077333 0.080667
3 0.904333 0.493333 0.082 0.094667
2 0.9143330000000001 0.411667 0.088667 0.078
2 0.8140000000000001 0.353667 0.14 0.120667
3 0.819667 0.449 0.084667 0.075333
2 0.752667 0.501667 0.078667 0.078
2 0.744333 0.435667 0.051333 0.056667
2 0.677333 0.415667 0.1 0.114
2 0.5263329999999999 0.432333 0.104667 0.096667
2 0.518 0.36 0.057333 0.056
3 0.31466700000000003 0.100667 0.074667 0.066667
3 0.4 0.189333 0.068 0.066667
3 0.39233300000000004 0.100667 0.066 0.066667
3 0.393667 0.344 0.055333 0.06
2 0.485 0.036 0.066 0.070667
0 0.953333 0.033 0.08 0.064667
2 0.383 0.024667 0.054 0.046667
3 0.32199999999999995 0.046 0.048 0.045333
2 0.31100000000000005 0.183 0.038 0.040667
0 0.424667 0.251667 0.054667 0.072667
0 0.54 0.225667 0.08 0.084667
0 0.5513330000000001 0.323667 0.090667 0.100667
2 0.6679999999999999 0.356333 0.034667 0.036667
3 0.762667 0.744667 0.074667 0.06
2 0.953 0.842333 0.082 0.086
2 0.512 0.859667 0.085333 0.123333
2 0.400667 0.952667 0.116 0.094667
2 0.22299999999999998 0.938333 0.199333 0.123333
0 0.060667000000000026 0.875667 0.088 0.088667
0 0.06566700000000003 0.760667 0.112667 0.085333
2 0.18799999999999994 0.768333 0.118667 0.124667
2 0.28533299999999995 0.808333 0.093333 0.087333
2 0.06733299999999998 0.637 0.134667 0.156667
0 0.18000000000000005 0.594333 0.116 0.09
0 0.373 0.520333 0.064667 0.054
0 0.17033299999999996 0.500333 0.155333 0.15
0 0.07633299999999998 0.462 0.060667 0.053333
0 0.258667 0.437333 0.109333 0.108
0 0.362 0.440667 0.114667 0.122667
0 0.429667 0.430667 0.088667 0.113333
0 0.359 0.366333 0.055333 0.052667
3 0.30800000000000005 0.367333 0.041333 0.049333
0 0.16233299999999995 0.402 0.123333 0.092
0 0.21699999999999997 0.285667 0.224667 0.223333
0 0.08566700000000005 0.102333 0.160667 0.202
2 0.229333 0.068 0.076 0.076
