2 0.896 0.336333 0.109333 0.11
2 0.860667 0.784333 0.146667 0.15
2 0.851667 0.673667 0.135333 0.107333
2 0.852333 0.561 0.152667 0.126
2 0.8316669999999999 0.446333 0.114 0.116667
2 0.803333 0.330667 0.070667 0.076
2 0.7030000000000001 0.184667 0.140667 0.124
2 0.704333 0.368 0.123333 0.126667
2 0.724 0.479333 0.096 0.096
2 0.737333 0.563333 0.102667 0.094667
2 0.73 0.66 0.097333 0.101333
3 0.750333 0.762 0.059333 0.056
3 0.7336670000000001 0.861 0.068667 0.09
2 0.634333 0.873 0.13 0.124667
2 0.640667 0.746333 0.145333 0.152667
2 0.632333 0.625333 0.092667 0.098667
2 0.614 0.522333 0.132 0.151333
2 0.518667 0.330333 0.168 0.148667
3 0.517333 0.437 0.066667 0.055333
3 0.510667 0.575 0.072 0.078
2 0.510667 0.685333 0.105333 0.130667
2 0.47966699999999995 0.813333 0.179333 0.136
2 0.477 0.920667 0.184667 0.14
2 0.399667 0.74 0.094 0.101333
2 0.39033300000000004 0.565333 0.179333 0.201333
2 0.40033300000000005 0.439333 0.168667 0.164
2 0.305667 0.466 0.11 0.146667
2 0.39833300000000005 0.332667 0.127333 0.108
2 0.399667 0.247333 0.075333 0.078667
2 0.47966699999999995 0.199333 0.156667 0.136
2 0.45899999999999996 0.102667 0.15 0.142667
2 0.36366699999999996 0.078333 0.144667 0.142
2 0.30100000000000005 0.245333 0.119333 0.130667
2 0.24333300000000002 0.356 0.098667 0.1
2 0.24 0.623 0.092 0.083333
2 0.18400000000000005 0.743 0.265333 0.192667
2 0.118 0.386667 0.133333 0.141333
3 0.07666700000000004 0.558333 0.126667 0.128667
3 0.11966699999999997 0.175667 0.079333 0.099333
2 0.30100000000000005 0.245333 0.119333 0.130667
2 0.874 0.248667 0.088 0.065333
0 0.978 0.155 0.025333 0.023333
0 0.987667 0.100667 0.023333 0.021333
0 0.970667 0.379667 0.028 0.031333
0 0.9319999999999999 0.443 0.104 0.106
0 0.933667 0.550333 0.067333 0.094
3 0.942667 0.662333 0.081333 0.096667
2 0.596333 0.092 0.11 0.090667
0 0.619 0.271667 0.079333 0.082
0 0.742333 0.023667 0.035333 0.032667
3 0.619 0.422333 0.07 0.060667
2 0.275667 0.035333 0.092667 0.069333
0 0.19833299999999998 0.134333 0.054 0.055333
0 0.33499999999999996 0.154667 0.068667 0.050667
0 0.20666700000000005 0.197667 0.033333 0.027333
0 0.21499999999999997 0.229333 0.028667 0.030667
0 0.133 0.098 0.035333 0.036
0 0.07666700000000004 0.086 0.088 0.105333
0 0.04566700000000001 0.171667 0.084667 0.079333
2 0.04533299999999996 0.365333 0.044 0.052
2 0.05233299999999996 0.451333 0.104667 0.093333
0 0.16400000000000003 0.504333 0.070667 0.056667
0 0.20099999999999996 0.457667 0.060667 0.048667
0 0.11333300000000002 0.966 0.076 0.064
0 0.13733300000000004 0.906 0.074667 0.090667
0 0.442333 0.650333 0.052667 0.038
3 0.934667 0.925667 0.128 0.095333
2 0.952667 0.813 0.093333 0.147333
