2 0.609 0.30900000000000005 0.080667 0.07
3 0.729667 0.37066699999999997 0.080667 0.090667
2 0.825333 0.300667 0.161333 0.149333
2 0.709333 0.241 0.124 0.122
2 0.661 0.18000000000000005 0.120667 0.105333
2 0.785 0.16533299999999995 0.119333 0.137333
2 0.904333 0.15333300000000005 0.147333 0.161333
2 0.850333 0.05266700000000002 0.142 0.104
2 0.111333 0.712333 0.082667 0.066
0 0.168333 0.900333 0.083333 0.106
0 0.336667 0.833 0.292 0.292667
0 0.361 0.973667 0.078 0.051333
0 0.419333 0.947 0.050667 0.051333
0 0.494667 0.921667 0.070667 0.075333
0 0.406 0.529 0.44 0.33
0 0.292333 0.399 0.07 0.071333
0 0.495333 0.73 0.258667 0.286667
0 0.617333 0.897 0.06 0.067333
0 0.567 0.958 0.040667 0.044
0 0.541667 0.912667 0.046 0.064
0 0.582333 0.9143330000000001 0.058 0.096667
0 0.710333 0.762333 0.251333 0.29
3 0.633333 0.372 0.06 0.054667
0 0.939 0.274 0.059333 0.06
0 0.540667 0.13066699999999998 0.332 0.261333
0 0.213333 0.14800000000000002 0.392 0.296
