2 0.606 0.52 0.14 0.136
2 0.478 0.389667 0.137333 0.136667
2 0.48166699999999996 0.516 0.111333 0.122667
2 0.5573330000000001 0.721667 0.121333 0.111333
3 0.546 0.827 0.129333 0.108667
0 0.5433330000000001 0.936333 0.132 0.115333
0 0.42733299999999996 0.611667 0.097333 0.078
0 0.44399999999999995 0.683333 0.1 0.081333
2 0.43766700000000003 0.779 0.092667 0.11
3 0.426667 0.929333 0.114667 0.129333
2 0.34666699999999995 0.377333 0.133333 0.130667
2 0.376667 0.514667 0.098667 0.133333
2 0.27333300000000005 0.508333 0.122667 0.146
2 0.21966699999999995 0.639667 0.104667 0.096667
3 0.30600000000000005 0.763333 0.14 0.108
3 0.294667 0.839667 0.093333 0.052667
2 0.208333 0.909 0.151333 0.144667
2 0.14033300000000004 0.829333 0.146 0.137333
2 0.151667 0.345667 0.159333 0.151333
3 0.253 0.391 0.074 0.080667
3 0.144667 0.485333 0.173333 0.138667
2 0.09399999999999997 0.667 0.158667 0.143333
0 0.896667 0.515667 0.092 0.087333
0 0.948333 0.711333 0.102 0.110667
0 0.965667 0.536 0.067333 0.138667
0 0.8486670000000001 0.657333 0.097333 0.121333
0 0.760667 0.619 0.130667 0.115333
0 0.30300000000000005 0.676667 0.086 0.08
2 0.127 0.571667 0.080667 0.067333
2 0.04966700000000002 0.568667 0.099333 0.141333
2 0.04500000000000004 0.334333 0.09 0.120667
2 0.08099999999999996 0.763667 0.106 0.071333
2 0.02533300000000005 0.846667 0.050667 0.068
2 0.06933299999999998 0.936 0.118667 0.101333
2 0.33566700000000005 0.892 0.083333 0.085333
0 0.863 0.834333 0.07 0.063333
0 0.98 0.901667 0.034667 0.031333
