2 0.924667 0.155 0.144 0.15
2 0.919 0.061333 0.108667 0.104
2 0.926 0.264 0.146667 0.117333
2 0.897667 0.637667 0.11 0.118
2 0.913 0.784 0.148667 0.146667
2 0.822333 0.850667 0.146 0.128
2 0.7106669999999999 0.894333 0.141333 0.140667
2 0.808667 0.752 0.093333 0.102667
2 0.711333 0.769 0.109333 0.116667
2 0.7933330000000001 0.626333 0.154667 0.151333
2 0.750333 0.503333 0.126 0.1
2 0.8356669999999999 0.345333 0.13 0.172
2 0.7336670000000001 0.409 0.115333 0.108667
2 0.726 0.296667 0.161333 0.122667
2 0.6990000000000001 0.166 0.156667 0.166667
2 0.833 0.151333 0.103333 0.145333
2 0.7913330000000001 0.066 0.130667 0.12
2 0.675333 0.641 0.118667 0.175333
2 0.609333 0.773667 0.102667 0.107333
2 0.578667 0.669667 0.094667 0.118
2 0.579 0.553 0.086 0.079333
2 0.638333 0.482667 0.088667 0.094667
2 0.595667 0.353333 0.147333 0.174667
2 0.5553330000000001 0.430333 0.074667 0.087333
1 0.602333 0.152 0.103333 0.144
2 0.514667 0.101667 0.097333 0.120667
2 0.5043329999999999 0.209667 0.126 0.123333
2 0.508667 0.516 0.154667 0.141333
2 0.503 0.635 0.140667 0.115333
2 0.498 0.736667 0.130667 0.102667
2 0.542667 0.850667 0.161333 0.128
1 0.417667 0.926667 0.142 0.134667
2 0.40733299999999995 0.805 0.142667 0.144667
2 0.381667 0.594 0.160667 0.186667
2 0.37933300000000003 0.103333 0.190667 0.172
2 0.393 0.203 0.083333 0.079333
2 0.41533299999999995 0.309 0.170667 0.178
2 0.30233299999999996 0.296 0.127333 0.176
2 0.277667 0.779 0.116667 0.143333
2 0.27733300000000005 0.916667 0.186667 0.162667
2 0.091333 0.902 0.169333 0.177333
2 0.17133299999999996 0.806 0.132 0.164
2 0.23833300000000002 0.652 0.188667 0.156
3 0.22166699999999995 0.452667 0.178 0.206667
2 0.19199999999999995 0.320333 0.098667 0.116667
2 0.17233299999999996 0.182667 0.212667 0.169333
2 0.07733299999999999 0.458333 0.146667 0.195333
0 0.834667 0.486333 0.072 0.075333
2 0.925667 0.563667 0.147333 0.102
2 0.927333 0.478333 0.144 0.139333
2 0.937 0.371 0.124667 0.152667
2 0.621 0.253667 0.088667 0.079333
2 0.594333 0.042333 0.095333 0.083333
0 0.517 0.032 0.079333 0.061333
0 0.538 0.327 0.070667 0.071333
2 0.43999999999999995 0.428333 0.150667 0.124667
0 0.319333 0.539 0.038667 0.060667
0 0.26533300000000004 0.558 0.078667 0.089333
0 0.141667 0.060333 0.094 0.103333
2 0.07399999999999995 0.312667 0.148 0.185333
2 0.05666700000000002 0.087 0.113333 0.164667
0 0.13933300000000004 0.577333 0.086667 0.076
2 0.050000000000000044 0.608 0.1 0.125333
0 0.18466700000000003 0.928667 0.058667 0.052
0 0.11433300000000002 0.762 0.059333 0.049333
0 0.14100000000000001 0.695333 0.051333 0.058667
2 0.387 0.705667 0.096667 0.056667
2 0.556 0.952333 0.165333 0.095333
2 0.937333 0.914 0.124 0.146667
2 0.946333 0.664 0.106 0.125333
