2 0.872 0.085333 0.137333 0.105333
3 0.883333 0.175333 0.137333 0.097333
3 0.8416669999999999 0.252667 0.098 0.073333
3 0.749333 0.249 0.086667 0.083333
2 0.685333 0.224333 0.046667 0.05
3 0.702 0.308667 0.102667 0.086667
3 0.788333 0.327 0.088667 0.080667
2 0.871 0.327667 0.082 0.082
2 0.932667 0.361333 0.097333 0.069333
2 0.9013329999999999 0.442667 0.098667 0.090667
3 0.824333 0.402333 0.096667 0.076667
3 0.753333 0.402333 0.058667 0.084667
2 0.691667 0.411333 0.079333 0.105333
2 0.625 0.385667 0.074 0.115333
2 0.5493330000000001 0.346333 0.069333 0.086
3 0.808333 0.484333 0.092667 0.09
2 0.7050000000000001 0.526 0.114 0.089333
3 0.646 0.574 0.070667 0.097333
2 0.7276670000000001 0.610667 0.087333 0.073333
2 0.809667 0.622 0.092667 0.096
2 0.8009999999999999 0.548 0.039333 0.038667
2 0.866 0.578333 0.064 0.119333
2 0.906333 0.613667 0.072667 0.051333
3 0.884 0.655333 0.08 0.06
2 0.907 0.744 0.123333 0.109333
3 0.865333 0.831667 0.106667 0.115333
2 0.8140000000000001 0.726 0.106667 0.093333
2 0.764667 0.815 0.108 0.107333
3 0.769 0.911667 0.119333 0.086
3 0.659 0.783 0.106 0.115333
2 0.711333 0.697667 0.101333 0.106
3 0.606333 0.673333 0.108667 0.096
3 0.47566699999999995 0.240667 0.134 0.102667
2 0.607667 0.259333 0.114 0.101333
2 0.699667 0.129 0.084667 0.084667
2 0.599 0.107333 0.119333 0.097333
2 0.618333 0.182333 0.118 0.047333
2 0.393 0.134667 0.098 0.101333
2 0.30200000000000005 0.117 0.102667 0.086
2 0.11933300000000002 0.083333 0.073333 0.101333
2 0.048667000000000016 0.083667 0.065333 0.091333
2 0.12633300000000003 0.179667 0.112667 0.088667
3 0.333333 0.212333 0.109333 0.092667
3 0.22099999999999997 0.224 0.11 0.130667
3 0.08866700000000005 0.267 0.093333 0.096667
3 0.14500000000000002 0.304667 0.088667 0.092
3 0.21799999999999997 0.345667 0.081333 0.09
3 0.17333299999999996 0.399333 0.098667 0.1
3 0.28700000000000003 0.361667 0.083333 0.111333
3 0.293667 0.276667 0.086 0.061333
2 0.43133299999999997 0.315667 0.1 0.072667
2 0.35766699999999996 0.36 0.080667 0.089333
3 0.45566700000000004 0.385 0.11 0.083333
3 0.47766699999999995 0.462 0.079333 0.096
2 0.386 0.444 0.106667 0.090667
2 0.5533330000000001 0.477667 0.074667 0.084667
2 0.519333 0.545667 0.070667 0.059333
2 0.45566700000000004 0.528 0.059333 0.072
2 0.381667 0.509333 0.087333 0.073333
3 0.400667 0.595667 0.082667 0.074
2 0.30133299999999996 0.564333 0.109333 0.111333
3 0.33166700000000005 0.676667 0.115333 0.102667
3 0.42900000000000005 0.686667 0.076667 0.105333
3 0.51 0.683 0.098667 0.146
3 0.5449999999999999 0.819667 0.088667 0.124667
3 0.5549999999999999 0.918 0.116667 0.101333
3 0.456333 0.888667 0.088667 0.096
3 0.47566699999999995 0.801 0.058 0.092667
3 0.405 0.794667 0.080667 0.105333
3 0.335333 0.760333 0.069333 0.078
3 0.333333 0.842333 0.129333 0.086
2 0.37733300000000003 0.935667 0.069333 0.118
3 0.293667 0.919 0.096667 0.112667
2 0.207333 0.749 0.130667 0.139333
3 0.170667 0.608667 0.126667 0.128
3 0.089333 0.688333 0.069333 0.084667
0 0.14500000000000002 0.710667 0.047333 0.068
3 0.094333 0.765 0.095333 0.09
3 0.11366699999999996 0.855333 0.123333 0.104
3 0.06333299999999997 0.924 0.097333 0.074667
2 0.904 0.035333 0.081333 0.068
2 0.971 0.095 0.055333 0.063333
3 0.7663329999999999 0.095333 0.079333 0.086667
0 0.665 0.047 0.059333 0.082
0 0.718667 0.022333 0.072 0.043333
0 0.574333 0.057 0.088667 0.083333
0 0.514667 0.076333 0.057333 0.078
0 0.762 0.179333 0.061333 0.084
2 0.941667 0.196667 0.115333 0.152
3 0.956 0.294333 0.085333 0.103333
0 0.460333 0.138 0.07 0.088
0 0.511667 0.174 0.052667 0.052
2 0.947 0.474667 0.104667 0.105333
2 0.942667 0.562 0.112 0.125333
2 0.5796669999999999 0.557667 0.043333 0.035333
2 0.945667 0.858333 0.064667 0.09
0 0.8526670000000001 0.931 0.072 0.096667
0 0.634333 0.901 0.058 0.058
0 0.608333 0.846333 0.056667 0.062
3 0.031000000000000028 0.833667 0.062 0.091333
2 0.05133299999999996 0.658333 0.098667 0.087333
0 0.264667 0.701667 0.050667 0.05
0 0.270667 0.644 0.046667 0.054667
0 0.243 0.66 0.039333 0.048
0 0.239 0.505667 0.072667 0.059333
0 0.22099999999999997 0.465333 0.042 0.04
3 0.030333000000000054 0.236 0.047333 0.054667
2 0.20499999999999996 0.140667 0.047333 0.058667
2 0.19366700000000003 0.071 0.132667 0.140667
2 0.34466699999999995 0.041667 0.057333 0.07
2 0.41533299999999995 0.043667 0.094667 0.086
