2 0.9319999999999999 0.246333 0.098667 0.111333
2 0.814333 0.083333 0.156667 0.157333
2 0.6699999999999999 0.069333 0.132 0.126667
2 0.730667 0.225 0.093333 0.143333
2 0.611333 0.194 0.142667 0.161333
2 0.644 0.319667 0.161333 0.118
2 0.644 0.421667 0.1 0.094
2 0.875333 0.344333 0.148 0.120667
2 0.863333 0.471333 0.136 0.133333
2 0.756667 0.430667 0.122667 0.134667
2 0.866 0.748667 0.102667 0.109333
2 0.739333 0.698 0.185333 0.173333
2 0.729333 0.826333 0.162667 0.126
2 0.614 0.890333 0.173333 0.179333
2 0.637667 0.505333 0.076667 0.065333
2 0.6293329999999999 0.568 0.134667 0.070667
2 0.627 0.659667 0.148667 0.152667
2 0.556 0.398667 0.076 0.081333
2 0.512 0.478667 0.122667 0.1
2 0.511333 0.673 0.14 0.196667
2 0.41133299999999995 0.663333 0.093333 0.144
2 0.48566699999999996 0.825667 0.136667 0.111333
2 0.478333 0.920333 0.120667 0.108667
2 0.414667 0.874333 0.069333 0.088667
2 0.40800000000000003 0.776333 0.08 0.095333
2 0.32166700000000004 0.918 0.147333 0.137333
2 0.31766700000000003 0.792333 0.106 0.139333
2 0.31299999999999994 0.696 0.09 0.070667
2 0.23966699999999996 0.760667 0.088667 0.094667
2 0.19099999999999995 0.834333 0.114 0.147333
2 0.08099999999999996 0.819333 0.120667 0.14
2 0.16200000000000003 0.662 0.174667 0.136
2 0.222333 0.534667 0.076667 0.088
2 0.12666699999999997 0.543 0.124 0.112667
2 0.123 0.421 0.15 0.120667
2 0.33766700000000005 0.476333 0.148667 0.146
2 0.42400000000000004 0.371333 0.204 0.197333
2 0.448333 0.172333 0.178 0.184667
2 0.41900000000000004 0.05 0.083333 0.076
2 0.314333 0.062667 0.112667 0.106667
2 0.28933299999999995 0.188 0.157333 0.161333
2 0.209333 0.206333 0.113333 0.136667
2 0.236 0.336 0.130667 0.134667
2 0.08999999999999997 0.220667 0.122667 0.132
2 0.10533300000000001 0.319667 0.128 0.11
0 0.945333 0.14 0.094667 0.108
0 0.884667 0.149333 0.061333 0.076
2 0.961 0.479667 0.076667 0.095333
2 0.961667 0.355667 0.075333 0.147333
2 0.942333 0.559667 0.066 0.072667
2 0.933667 0.625 0.13 0.107333
2 0.8446670000000001 0.644 0.066667 0.066667
0 0.804333 0.575333 0.068667 0.062667
2 0.822333 0.23 0.135333 0.153333
0 0.21099999999999997 0.066333 0.13 0.131333
2 0.07366700000000004 0.118333 0.147333 0.132667
3 0.047667000000000015 0.448333 0.092667 0.084667
2 0.141667 0.943333 0.228667 0.113333
2 0.746 0.597667 0.104 0.088667
3 0.847 0.843333 0.062 0.052
2 0.942 0.840333 0.104 0.083333
2 0.925 0.931333 0.148667 0.137333
