2 0.848 0.080333 0.122667 0.148667
3 0.09166700000000005 0.068 0.118 0.132
3 0.096333 0.185 0.114 0.122
3 0.19166700000000003 0.196 0.087333 0.094667
3 0.300667 0.198667 0.122667 0.133333
2 0.407667 0.229 0.119333 0.126
2 0.766 0.265667 0.072 0.086
2 0.788333 0.356 0.075333 0.08
3 0.707667 0.337 0.086 0.087333
3 0.5223329999999999 0.237333 0.054 0.06
3 0.925 0.560667 0.120667 0.109333
3 0.18200000000000005 0.301 0.104 0.115333
2 0.27433300000000005 0.386667 0.116667 0.092
2 0.29100000000000004 0.493667 0.106 0.116667
2 0.19666700000000004 0.483 0.1 0.123333
2 0.10466699999999995 0.458667 0.094667 0.146667
2 0.257667 0.631667 0.119333 0.131333
2 0.15000000000000002 0.815667 0.093333 0.103333
3 0.309667 0.84 0.076667 0.093333
2 0.43866700000000003 0.848333 0.165333 0.184667
3 0.657333 0.711333 0.112 0.092
3 0.889 0.745333 0.102 0.113333
3 0.345 0.944667 0.103333 0.110667
3 0.956 0.094 0.086667 0.096
3 0.611 0.029 0.075333 0.056667
3 0.5329999999999999 0.037 0.047333 0.060667
1 0.686667 0.199667 0.049333 0.048667
2 0.961667 0.284333 0.059333 0.055333
2 0.846333 0.283 0.035333 0.039333
0 0.638333 0.316333 0.091333 0.11
0 0.492 0.346 0.146667 0.152
0 0.49266699999999997 0.471667 0.146667 0.128667
0 0.40733299999999995 0.531667 0.041333 0.051333
0 0.665667 0.46 0.111333 0.137333
2 0.920667 0.460667 0.066667 0.053333
2 0.836333 0.543333 0.048667 0.050667
0 0.584333 0.554 0.047333 0.057333
0 0.401667 0.582 0.071333 0.050667
0 0.94 0.831 0.092 0.100667
0 0.891 0.897667 0.062 0.066
0 0.940333 0.952667 0.060667 0.065333
2 0.548333 0.941 0.118 0.118
2 0.527333 0.859667 0.049333 0.068667
0 0.28433299999999995 0.967333 0.039333 0.056
2 0.132 0.942 0.084 0.084
2 0.05300000000000005 0.615 0.106 0.156667
0 0.141667 0.570333 0.035333 0.044667
2 0.026666999999999996 0.459667 0.053333 0.100667
0 0.18933299999999997 0.4 0.053333 0.050667
0 0.39033300000000004 0.146667 0.071333 0.064
0 0.337333 0.108333 0.045333 0.059333
