2 0.208333 0.944 0.104667 0.093333
2 0.076333 0.946667 0.128667 0.106667
2 0.109 0.825333 0.127333 0.136
2 0.155667 0.687333 0.146 0.16
2 0.292333 0.702667 0.119333 0.137333
2 0.230667 0.828 0.124 0.130667
2 0.323 0.838 0.063333 0.074667
2 0.397333 0.843333 0.093333 0.122667
2 0.497333 0.858667 0.112 0.125333
2 0.601333 0.862667 0.104 0.128
2 0.499333 0.704667 0.158667 0.174667
2 0.634 0.746667 0.102667 0.165333
2 0.766667 0.750333 0.129333 0.183333
2 0.879 0.766333 0.112667 0.184667
0 0.087333 0.133 0.082667 0.095333
0 0.047 0.35 0.062 0.069333
0 0.509667 0.362333 0.074 0.062
0 0.279333 0.436 0.078667 0.065333
0 0.326 0.504333 0.090667 0.078
2 0.525333 0.96 0.109333 0.08
2 0.414 0.947333 0.14 0.105333
2 0.684667 0.844667 0.082667 0.074667
2 0.792667 0.948333 0.113333 0.103333
2 0.893 0.958667 0.103333 0.082667
2 0.963 0.775333 0.074 0.161333
0 0.690667 0.185333 0.066667 0.094667
0 0.755 0.208667 0.086 0.110667
