2 0.901667 0.138333 0.128667 0.142
2 0.9143330000000001 0.270667 0.120667 0.14
2 0.901 0.464667 0.083333 0.086667
2 0.803333 0.481333 0.134667 0.12
2 0.8446670000000001 0.594667 0.168 0.134667
2 0.928 0.692333 0.098667 0.091333
2 0.894 0.767333 0.158667 0.161333
2 0.764667 0.752667 0.136 0.14
2 0.804667 0.901 0.226667 0.171333
3 0.626667 0.469 0.114667 0.116667
2 0.537667 0.461 0.09 0.107333
2 0.448333 0.453 0.111333 0.118
0 0.531 0.374667 0.084667 0.066667
3 0.438333 0.360333 0.078 0.088667
2 0.359333 0.368333 0.084 0.082
2 0.358 0.465333 0.074667 0.101333
2 0.26433300000000004 0.444333 0.126 0.148667
3 0.10799999999999998 0.458333 0.105333 0.102
2 0.11833300000000002 0.308333 0.135333 0.087333
3 0.094333 0.378667 0.102 0.058667
3 0.17966700000000002 0.440333 0.054 0.138
2 0.213333 0.576333 0.136 0.115333
2 0.08166700000000005 0.587667 0.116667 0.112667
2 0.07799999999999996 0.694 0.129333 0.130667
2 0.058667000000000025 0.860333 0.093333 0.124667
2 0.149667 0.837667 0.086 0.120667
2 0.23633300000000002 0.866 0.120667 0.172
2 0.18700000000000006 0.688667 0.094 0.132
2 0.289667 0.657 0.116667 0.138
3 0.29400000000000004 0.761333 0.102667 0.098667
2 0.348333 0.878 0.119333 0.134667
2 0.394667 0.763333 0.093333 0.1
2 0.403 0.677 0.104667 0.075333
2 0.39833300000000005 0.573 0.142 0.127333
2 0.697667 0.584 0.146 0.18
2 0.6086670000000001 0.573667 0.085333 0.118
2 0.521333 0.571667 0.106667 0.119333
2 0.527667 0.682667 0.152667 0.092
2 0.46966699999999995 0.878667 0.128667 0.133333
3 0.606333 0.767333 0.086 0.086667
2 0.51 0.772 0.118667 0.101333
2 0.634333 0.875667 0.175333 0.144667
2 0.784333 0.15 0.127333 0.142667
2 0.794 0.254 0.102667 0.104
2 0.810333 0.354333 0.115333 0.126
3 0.716333 0.368667 0.096667 0.105333
2 0.717667 0.258333 0.075333 0.118
2 0.630667 0.061667 0.065333 0.091333
2 0.6643330000000001 0.148667 0.115333 0.098667
2 0.638667 0.302333 0.102667 0.183333
2 0.564333 0.166 0.09 0.094667
2 0.41300000000000003 0.075667 0.118 0.139333
2 0.31200000000000006 0.085333 0.092 0.125333
2 0.46366700000000005 0.202 0.119333 0.169333
2 0.537667 0.275667 0.123333 0.13
2 0.36366699999999996 0.208667 0.086 0.134667
2 0.274 0.195667 0.101333 0.120667
2 0.27 0.309 0.134667 0.116667
2 0.18366700000000002 0.206333 0.087333 0.116667
2 0.14033300000000004 0.095667 0.120667 0.120667
2 0.09199999999999997 0.199333 0.112 0.116
2 0.7436670000000001 0.069333 0.162 0.137333
2 0.531667 0.064 0.132667 0.126667
2 0.385 0.311333 0.052667 0.06
0 0.039000000000000035 0.323 0.059333 0.067333
2 0.039000000000000035 0.475667 0.078 0.112667
2 0.08466700000000005 0.948 0.125333 0.104
3 0.17300000000000004 0.949 0.108667 0.102
2 0.39 0.960333 0.109333 0.079333
2 0.494333 0.962333 0.091333 0.075333
0 0.652333 0.691 0.076667 0.072667
