2 0.913 0.218667 0.143333 0.156
2 0.886667 0.122667 0.101333 0.102667
2 0.81 0.215333 0.106667 0.148
2 0.7070000000000001 0.166 0.179333 0.182667
2 0.606 0.201333 0.109333 0.129333
2 0.723 0.313333 0.144667 0.156
2 0.846 0.427 0.193333 0.158
2 0.865 0.569 0.160667 0.152667
2 0.89 0.687 0.172 0.142
2 0.837333 0.800667 0.130667 0.122667
2 0.937 0.82 0.124667 0.146667
2 0.7743329999999999 0.933333 0.147333 0.132
2 0.734333 0.814333 0.152667 0.120667
2 0.639 0.739667 0.11 0.127333
2 0.732333 0.700667 0.115333 0.108
2 0.683 0.617667 0.163333 0.083333
3 0.775333 0.559 0.070667 0.086
2 0.7010000000000001 0.507667 0.132667 0.144667
2 0.656667 0.407333 0.1 0.1
2 0.575333 0.329667 0.154667 0.147333
2 0.5876669999999999 0.458333 0.154 0.107333
2 0.562667 0.569333 0.176 0.124
1 0.504 0.661667 0.169333 0.152667
2 0.5183329999999999 0.776667 0.182 0.165333
1 0.40800000000000003 0.732 0.125333 0.181333
2 0.31966700000000003 0.887 0.182 0.142
2 0.31133299999999997 0.741667 0.137333 0.187333
2 0.20166700000000004 0.707 0.140667 0.138
2 0.16133299999999995 0.811667 0.168 0.142
1 0.18433299999999997 0.918667 0.124667 0.102667
2 0.28800000000000003 0.582667 0.165333 0.125333
2 0.138 0.548 0.162667 0.144
2 0.35866699999999996 0.434667 0.121333 0.162667
2 0.46666700000000005 0.447 0.098667 0.146
2 0.427667 0.309667 0.15 0.171333
2 0.41700000000000004 0.206 0.120667 0.102667
2 0.38 0.121667 0.136 0.124667
2 0.26 0.088667 0.170667 0.170667
2 0.23733300000000002 0.270667 0.197333 0.16
2 0.09766699999999995 0.201 0.148667 0.180667
2 0.11866699999999997 0.343 0.132 0.112667
1 0.128 0.442333 0.137333 0.103333
2 0.04533299999999996 0.447333 0.077333 0.098667
2 0.08299999999999996 0.662667 0.142 0.132
2 0.23833300000000002 0.444667 0.119333 0.168
0 0.939333 0.309333 0.108 0.088
0 0.42433299999999996 0.559333 0.078 0.076
0 0.39033300000000004 0.039 0.067333 0.066
0 0.322333 0.295333 0.094 0.1
2 0.19999999999999996 0.162667 0.110667 0.068
2 0.040000000000000036 0.884667 0.08 0.093333
2 0.5449999999999999 0.922 0.176667 0.156
1 0.6583330000000001 0.930667 0.135333 0.138667
