2 0.254667 0.13266699999999998 0.144 0.156
2 0.358667 0.13466699999999998 0.097333 0.118667
2 0.471667 0.143667 0.120667 0.139333
2 0.574667 0.05833299999999997 0.118667 0.112667
2 0.861 0.375 0.123333 0.138
2 0.952333 0.34299999999999997 0.092667 0.135333
2 0.920333 0.21466700000000005 0.084667 0.066667
2 0.152 0.20199999999999996 0.061333 0.056
2 0.167667 0.364333 0.138 0.116667
2 0.281667 0.39033300000000004 0.135333 0.112667
2 0.393667 0.42200000000000004 0.088667 0.101333
2 0.499 0.436667 0.127333 0.144
2 0.125333 0.46166700000000005 0.141333 0.114
2 0.074 0.536 0.128 0.106667
2 0.172 0.586333 0.112 0.112667
2 0.252667 0.49666699999999997 0.126667 0.1
2 0.098333 0.875333 0.128667 0.166667
1 0.177333 0.791 0.126667 0.127333
2 0.239 0.7026669999999999 0.186 0.132
2 0.288667 0.6 0.145333 0.157333
1 0.427 0.534 0.111333 0.1
2 0.397667 0.639667 0.122 0.119333
2 0.343667 0.928333 0.111333 0.124667
2 0.496 0.866667 0.172 0.173333
2 0.63 0.889333 0.096 0.094667
2 0.512333 0.717333 0.140667 0.164
2 0.545333 0.5916669999999999 0.126667 0.115333
2 0.63 0.782 0.101333 0.126667
2 0.213667 0.895 0.128667 0.15
2 0.685667 0.612 0.156667 0.164
2 0.617 0.7 0.083333 0.090667
2 0.712667 0.754667 0.1 0.128
2 0.808 0.773 0.101333 0.139333
2 0.803333 0.656667 0.108 0.098667
2 0.857333 0.5636669999999999 0.102667 0.120667
2 0.914333 0.671667 0.116667 0.108667
2 0.894 0.779 0.090667 0.120667
2 0.942 0.854333 0.1 0.11
2 0.066667 0.650333 0.132 0.178
2 0.053333 0.363 0.105333 0.126
0 0.35 0.8416669999999999 0.112 0.103333
0 0.431333 0.828667 0.082667 0.084
0 0.418667 0.743 0.106667 0.095333
2 0.435333 0.947333 0.137333 0.104
0 0.723667 0.862667 0.071333 0.081333
0 0.789667 0.876 0.079333 0.101333
2 0.961667 0.757 0.076667 0.099333
2 0.743667 0.45699999999999996 0.058 0.039333
0 0.974 0.42133299999999996 0.052 0.06
0 0.961 0.25633300000000003 0.05 0.047333
0 0.851 0.12066699999999997 0.044667 0.036
3 0.897 0.04266700000000001 0.112667 0.085333
0 0.563333 0.266667 0.114667 0.094667
2 0.468333 0.03700000000000003 0.103333 0.074
3 0.353333 0.03866700000000001 0.069333 0.050667
0 0.356 0.27033300000000005 0.042667 0.044667
0 0.307 0.288667 0.056667 0.070667
2 0.389333 0.358 0.034667 0.038667
0 0.211667 0.263667 0.15 0.112667
0 0.229667 0.04600000000000004 0.059333 0.053333
0 0.301333 0.21299999999999997 0.062667 0.054
0 0.132667 0.16133299999999995 0.082667 0.066667
2 0.053667 0.08533299999999999 0.106 0.153333
