2 0.891667 0.917667 0.140667 0.139333
2 0.95 0.857667 0.085333 0.080667
2 0.923667 0.755667 0.140667 0.146
2 0.773667 0.897 0.11 0.114
2 0.8160000000000001 0.78 0.074667 0.066667
2 0.805333 0.5856669999999999 0.098667 0.111333
2 0.6583330000000001 0.613333 0.184667 0.166667
2 0.659 0.873667 0.111333 0.112667
2 0.7376670000000001 0.8260000000000001 0.09 0.069333
2 0.531667 0.826333 0.195333 0.188667
2 0.342333 0.931 0.094 0.118
2 0.44199999999999995 0.935 0.1 0.120667
2 0.263 0.5529999999999999 0.111333 0.115333
3 0.366 0.519 0.102667 0.096667
2 0.42100000000000004 0.45399999999999996 0.11 0.097333
2 0.358333 0.40933299999999995 0.082 0.077333
2 0.5389999999999999 0.374 0.123333 0.129333
2 0.5333330000000001 0.25233300000000003 0.165333 0.116667
2 0.28333299999999995 0.45999999999999996 0.112 0.085333
3 0.18266700000000002 0.48566699999999996 0.1 0.088667
3 0.18200000000000005 0.413667 0.093333 0.075333
3 0.11733300000000002 0.381667 0.072 0.088667
3 0.06166700000000003 0.33199999999999996 0.114 0.104
3 0.06033299999999997 0.233333 0.096667 0.098667
3 0.16533299999999995 0.262 0.109333 0.108
3 0.19733299999999998 0.341333 0.062667 0.053333
3 0.28133300000000006 0.373333 0.069333 0.069333
2 0.382667 0.33166700000000005 0.138667 0.088667
3 0.374333 0.251667 0.158 0.098
3 0.34166700000000005 0.164667 0.138 0.105333
3 0.25 0.10999999999999999 0.101333 0.096
3 0.25 0.21366700000000005 0.078667 0.075333
3 0.16933299999999996 0.16000000000000003 0.088 0.098667
3 0.26433300000000004 0.293667 0.086 0.082
0 0.812 0.69 0.118667 0.121333
0 0.7216670000000001 0.737 0.124667 0.139333
0 0.579333 0.739 0.108 0.123333
0 0.43966700000000003 0.768 0.114 0.148
0 0.34666699999999995 0.818333 0.098667 0.087333
0 0.26433300000000004 0.92 0.083333 0.076
0 0.5063329999999999 0.5373330000000001 0.106 0.116
0 0.6066670000000001 0.454333 0.086667 0.122
0 0.46266700000000005 0.390667 0.064 0.076
0 0.454333 0.14500000000000002 0.082 0.082
0 0.388667 0.09099999999999997 0.074667 0.078
0 0.11633300000000002 0.642333 0.040667 0.040667
0 0.11599999999999999 0.668667 0.036 0.026667
1 0.11333300000000002 0.933 0.042667 0.047333
1 0.026000000000000023 0.986333 0.042667 0.026
