2 0.072 0.802 0.132 0.1
2 0.091667 0.7 0.148667 0.109333
2 0.079667 0.613 0.058 0.042
2 0.053 0.517333 0.086 0.084
2 0.056 0.422667 0.110667 0.1
2 0.144 0.401 0.076 0.083333
2 0.165667 0.5860000000000001 0.078 0.096
1 0.121 0.31466700000000003 0.111333 0.097333
2 0.112 0.17833299999999996 0.165333 0.147333
2 0.227333 0.351333 0.101333 0.134667
2 0.317 0.358333 0.080667 0.076667
2 0.320333 0.254 0.09 0.068
2 0.306667 0.164667 0.170667 0.156
2 0.276 0.05900000000000005 0.162667 0.099333
2 0.481 0.273 0.080667 0.127333
2 0.509333 0.5489999999999999 0.073333 0.080667
2 0.491333 0.654 0.093333 0.090667
2 0.497667 0.755333 0.086 0.096
2 0.505 0.859 0.082 0.103333
2 0.423333 0.820333 0.078667 0.119333
2 0.422 0.722333 0.076 0.076667
2 0.412333 0.6333329999999999 0.09 0.088
2 0.421333 0.529667 0.094667 0.108667
2 0.351 0.522667 0.051333 0.069333
2 0.304667 0.474333 0.097333 0.075333
2 0.263 0.529667 0.088667 0.078
2 0.258667 0.627667 0.086667 0.074
2 0.339333 0.595667 0.062667 0.059333
2 0.337667 0.696 0.088667 0.098667
2 0.261333 0.7006669999999999 0.061333 0.066667
2 0.236667 0.819333 0.074667 0.068
2 0.363333 0.921 0.101333 0.120667
2 0.331667 0.815667 0.11 0.083333
2 0.278667 0.884 0.062667 0.065333
2 0.588333 0.773667 0.087333 0.115333
2 0.668333 0.858333 0.119333 0.135333
2 0.869667 0.923333 0.111333 0.137333
2 0.781 0.781 0.106 0.116667
2 0.882333 0.838667 0.103333 0.093333
2 0.89 0.748667 0.14 0.109333
2 0.793667 0.681333 0.116667 0.102667
2 0.671333 0.679667 0.128 0.116667
2 0.574 0.656333 0.084 0.091333
2 0.584667 0.563333 0.070667 0.072
2 0.596333 0.46799999999999997 0.080667 0.078667
2 0.694 0.488 0.106667 0.072
2 0.684333 0.5776669999999999 0.115333 0.115333
2 0.806 0.573 0.12 0.119333
2 0.914333 0.568667 0.106 0.097333
2 0.908667 0.6603330000000001 0.097333 0.096667
2 0.904 0.474 0.134667 0.097333
2 0.79 0.48466699999999996 0.085333 0.068
2 0.684333 0.40133300000000005 0.148667 0.098667
2 0.706 0.315333 0.092 0.073333
2 0.584333 0.19033299999999997 0.123333 0.087333
2 0.564333 0.281667 0.075333 0.082
2 0.641333 0.28 0.114667 0.108
2 0.687333 0.13066699999999998 0.129333 0.137333
2 0.808 0.27133300000000005 0.104 0.128
2 0.744 0.23633300000000002 0.101333 0.087333
2 0.817 0.39233300000000004 0.116667 0.106
2 0.916333 0.381667 0.09 0.084667
2 0.883333 0.29700000000000004 0.098667 0.084667
2 0.924667 0.21166700000000005 0.118667 0.111333
2 0.881667 0.10766699999999996 0.171333 0.124667
2 0.797 0.06699999999999995 0.126 0.116667
2 0.065 0.9123330000000001 0.128667 0.120667
2 0.031333 0.618 0.061333 0.06
0 0.106667 0.567333 0.053333 0.053333
2 0.187 0.5 0.042 0.04
0 0.227667 0.46799999999999997 0.05 0.050667
0 0.230667 0.5820000000000001 0.06 0.070667
2 0.177333 0.847 0.081333 0.096667
2 0.253333 0.912667 0.046667 0.046667
2 0.161667 0.961 0.107333 0.075333
0 0.339333 0.42400000000000004 0.057333 0.058667
0 0.388333 0.42133299999999996 0.058 0.070667
0 0.393 0.359333 0.059333 0.053333
0 0.444 0.40333300000000005 0.065333 0.062667
0 0.480333 0.45966700000000005 0.056667 0.048667
0 0.361 0.757333 0.060667 0.053333
2 0.640333 0.948667 0.243333 0.1
2 0.764333 0.921667 0.076667 0.107333
2 0.972 0.15833299999999995 0.056 0.091333
2 0.593 0.07466700000000004 0.160667 0.149333
2 0.478333 0.06466700000000003 0.127333 0.129333
2 0.398667 0.101333 0.096 0.105333
