2 0.30900000000000005 0.609 0.07 0.080667
3 0.37066699999999997 0.729667 0.090667 0.080667
2 0.300667 0.825333 0.149333 0.161333
2 0.241 0.709333 0.122 0.124
2 0.18000000000000005 0.661 0.105333 0.120667
2 0.16533299999999995 0.785 0.137333 0.119333
2 0.15333300000000005 0.904333 0.161333 0.147333
2 0.05266700000000002 0.850333 0.104 0.142
2 0.712333 0.111333 0.066 0.082667
0 0.900333 0.168333 0.106 0.083333
0 0.833 0.336667 0.292667 0.292
0 0.973667 0.361 0.051333 0.078
0 0.947 0.419333 0.051333 0.050667
0 0.921667 0.494667 0.075333 0.070667
0 0.529 0.406 0.33 0.44
0 0.399 0.292333 0.071333 0.07
0 0.73 0.495333 0.286667 0.258667
0 0.897 0.617333 0.067333 0.06
0 0.958 0.567 0.044 0.040667
0 0.912667 0.541667 0.064 0.046
0 0.9143330000000001 0.582333 0.096667 0.058
0 0.762333 0.710333 0.29 0.251333
3 0.372 0.633333 0.054667 0.06
0 0.274 0.939 0.06 0.059333
0 0.13066699999999998 0.540667 0.261333 0.332
0 0.14800000000000002 0.213333 0.296 0.392
