2 0.05300000000000005 0.17333299999999996 0.106 0.121333
0 0.812667 0.852333 0.093333 0.095333
0 0.819667 0.79 0.098 0.052
0 0.738 0.953333 0.097333 0.092
0 0.965667 0.938 0.067333 0.094667
0 0.928 0.794333 0.14 0.168667
0 0.885667 0.714333 0.067333 0.067333
0 0.872 0.648667 0.082667 0.077333
0 0.933667 0.6513329999999999 0.034 0.028
0 0.813 0.673 0.048667 0.046
0 0.809333 0.5700000000000001 0.04 0.050667
0 0.631 0.8049999999999999 0.116667 0.116667
0 0.665333 0.873667 0.093333 0.063333
0 0.551667 0.914667 0.139333 0.134667
0 0.45466700000000004 0.827667 0.064 0.060667
0 0.36166699999999996 0.727333 0.088667 0.105333
0 0.28433299999999995 0.7130000000000001 0.07 0.079333
0 0.353 0.640333 0.058 0.056667
0 0.28233299999999995 0.628333 0.106 0.099333
0 0.337333 0.556667 0.041333 0.038667
0 0.27233300000000005 0.548667 0.039333 0.038667
0 0.26033300000000004 0.5183329999999999 0.048667 0.036667
0 0.514 0.5413330000000001 0.056 0.050667
0 0.622 0.601667 0.145333 0.15
0 0.723333 0.6146670000000001 0.121333 0.12
0 0.868333 0.39933300000000005 0.247333 0.289333
0 0.561667 0.45999999999999996 0.088667 0.12
0 0.51 0.383667 0.048 0.039333
0 0.6373329999999999 0.278667 0.054667 0.062667
0 0.914 0.19933299999999998 0.068 0.054667
2 0.936667 0.12733300000000003 0.056 0.062667
0 0.851667 0.12233300000000003 0.068667 0.055333
0 0.886 0.088333 0.050667 0.043333
0 0.9666669999999999 0.07099999999999995 0.053333 0.060667
0 0.37366699999999997 0.08333299999999999 0.043333 0.054667
0 0.337333 0.14333300000000004 0.025333 0.029333
0 0.306667 0.14833300000000005 0.037333 0.038
2 0.30133299999999996 0.10933300000000001 0.034667 0.04
2 0.123 0.07399999999999995 0.146 0.148
0 0.04833299999999996 0.267667 0.07 0.078
0 0.037667000000000006 0.336333 0.075333 0.102
0 0.094333 0.511333 0.062 0.061333
0 0.14500000000000002 0.536667 0.052667 0.064
0 0.19366700000000003 0.516667 0.062 0.054667
0 0.20766700000000005 0.570667 0.063333 0.053333
0 0.159667 0.597333 0.028667 0.032
0 0.264 0.840333 0.193333 0.191333
0 0.15733299999999995 0.733333 0.069333 0.068
0 0.08766700000000005 0.782333 0.038 0.048667
