2 0.27633300000000005 0.886667 0.128667 0.125333
2 0.15033300000000005 0.895 0.083333 0.086
3 0.205333 0.797667 0.070667 0.058
2 0.28800000000000003 0.715667 0.136 0.166
2 0.17766700000000002 0.701667 0.087333 0.119333
2 0.07133299999999998 0.735 0.142667 0.143333
2 0.12066699999999997 0.601667 0.109333 0.116667
2 0.22899999999999998 0.588 0.115333 0.102667
2 0.16233299999999995 0.494667 0.074 0.072
2 0.07333299999999998 0.492667 0.137333 0.145333
3 0.226333 0.387 0.082 0.082
2 0.320333 0.365667 0.086 0.075333
2 0.45499999999999996 0.477 0.116667 0.147333
2 0.348 0.481333 0.102667 0.134667
2 0.25333300000000003 0.487333 0.092 0.109333
2 0.5986670000000001 0.485333 0.196 0.202667
2 0.886 0.424 0.129333 0.133333
2 0.772667 0.433 0.097333 0.09
2 0.889667 0.552 0.114 0.128
2 0.775 0.547 0.148667 0.162
3 0.755667 0.647667 0.079333 0.083333
2 0.941667 0.651 0.084667 0.082
2 0.849333 0.649 0.102667 0.086
2 0.856333 0.746333 0.119333 0.111333
2 0.748 0.758667 0.122667 0.164
2 0.9033329999999999 0.86 0.105333 0.105333
2 0.7783329999999999 0.867 0.144667 0.124667
2 0.576333 0.882333 0.143333 0.114
2 0.613333 0.782333 0.133333 0.136667
2 0.650667 0.651333 0.174667 0.168
2 0.517333 0.653 0.082667 0.086
2 0.483333 0.780333 0.134667 0.146
2 0.40833299999999995 0.696 0.102 0.138667
2 0.827 0.090667 0.15 0.146667
2 0.838667 0.213667 0.134667 0.112667
2 0.858333 0.318 0.092667 0.098667
2 0.742333 0.326333 0.142 0.151333
2 0.657333 0.114333 0.097333 0.096667
2 0.6353329999999999 0.232333 0.141333 0.136667
2 0.6186670000000001 0.342 0.105333 0.094667
2 0.731333 0.132333 0.058667 0.078
2 0.521 0.247 0.118 0.126
2 0.501333 0.354667 0.112 0.092
2 0.15800000000000003 0.278333 0.101333 0.091333
2 0.259 0.272333 0.106 0.116667
2 0.07299999999999995 0.069 0.094 0.135333
2 0.36866699999999997 0.247667 0.136 0.144667
2 0.5473330000000001 0.120333 0.098667 0.120667
2 0.44799999999999995 0.119 0.1 0.120667
2 0.94 0.083 0.118667 0.158
2 0.949333 0.208 0.1 0.146667
2 0.943 0.311667 0.111333 0.123333
2 0.368333 0.148 0.09 0.084
2 0.28900000000000003 0.083 0.15 0.163333
3 0.951333 0.737333 0.092 0.130667
0 0.379 0.872333 0.088667 0.098
0 0.978 0.933 0.042667 0.080667
2 0.924 0.948 0.126667 0.104
3 0.781667 0.963667 0.138 0.072667
2 0.05833299999999997 0.839667 0.116667 0.094
2 0.05466700000000002 0.289667 0.109333 0.13
3 0.06033299999999997 0.180667 0.060667 0.06
2 0.17700000000000005 0.068 0.138 0.134667
