2 0.503333 0.07 0.110667 0.128
2 0.32299999999999995 0.090667 0.075333 0.089333
2 0.22966699999999995 0.079667 0.080667 0.083333
2 0.07366700000000004 0.070333 0.112667 0.11
3 0.15333300000000005 0.157333 0.108 0.105333
2 0.07733299999999999 0.208667 0.097333 0.092
2 0.16733299999999995 0.227333 0.077333 0.065333
2 0.24733300000000003 0.243333 0.070667 0.089333
2 0.31999999999999995 0.265 0.069333 0.076667
2 0.16233299999999995 0.311667 0.082 0.106
3 0.24233300000000002 0.346 0.086 0.1
2 0.334333 0.347667 0.083333 0.094
2 0.39233300000000004 0.172 0.132667 0.124
2 0.42000000000000004 0.282 0.094667 0.066667
2 0.564333 0.363 0.136667 0.128667
2 0.595333 0.249667 0.102667 0.095333
2 0.519333 0.226333 0.101333 0.120667
2 0.705333 0.460667 0.134667 0.109333
2 0.827667 0.44 0.084667 0.062667
2 0.800333 0.505333 0.083333 0.070667
2 0.893 0.556 0.084667 0.08
2 0.848 0.361667 0.094667 0.086
2 0.9053329999999999 0.468333 0.073333 0.075333
2 0.937 0.229667 0.086 0.072667
2 0.8506670000000001 0.125 0.084 0.084667
2 0.618 0.089667 0.104 0.082
2 0.650667 0.166 0.108 0.133333
2 0.754667 0.180667 0.102667 0.136
2 0.838333 0.258667 0.083333 0.066667
3 0.878667 0.307333 0.094667 0.061333
2 0.738333 0.289333 0.124667 0.074667
2 0.7416670000000001 0.365 0.115333 0.074
2 0.931333 0.164333 0.072 0.058
2 0.949333 0.349 0.097333 0.080667
2 0.939333 0.054667 0.108 0.108
2 0.499333 0.311333 0.053333 0.058667
2 0.43333299999999997 0.367 0.108 0.114
3 0.967 0.514333 0.064667 0.082
3 0.961 0.605333 0.076667 0.104
0 0.853667 0.924667 0.048667 0.049333
0 0.885333 0.951667 0.044 0.05
0 0.795667 0.950333 0.059333 0.060667
0 0.681667 0.868667 0.039333 0.038667
0 0.607 0.845333 0.060667 0.052
0 0.5800000000000001 0.822667 0.053333 0.052
0 0.622333 0.590667 0.038 0.041333
0 0.29233299999999995 0.887333 0.031333 0.052
0 0.32166700000000004 0.893667 0.039333 0.040667
0 0.08699999999999997 0.844 0.076667 0.06
0 0.05066700000000002 0.808 0.06 0.052
0 0.27133300000000005 0.978667 0.046667 0.037333
0 0.349333 0.732 0.036 0.044
0 0.150667 0.666 0.066667 0.053333
0 0.06299999999999994 0.644 0.099333 0.109333
0 0.48 0.784333 0.049333 0.051333
0 0.031667 0.717 0.05 0.051333
0 0.18566700000000003 0.722333 0.044667 0.064667
0 0.242 0.461667 0.049333 0.048667
0 0.21399999999999997 0.436333 0.038667 0.051333
0 0.033667 0.355 0.042 0.060667
0 0.04500000000000004 0.307333 0.042 0.044
