2 0.845 0.075333 0.15 0.144
2 0.938667 0.081 0.104 0.108667
2 0.736 0.074 0.117333 0.146667
2 0.362333 0.102333 0.118 0.11
2 0.21599999999999997 0.087 0.146667 0.148667
2 0.14933300000000005 0.177667 0.128 0.146
2 0.10566699999999996 0.289333 0.140667 0.141333
2 0.248 0.191333 0.102667 0.093333
2 0.23099999999999998 0.288667 0.116667 0.109333
2 0.37366699999999997 0.206667 0.151333 0.154667
2 0.49666699999999997 0.249667 0.1 0.126
2 0.654667 0.164333 0.172 0.13
2 0.591 0.266333 0.108667 0.115333
2 0.703333 0.274 0.122667 0.161333
2 0.834 0.301 0.166667 0.156667
2 0.8486670000000001 0.167 0.145333 0.103333
2 0.9339999999999999 0.208667 0.12 0.130667
2 0.359 0.324667 0.175333 0.118667
2 0.226333 0.390667 0.107333 0.102667
2 0.330333 0.421333 0.118 0.094667
2 0.44699999999999995 0.421 0.079333 0.086
2 0.517333 0.361667 0.094667 0.088667
2 0.646667 0.404333 0.174667 0.147333
2 0.5696669999999999 0.444667 0.087333 0.074667
1 0.848 0.397667 0.144 0.103333
2 0.898333 0.485333 0.120667 0.097333
2 0.790333 0.495667 0.123333 0.126
2 0.484 0.491333 0.141333 0.154667
2 0.365 0.497 0.115333 0.140667
2 0.26333300000000004 0.502 0.102667 0.130667
2 0.14933300000000005 0.457333 0.128 0.161333
1 0.07333299999999998 0.582333 0.134667 0.142
2 0.19499999999999995 0.592667 0.144667 0.142667
2 0.406 0.618333 0.186667 0.160667
2 0.896667 0.620667 0.172 0.190667
2 0.7969999999999999 0.607 0.079333 0.083333
2 0.6910000000000001 0.584667 0.178 0.170667
2 0.704 0.697667 0.176 0.127333
2 0.22099999999999997 0.722333 0.143333 0.116667
2 0.08333299999999999 0.722667 0.162667 0.186667
2 0.09799999999999998 0.908667 0.177333 0.169333
2 0.19399999999999995 0.828667 0.164 0.132
2 0.348 0.761667 0.156 0.188667
3 0.5473330000000001 0.778333 0.206667 0.178
2 0.679667 0.808 0.116667 0.098667
2 0.817333 0.827667 0.169333 0.212667
2 0.541667 0.922667 0.195333 0.146667
0 0.513667 0.165333 0.075333 0.072
2 0.43633299999999997 0.074333 0.102 0.147333
2 0.521667 0.072667 0.139333 0.144
2 0.629 0.063 0.152667 0.124667
2 0.746333 0.379 0.079333 0.088667
2 0.957667 0.405667 0.083333 0.095333
0 0.968 0.483 0.061333 0.079333
0 0.673 0.462 0.071333 0.070667
2 0.5716669999999999 0.56 0.124667 0.150667
0 0.46099999999999997 0.680667 0.060667 0.038667
0 0.44199999999999995 0.734667 0.089333 0.078667
0 0.939667 0.858333 0.103333 0.094
2 0.687333 0.926 0.185333 0.148
2 0.913 0.943333 0.164667 0.113333
0 0.422667 0.860667 0.076 0.086667
2 0.392 0.95 0.125333 0.1
0 0.07133299999999998 0.815333 0.052 0.058667
0 0.238 0.885667 0.049333 0.059333
0 0.304667 0.859 0.058667 0.051333
2 0.29433299999999996 0.613 0.056667 0.096667
2 0.047667000000000015 0.444 0.095333 0.165333
2 0.08599999999999997 0.062667 0.146667 0.124
2 0.33599999999999997 0.053667 0.125333 0.106
