2 0.756 0.123 0.124 0.119333
2 0.915 0.618 0.114 0.124
2 0.7933330000000001 0.605667 0.14 0.195333
2 0.923 0.739667 0.144667 0.111333
2 0.663667 0.888667 0.188667 0.165333
2 0.625333 0.755667 0.170667 0.140667
2 0.607667 0.65 0.15 0.109333
2 0.5916669999999999 0.511667 0.215333 0.214
2 0.498 0.292667 0.105333 0.102667
2 0.519333 0.393 0.136 0.128667
2 0.424667 0.483333 0.174667 0.170667
2 0.548333 0.910333 0.116667 0.116667
2 0.45299999999999996 0.903333 0.107333 0.138667
2 0.35366699999999995 0.840333 0.183333 0.156667
2 0.348333 0.726333 0.124667 0.123333
2 0.252 0.927333 0.132 0.138667
2 0.20399999999999996 0.716667 0.130667 0.145333
2 0.14200000000000002 0.896 0.162667 0.157333
2 0.100333 0.754 0.135333 0.137333
2 0.17033299999999996 0.525667 0.114 0.142
2 0.251667 0.278 0.192667 0.129333
2 0.21066700000000005 0.144667 0.169333 0.16
2 0.07399999999999995 0.079667 0.124 0.119333
0 0.907 0.183 0.104667 0.11
0 0.824667 0.172 0.085333 0.090667
0 0.795667 0.040333 0.079333 0.078
0 0.751333 0.310667 0.177333 0.193333
0 0.692333 0.381 0.09 0.071333
0 0.696333 0.434 0.066 0.050667
0 0.909667 0.354333 0.171333 0.163333
2 0.929333 0.457 0.114667 0.09
3 0.969333 0.541333 0.050667 0.06
0 0.6603330000000001 0.177667 0.09 0.111333
0 0.5413330000000001 0.179 0.169333 0.166
0 0.592333 0.291667 0.060667 0.060667
0 0.629667 0.346333 0.087333 0.080667
2 0.471333 0.600667 0.113333 0.118667
0 0.39033300000000004 0.361333 0.080667 0.08
2 0.48366699999999996 0.117667 0.075333 0.067333
2 0.387 0.199 0.106 0.114
2 0.36166699999999996 0.118667 0.158 0.186667
2 0.31133299999999997 0.501333 0.044 0.044
2 0.18899999999999995 0.423333 0.056667 0.049333
2 0.12733300000000003 0.328333 0.116 0.127333
0 0.10433300000000001 0.195 0.104667 0.108667
2 0.04533299999999996 0.366667 0.085333 0.06
3 0.09166700000000005 0.641 0.100667 0.100667
2 0.24866699999999997 0.048 0.093333 0.093333
0 0.254667 0.548667 0.053333 0.049333
0 0.234333 0.605667 0.054 0.054
0 0.27733300000000005 0.596 0.041333 0.041333
2 0.33199999999999996 0.613333 0.084 0.093333
2 0.38733300000000004 0.956667 0.14 0.086667
0 0.473 0.756333 0.064667 0.052667
0 0.83 0.888333 0.088 0.084667
0 0.699333 0.778 0.053333 0.06
