2 0.897333 0.774667 0.16 0.125333
2 0.701333 0.794667 0.173333 0.154667
2 0.574333 0.765 0.075333 0.086
2 0.467333 0.831333 0.150667 0.138667
2 0.47 0.735 0.056 0.048667
2 0.358333 0.901667 0.09 0.107333
2 0.23666699999999996 0.942 0.138667 0.109333
2 0.271667 0.801667 0.155333 0.162
2 0.270667 0.688 0.104 0.073333
2 0.150667 0.687 0.092 0.091333
2 0.11599999999999999 0.817 0.166667 0.156667
2 0.838333 0.687 0.075333 0.080667
2 0.729 0.6433329999999999 0.143333 0.162667
2 0.787667 0.573333 0.118 0.105333
2 0.913333 0.5856669999999999 0.136 0.122
2 0.891333 0.46666700000000005 0.168 0.134667
2 0.690333 0.5549999999999999 0.054 0.044667
2 0.628667 0.655 0.105333 0.122
2 0.5263329999999999 0.6599999999999999 0.104667 0.134667
2 0.398667 0.639 0.14 0.156667
2 0.101333 0.583 0.121333 0.103333
2 0.19733299999999998 0.580667 0.070667 0.073333
2 0.23933300000000002 0.49066699999999996 0.138667 0.170667
2 0.375 0.51 0.092667 0.088
2 0.5900000000000001 0.544667 0.098667 0.088
2 0.484 0.5183329999999999 0.130667 0.138
2 0.523667 0.42833299999999996 0.126 0.112667
2 0.639667 0.44666700000000004 0.119333 0.164
2 0.739 0.472333 0.118 0.112667
2 0.753667 0.37366699999999997 0.155333 0.146
3 0.875667 0.371 0.091333 0.082
3 0.639 0.33866700000000005 0.076667 0.074667
2 0.530667 0.320333 0.104 0.091333
2 0.917333 0.25933300000000004 0.097333 0.105333
3 0.916667 0.16900000000000004 0.070667 0.075333
2 0.826333 0.12366699999999997 0.112667 0.118
2 0.727 0.11333300000000002 0.108667 0.097333
2 0.6699999999999999 0.20599999999999996 0.156 0.206667
2 0.803333 0.235 0.125333 0.135333
2 0.41400000000000003 0.31200000000000006 0.132 0.156
2 0.346333 0.18233299999999997 0.155333 0.162
2 0.331333 0.401 0.141333 0.144667
2 0.22966699999999995 0.29433299999999996 0.111333 0.116667
2 0.11533300000000002 0.30233299999999996 0.124 0.15
2 0.22699999999999998 0.18366700000000002 0.114 0.11
2 0.18899999999999995 0.091333 0.184667 0.164
2 0.834667 0.8416669999999999 0.061333 0.078
0 0.553667 0.888333 0.104667 0.128667
0 0.5333330000000001 0.967 0.104 0.064667
0 0.941333 0.683667 0.114667 0.122
0 0.558 0.24166699999999997 0.090667 0.11
2 0.7396670000000001 0.035667000000000004 0.092667 0.071333
2 0.051000000000000045 0.05166700000000002 0.096667 0.103333
0 0.12433300000000003 0.18666700000000003 0.087333 0.096
0 0.129 0.467333 0.088667 0.128
0 0.28633299999999995 0.612 0.09 0.090667
2 0.05500000000000005 0.6950000000000001 0.11 0.126
2 0.14 0.920333 0.081333 0.058
2 0.04566700000000001 0.925667 0.091333 0.139333
