3 0.191333 0.33066700000000004 0.112 0.098667
3 0.158667 0.245 0.086667 0.086
3 0.440333 0.5660000000000001 0.083333 0.097333
3 0.514667 0.517333 0.065333 0.077333
2 0.542667 0.6026670000000001 0.070667 0.096
2 0.584333 0.648333 0.104667 0.084667
2 0.679 0.632 0.084667 0.112
2 0.597667 0.848333 0.07 0.087333
2 0.642667 0.929667 0.096 0.108667
2 0.772667 0.962667 0.102667 0.065333
2 0.785333 0.889667 0.097333 0.080667
2 0.715 0.890333 0.046 0.056667
2 0.712333 0.825 0.115333 0.076667
2 0.681333 0.745333 0.098667 0.105333
2 0.808 0.813 0.090667 0.075333
2 0.781667 0.757667 0.104667 0.063333
2 0.73 0.695333 0.065333 0.064
2 0.781667 0.6393329999999999 0.098 0.066667
2 0.794667 0.7006669999999999 0.072 0.050667
3 0.91 0.446333 0.077333 0.088667
2 0.837 0.438333 0.079333 0.111333
2 0.756 0.39633300000000005 0.102667 0.124667
2 0.813667 0.330333 0.120667 0.112667
2 0.928 0.286667 0.1 0.128
2 0.781 0.235 0.086 0.084667
2 0.676 0.250667 0.06 0.058667
2 0.668 0.16733299999999995 0.132 0.1
2 0.669 0.07633299999999998 0.092667 0.087333
2 0.759333 0.04800000000000004 0.090667 0.089333
2 0.783 0.12566699999999997 0.102 0.108667
2 0.933 0.08966700000000005 0.123333 0.119333
2 0.485667 0.13633300000000004 0.084667 0.087333
2 0.538667 0.319333 0.062667 0.062667
2 0.589333 0.27 0.089333 0.077333
2 0.514 0.21999999999999997 0.133333 0.105333
2 0.354333 0.05833299999999997 0.088667 0.098
0 0.218333 0.781 0.227333 0.168667
0 0.125333 0.685667 0.190667 0.207333
0 0.178333 0.5776669999999999 0.076667 0.05
0 0.193333 0.933 0.272 0.132667
0 0.355667 0.959667 0.054 0.043333
0 0.365667 0.684667 0.078 0.096
0 0.408667 0.646 0.094667 0.085333
0 0.413667 0.721 0.078 0.064667
0 0.137667 0.45666700000000005 0.052667 0.042667
0 0.182 0.42233299999999996 0.06 0.062
0 0.037 0.31999999999999995 0.055333 0.050667
0 0.436333 0.943333 0.044667 0.038667
0 0.481333 0.958667 0.049333 0.06
0 0.439667 0.804667 0.035333 0.028
0 0.460333 0.885 0.03 0.031333
2 0.367333 0.541667 0.061333 0.068667
0 0.355667 0.40033300000000005 0.066 0.082
0 0.317333 0.36066699999999996 0.070667 0.069333
0 0.368333 0.47066699999999995 0.07 0.062667
0 0.237 0.400667 0.07 0.045333
0 0.267333 0.496 0.058667 0.077333
0 0.425 0.48066699999999996 0.059333 0.056
0 0.46 0.353333 0.049333 0.044
0 0.411333 0.362 0.048 0.037333
0 0.588 0.45099999999999996 0.069333 0.067333
0 0.590333 0.38033300000000003 0.074 0.054
0 0.604667 0.329333 0.068 0.049333
0 0.622667 0.519667 0.072 0.067333
0 0.689667 0.5453330000000001 0.083333 0.08
0 0.673333 0.45299999999999996 0.096 0.075333
0 0.628667 0.7216670000000001 0.069333 0.068667
2 0.706667 0.961333 0.066667 0.072
0 0.798333 0.5469999999999999 0.102 0.106
0 0.742 0.500667 0.08 0.061333
0 0.859333 0.6890000000000001 0.077333 0.094
0 0.966667 0.631667 0.066667 0.094
0 0.939667 0.599667 0.055333 0.038
0 0.968667 0.5349999999999999 0.062667 0.102
0 0.879667 0.5163329999999999 0.059333 0.059333
0 0.916 0.538667 0.064 0.065333
0 0.912333 0.374 0.072667 0.056
0 0.863667 0.18833299999999997 0.058 0.051333
0 0.568667 0.101333 0.072 0.064
0 0.513333 0.062000000000000055 0.070667 0.058667
0 0.442667 0.08866700000000005 0.064 0.052
0 0.362333 0.160667 0.114 0.104
0 0.293333 0.18400000000000005 0.038667 0.041333
0 0.289333 0.08866700000000005 0.089333 0.093333
0 0.254 0.17733299999999996 0.045333 0.048
0 0.212333 0.16633299999999995 0.060667 0.068667
0 0.193 0.09266700000000005 0.058 0.056
0 0.203333 0.226333 0.058667 0.035333
0 0.104 0.30600000000000005 0.073333 0.081333
0 0.077667 0.233333 0.054 0.064
2 0.04 0.04200000000000004 0.078667 0.084
0 0.029333 0.23633300000000002 0.057333 0.087333
0 0.029667 0.15933299999999995 0.058 0.085333
