2 0.949 0.705333 0.102 0.116
2 0.917333 0.779 0.097333 0.11
2 0.638333 0.199667 0.155333 0.135333
2 0.661 0.093667 0.143333 0.086
3 0.063333 0.072 0.092 0.096
0 0.282 0.086333 0.2 0.171333
0 0.233 0.190333 0.303333 0.282
0 0.307 0.341333 0.168667 0.152
0 0.168667 0.329333 0.178667 0.22
2 0.397 0.231 0.067333 0.066
2 0.415 0.322 0.063333 0.065333
0 0.562667 0.309667 0.109333 0.11
0 0.602 0.368667 0.057333 0.052
2 0.361333 0.434667 0.049333 0.049333
0 0.173667 0.508667 0.154 0.166667
0 0.496667 0.607333 0.194667 0.202667
2 0.313667 0.624667 0.051333 0.052
0 0.327667 0.515 0.031333 0.036667
0 0.323667 0.798667 0.100667 0.097333
0 0.348333 0.888 0.082 0.084
0 0.446667 0.885 0.037333 0.043333
0 0.411333 0.975333 0.056 0.049333
3 0.839333 0.929 0.046667 0.068667
3 0.892667 0.927667 0.068 0.068667
