2 0.917667 0.108333 0.139333 0.140667
2 0.857667 0.05 0.080667 0.085333
2 0.755667 0.076333 0.146 0.140667
2 0.897 0.226333 0.114 0.11
2 0.78 0.184 0.066667 0.074667
2 0.5856669999999999 0.194667 0.111333 0.098667
2 0.613333 0.341667 0.166667 0.184667
2 0.873667 0.341 0.112667 0.111333
2 0.8260000000000001 0.262333 0.069333 0.09
2 0.826333 0.468333 0.188667 0.195333
2 0.931 0.657667 0.118 0.094
2 0.935 0.558 0.120667 0.1
2 0.5529999999999999 0.737 0.115333 0.111333
3 0.519 0.634 0.096667 0.102667
2 0.45399999999999996 0.579 0.097333 0.11
2 0.40933299999999995 0.641667 0.077333 0.082
2 0.374 0.461 0.129333 0.123333
2 0.25233300000000003 0.466667 0.116667 0.165333
2 0.45999999999999996 0.716667 0.085333 0.112
3 0.48566699999999996 0.817333 0.088667 0.1
3 0.413667 0.818 0.075333 0.093333
3 0.381667 0.882667 0.088667 0.072
3 0.33199999999999996 0.938333 0.104 0.114
3 0.233333 0.939667 0.098667 0.096667
3 0.262 0.834667 0.108 0.109333
3 0.341333 0.802667 0.053333 0.062667
3 0.373333 0.718667 0.069333 0.069333
2 0.33166700000000005 0.617333 0.088667 0.138667
3 0.251667 0.625667 0.098 0.158
3 0.164667 0.658333 0.105333 0.138
3 0.10999999999999999 0.75 0.096 0.101333
3 0.21366700000000005 0.75 0.075333 0.078667
3 0.16000000000000003 0.830667 0.098667 0.088
3 0.293667 0.735667 0.082 0.086
0 0.69 0.188 0.121333 0.118667
0 0.737 0.278333 0.139333 0.124667
0 0.739 0.420667 0.123333 0.108
0 0.768 0.560333 0.148 0.114
0 0.818333 0.653333 0.087333 0.098667
0 0.92 0.735667 0.076 0.083333
0 0.5373330000000001 0.493667 0.116 0.106
0 0.454333 0.393333 0.122 0.086667
0 0.390667 0.537333 0.076 0.064
0 0.14500000000000002 0.545667 0.082 0.082
0 0.09099999999999997 0.611333 0.078 0.074667
0 0.642333 0.883667 0.040667 0.040667
0 0.668667 0.884 0.026667 0.036
1 0.933 0.886667 0.047333 0.042667
1 0.986333 0.974 0.026 0.042667
