2 0.861667 0.901667 0.142 0.128667
2 0.729333 0.9143330000000001 0.14 0.120667
2 0.5353330000000001 0.901 0.086667 0.083333
2 0.518667 0.803333 0.12 0.134667
2 0.40533300000000005 0.8446670000000001 0.134667 0.168
2 0.307667 0.928 0.091333 0.098667
2 0.23266699999999996 0.894 0.161333 0.158667
2 0.24733300000000003 0.764667 0.14 0.136
2 0.09899999999999998 0.804667 0.171333 0.226667
3 0.531 0.626667 0.116667 0.114667
2 0.5389999999999999 0.537667 0.107333 0.09
2 0.5469999999999999 0.448333 0.118 0.111333
0 0.625333 0.531 0.066667 0.084667
3 0.639667 0.438333 0.088667 0.078
2 0.631667 0.359333 0.082 0.084
2 0.534667 0.358 0.101333 0.074667
2 0.555667 0.26433300000000004 0.148667 0.126
3 0.541667 0.10799999999999998 0.102 0.105333
2 0.691667 0.11833300000000002 0.087333 0.135333
3 0.621333 0.094333 0.058667 0.102
3 0.559667 0.17966700000000002 0.138 0.054
2 0.423667 0.213333 0.115333 0.136
2 0.41233299999999995 0.08166700000000005 0.112667 0.116667
2 0.30600000000000005 0.07799999999999996 0.130667 0.129333
2 0.13966699999999999 0.058667000000000025 0.124667 0.093333
2 0.16233299999999995 0.149667 0.120667 0.086
2 0.134 0.23633300000000002 0.172 0.120667
2 0.31133299999999997 0.18700000000000006 0.132 0.094
2 0.34299999999999997 0.289667 0.138 0.116667
3 0.23866699999999996 0.29400000000000004 0.098667 0.102667
2 0.122 0.348333 0.134667 0.119333
2 0.23666699999999996 0.394667 0.1 0.093333
2 0.32299999999999995 0.403 0.075333 0.104667
2 0.42700000000000005 0.39833300000000005 0.127333 0.142
2 0.41600000000000004 0.697667 0.18 0.146
2 0.42633299999999996 0.6086670000000001 0.118 0.085333
2 0.42833299999999996 0.521333 0.119333 0.106667
2 0.317333 0.527667 0.092 0.152667
2 0.12133300000000002 0.46966699999999995 0.133333 0.128667
3 0.23266699999999996 0.606333 0.086667 0.086
2 0.22799999999999998 0.51 0.101333 0.118667
2 0.12433300000000003 0.634333 0.144667 0.175333
2 0.85 0.784333 0.142667 0.127333
2 0.746 0.794 0.104 0.102667
2 0.645667 0.810333 0.126 0.115333
3 0.6313329999999999 0.716333 0.105333 0.096667
2 0.7416670000000001 0.717667 0.118 0.075333
2 0.938333 0.630667 0.091333 0.065333
2 0.851333 0.6643330000000001 0.098667 0.115333
2 0.697667 0.638667 0.183333 0.102667
2 0.834 0.564333 0.094667 0.09
2 0.924333 0.41300000000000003 0.139333 0.118
2 0.914667 0.31200000000000006 0.125333 0.092
2 0.798 0.46366700000000005 0.169333 0.119333
2 0.724333 0.537667 0.13 0.123333
2 0.7913330000000001 0.36366699999999996 0.134667 0.086
2 0.804333 0.274 0.120667 0.101333
2 0.6910000000000001 0.27 0.116667 0.134667
2 0.793667 0.18366700000000002 0.116667 0.087333
2 0.904333 0.14033300000000004 0.120667 0.120667
2 0.800667 0.09199999999999997 0.116 0.112
2 0.930667 0.7436670000000001 0.137333 0.162
2 0.9359999999999999 0.531667 0.126667 0.132667
2 0.6886669999999999 0.385 0.06 0.052667
0 0.677 0.039000000000000035 0.067333 0.059333
2 0.5243329999999999 0.039000000000000035 0.112667 0.078
2 0.052000000000000046 0.08466700000000005 0.104 0.125333
3 0.051000000000000045 0.17300000000000004 0.102 0.108667
2 0.03966700000000001 0.39 0.079333 0.109333
2 0.037667000000000006 0.494333 0.075333 0.091333
0 0.30900000000000005 0.652333 0.072667 0.076667
