2 0.9083330000000001 0.450333 0.154 0.139333
2 0.6779999999999999 0.472 0.170667 0.173333
2 0.900667 0.115667 0.105333 0.103333
2 0.795 0.142667 0.122 0.137333
2 0.847 0.224 0.148667 0.12
2 0.809667 0.328333 0.138 0.155333
3 0.6946669999999999 0.342667 0.096 0.093333
3 0.632667 0.274 0.136 0.136
2 0.429667 0.309 0.208667 0.183333
3 0.691667 0.149 0.095333 0.116667
3 0.597333 0.159 0.090667 0.119333
2 0.49666699999999997 0.177667 0.102667 0.146
2 0.374333 0.179 0.139333 0.146
3 0.430667 0.063667 0.106667 0.112667
2 0.5660000000000001 0.059333 0.122667 0.106667
2 0.31899999999999995 0.072 0.116667 0.124
2 0.211333 0.066333 0.098667 0.120667
2 0.150667 0.134 0.164 0.136
2 0.15400000000000003 0.248333 0.132 0.104667
2 0.936667 0.569333 0.102667 0.093333
2 0.802 0.574667 0.166667 0.190667
2 0.685 0.597667 0.082 0.083333
2 0.857667 0.676667 0.13 0.166667
2 0.7196670000000001 0.7 0.115333 0.132
2 0.616 0.701 0.097333 0.104667
2 0.486 0.699667 0.165333 0.202
2 0.34166700000000005 0.839333 0.174 0.169333
2 0.48 0.846 0.097333 0.102667
2 0.599333 0.831667 0.136 0.140667
2 0.720667 0.829667 0.109333 0.124667
2 0.8220000000000001 0.813 0.104 0.111333
2 0.903667 0.921 0.174 0.135333
2 0.800667 0.915 0.072 0.09
2 0.954333 0.221667 0.088667 0.108667
0 0.771333 0.086333 0.088 0.088667
0 0.7969999999999999 0.454 0.067333 0.072
0 0.568667 0.537667 0.084 0.092667
2 0.957 0.663 0.084667 0.132667
2 0.924667 0.772333 0.149333 0.180667
2 0.696 0.914667 0.072 0.081333
2 0.583 0.944333 0.152667 0.111333
2 0.462333 0.942667 0.123333 0.114667
0 0.25 0.747 0.097333 0.122
0 0.209333 0.836667 0.041333 0.033333
0 0.209333 0.535333 0.097333 0.101333
2 0.08566700000000005 0.051 0.148667 0.100667
2 0.037667000000000006 0.148 0.075333 0.125333
