3 0.937333 0.7106669999999999 0.068 0.064
3 0.819333 0.6799999999999999 0.068 0.072
3 0.904333 0.640667 0.076667 0.054667
3 0.927333 0.592667 0.069333 0.056
3 0.843667 0.5836669999999999 0.094 0.104667
3 0.736333 0.6639999999999999 0.087333 0.093333
3 0.679 0.562333 0.118 0.119333
3 0.902 0.508667 0.072 0.070667
3 0.916333 0.43700000000000006 0.084667 0.080667
2 0.857 0.401 0.038 0.052667
2 0.912667 0.34566699999999995 0.093333 0.088667
3 0.8109999999999999 0.499667 0.076667 0.060667
3 0.812333 0.42533299999999996 0.09 0.076
3 0.628333 0.726 0.072667 0.058667
2 0.62 0.654333 0.097333 0.076667
3 0.518667 0.651 0.097333 0.086
2 0.571 0.5549999999999999 0.084667 0.083333
3 0.725 0.42433299999999996 0.09 0.086
2 0.624 0.405667 0.102667 0.11
3 0.608 0.478 0.068 0.062667
2 0.500667 0.37166699999999997 0.130667 0.108667
3 0.511333 0.474 0.098667 0.096
3 0.395 0.45866700000000005 0.108667 0.106667
3 0.34766699999999995 0.54 0.083333 0.092
3 0.24733300000000003 0.528667 0.106667 0.110667
3 0.05066700000000002 0.618333 0.092 0.084667
3 0.05366700000000002 0.526 0.088667 0.092
3 0.19866700000000004 0.44266700000000003 0.104 0.08
2 0.08366700000000005 0.44966700000000004 0.116667 0.094
3 0.28833299999999995 0.45299999999999996 0.080667 0.059333
2 0.29700000000000004 0.36366699999999996 0.112667 0.108667
2 0.19099999999999995 0.34966699999999995 0.103333 0.106
2 0.08599999999999997 0.356 0.112 0.096
2 0.493 0.27733300000000005 0.082 0.077333
2 0.5 0.10533300000000001 0.118667 0.141333
2 0.403 0.18100000000000005 0.079333 0.087333
2 0.4 0.27133300000000005 0.093333 0.106667
2 0.29600000000000004 0.26533300000000004 0.106667 0.101333
3 0.20033299999999998 0.25233300000000003 0.083333 0.086
2 0.10199999999999998 0.258667 0.102667 0.106667
2 0.304667 0.167667 0.108 0.094
2 0.212333 0.17466700000000002 0.087333 0.089333
2 0.31866700000000003 0.06699999999999995 0.108 0.120667
2 0.12066699999999997 0.06000000000000005 0.098667 0.109333
2 0.22199999999999998 0.06299999999999994 0.104 0.118
2 0.588333 0.20799999999999996 0.108667 0.092
2 0.5896669999999999 0.30100000000000005 0.114 0.100667
2 0.7090000000000001 0.30733299999999997 0.122 0.129333
2 0.806333 0.263 0.094 0.118
2 0.798 0.15333300000000005 0.108 0.101333
2 0.9103330000000001 0.15100000000000002 0.114 0.108667
1 0.798667 0.05933299999999997 0.078667 0.094667
2 0.7050000000000001 0.22199999999999998 0.083333 0.072
2 0.716 0.13233300000000003 0.08 0.104667
2 0.618 0.10299999999999998 0.118667 0.138
2 0.508667 0.10833300000000001 0.132 0.148667
0 0.587 0.912 0.279333 0.174667
0 0.416667 0.782667 0.189333 0.233333
0 0.977 0.571 0.044667 0.075333
3 0.979333 0.510667 0.04 0.048
2 0.873333 0.27333300000000005 0.066667 0.078667
2 0.948 0.08966700000000005 0.102667 0.119333
2 0.877333 0.05466700000000002 0.08 0.102667
2 0.7296670000000001 0.05700000000000005 0.168667 0.114
0 0.427667 0.121 0.064667 0.068667
2 0.04533299999999996 0.06566700000000003 0.090667 0.127333
3 0.12966699999999998 0.17766700000000002 0.063333 0.080667
2 0.044332999999999956 0.17633299999999996 0.088667 0.111333
2 0.029000000000000026 0.26233300000000004 0.058 0.083333
0 0.18000000000000005 0.744 0.36 0.382667
