2 0.124 0.957667 0.116 0.072667
2 0.113667 0.899 0.118 0.11
2 0.129667 0.786 0.119333 0.126667
2 0.223333 0.935667 0.085333 0.119333
2 0.221333 0.815667 0.1 0.114
2 0.320667 0.902667 0.106667 0.109333
2 0.312 0.786 0.068 0.057333
2 0.320333 0.716 0.043333 0.053333
2 0.290667 0.6493329999999999 0.066667 0.064
2 0.200333 0.680667 0.136667 0.142667
2 0.124 0.606333 0.122667 0.091333
2 0.397667 0.6910000000000001 0.114 0.088667
2 0.39 0.775667 0.062667 0.067333
2 0.392667 0.849333 0.078667 0.086667
2 0.494 0.917333 0.06 0.066667
2 0.438667 0.96 0.04 0.065333
2 0.486 0.817333 0.106667 0.122667
2 0.546667 0.7476670000000001 0.129333 0.122
2 0.657333 0.8506670000000001 0.130667 0.117333
2 0.662667 0.738667 0.097333 0.106667
2 0.627667 0.643 0.118 0.079333
2 0.747667 0.667333 0.103333 0.077333
2 0.751667 0.759 0.078 0.096667
2 0.779333 0.9083330000000001 0.066667 0.064667
2 0.864333 0.895 0.103333 0.114
2 0.849 0.786 0.139333 0.106667
2 0.944333 0.924333 0.082 0.094
2 0.848333 0.6819999999999999 0.104667 0.109333
2 0.944333 0.705667 0.09 0.11
2 0.927667 0.591 0.118 0.114
2 0.825333 0.593 0.08 0.095333
1 0.745667 0.5860000000000001 0.084667 0.090667
2 0.639333 0.546667 0.105333 0.105333
2 0.54 0.591 0.101333 0.155333
2 0.434333 0.6006670000000001 0.104667 0.116
2 0.115 0.48266699999999996 0.079333 0.089333
2 0.172 0.5123329999999999 0.090667 0.120667
2 0.111667 0.375 0.083333 0.09
2 0.204333 0.411667 0.086 0.078
2 0.270333 0.537667 0.11 0.120667
2 0.286667 0.458333 0.069333 0.071333
2 0.261667 0.33399999999999996 0.078 0.084
2 0.346333 0.405 0.080667 0.083333
2 0.354333 0.33266700000000005 0.083333 0.072
2 0.44 0.512 0.070667 0.064
2 0.442667 0.42133299999999996 0.104 0.108
2 0.445667 0.316333 0.106 0.086
2 0.534667 0.46966699999999995 0.096 0.084667
2 0.622 0.449333 0.093333 0.086667
2 0.546667 0.367 0.101333 0.116667
2 0.476667 0.23466699999999996 0.097333 0.098667
1 0.558333 0.252667 0.084667 0.101333
1 0.52 0.07666700000000004 0.097333 0.101333
1 0.527333 0.16433299999999995 0.096 0.080667
2 0.616333 0.05900000000000005 0.102 0.094
1 0.620333 0.14733300000000005 0.11 0.098667
1 0.638 0.241 0.110667 0.096667
2 0.638333 0.347 0.106 0.120667
2 0.724667 0.48466699999999996 0.109333 0.098667
2 0.814 0.49566699999999997 0.097333 0.082
2 0.924 0.47366699999999995 0.138667 0.107333
2 0.827333 0.39233300000000004 0.124 0.108667
2 0.917 0.39033300000000004 0.096667 0.076667
2 0.906667 0.29633299999999996 0.157333 0.108667
2 0.918 0.18266700000000002 0.132 0.110667
2 0.904 0.10066699999999995 0.093333 0.061333
2 0.818333 0.10833300000000001 0.091333 0.087333
1 0.806667 0.21099999999999997 0.106667 0.126
2 0.741333 0.29400000000000004 0.114667 0.1
2 0.725 0.39833300000000005 0.084667 0.079333
1 0.719 0.20966700000000005 0.084667 0.098
2 0.733 0.10599999999999998 0.118 0.102667
1 0.388333 0.206333 0.118 0.088667
2 0.415667 0.11266699999999996 0.124667 0.101333
2 0.049333 0.889667 0.06 0.09
2 0.171667 0.344333 0.086 0.086
2 0.150333 0.28533299999999995 0.116667 0.081333
0 0.194333 0.255 0.040667 0.038
2 0.358333 0.46599999999999997 0.055333 0.046667
3 0.374667 0.508667 0.045333 0.032
2 0.364333 0.591 0.038 0.031333
0 0.377667 0.921667 0.07 0.054
0 0.451667 0.903667 0.027333 0.028667
0 0.614 0.948333 0.064 0.07
2 0.893667 0.973333 0.064667 0.052
2 0.794667 0.955667 0.157333 0.087333
2 0.942 0.825333 0.116 0.134667
2 0.880333 0.04200000000000004 0.139333 0.084
2 0.799 0.028333000000000053 0.078 0.056667
2 0.704333 0.03533299999999995 0.083333 0.070667
2 0.383667 0.048667000000000016 0.164667 0.097333
2 0.220333 0.04166700000000001 0.100667 0.083333
2 0.202 0.09399999999999997 0.117333 0.1
0 0.263 0.14833300000000005 0.044667 0.051333
0 0.207667 0.18533299999999997 0.082 0.088
2 0.124667 0.22166699999999995 0.065333 0.07
