3 0.276 0.480333 0.096 0.112667
2 0.206667 0.42400000000000004 0.109333 0.097333
2 0.100333 0.42833299999999996 0.094 0.111333
2 0.122 0.32499999999999996 0.134667 0.095333
2 0.365 0.23533300000000001 0.131333 0.136
0 0.211333 0.8220000000000001 0.122667 0.148
0 0.271 0.9299999999999999 0.074 0.081333
0 0.292 0.5836669999999999 0.042667 0.038
0 0.346 0.511 0.041333 0.035333
0 0.423 0.489333 0.043333 0.048
0 0.337 0.582667 0.039333 0.041333
0 0.337333 0.542333 0.038667 0.035333
0 0.537667 0.735333 0.035333 0.038667
0 0.609333 0.5263329999999999 0.042667 0.044667
0 0.608333 0.949 0.038 0.040667
0 0.588667 0.9143330000000001 0.045333 0.036667
0 0.668333 0.939667 0.054 0.043333
0 0.582 0.880667 0.038667 0.028
0 0.494667 0.8376669999999999 0.028 0.026
0 0.601333 0.75 0.036 0.033333
0 0.580667 0.769333 0.033333 0.025333
0 0.721667 0.91 0.047333 0.041333
0 0.829333 0.858333 0.141333 0.119333
0 0.897 0.426667 0.200667 0.145333
0 0.892 0.27233300000000005 0.216 0.23
0 0.853 0.162667 0.202 0.164
0 0.696667 0.09566699999999995 0.154667 0.191333
0 0.356 0.06833299999999998 0.082667 0.102
0 0.312333 0.29633299999999996 0.096667 0.092667
0 0.210333 0.31999999999999995 0.051333 0.049333
0 0.205333 0.234333 0.077333 0.087333
0 0.204333 0.165667 0.052667 0.056667
0 0.188667 0.08766700000000005 0.065333 0.075333
0 0.145 0.07033299999999998 0.044667 0.051333
0 0.201667 0.01966699999999999 0.058 0.039333
0 0.091 0.21199999999999997 0.086 0.08
0 0.085333 0.12966699999999998 0.096 0.083333
0 0.098667 0.05500000000000005 0.052 0.063333
0 0.096667 0.270667 0.044 0.046667
2 0.036 0.42700000000000005 0.070667 0.135333
