3 0.153667 0.155333 0.080667 0.090667
3 0.05666700000000002 0.142667 0.101333 0.101333
3 0.264667 0.152333 0.1 0.082
3 0.39433300000000004 0.176333 0.138 0.146
3 0.268 0.256667 0.109333 0.129333
2 0.170667 0.253667 0.109333 0.123333
2 0.06999999999999995 0.248333 0.1 0.120667
2 0.04566700000000001 0.354 0.082 0.090667
2 0.12566699999999997 0.354667 0.086 0.094667
2 0.215333 0.358667 0.078667 0.086667
2 0.07266700000000004 0.451667 0.1 0.094
3 0.18700000000000006 0.460667 0.122 0.090667
2 0.271 0.571333 0.09 0.089333
2 0.13866699999999998 0.576667 0.16 0.130667
2 0.20599999999999996 0.676 0.128 0.096
2 0.12766699999999997 0.762333 0.147333 0.107333
2 0.17300000000000004 0.870667 0.142 0.176
2 0.05366700000000002 0.845667 0.107333 0.163333
2 0.298667 0.801 0.129333 0.126
2 0.33599999999999997 0.691333 0.101333 0.093333
2 0.369333 0.597667 0.093333 0.094
3 0.653667 0.836333 0.122 0.108667
3 0.5263329999999999 0.834 0.118 0.130667
2 0.405 0.813 0.086 0.075333
2 0.40833299999999995 0.918 0.118 0.129333
2 0.513667 0.945 0.082 0.083333
3 0.6086670000000001 0.941333 0.1 0.109333
2 0.7130000000000001 0.925333 0.080667 0.12
3 0.938667 0.542333 0.104 0.152667
3 0.843 0.826 0.074 0.070667
0 0.638667 0.249 0.424 0.363333
0 0.38233300000000003 0.438667 0.294 0.401333
0 0.64 0.571 0.456 0.448667
2 0.851 0.584333 0.079333 0.123333
0 0.890333 0.633333 0.056667 0.054667
0 0.841333 0.714667 0.076 0.068
3 0.824667 0.927333 0.136 0.145333
3 0.74 0.823333 0.065333 0.092
2 0.055332999999999966 0.969667 0.098667 0.060667
3 0.159667 0.973667 0.092667 0.052667
2 0.29700000000000004 0.917333 0.123333 0.150667
0 0.05500000000000005 0.705333 0.066 0.08
2 0.042332999999999954 0.625 0.084667 0.102
2 0.13833300000000004 0.061 0.134 0.120667
2 0.27533300000000005 0.063333 0.158667 0.125333
