3 0.8446670000000001 0.846333 0.090667 0.080667
3 0.857333 0.943333 0.101333 0.101333
3 0.847667 0.735333 0.082 0.1
3 0.823667 0.605667 0.146 0.138
3 0.743333 0.732 0.129333 0.109333
2 0.746333 0.829333 0.123333 0.109333
2 0.751667 0.93 0.120667 0.1
2 0.646 0.954333 0.090667 0.082
2 0.6453329999999999 0.874333 0.094667 0.086
2 0.6413329999999999 0.784667 0.086667 0.078667
2 0.548333 0.927333 0.094 0.1
3 0.5393330000000001 0.813 0.090667 0.122
2 0.428667 0.729 0.089333 0.09
2 0.42333299999999996 0.861333 0.130667 0.16
2 0.32399999999999995 0.794 0.096 0.128
2 0.23766699999999996 0.872333 0.107333 0.147333
2 0.12933300000000003 0.827 0.176 0.142
2 0.15433300000000005 0.946333 0.163333 0.107333
2 0.19899999999999995 0.701333 0.126 0.129333
2 0.308667 0.664 0.093333 0.101333
2 0.40233300000000005 0.630667 0.094 0.093333
3 0.163667 0.346333 0.108667 0.122
3 0.16600000000000004 0.473667 0.130667 0.118
2 0.18700000000000006 0.595 0.075333 0.086
2 0.08199999999999996 0.591667 0.129333 0.118
2 0.05500000000000005 0.486333 0.083333 0.082
3 0.058667000000000025 0.391333 0.109333 0.1
2 0.07466700000000004 0.287 0.12 0.080667
3 0.45766700000000005 0.061333 0.152667 0.104
3 0.17400000000000004 0.157 0.070667 0.074
0 0.751 0.361333 0.363333 0.424
0 0.5613330000000001 0.617667 0.401333 0.294
0 0.42900000000000005 0.36 0.448667 0.456
2 0.415667 0.149 0.123333 0.079333
0 0.36666699999999997 0.109667 0.054667 0.056667
0 0.28533299999999995 0.158667 0.068 0.076
3 0.07266700000000004 0.175333 0.145333 0.136
3 0.17666700000000002 0.26 0.092 0.065333
2 0.030333000000000054 0.944667 0.060667 0.098667
3 0.02633300000000005 0.840333 0.052667 0.092667
2 0.08266700000000005 0.703 0.150667 0.123333
0 0.294667 0.945 0.08 0.066
2 0.375 0.957667 0.102 0.084667
2 0.9390000000000001 0.861667 0.120667 0.134
2 0.936667 0.724667 0.125333 0.158667
