3 0.911 0.148667 0.086 0.090667
2 0.832 0.218667 0.104 0.108
3 0.736667 0.111 0.101333 0.09
2 0.644 0.117 0.097333 0.118
2 0.561667 0.112333 0.082 0.11
2 0.485 0.087 0.11 0.142
2 0.376667 0.117 0.101333 0.115333
2 0.271 0.083333 0.09 0.114667
2 0.154667 0.072 0.137333 0.129333
2 0.05266700000000002 0.057 0.1 0.102
2 0.08566700000000005 0.171667 0.155333 0.119333
2 0.261 0.181667 0.147333 0.118
2 0.430667 0.203667 0.134667 0.124667
2 0.56 0.214 0.126667 0.112
2 0.896 0.438 0.073333 0.072
3 0.8200000000000001 0.427 0.070667 0.086
2 0.74 0.425 0.092 0.092667
2 0.6643330000000001 0.429333 0.040667 0.068
3 0.6990000000000001 0.329667 0.076667 0.083333
3 0.6206670000000001 0.324 0.072 0.1
2 0.592667 0.425 0.092 0.102
2 0.5413330000000001 0.314667 0.102667 0.108
2 0.43866700000000003 0.315333 0.102667 0.096
2 0.48366699999999996 0.428667 0.120667 0.136
2 0.38533300000000004 0.416 0.098667 0.130667
2 0.32499999999999996 0.302333 0.115333 0.122
2 0.21266700000000005 0.295333 0.106667 0.108
2 0.18866700000000003 0.409 0.136 0.114
2 0.09866699999999995 0.288333 0.134667 0.119333
2 0.08566700000000005 0.393667 0.083333 0.072667
2 0.09199999999999997 0.490333 0.114667 0.123333
2 0.17400000000000004 0.510667 0.088 0.097333
2 0.274667 0.529333 0.113333 0.124
2 0.23366699999999996 0.607667 0.064667 0.044667
2 0.394 0.541 0.122667 0.106
3 0.901667 0.527333 0.082 0.1
3 0.829 0.524333 0.078 0.100667
2 0.759333 0.530667 0.1 0.101333
2 0.6639999999999999 0.513333 0.106667 0.102667
2 0.554333 0.544333 0.115333 0.115333
2 0.432667 0.616667 0.130667 0.093333
2 0.501667 0.690333 0.115333 0.128667
3 0.515667 0.809667 0.107333 0.11
2 0.646333 0.929333 0.082 0.134667
2 0.722667 0.914 0.076 0.142667
3 0.806333 0.915333 0.088667 0.134667
2 0.891333 0.798667 0.110667 0.14
3 0.754333 0.703333 0.126 0.094667
2 0.7376670000000001 0.615333 0.079333 0.070667
2 0.6579999999999999 0.627667 0.108 0.112667
2 0.794 0.799333 0.077333 0.094667
2 0.635667 0.808667 0.103333 0.101333
2 0.5449999999999999 0.936333 0.118 0.120667
2 0.39333300000000004 0.801667 0.124 0.146
2 0.388667 0.682667 0.074667 0.102667
2 0.31566700000000003 0.679333 0.095333 0.126667
2 0.234333 0.697 0.07 0.118
2 0.14633300000000005 0.694333 0.123333 0.143333
2 0.13766699999999998 0.895333 0.120667 0.161333
2 0.235 0.896667 0.102 0.128
2 0.28933299999999995 0.807667 0.090667 0.108667
2 0.399 0.930667 0.128667 0.121333
3 0.31366700000000003 0.900333 0.052667 0.048667
2 0.29833299999999996 0.416 0.09 0.113333
2 0.932333 0.087667 0.127333 0.116667
2 0.9319999999999999 0.339333 0.134667 0.134667
2 0.842667 0.34 0.061333 0.074667
2 0.901667 0.252333 0.07 0.078
2 0.724667 0.205667 0.112 0.102
2 0.9646669999999999 0.440667 0.06 0.056
2 0.919333 0.630333 0.082667 0.094
2 0.879333 0.678 0.097333 0.088
2 0.053332999999999964 0.690667 0.106667 0.138667
2 0.08266700000000005 0.801333 0.165333 0.138667
2 0.05266700000000002 0.907333 0.105333 0.102667
3 0.275667 0.965667 0.114 0.068667
2 0.7196670000000001 0.804 0.064667 0.078667
2 0.963667 0.796333 0.062 0.080667
3 0.931333 0.910333 0.136 0.139333
