2 0.138333 0.098333 0.142 0.128667
2 0.270667 0.085667 0.14 0.120667
2 0.464667 0.099 0.086667 0.083333
2 0.481333 0.196667 0.12 0.134667
2 0.594667 0.155333 0.134667 0.168
2 0.692333 0.072 0.091333 0.098667
2 0.767333 0.106 0.161333 0.158667
2 0.752667 0.235333 0.14 0.136
2 0.901 0.195333 0.171333 0.226667
3 0.469 0.373333 0.116667 0.114667
2 0.461 0.462333 0.107333 0.09
2 0.453 0.551667 0.118 0.111333
0 0.374667 0.469 0.066667 0.084667
3 0.360333 0.561667 0.088667 0.078
2 0.368333 0.640667 0.082 0.084
2 0.465333 0.642 0.101333 0.074667
2 0.444333 0.735667 0.148667 0.126
3 0.458333 0.892 0.102 0.105333
2 0.308333 0.881667 0.087333 0.135333
3 0.378667 0.905667 0.058667 0.102
3 0.440333 0.820333 0.138 0.054
2 0.576333 0.786667 0.115333 0.136
2 0.587667 0.918333 0.112667 0.116667
2 0.694 0.922 0.130667 0.129333
2 0.860333 0.941333 0.124667 0.093333
2 0.837667 0.850333 0.120667 0.086
2 0.866 0.763667 0.172 0.120667
2 0.688667 0.813 0.132 0.094
2 0.657 0.710333 0.138 0.116667
3 0.761333 0.706 0.098667 0.102667
2 0.878 0.651667 0.134667 0.119333
2 0.763333 0.605333 0.1 0.093333
2 0.677 0.597 0.075333 0.104667
2 0.573 0.601667 0.127333 0.142
2 0.584 0.302333 0.18 0.146
2 0.573667 0.391333 0.118 0.085333
2 0.571667 0.478667 0.119333 0.106667
2 0.682667 0.472333 0.092 0.152667
2 0.878667 0.530333 0.133333 0.128667
3 0.767333 0.393667 0.086667 0.086
2 0.772 0.49 0.101333 0.118667
2 0.875667 0.365667 0.144667 0.175333
2 0.15 0.215667 0.142667 0.127333
2 0.254 0.206 0.104 0.102667
2 0.354333 0.189667 0.126 0.115333
3 0.368667 0.283667 0.105333 0.096667
2 0.258333 0.282333 0.118 0.075333
2 0.061667 0.369333 0.091333 0.065333
2 0.148667 0.335667 0.098667 0.115333
2 0.302333 0.361333 0.183333 0.102667
2 0.166 0.435667 0.094667 0.09
2 0.075667 0.587 0.139333 0.118
2 0.085333 0.688 0.125333 0.092
2 0.202 0.536333 0.169333 0.119333
2 0.275667 0.462333 0.13 0.123333
2 0.208667 0.636333 0.134667 0.086
2 0.195667 0.726 0.120667 0.101333
2 0.309 0.73 0.116667 0.134667
2 0.206333 0.816333 0.116667 0.087333
2 0.095667 0.859667 0.120667 0.120667
2 0.199333 0.908 0.116 0.112
2 0.069333 0.256333 0.137333 0.162
2 0.064 0.468333 0.126667 0.132667
2 0.311333 0.615 0.06 0.052667
0 0.323 0.961 0.067333 0.059333
2 0.475667 0.961 0.112667 0.078
2 0.948 0.915333 0.104 0.125333
3 0.949 0.827 0.102 0.108667
2 0.960333 0.61 0.079333 0.109333
2 0.962333 0.505667 0.075333 0.091333
0 0.691 0.347667 0.072667 0.076667
