2 0.745333 0.867333 0.144 0.156
2 0.6413329999999999 0.865333 0.097333 0.118667
2 0.5283329999999999 0.856333 0.120667 0.139333
2 0.42533299999999996 0.941667 0.118667 0.112667
2 0.139 0.625 0.123333 0.138
2 0.047667000000000015 0.657 0.092667 0.135333
2 0.07966700000000004 0.785333 0.084667 0.066667
2 0.848 0.798 0.061333 0.056
2 0.832333 0.635667 0.138 0.116667
2 0.718333 0.609667 0.135333 0.112667
2 0.606333 0.578 0.088667 0.101333
2 0.501 0.563333 0.127333 0.144
2 0.874667 0.538333 0.141333 0.114
2 0.926 0.464 0.128 0.106667
2 0.8280000000000001 0.413667 0.112 0.112667
2 0.747333 0.503333 0.126667 0.1
2 0.901667 0.124667 0.128667 0.166667
1 0.822667 0.209 0.126667 0.127333
2 0.761 0.297333 0.186 0.132
2 0.711333 0.4 0.145333 0.157333
1 0.573 0.466 0.111333 0.1
2 0.602333 0.360333 0.122 0.119333
2 0.656333 0.071667 0.111333 0.124667
2 0.504 0.133333 0.172 0.173333
2 0.37 0.110667 0.096 0.094667
2 0.48766699999999996 0.282667 0.140667 0.164
2 0.45466700000000004 0.408333 0.126667 0.115333
2 0.37 0.218 0.101333 0.126667
2 0.786333 0.105 0.128667 0.15
2 0.314333 0.388 0.156667 0.164
2 0.383 0.3 0.083333 0.090667
2 0.28733299999999995 0.245333 0.1 0.128
2 0.19199999999999995 0.227 0.101333 0.139333
2 0.19666700000000004 0.343333 0.108 0.098667
2 0.142667 0.436333 0.102667 0.120667
2 0.08566700000000005 0.328333 0.116667 0.108667
2 0.10599999999999998 0.221 0.090667 0.120667
2 0.05800000000000005 0.145667 0.1 0.11
2 0.933333 0.349667 0.132 0.178
2 0.946667 0.637 0.105333 0.126
0 0.65 0.158333 0.112 0.103333
0 0.568667 0.171333 0.082667 0.084
0 0.581333 0.257 0.106667 0.095333
2 0.564667 0.052667 0.137333 0.104
0 0.27633300000000005 0.137333 0.071333 0.081333
0 0.210333 0.124 0.079333 0.101333
2 0.03833299999999995 0.243 0.076667 0.099333
2 0.25633300000000003 0.543 0.058 0.039333
0 0.026000000000000023 0.578667 0.052 0.06
0 0.039000000000000035 0.743667 0.05 0.047333
0 0.14900000000000002 0.879333 0.044667 0.036
3 0.10299999999999998 0.957333 0.112667 0.085333
0 0.436667 0.733333 0.114667 0.094667
2 0.531667 0.963 0.103333 0.074
3 0.646667 0.961333 0.069333 0.050667
0 0.644 0.729667 0.042667 0.044667
0 0.6930000000000001 0.711333 0.056667 0.070667
2 0.6106670000000001 0.642 0.034667 0.038667
0 0.788333 0.736333 0.15 0.112667
0 0.7703329999999999 0.954 0.059333 0.053333
0 0.6986669999999999 0.787 0.062667 0.054
0 0.867333 0.838667 0.082667 0.066667
2 0.946333 0.914667 0.106 0.153333
