2 0.955 0.8336669999999999 0.080667 0.107333
2 0.869333 0.838667 0.109333 0.158667
2 0.7933330000000001 0.873 0.098667 0.116667
2 0.6799999999999999 0.867 0.138667 0.11
2 0.5413330000000001 0.854 0.132 0.133333
2 0.6743330000000001 0.765 0.127333 0.142
2 0.786667 0.767 0.105333 0.098
2 0.867 0.7150000000000001 0.116667 0.094
2 0.929667 0.673333 0.091333 0.094667
2 0.8586670000000001 0.535667 0.133333 0.147333
2 0.924 0.42600000000000005 0.130667 0.089333
2 0.815333 0.635667 0.093333 0.080667
2 0.740333 0.673333 0.095333 0.094667
2 0.45499999999999996 0.755 0.144667 0.111333
2 0.578333 0.7130000000000001 0.142 0.118
2 0.43600000000000005 0.663333 0.196 0.125333
2 0.46366700000000005 0.579 0.187333 0.119333
2 0.6186670000000001 0.597667 0.128 0.118
2 0.723 0.585 0.106 0.098
2 0.752 0.476 0.113333 0.105333
3 0.657667 0.5023329999999999 0.088667 0.091333
2 0.634667 0.390667 0.118667 0.121333
2 0.525667 0.40700000000000003 0.096667 0.120667
2 0.45566700000000004 0.466333 0.11 0.114
2 0.377667 0.498 0.056667 0.102667
2 0.30500000000000005 0.450333 0.122 0.140667
2 0.398667 0.365 0.109333 0.091333
2 0.5876669999999999 0.287667 0.09 0.092667
2 0.501333 0.24466699999999997 0.096 0.126667
2 0.41533299999999995 0.258667 0.078667 0.096
2 0.30833299999999997 0.287667 0.126 0.118
2 0.300667 0.19133299999999998 0.150667 0.089333
3 0.41733299999999995 0.165667 0.074667 0.087333
2 0.28933299999999995 0.10399999999999998 0.133333 0.1
3 0.595333 0.13066699999999998 0.105333 0.14
2 0.507333 0.13966699999999999 0.097333 0.088667
2 0.761 0.07999999999999996 0.115333 0.105333
2 0.866667 0.05400000000000005 0.104 0.097333
2 0.881667 0.147667 0.079333 0.079333
2 0.963333 0.135 0.072 0.086
3 0.858333 0.255667 0.064667 0.084667
3 0.7743329999999999 0.20466700000000004 0.111333 0.14
2 0.14100000000000001 0.18500000000000005 0.119333 0.11
2 0.07166700000000004 0.11533300000000002 0.108667 0.098667
2 0.168667 0.302667 0.12 0.1
2 0.17700000000000005 0.599 0.188667 0.128667
2 0.132 0.49 0.204 0.136
2 0.09299999999999997 0.392 0.076667 0.070667
2 0.18066700000000002 0.785667 0.14 0.160667
2 0.123 0.887333 0.147333 0.102667
2 0.302667 0.875333 0.173333 0.181333
2 0.903 0.945667 0.168667 0.107333
2 0.9339999999999999 0.5303329999999999 0.126667 0.159333
0 0.805667 0.470333 0.040667 0.047333
0 0.8220000000000001 0.35266699999999995 0.098667 0.106667
0 0.914667 0.364 0.074667 0.052
2 0.9103330000000001 0.32066700000000004 0.091333 0.066667
2 0.71 0.362 0.042667 0.057333
0 0.924333 0.261 0.063333 0.075333
3 0.978333 0.31699999999999995 0.034 0.032667
2 0.955333 0.049000000000000044 0.086667 0.098
0 0.693667 0.18100000000000005 0.042 0.07
0 0.653667 0.17833299999999996 0.034 0.051333
2 0.675667 0.11833300000000002 0.05 0.05
2 0.659333 0.044332999999999956 0.098667 0.088667
2 0.569 0.036667000000000005 0.111333 0.073333
2 0.463333 0.04300000000000004 0.042667 0.055333
0 0.45266700000000004 0.12333300000000003 0.036 0.046667
0 0.406 0.09199999999999997 0.044 0.048
2 0.353 0.04400000000000004 0.051333 0.048
2 0.292667 0.029333000000000053 0.050667 0.046667
0 0.19766700000000004 0.10433300000000001 0.064667 0.09
2 0.06166700000000003 0.04166700000000001 0.122 0.083333
0 0.038000000000000034 0.22166699999999995 0.076 0.116667
0 0.354333 0.6966669999999999 0.068667 0.088
0 0.384 0.7969999999999999 0.058667 0.074
0 0.27033300000000005 0.694333 0.103333 0.119333
2 0.07433299999999998 0.791 0.148667 0.172667
2 0.15333300000000005 0.952667 0.108 0.093333
