2 0.894333 0.140667 0.176667 0.149333
2 0.705333 0.065667 0.096 0.116667
2 0.759667 0.139333 0.115333 0.092
2 0.914667 0.278333 0.110667 0.108667
2 0.830667 0.249667 0.096 0.102
2 0.752 0.224667 0.1 0.081333
2 0.7396670000000001 0.304333 0.106 0.116667
2 0.627 0.247333 0.136667 0.133333
2 0.606333 0.110667 0.114 0.126667
2 0.5493330000000001 0.036667 0.092 0.066667
2 0.23666699999999996 0.114333 0.130667 0.136667
2 0.416667 0.226667 0.081333 0.077333
2 0.85 0.376667 0.106667 0.1
2 0.757 0.409 0.082 0.080667
2 0.6910000000000001 0.442667 0.063333 0.06
2 0.606 0.436667 0.105333 0.097333
2 0.06266700000000003 0.205667 0.073333 0.083333
2 0.394667 0.333667 0.068 0.07
2 0.37266699999999997 0.446333 0.146667 0.159333
3 0.265667 0.441667 0.080667 0.084667
3 0.21399999999999997 0.503333 0.065333 0.066667
3 0.11666699999999997 0.500333 0.112 0.091333
2 0.06233299999999997 0.607333 0.11 0.125333
2 0.18533299999999997 0.615 0.133333 0.135333
2 0.386 0.644333 0.142667 0.146
2 0.881 0.480333 0.083333 0.087333
2 0.902 0.579333 0.129333 0.106667
2 0.924333 0.671333 0.091333 0.074667
2 0.877 0.751 0.119333 0.143333
2 0.747333 0.728 0.126667 0.169333
2 0.789667 0.639 0.111333 0.086
2 0.773 0.531 0.094 0.083333
3 0.717333 0.612 0.082667 0.093333
3 0.536 0.563667 0.065333 0.076667
2 0.626333 0.529333 0.102 0.102667
2 0.600333 0.609 0.060667 0.047333
2 0.847333 0.871333 0.101333 0.094667
2 0.75 0.861333 0.101333 0.102667
2 0.644333 0.730333 0.082 0.095333
2 0.516667 0.724 0.112 0.117333
2 0.641667 0.826 0.112667 0.096
2 0.665333 0.922667 0.106667 0.102667
2 0.33099999999999996 0.843 0.122 0.151333
2 0.24433300000000002 0.930333 0.138 0.11
2 0.15233300000000005 0.922 0.080667 0.096
3 0.06433299999999997 0.794333 0.086 0.076667
3 0.15200000000000002 0.804333 0.053333 0.055333
3 0.128 0.72 0.062667 0.069333
2 0.782667 0.951667 0.105333 0.096667
1 0.8140000000000001 0.051333 0.161333 0.101333
2 0.43400000000000005 0.063 0.137333 0.124667
0 0.5986670000000001 0.358 0.069333 0.068
0 0.686667 0.349667 0.064 0.063333
0 0.517 0.411667 0.051333 0.047333
2 0.960667 0.461667 0.077333 0.107333
0 0.481333 0.548 0.046667 0.050667
0 0.935 0.896667 0.078 0.053333
0 0.982333 0.915667 0.034 0.064667
2 0.48 0.925333 0.149333 0.149333
2 0.354 0.935667 0.14 0.128667
2 0.05233299999999996 0.906333 0.104667 0.148667
3 0.307667 0.719667 0.056667 0.046
0 0.06233299999999997 0.405667 0.067333 0.064667
3 0.026000000000000023 0.502667 0.052 0.073333
0 0.141667 0.170667 0.084667 0.097333
