2 0.903667 0.865667 0.111333 0.126
2 0.788 0.883667 0.130667 0.128667
2 0.6819999999999999 0.878 0.093333 0.088
2 0.7 0.7783329999999999 0.134667 0.112667
2 0.8109999999999999 0.7893330000000001 0.095333 0.098667
2 0.906333 0.758 0.106 0.077333
2 0.945 0.678667 0.094 0.105333
2 0.854333 0.681333 0.087333 0.097333
2 0.764 0.701333 0.098667 0.1
2 0.768 0.598 0.121333 0.102667
2 0.659667 0.683 0.107333 0.116667
2 0.595667 0.7663329999999999 0.082 0.086
2 0.5736669999999999 0.853 0.082 0.082
2 0.55 0.937667 0.062667 0.082
2 0.645667 0.955 0.040667 0.044667
2 0.46799999999999997 0.950333 0.085333 0.09
2 0.47866699999999995 0.866333 0.097333 0.078
2 0.481 0.776667 0.088667 0.109333
2 0.373333 0.779 0.070667 0.078
2 0.395 0.860667 0.072667 0.061333
2 0.273667 0.785667 0.087333 0.091333
2 0.266 0.944333 0.069333 0.080667
2 0.06999999999999995 0.7170000000000001 0.1 0.128667
2 0.057667000000000024 0.831 0.108667 0.112667
2 0.21399999999999997 0.697333 0.126667 0.132
2 0.12166699999999997 0.589 0.124667 0.112667
2 0.20766700000000005 0.6086670000000001 0.042 0.042667
2 0.563333 0.6703330000000001 0.092 0.086
2 0.669 0.589333 0.083333 0.073333
2 0.572667 0.577333 0.102667 0.089333
2 0.453333 0.595 0.110667 0.118
2 0.365333 0.586333 0.073333 0.076667
2 0.279667 0.5553330000000001 0.086 0.097333
2 0.10633300000000001 0.489 0.078 0.082
2 0.405667 0.512 0.046 0.058667
2 0.35 0.504 0.062667 0.097333
2 0.329333 0.42533299999999996 0.070667 0.073333
2 0.266667 0.45999999999999996 0.112 0.124
2 0.14800000000000002 0.42933299999999996 0.141333 0.16
2 0.307667 0.272 0.106 0.125333
2 0.18233299999999997 0.27433300000000005 0.15 0.15
2 0.502 0.485 0.08 0.068667
2 0.45999999999999996 0.41333299999999995 0.065333 0.061333
2 0.515 0.34266700000000005 0.087333 0.089333
2 0.41100000000000003 0.34066700000000005 0.104667 0.098667
2 0.398667 0.253 0.088 0.084667
2 0.34166700000000005 0.16200000000000003 0.146 0.102667
2 0.35 0.06466700000000003 0.081333 0.1
2 0.470333 0.07599999999999996 0.088667 0.086667
2 0.514667 0.133 0.092 0.096667
2 0.576333 0.22599999999999998 0.084667 0.069333
2 0.621 0.129 0.084667 0.080667
2 0.586667 0.05600000000000005 0.061333 0.070667
2 0.6910000000000001 0.05800000000000005 0.096667 0.094667
2 0.800667 0.15033300000000005 0.092 0.082
2 0.812 0.04833299999999996 0.1 0.083333
2 0.875 0.11166699999999996 0.054 0.048667
2 0.687 0.30800000000000005 0.114 0.125333
2 0.602 0.31999999999999995 0.058667 0.062667
2 0.623 0.42400000000000004 0.055333 0.045333
2 0.607 0.37833300000000003 0.054 0.048667
2 0.725 0.42200000000000004 0.035333 0.038667
2 0.687333 0.45299999999999996 0.029333 0.040667
2 0.645 0.483 0.094 0.094
2 0.7416670000000001 0.5023329999999999 0.076667 0.072667
2 0.836667 0.22666699999999995 0.1 0.081333
2 0.896667 0.32199999999999995 0.125333 0.105333
2 0.784 0.31566700000000003 0.089333 0.115333
2 0.907 0.421667 0.115333 0.078
2 0.834667 0.483 0.114667 0.160667
2 0.257 0.06933299999999998 0.087333 0.1
2 0.15233300000000005 0.093333 0.147333 0.178667
2 0.058667000000000025 0.092333 0.117333 0.167333
2 0.516 0.03300000000000003 0.064 0.060667
2 0.703333 0.12766699999999997 0.056 0.047333
2 0.956667 0.946333 0.085333 0.106
2 0.865667 0.951333 0.122 0.094667
0 0.31966700000000003 0.865667 0.063333 0.079333
0 0.964 0.821667 0.070667 0.076667
0 0.317333 0.646333 0.064 0.055333
0 0.9646669999999999 0.600333 0.064 0.058
2 0.929667 0.521667 0.139333 0.156667
2 0.976333 0.31799999999999995 0.044667 0.081333
2 0.956667 0.22966699999999995 0.085333 0.094
0 0.558 0.28333299999999995 0.053333 0.058667
2 0.896333 0.14900000000000002 0.059333 0.054
2 0.914 0.05300000000000005 0.110667 0.106
2 0.493333 0.231333 0.038667 0.048
2 0.6513329999999999 0.256667 0.045333 0.046667
0 0.415667 0.05466700000000002 0.054 0.054667
0 0.46566700000000005 0.18333299999999997 0.048667 0.049333
0 0.572333 0.17200000000000004 0.071333 0.045333
0 0.32499999999999996 0.377667 0.043333 0.044667
2 0.06299999999999994 0.557667 0.052667 0.062
3 0.08033299999999999 0.663 0.066 0.05
0 0.05466700000000002 0.6206670000000001 0.044 0.053333
0 0.22866699999999995 0.844333 0.097333 0.100667
3 0.18066700000000002 0.892667 0.042667 0.056
3 0.06699999999999995 0.942333 0.123333 0.106
2 0.37166699999999997 0.958333 0.091333 0.082
2 0.29833299999999996 0.9696670000000001 0.066 0.059333
