3 0.863333 0.126333 0.136 0.154
2 0.756333 0.154 0.075333 0.090667
2 0.775333 0.051333 0.136 0.101333
2 0.65 0.078333 0.106667 0.144667
2 0.5473330000000001 0.083667 0.090667 0.142
2 0.43333299999999997 0.080333 0.101333 0.154
2 0.27133300000000005 0.169667 0.133333 0.111333
2 0.148667 0.158667 0.096 0.092
2 0.04700000000000004 0.142 0.087333 0.094667
3 0.10933300000000001 0.256 0.133333 0.102667
2 0.328333 0.245333 0.127333 0.106667
3 0.22566699999999995 0.266 0.066 0.066667
3 0.538667 0.207333 0.129333 0.1
3 0.677333 0.207667 0.136 0.111333
2 0.7723329999999999 0.261333 0.112667 0.094667
2 0.874333 0.299 0.094 0.099333
3 0.784667 0.343333 0.104 0.102667
3 0.657667 0.298333 0.106 0.098
3 0.540667 0.306 0.130667 0.128
2 0.699667 0.393333 0.115333 0.1
3 0.588667 0.416333 0.073333 0.082
3 0.43766700000000003 0.316333 0.079333 0.104667
2 0.488 0.419667 0.105333 0.111333
0 0.391667 0.432333 0.079333 0.114
2 0.33866700000000005 0.356 0.104 0.113333
2 0.21399999999999997 0.361 0.129333 0.115333
2 0.09099999999999997 0.367667 0.119333 0.123333
2 0.12766699999999997 0.480333 0.09 0.115333
2 0.050000000000000044 0.484 0.068 0.1
2 0.259 0.47 0.139333 0.102667
2 0.29033299999999995 0.587333 0.146 0.14
2 0.15633300000000006 0.610667 0.152667 0.134667
3 0.365333 0.65 0.101333 0.101333
3 0.402667 0.761333 0.112 0.102667
3 0.458333 0.880667 0.104667 0.1
2 0.33666700000000005 0.890667 0.133333 0.146667
2 0.28400000000000003 0.781 0.108 0.122
2 0.17966700000000002 0.797333 0.108667 0.166667
2 0.06499999999999995 0.751 0.112667 0.128667
2 0.10333300000000001 0.885 0.133333 0.127333
3 0.656 0.856667 0.102667 0.114667
3 0.560333 0.882333 0.106 0.116667
2 0.5389999999999999 0.772 0.126 0.124
3 0.479 0.661 0.123333 0.11
0 0.593 0.635 0.09 0.083333
2 0.642667 0.729 0.133333 0.159333
0 0.736 0.754667 0.068 0.092
2 0.763667 0.856667 0.115333 0.109333
2 0.916 0.927333 0.1 0.090667
2 0.873333 0.831667 0.101333 0.092667
2 0.871 0.725667 0.148667 0.114
2 0.764 0.633667 0.126667 0.142
3 0.935667 0.516333 0.114 0.087333
3 0.912667 0.435667 0.098667 0.076667
3 0.825 0.498333 0.09 0.115333
3 0.727333 0.508667 0.1 0.12
3 0.63 0.515333 0.094667 0.133333
2 0.507667 0.530333 0.155333 0.123333
3 0.860333 0.616333 0.058 0.092667
2 0.947333 0.635667 0.093333 0.126
2 0.939333 0.181333 0.12 0.153333
2 0.30533299999999997 0.069333 0.146667 0.137333
2 0.957 0.838 0.084667 0.146667
2 0.806333 0.932667 0.179333 0.134667
2 0.097333 0.963 0.097333 0.074
2 0.05033299999999996 0.637333 0.100667 0.146667
2 0.11433300000000002 0.053667 0.146 0.106
