2 0.13266699999999998 0.745333 0.156 0.144
2 0.13466699999999998 0.6413329999999999 0.118667 0.097333
2 0.143667 0.5283329999999999 0.139333 0.120667
2 0.05833299999999997 0.42533299999999996 0.112667 0.118667
2 0.375 0.139 0.138 0.123333
2 0.34299999999999997 0.047667000000000015 0.135333 0.092667
2 0.21466700000000005 0.07966700000000004 0.066667 0.084667
2 0.20199999999999996 0.848 0.056 0.061333
2 0.364333 0.832333 0.116667 0.138
2 0.39033300000000004 0.718333 0.112667 0.135333
2 0.42200000000000004 0.606333 0.101333 0.088667
2 0.436667 0.501 0.144 0.127333
2 0.46166700000000005 0.874667 0.114 0.141333
2 0.536 0.926 0.106667 0.128
2 0.586333 0.8280000000000001 0.112667 0.112
2 0.49666699999999997 0.747333 0.1 0.126667
2 0.875333 0.901667 0.166667 0.128667
1 0.791 0.822667 0.127333 0.126667
2 0.7026669999999999 0.761 0.132 0.186
2 0.6 0.711333 0.157333 0.145333
1 0.534 0.573 0.1 0.111333
2 0.639667 0.602333 0.119333 0.122
2 0.928333 0.656333 0.124667 0.111333
2 0.866667 0.504 0.173333 0.172
2 0.889333 0.37 0.094667 0.096
2 0.717333 0.48766699999999996 0.164 0.140667
2 0.5916669999999999 0.45466700000000004 0.115333 0.126667
2 0.782 0.37 0.126667 0.101333
2 0.895 0.786333 0.15 0.128667
2 0.612 0.314333 0.164 0.156667
2 0.7 0.383 0.090667 0.083333
2 0.754667 0.28733299999999995 0.128 0.1
2 0.773 0.19199999999999995 0.139333 0.101333
2 0.656667 0.19666700000000004 0.098667 0.108
2 0.5636669999999999 0.142667 0.120667 0.102667
2 0.671667 0.08566700000000005 0.108667 0.116667
2 0.779 0.10599999999999998 0.120667 0.090667
2 0.854333 0.05800000000000005 0.11 0.1
2 0.650333 0.933333 0.178 0.132
2 0.363 0.946667 0.126 0.105333
0 0.8416669999999999 0.65 0.103333 0.112
0 0.828667 0.568667 0.084 0.082667
0 0.743 0.581333 0.095333 0.106667
2 0.947333 0.564667 0.104 0.137333
0 0.862667 0.27633300000000005 0.081333 0.071333
0 0.876 0.210333 0.101333 0.079333
2 0.757 0.03833299999999995 0.099333 0.076667
2 0.45699999999999996 0.25633300000000003 0.039333 0.058
0 0.42133299999999996 0.026000000000000023 0.06 0.052
0 0.25633300000000003 0.039000000000000035 0.047333 0.05
0 0.12066699999999997 0.14900000000000002 0.036 0.044667
3 0.04266700000000001 0.10299999999999998 0.085333 0.112667
0 0.266667 0.436667 0.094667 0.114667
2 0.03700000000000003 0.531667 0.074 0.103333
3 0.03866700000000001 0.646667 0.050667 0.069333
0 0.27033300000000005 0.644 0.044667 0.042667
0 0.288667 0.6930000000000001 0.070667 0.056667
2 0.358 0.6106670000000001 0.038667 0.034667
0 0.263667 0.788333 0.112667 0.15
0 0.04600000000000004 0.7703329999999999 0.053333 0.059333
0 0.21299999999999997 0.6986669999999999 0.054 0.062667
0 0.16133299999999995 0.867333 0.066667 0.082667
2 0.08533299999999999 0.946333 0.153333 0.106
