2 0.890667 0.078333 0.106667 0.116667
2 0.922667 0.182 0.124 0.126667
2 0.925667 0.268 0.116667 0.104
3 0.882333 0.371 0.151333 0.146
2 0.76 0.305333 0.134667 0.132
2 0.776 0.422333 0.146667 0.11
2 0.919 0.514667 0.122 0.122667
2 0.814333 0.523 0.143333 0.111333
2 0.868333 0.619 0.204667 0.119333
2 0.876667 0.721 0.148 0.112667
2 0.921 0.899333 0.148667 0.156
2 0.8009999999999999 0.779667 0.17 0.155333
2 0.826667 0.882667 0.098667 0.092
2 0.7196670000000001 0.853667 0.162 0.178
2 0.6843330000000001 0.576333 0.091333 0.092667
2 0.6619999999999999 0.482667 0.072 0.08
2 0.676667 0.367333 0.090667 0.102667
2 0.637 0.287667 0.080667 0.084667
2 0.640667 0.169667 0.14 0.143333
2 0.517667 0.143333 0.142 0.168
2 0.5349999999999999 0.280333 0.126 0.112667
2 0.5613330000000001 0.402667 0.14 0.16
2 0.582333 0.603 0.195333 0.215333
2 0.587 0.874333 0.124667 0.167333
2 0.531667 0.778 0.214 0.168
2 0.482 0.671333 0.101333 0.128
2 0.37933300000000003 0.921667 0.132 0.155333
1 0.401 0.738333 0.119333 0.144667
2 0.387 0.605667 0.144667 0.123333
2 0.327333 0.795333 0.133333 0.133333
2 0.20999999999999996 0.802333 0.114667 0.155333
2 0.279 0.686667 0.126 0.129333
1 0.278 0.572333 0.14 0.107333
2 0.27033300000000005 0.484 0.15 0.113333
2 0.46066700000000005 0.459 0.213333 0.219333
2 0.413667 0.251333 0.122 0.134667
2 0.41633299999999995 0.135 0.083333 0.087333
2 0.30933299999999997 0.139667 0.125333 0.186
2 0.204333 0.089333 0.092667 0.1
2 0.21699999999999997 0.196333 0.140667 0.15
2 0.223333 0.293 0.122667 0.112667
2 0.35166699999999995 0.325667 0.143333 0.172667
2 0.100333 0.077 0.104667 0.106
2 0.10366699999999995 0.189 0.116667 0.151333
2 0.255 0.38 0.158 0.130667
2 0.24666699999999997 0.930333 0.156 0.139333
2 0.141667 0.879 0.118 0.151333
2 0.11066699999999996 0.771 0.105333 0.11
2 0.10933300000000001 0.653333 0.161333 0.158667
2 0.08999999999999997 0.529333 0.141333 0.104
2 0.13066699999999998 0.382667 0.14 0.192
2 0.81 0.111333 0.108 0.129333
0 0.838667 0.234 0.096 0.076
0 0.667333 0.076333 0.058667 0.05
0 0.761333 0.219667 0.025333 0.023333
3 0.960333 0.398333 0.078 0.132667
3 0.956 0.609 0.044 0.062
0 0.744333 0.554 0.036667 0.045333
2 0.21766700000000005 0.657667 0.091333 0.092667
1 0.511 0.044667 0.162 0.088
0 0.18133299999999997 0.51 0.068 0.077333
2 0.06366700000000003 0.434667 0.127333 0.112
2 0.051000000000000045 0.899 0.102 0.140667
2 0.497333 0.925333 0.132 0.149333
0 0.569333 0.964 0.081333 0.061333
