2 0.109667 0.693667 0.146 0.122
2 0.155667 0.922333 0.138 0.116667
2 0.116667 0.806667 0.088 0.093333
2 0.313 0.101667 0.144667 0.124667
2 0.374333 0.187667 0.134 0.144667
2 0.520333 0.077667 0.144667 0.143333
2 0.465333 0.17 0.057333 0.064
1 0.558333 0.179667 0.102 0.094
1 0.632667 0.09 0.1 0.090667
1 0.747 0.122 0.112667 0.101333
1 0.661333 0.174667 0.098667 0.090667
1 0.753667 0.204 0.080667 0.070667
2 0.486 0.271667 0.068 0.084667
2 0.493333 0.358 0.098667 0.098667
2 0.584 0.281667 0.12 0.118
2 0.709667 0.352333 0.182 0.146
2 0.797333 0.418 0.098667 0.104
2 0.915667 0.113 0.168667 0.196667
2 0.836 0.199667 0.090667 0.126
2 0.895333 0.272 0.092 0.088
2 0.879667 0.379 0.114 0.143333
1 0.860333 0.62 0.080667 0.097333
2 0.471333 0.469333 0.128 0.126667
2 0.580667 0.469 0.109333 0.107333
2 0.502 0.537333 0.122667 0.098667
2 0.548667 0.593 0.134667 0.082
2 0.534333 0.681667 0.15 0.112667
2 0.584667 0.801333 0.193333 0.168
2 0.066 0.474333 0.122667 0.116667
2 0.609667 0.909333 0.076667 0.070667
1 0.698667 0.869333 0.132 0.165333
2 0.856333 0.526 0.080667 0.070667
1 0.671333 0.489333 0.061333 0.069333
2 0.262667 0.048 0.121333 0.094667
3 0.42 0.270333 0.065333 0.075333
0 0.136 0.55 0.138667 0.114667
0 0.217 0.827667 0.123333 0.114
0 0.875333 0.839667 0.249333 0.247333
1 0.724333 0.652 0.052667 0.044
2 0.948 0.421333 0.104 0.130667
1 0.964333 0.296667 0.071333 0.085333
1 0.700333 0.248 0.140667 0.101333
2 0.761333 0.054333 0.152 0.107333
