2 0.06833299999999998 0.267 0.136667 0.200667
2 0.19066700000000003 0.223333 0.164 0.172
2 0.336333 0.25633300000000003 0.151333 0.183333
1 0.43300000000000005 0.279667 0.082 0.09
2 0.544333 0.29500000000000004 0.128667 0.154
2 0.6723330000000001 0.30533299999999997 0.140667 0.174667
2 0.7953330000000001 0.33066700000000004 0.130667 0.129333
2 0.688333 0.44199999999999995 0.114 0.098667
2 0.788 0.45799999999999996 0.092 0.092
2 0.892333 0.45166700000000004 0.127333 0.123333
3 0.878333 0.353 0.083333 0.087333
2 0.862 0.558667 0.161333 0.109333
2 0.538 0.5413330000000001 0.102667 0.122667
2 0.43533299999999997 0.539667 0.156 0.119333
2 0.45299999999999996 0.41833299999999995 0.187333 0.148667
2 0.29933299999999996 0.42700000000000005 0.138667 0.148667
2 0.18133299999999997 0.383 0.169333 0.15
3 0.12633300000000003 0.475333 0.138 0.118667
2 0.293667 0.5453330000000001 0.127333 0.092
2 0.45266700000000004 0.6553329999999999 0.137333 0.105333
2 0.31999999999999995 0.6663330000000001 0.130667 0.144667
2 0.12 0.675333 0.166667 0.173333
2 0.141667 0.803667 0.087333 0.083333
2 0.24666699999999997 0.761667 0.128 0.120667
2 0.253667 0.849667 0.114 0.072667
2 0.256 0.937667 0.202667 0.115333
2 0.38333300000000003 0.852333 0.121333 0.124667
2 0.44666700000000004 0.771 0.125333 0.118
3 0.64 0.751667 0.096 0.082
2 0.643 0.644667 0.128667 0.132
2 0.755667 0.654333 0.118 0.159333
2 0.85 0.653667 0.065333 0.083333
2 0.938333 0.758667 0.108667 0.109333
2 0.935333 0.89 0.12 0.128
2 0.775667 0.884333 0.155333 0.136667
2 0.751333 0.7663329999999999 0.118667 0.094
3 0.543667 0.745333 0.078 0.094667
0 0.544333 0.653667 0.059333 0.058
0 0.53 0.805667 0.057333 0.05
2 0.861333 0.754333 0.048 0.060667
0 0.971 0.569 0.056667 0.080667
0 0.750667 0.528667 0.048 0.04
0 0.526 0.16600000000000004 0.056 0.070667
0 0.48166699999999996 0.12 0.046 0.054667
0 0.529667 0.11599999999999999 0.047333 0.045333
0 0.863667 0.15633300000000006 0.071333 0.084667
0 0.900667 0.12333300000000003 0.048 0.050667
0 0.953333 0.11166699999999996 0.041333 0.039333
0 0.19933299999999998 0.038000000000000034 0.084 0.076
0 0.259667 0.06566700000000003 0.075333 0.066
0 0.14600000000000002 0.558 0.058667 0.056
2 0.22166699999999995 0.649667 0.083333 0.094
3 0.33666700000000005 0.755333 0.061333 0.072
