3 0.937333 0.289333 0.068 0.064
3 0.819333 0.32 0.068 0.072
3 0.904333 0.359333 0.076667 0.054667
3 0.927333 0.407333 0.069333 0.056
3 0.843667 0.416333 0.094 0.104667
3 0.736333 0.336 0.087333 0.093333
3 0.679 0.437667 0.118 0.119333
3 0.902 0.491333 0.072 0.070667
3 0.916333 0.563 0.084667 0.080667
2 0.857 0.599 0.038 0.052667
2 0.912667 0.654333 0.093333 0.088667
3 0.8109999999999999 0.500333 0.076667 0.060667
3 0.812333 0.574667 0.09 0.076
3 0.628333 0.274 0.072667 0.058667
2 0.62 0.345667 0.097333 0.076667
3 0.518667 0.349 0.097333 0.086
2 0.571 0.445 0.084667 0.083333
3 0.725 0.575667 0.09 0.086
2 0.624 0.594333 0.102667 0.11
3 0.608 0.522 0.068 0.062667
2 0.500667 0.628333 0.130667 0.108667
3 0.511333 0.526 0.098667 0.096
3 0.395 0.541333 0.108667 0.106667
3 0.34766699999999995 0.46 0.083333 0.092
3 0.24733300000000003 0.471333 0.106667 0.110667
3 0.05066700000000002 0.381667 0.092 0.084667
3 0.05366700000000002 0.474 0.088667 0.092
3 0.19866700000000004 0.557333 0.104 0.08
2 0.08366700000000005 0.550333 0.116667 0.094
3 0.28833299999999995 0.547 0.080667 0.059333
2 0.29700000000000004 0.636333 0.112667 0.108667
2 0.19099999999999995 0.650333 0.103333 0.106
2 0.08599999999999997 0.644 0.112 0.096
2 0.493 0.722667 0.082 0.077333
2 0.5 0.894667 0.118667 0.141333
2 0.403 0.819 0.079333 0.087333
2 0.4 0.728667 0.093333 0.106667
2 0.29600000000000004 0.734667 0.106667 0.101333
3 0.20033299999999998 0.747667 0.083333 0.086
2 0.10199999999999998 0.741333 0.102667 0.106667
2 0.304667 0.832333 0.108 0.094
2 0.212333 0.825333 0.087333 0.089333
2 0.31866700000000003 0.933 0.108 0.120667
2 0.12066699999999997 0.94 0.098667 0.109333
2 0.22199999999999998 0.937 0.104 0.118
2 0.588333 0.792 0.108667 0.092
2 0.5896669999999999 0.699 0.114 0.100667
2 0.7090000000000001 0.692667 0.122 0.129333
2 0.806333 0.737 0.094 0.118
2 0.798 0.846667 0.108 0.101333
2 0.9103330000000001 0.849 0.114 0.108667
1 0.798667 0.940667 0.078667 0.094667
2 0.7050000000000001 0.778 0.083333 0.072
2 0.716 0.867667 0.08 0.104667
2 0.618 0.897 0.118667 0.138
2 0.508667 0.891667 0.132 0.148667
0 0.587 0.088 0.279333 0.174667
0 0.416667 0.217333 0.189333 0.233333
0 0.977 0.429 0.044667 0.075333
3 0.979333 0.489333 0.04 0.048
2 0.873333 0.726667 0.066667 0.078667
2 0.948 0.910333 0.102667 0.119333
2 0.877333 0.945333 0.08 0.102667
2 0.7296670000000001 0.943 0.168667 0.114
0 0.427667 0.879 0.064667 0.068667
2 0.04533299999999996 0.934333 0.090667 0.127333
3 0.12966699999999998 0.822333 0.063333 0.080667
2 0.044332999999999956 0.823667 0.088667 0.111333
2 0.029000000000000026 0.737667 0.058 0.083333
0 0.18000000000000005 0.256 0.36 0.382667
