2 0.922667 0.180667 0.137333 0.126667
2 0.916333 0.290333 0.124667 0.095333
2 0.902333 0.391 0.180667 0.099333
2 0.8260000000000001 0.27 0.113333 0.092
2 0.849 0.067333 0.118 0.128
2 0.818667 0.173667 0.068 0.064667
2 0.921 0.512667 0.148667 0.129333
2 0.792667 0.465667 0.125333 0.131333
2 0.819 0.584667 0.124667 0.106667
2 0.878 0.777667 0.201333 0.179333
2 0.886333 0.913333 0.126 0.110667
2 0.802333 0.682667 0.116667 0.094667
1 0.757 0.867333 0.118 0.18
1 0.642667 0.925667 0.110667 0.091333
1 0.665667 0.839667 0.104667 0.088667
2 0.685 0.753667 0.115333 0.083333
2 0.689667 0.659 0.122 0.111333
2 0.6946669999999999 0.544667 0.093333 0.126667
2 0.729333 0.379333 0.129333 0.101333
2 0.737333 0.070333 0.097333 0.119333
2 0.616333 0.077667 0.13 0.107333
2 0.614333 0.173 0.118 0.096667
2 0.726667 0.175 0.090667 0.098
2 0.729 0.261667 0.15 0.152667
2 0.613667 0.254 0.114 0.101333
2 0.609333 0.364 0.130667 0.124
2 0.619 0.474333 0.158 0.111333
2 0.562 0.590333 0.172 0.102
2 0.5489999999999999 0.682333 0.146 0.083333
2 0.504667 0.932667 0.173333 0.122667
2 0.519 0.782667 0.219333 0.153333
2 0.5023329999999999 0.174333 0.114 0.122
2 0.49566699999999997 0.285333 0.111333 0.1
2 0.49266699999999997 0.389667 0.12 0.106
2 0.48366699999999996 0.493 0.120667 0.112667
2 0.367 0.165333 0.154 0.145333
2 0.327333 0.097 0.058667 0.079333
2 0.354333 0.289333 0.174 0.102667
2 0.35866699999999996 0.377333 0.170667 0.1
2 0.350333 0.47 0.174 0.108
2 0.361333 0.569333 0.168 0.096
2 0.353333 0.668 0.165333 0.093333
2 0.35366699999999995 0.753333 0.108667 0.066667
2 0.33699999999999997 0.84 0.155333 0.101333
2 0.304667 0.912667 0.204 0.132
2 0.26133300000000004 0.609667 0.065333 0.071333
2 0.242 0.72 0.129333 0.074667
2 0.14933300000000005 0.96 0.097333 0.077333
2 0.206333 0.659667 0.083333 0.092667
2 0.17533299999999996 0.581333 0.078667 0.074667
2 0.24333300000000002 0.52 0.076 0.108
2 0.17966700000000002 0.473 0.09 0.108667
2 0.10866699999999996 0.453333 0.088 0.105333
2 0.10166699999999995 0.542 0.076667 0.065333
2 0.23266699999999996 0.387333 0.1 0.096
2 0.17100000000000004 0.307333 0.146 0.133333
2 0.07366700000000004 0.282 0.048667 0.054667
2 0.091333 0.345333 0.053333 0.058667
2 0.14600000000000002 0.178333 0.093333 0.116667
2 0.24766699999999997 0.210333 0.11 0.142
2 0.249 0.094333 0.119333 0.112667
2 0.14200000000000002 0.065333 0.098667 0.106667
2 0.06266700000000003 0.104333 0.093333 0.123333
2 0.405 0.062667 0.147333 0.124
0 0.482333 0.118667 0.039333 0.038667
2 0.23633300000000002 0.037333 0.128667 0.073333
2 0.07899999999999996 0.212333 0.063333 0.064667
2 0.04133299999999995 0.406 0.044 0.036
2 0.04166700000000001 0.596333 0.083333 0.074
2 0.038000000000000034 0.665667 0.076 0.082
2 0.13366699999999998 0.655667 0.086 0.074
2 0.16733299999999995 0.902333 0.092 0.104667
0 0.19433299999999998 0.744333 0.052667 0.039333
0 0.12166699999999997 0.852667 0.048667 0.061333
0 0.17533299999999996 0.809667 0.101333 0.09
