2 0.753667 0.9319999999999999 0.111333 0.098667
2 0.916667 0.814333 0.157333 0.156667
2 0.930667 0.6699999999999999 0.126667 0.132
2 0.775 0.730667 0.143333 0.093333
2 0.806 0.611333 0.161333 0.142667
2 0.6803330000000001 0.644 0.118 0.161333
2 0.578333 0.644 0.094 0.1
2 0.655667 0.875333 0.120667 0.148
2 0.528667 0.863333 0.133333 0.136
2 0.569333 0.756667 0.134667 0.122667
2 0.25133300000000003 0.866 0.109333 0.102667
2 0.30200000000000005 0.739333 0.173333 0.185333
2 0.17366700000000002 0.729333 0.126 0.162667
2 0.10966699999999996 0.614 0.179333 0.173333
2 0.49466699999999997 0.637667 0.065333 0.076667
2 0.43200000000000005 0.6293329999999999 0.070667 0.134667
2 0.340333 0.627 0.152667 0.148667
2 0.601333 0.556 0.081333 0.076
2 0.521333 0.512 0.1 0.122667
2 0.32699999999999996 0.511333 0.196667 0.14
2 0.33666700000000005 0.41133299999999995 0.144 0.093333
2 0.17433299999999996 0.48566699999999996 0.111333 0.136667
2 0.07966700000000004 0.478333 0.108667 0.120667
2 0.12566699999999997 0.414667 0.088667 0.069333
2 0.22366699999999995 0.40800000000000003 0.095333 0.08
2 0.08199999999999996 0.32166700000000004 0.137333 0.147333
2 0.20766700000000005 0.31766700000000003 0.139333 0.106
2 0.30400000000000005 0.31299999999999994 0.070667 0.09
2 0.23933300000000002 0.23966699999999996 0.094667 0.088667
2 0.165667 0.19099999999999995 0.147333 0.114
2 0.18066700000000002 0.08099999999999996 0.14 0.120667
2 0.33799999999999997 0.16200000000000003 0.136 0.174667
2 0.465333 0.222333 0.088 0.076667
2 0.45699999999999996 0.12666699999999997 0.112667 0.124
2 0.579 0.123 0.120667 0.15
2 0.523667 0.33766700000000005 0.146 0.148667
2 0.628667 0.42400000000000004 0.197333 0.204
2 0.827667 0.448333 0.184667 0.178
2 0.95 0.41900000000000004 0.076 0.083333
2 0.937333 0.314333 0.106667 0.112667
2 0.812 0.28933299999999995 0.161333 0.157333
2 0.793667 0.209333 0.136667 0.113333
2 0.6639999999999999 0.236 0.134667 0.130667
2 0.779333 0.08999999999999997 0.132 0.122667
2 0.6803330000000001 0.10533300000000001 0.11 0.128
0 0.86 0.945333 0.108 0.094667
0 0.8506670000000001 0.884667 0.076 0.061333
2 0.5203329999999999 0.961 0.095333 0.076667
2 0.644333 0.961667 0.147333 0.075333
2 0.440333 0.942333 0.072667 0.066
2 0.375 0.933667 0.107333 0.13
2 0.356 0.8446670000000001 0.066667 0.066667
0 0.424667 0.804333 0.062667 0.068667
2 0.77 0.822333 0.153333 0.135333
0 0.933667 0.21099999999999997 0.131333 0.13
2 0.881667 0.07366700000000004 0.132667 0.147333
3 0.551667 0.047667000000000015 0.084667 0.092667
2 0.05666700000000002 0.141667 0.113333 0.228667
2 0.40233300000000005 0.746 0.088667 0.104
3 0.156667 0.847 0.052 0.062
2 0.159667 0.942 0.083333 0.104
2 0.06866700000000003 0.925 0.137333 0.148667
