2 0.872667 0.840667 0.136 0.137333
2 0.827 0.764333 0.127333 0.126
2 0.706333 0.726667 0.160667 0.137333
2 0.804667 0.659667 0.133333 0.116667
2 0.6723330000000001 0.61 0.118 0.112
2 0.766667 0.586333 0.106667 0.079333
2 0.7090000000000001 0.529667 0.108667 0.09
2 0.818333 0.500333 0.115333 0.112667
3 0.6986669999999999 0.44266700000000003 0.129333 0.084
2 0.834667 0.399667 0.118667 0.091333
3 0.7216670000000001 0.18366700000000002 0.108667 0.11
3 0.743 0.367 0.11 0.084667
2 0.943667 0.36766699999999997 0.103333 0.144667
2 0.836 0.30333299999999996 0.129333 0.098667
3 0.6803330000000001 0.295667 0.154 0.114
2 0.886 0.220333 0.106667 0.108667
0 0.8069999999999999 0.19833299999999998 0.059333 0.080667
0 0.939667 0.155667 0.106 0.118
2 0.5453330000000001 0.635667 0.130667 0.13
2 0.514 0.53 0.109333 0.102667
2 0.46266700000000005 0.47 0.129333 0.098667
2 0.335333 0.47066699999999995 0.110667 0.105333
2 0.40700000000000003 0.568333 0.123333 0.115333
2 0.29900000000000004 0.588667 0.119333 0.130667
2 0.255 0.683667 0.158 0.128667
2 0.12766699999999997 0.734333 0.11 0.108667
2 0.07499999999999996 0.64 0.092667 0.074667
2 0.17800000000000005 0.8260000000000001 0.134667 0.146667
2 0.22666699999999995 0.922333 0.098667 0.120667
2 0.305667 0.820333 0.115333 0.147333
2 0.40900000000000003 0.804667 0.080667 0.137333
2 0.5103329999999999 0.779667 0.127333 0.156667
2 0.625 0.842667 0.159333 0.194667
2 0.540333 0.912667 0.084667 0.109333
2 0.42900000000000005 0.928 0.123333 0.134667
3 0.417667 0.26 0.116667 0.134667
2 0.324333 0.30300000000000005 0.060667 0.084667
3 0.21866699999999994 0.26533300000000004 0.1 0.070667
3 0.26733300000000004 0.19833299999999998 0.113333 0.114
2 0.09899999999999998 0.227333 0.116667 0.092
2 0.141667 0.13866699999999998 0.146 0.125333
2 0.13533300000000004 0.05233299999999996 0.086667 0.07
2 0.264667 0.04966700000000002 0.102667 0.094
0 0.494 0.05800000000000005 0.064 0.064
3 0.45999999999999996 0.137 0.101333 0.127333
0 0.509667 0.32299999999999995 0.048667 0.05
0 0.39433300000000004 0.39333300000000004 0.040667 0.042667
2 0.36566699999999996 0.14833300000000005 0.086 0.119333
2 0.30000000000000004 0.12266699999999997 0.076 0.104
2 0.8280000000000001 0.921667 0.198667 0.155333
2 0.657667 0.956333 0.111333 0.086
2 0.948 0.803667 0.102667 0.176667
0 0.87 0.577333 0.096 0.106667
0 0.469333 0.391 0.058667 0.066
0 0.748333 0.086333 0.079333 0.083333
2 0.414667 0.03833299999999995 0.096 0.076667
0 0.14833300000000005 0.42333299999999996 0.296667 0.314667
2 0.17266700000000001 0.608333 0.14 0.106
2 0.096333 0.931333 0.168667 0.136
