2 0.877 0.756 0.119333 0.124
2 0.382 0.915 0.124 0.114
2 0.39433300000000004 0.7933330000000001 0.195333 0.14
2 0.26033300000000004 0.923 0.111333 0.144667
2 0.11133300000000002 0.663667 0.165333 0.188667
2 0.24433300000000002 0.625333 0.140667 0.170667
2 0.35 0.607667 0.109333 0.15
2 0.488333 0.5916669999999999 0.214 0.215333
2 0.707333 0.498 0.102667 0.105333
2 0.607 0.519333 0.128667 0.136
2 0.516667 0.424667 0.170667 0.174667
2 0.08966700000000005 0.548333 0.116667 0.116667
2 0.09666699999999995 0.45299999999999996 0.138667 0.107333
2 0.159667 0.35366699999999995 0.156667 0.183333
2 0.273667 0.348333 0.123333 0.124667
2 0.07266700000000004 0.252 0.138667 0.132
2 0.28333299999999995 0.20399999999999996 0.145333 0.130667
2 0.10399999999999998 0.14200000000000002 0.157333 0.162667
2 0.246 0.100333 0.137333 0.135333
2 0.474333 0.17033299999999996 0.142 0.114
2 0.722 0.251667 0.129333 0.192667
2 0.855333 0.21066700000000005 0.16 0.169333
2 0.920333 0.07399999999999995 0.119333 0.124
0 0.817 0.907 0.11 0.104667
0 0.8280000000000001 0.824667 0.090667 0.085333
0 0.959667 0.795667 0.078 0.079333
0 0.689333 0.751333 0.193333 0.177333
0 0.619 0.692333 0.071333 0.09
0 0.5660000000000001 0.696333 0.050667 0.066
0 0.645667 0.909667 0.163333 0.171333
2 0.5429999999999999 0.929333 0.09 0.114667
3 0.45866700000000005 0.969333 0.06 0.050667
0 0.822333 0.6603330000000001 0.111333 0.09
0 0.821 0.5413330000000001 0.166 0.169333
0 0.708333 0.592333 0.060667 0.060667
0 0.653667 0.629667 0.080667 0.087333
2 0.39933300000000005 0.471333 0.118667 0.113333
0 0.638667 0.39033300000000004 0.08 0.080667
2 0.882333 0.48366699999999996 0.067333 0.075333
2 0.8009999999999999 0.387 0.114 0.106
2 0.881333 0.36166699999999996 0.186667 0.158
2 0.49866699999999997 0.31133299999999997 0.044 0.044
2 0.576667 0.18899999999999995 0.049333 0.056667
2 0.671667 0.12733300000000003 0.127333 0.116
0 0.8049999999999999 0.10433300000000001 0.108667 0.104667
2 0.6333329999999999 0.04533299999999996 0.06 0.085333
3 0.359 0.09166700000000005 0.100667 0.100667
2 0.952 0.24866699999999997 0.093333 0.093333
0 0.451333 0.254667 0.049333 0.053333
0 0.39433300000000004 0.234333 0.054 0.054
0 0.404 0.27733300000000005 0.041333 0.041333
2 0.386667 0.33199999999999996 0.093333 0.084
2 0.043332999999999955 0.38733300000000004 0.086667 0.14
0 0.24366699999999997 0.473 0.052667 0.064667
0 0.11166699999999996 0.83 0.084667 0.088
0 0.22199999999999998 0.699333 0.06 0.053333
