2 0.115667 0.931667 0.160667 0.131333
3 0.17 0.815333 0.108 0.104
2 0.239333 0.898 0.105333 0.108
2 0.15 0.733333 0.132 0.096
2 0.093333 0.648 0.102667 0.125333
2 0.192 0.635667 0.122667 0.114
2 0.122667 0.5513330000000001 0.122667 0.081333
2 0.135 0.44799999999999995 0.178 0.130667
2 0.214333 0.375 0.096667 0.084667
2 0.07 0.266667 0.102667 0.124
3 0.172667 0.27133300000000005 0.12 0.097333
3 0.157333 0.18466700000000003 0.125333 0.096
2 0.250667 0.16333299999999995 0.117333 0.133333
3 0.254667 0.05466700000000002 0.105333 0.092
3 0.362667 0.07433299999999998 0.128 0.122
3 0.282667 0.269 0.1 0.116667
3 0.317 0.36666699999999997 0.111333 0.118667
2 0.34 0.462333 0.068 0.087333
2 0.403333 0.527333 0.102667 0.136
2 0.509333 0.5103329999999999 0.112 0.13
2 0.490667 0.37733300000000003 0.164 0.136
2 0.365667 0.261 0.066 0.087333
2 0.397667 0.18000000000000005 0.072667 0.069333
2 0.443667 0.268667 0.086 0.094667
2 0.549667 0.246 0.140667 0.129333
2 0.475667 0.18033299999999997 0.086 0.084667
2 0.512 0.09699999999999998 0.104 0.118
2 0.595667 0.11033300000000001 0.082 0.13
2 0.632333 0.19933299999999998 0.086 0.105333
2 0.735333 0.20766700000000005 0.114667 0.124667
2 0.678 0.09499999999999997 0.094667 0.106
2 0.758 0.049000000000000044 0.081333 0.083333
2 0.842 0.05033299999999996 0.105333 0.094
3 0.785333 0.12433300000000003 0.072 0.091333
2 0.803 0.204333 0.088667 0.079333
2 0.630333 0.368 0.084667 0.088
3 0.881 0.276 0.106 0.1
2 0.954667 0.19633299999999998 0.077333 0.091333
2 0.957667 0.29800000000000004 0.084667 0.125333
2 0.885667 0.18000000000000005 0.087333 0.094667
2 0.840667 0.647667 0.089333 0.086
2 0.929333 0.6553329999999999 0.097333 0.101333
2 0.943333 0.573 0.097333 0.083333
2 0.929667 0.47966699999999995 0.108667 0.088667
3 0.835 0.571333 0.108667 0.072
2 0.819 0.499 0.115333 0.086
2 0.791333 0.413667 0.129333 0.09
3 0.882333 0.40133300000000005 0.072667 0.093333
2 0.806667 0.9 0.109333 0.132
2 0.888667 0.873667 0.065333 0.118
2 0.753333 0.749 0.097333 0.114
2 0.658667 0.9299999999999999 0.072 0.066667
2 0.679333 0.832667 0.130667 0.136
2 0.691333 0.657667 0.076 0.096667
2 0.603 0.652667 0.111333 0.129333
2 0.558667 0.766667 0.12 0.106667
2 0.554333 0.866667 0.122 0.101333
2 0.44 0.866 0.109333 0.166667
2 0.459667 0.687667 0.179333 0.182
2 0.341333 0.886333 0.085333 0.115333
2 0.310333 0.781333 0.15 0.161333
2 0.066 0.832667 0.130667 0.156
0 0.042 0.536333 0.048 0.066
0 0.244667 0.562 0.078667 0.074667
2 0.298333 0.522667 0.055333 0.052
0 0.282333 0.45199999999999996 0.060667 0.093333
3 0.310667 0.6166670000000001 0.046667 0.042667
2 0.273 0.6763330000000001 0.028667 0.028667
2 0.349 0.678667 0.068667 0.066667
2 0.364333 0.574667 0.056667 0.044
2 0.39 0.365 0.073333 0.064667
3 0.665667 0.579 0.056667 0.054
3 0.651 0.516667 0.052667 0.042667
2 0.692333 0.460333 0.035333 0.034
2 0.760333 0.6333329999999999 0.102 0.130667
3 0.834 0.740667 0.086667 0.150667
2 0.921667 0.963333 0.131333 0.072
2 0.957333 0.888 0.085333 0.122667
2 0.939 0.772667 0.122 0.170667
3 0.938667 0.39733300000000005 0.06 0.069333
0 0.928667 0.056332999999999966 0.048 0.05
2 0.787667 0.27733300000000005 0.043333 0.053333
2 0.769667 0.33999999999999997 0.056667 0.06
2 0.731333 0.30133299999999996 0.073333 0.069333
0 0.662667 0.30333299999999996 0.066667 0.085333
0 0.717333 0.373 0.094667 0.086
0 0.681 0.02733300000000005 0.043333 0.033333
2 0.322667 0.17766700000000002 0.085333 0.082
2 0.082 0.10533300000000001 0.081333 0.084
2 0.044333 0.132 0.087333 0.121333
