3 0.926333 0.909 0.079333 0.083333
3 0.837 0.911333 0.111333 0.121333
2 0.736333 0.939667 0.118 0.114
2 0.629667 0.935667 0.114 0.119333
2 0.497333 0.934333 0.132 0.124667
3 0.395667 0.924 0.074 0.088
2 0.150667 0.884333 0.153333 0.183333
2 0.375 0.8260000000000001 0.104667 0.097333
2 0.489 0.8336669999999999 0.112667 0.118
3 0.607 0.834333 0.104667 0.100667
2 0.716 0.830333 0.125333 0.119333
2 0.830333 0.815 0.120667 0.111333
3 0.910667 0.6783330000000001 0.097333 0.112667
2 0.818667 0.6863330000000001 0.110667 0.140667
2 0.727333 0.693333 0.1 0.148
2 0.595667 0.716333 0.176667 0.15
2 0.611 0.596 0.123333 0.129333
2 0.42033299999999996 0.722667 0.147333 0.109333
2 0.41600000000000004 0.607 0.18 0.182
2 0.29733299999999996 0.633 0.098667 0.106
2 0.07633299999999998 0.751667 0.146 0.135333
2 0.10699999999999998 0.6413329999999999 0.182 0.153333
2 0.12933300000000003 0.512667 0.162667 0.129333
3 0.34366699999999994 0.501667 0.094 0.09
3 0.7236670000000001 0.568333 0.095333 0.087333
3 0.877667 0.554 0.118 0.1
2 0.911667 0.450333 0.15 0.107333
2 0.936333 0.34466699999999995 0.115333 0.106667
2 0.830333 0.35866699999999996 0.115333 0.104
2 0.6970000000000001 0.469 0.118 0.124667
3 0.562333 0.46766700000000005 0.126 0.111333
3 0.735333 0.370333 0.08 0.083333
3 0.6313329999999999 0.36766699999999997 0.089333 0.100667
2 0.44799999999999995 0.40633300000000006 0.110667 0.114
3 0.06333299999999997 0.403 0.1 0.09
3 0.34666699999999995 0.414667 0.064 0.061333
3 0.17633299999999996 0.405667 0.098 0.09
2 0.22566699999999995 0.31899999999999995 0.07 0.07
2 0.87 0.15800000000000003 0.133333 0.12
2 0.693667 0.26833300000000004 0.096667 0.09
3 0.557667 0.18300000000000005 0.094 0.111333
3 0.46066700000000005 0.18566700000000003 0.097333 0.124667
2 0.40333300000000005 0.285667 0.128 0.111333
3 0.374333 0.20033299999999998 0.07 0.076667
2 0.32099999999999995 0.299667 0.084667 0.111333
3 0.43333299999999997 0.08499999999999996 0.085333 0.082
2 0.24133300000000002 0.094333 0.098667 0.114
2 0.5469999999999999 0.07066700000000004 0.120667 0.133333
2 0.6473329999999999 0.06866700000000003 0.137333 0.137333
3 0.741 0.07599999999999996 0.075333 0.066667
2 0.858 0.05133299999999996 0.101333 0.1
2 0.28433299999999995 0.938 0.144667 0.122667
0 0.920667 0.820333 0.070667 0.082
3 0.523 0.605667 0.059333 0.091333
2 0.783667 0.46466700000000005 0.034 0.034667
3 0.965 0.23966699999999996 0.068667 0.094
3 0.745333 0.18799999999999994 0.072 0.072
2 0.970667 0.15700000000000003 0.057333 0.078
3 0.867667 0.26433300000000004 0.047333 0.059333
0 0.6166670000000001 0.23766699999999996 0.064 0.095333
3 0.34166700000000005 0.05133299999999996 0.095333 0.093333
3 0.352 0.11666699999999997 0.08 0.082667
3 0.257667 0.19599999999999995 0.159333 0.173333
2 0.06733299999999998 0.05133299999999996 0.125333 0.102667
3 0.05133299999999996 0.139 0.102667 0.119333
2 0.030000000000000027 0.5329999999999999 0.06 0.09
2 0.32166700000000004 0.745333 0.067333 0.097333
2 0.24466699999999997 0.724667 0.102667 0.110667
2 0.28400000000000003 0.827667 0.072 0.075333
2 0.03733299999999995 0.874333 0.072 0.112667
