2 0.638 0.756 0.169333 0.170667
2 0.576667 0.634667 0.165333 0.133333
2 0.44566700000000004 0.890667 0.126 0.137333
2 0.17700000000000005 0.875333 0.180667 0.157333
2 0.08066700000000004 0.748667 0.141333 0.116
2 0.24133300000000002 0.7236670000000001 0.201333 0.146
2 0.420667 0.5880000000000001 0.132 0.134667
2 0.052000000000000046 0.868333 0.089333 0.123333
3 0.5569999999999999 0.449333 0.120667 0.136
3 0.42433299999999996 0.377 0.13 0.151333
2 0.539667 0.308667 0.124667 0.152
3 0.44766700000000004 0.230333 0.122 0.114
2 0.673 0.41833299999999995 0.122 0.140667
2 0.793 0.399 0.126 0.140667
2 0.767333 0.29600000000000004 0.094667 0.093333
2 0.657667 0.29333299999999995 0.119333 0.096
2 0.6659999999999999 0.18700000000000006 0.138667 0.122
2 0.728333 0.07099999999999995 0.111333 0.107333
2 0.6333329999999999 0.06366700000000003 0.112 0.119333
2 0.508 0.09066700000000005 0.132 0.134667
3 0.515333 0.562 0.065333 0.056
2 0.852333 0.923 0.175333 0.152667
2 0.932333 0.898333 0.080667 0.084667
0 0.743333 0.87 0.081333 0.066667
0 0.712 0.836667 0.042667 0.042667
3 0.822667 0.704333 0.088 0.072667
0 0.882333 0.692 0.036667 0.029333
2 0.912667 0.612333 0.169333 0.166
0 0.529 0.721 0.038 0.034
0 0.5349999999999999 0.771 0.028667 0.038
3 0.45666700000000005 0.796667 0.053333 0.050667
0 0.36766699999999997 0.807667 0.098 0.103333
0 0.426667 0.491333 0.045333 0.054667
0 0.595667 0.507 0.042 0.047333
0 0.619 0.5493330000000001 0.024667 0.029333
0 0.728667 0.524 0.036 0.038667
3 0.779 0.5203329999999999 0.038 0.034
0 0.918 0.476 0.078667 0.076
2 0.868 0.525667 0.058667 0.05
2 0.8416669999999999 0.30200000000000005 0.031333 0.029333
3 0.884 0.415667 0.044 0.059333
2 0.953333 0.35566699999999996 0.092 0.15
0 0.826667 0.26233300000000004 0.068 0.058
0 0.844333 0.231333 0.051333 0.046667
0 0.827 0.18833299999999997 0.022 0.023333
0 0.903 0.28533299999999995 0.054 0.04
0 0.925 0.31100000000000005 0.03 0.028667
0 0.928 0.23166699999999996 0.1 0.099333
0 0.933 0.10666699999999996 0.046 0.054667
0 0.826333 0.051000000000000045 0.095333 0.102
0 0.096333 0.123 0.192667 0.196667
0 0.19266700000000003 0.503667 0.385333 0.356667
2 0.233333 0.944667 0.152 0.109333
2 0.04966700000000002 0.681333 0.099333 0.106667
