2 0.30633299999999997 0.109667 0.122 0.146
2 0.07766700000000004 0.155667 0.116667 0.138
2 0.19333299999999998 0.116667 0.093333 0.088
2 0.898333 0.313 0.124667 0.144667
2 0.812333 0.374333 0.144667 0.134
2 0.922333 0.520333 0.143333 0.144667
2 0.83 0.465333 0.064 0.057333
1 0.820333 0.558333 0.094 0.102
1 0.91 0.632667 0.090667 0.1
1 0.878 0.747 0.101333 0.112667
1 0.825333 0.661333 0.090667 0.098667
1 0.796 0.753667 0.070667 0.080667
2 0.728333 0.486 0.084667 0.068
2 0.642 0.493333 0.098667 0.098667
2 0.718333 0.584 0.118 0.12
2 0.647667 0.709667 0.146 0.182
2 0.5820000000000001 0.797333 0.104 0.098667
2 0.887 0.915667 0.196667 0.168667
2 0.800333 0.836 0.126 0.090667
2 0.728 0.895333 0.088 0.092
2 0.621 0.879667 0.143333 0.114
1 0.38 0.860333 0.097333 0.080667
2 0.530667 0.471333 0.126667 0.128
2 0.531 0.580667 0.107333 0.109333
2 0.46266700000000005 0.502 0.098667 0.122667
2 0.40700000000000003 0.548667 0.082 0.134667
2 0.318333 0.534333 0.112667 0.15
2 0.19866700000000004 0.584667 0.168 0.193333
2 0.525667 0.066 0.116667 0.122667
2 0.09066700000000005 0.609667 0.070667 0.076667
1 0.13066699999999998 0.698667 0.165333 0.132
2 0.474 0.856333 0.070667 0.080667
1 0.510667 0.671333 0.069333 0.061333
2 0.952 0.262667 0.094667 0.121333
3 0.7296670000000001 0.42 0.075333 0.065333
0 0.44999999999999996 0.136 0.114667 0.138667
0 0.17233299999999996 0.217 0.114 0.123333
0 0.16033299999999995 0.875333 0.247333 0.249333
1 0.348 0.724333 0.044 0.052667
2 0.578667 0.948 0.130667 0.104
1 0.703333 0.964333 0.085333 0.071333
1 0.752 0.700333 0.101333 0.140667
2 0.945667 0.761333 0.107333 0.152
