2 0.078333 0.109333 0.116667 0.106667
2 0.182 0.077333 0.126667 0.124
2 0.268 0.074333 0.104 0.116667
3 0.371 0.117667 0.146 0.151333
2 0.305333 0.24 0.132 0.134667
2 0.422333 0.224 0.11 0.146667
2 0.514667 0.081 0.122667 0.122
2 0.523 0.185667 0.111333 0.143333
2 0.619 0.131667 0.119333 0.204667
2 0.721 0.123333 0.112667 0.148
2 0.899333 0.079 0.156 0.148667
2 0.779667 0.199 0.155333 0.17
2 0.882667 0.173333 0.092 0.098667
2 0.853667 0.280333 0.178 0.162
2 0.576333 0.315667 0.092667 0.091333
2 0.482667 0.338 0.08 0.072
2 0.367333 0.323333 0.102667 0.090667
2 0.287667 0.363 0.084667 0.080667
2 0.169667 0.359333 0.143333 0.14
2 0.143333 0.482333 0.168 0.142
2 0.280333 0.465 0.112667 0.126
2 0.402667 0.438667 0.16 0.14
2 0.603 0.417667 0.215333 0.195333
2 0.874333 0.413 0.167333 0.124667
2 0.778 0.468333 0.168 0.214
2 0.671333 0.518 0.128 0.101333
2 0.921667 0.620667 0.155333 0.132
1 0.738333 0.599 0.144667 0.119333
2 0.605667 0.613 0.123333 0.144667
2 0.795333 0.672667 0.133333 0.133333
2 0.802333 0.79 0.155333 0.114667
2 0.686667 0.721 0.129333 0.126
1 0.572333 0.722 0.107333 0.14
2 0.484 0.729667 0.113333 0.15
2 0.459 0.539333 0.219333 0.213333
2 0.251333 0.586333 0.134667 0.122
2 0.135 0.583667 0.087333 0.083333
2 0.139667 0.690667 0.186 0.125333
2 0.089333 0.795667 0.1 0.092667
2 0.196333 0.783 0.15 0.140667
2 0.293 0.776667 0.112667 0.122667
2 0.325667 0.648333 0.172667 0.143333
2 0.077 0.899667 0.106 0.104667
2 0.189 0.896333 0.151333 0.116667
2 0.38 0.745 0.130667 0.158
2 0.930333 0.753333 0.139333 0.156
2 0.879 0.858333 0.151333 0.118
2 0.771 0.889333 0.11 0.105333
2 0.653333 0.890667 0.158667 0.161333
2 0.529333 0.91 0.104 0.141333
2 0.382667 0.869333 0.192 0.14
2 0.111333 0.19 0.129333 0.108
0 0.234 0.161333 0.076 0.096
0 0.076333 0.332667 0.05 0.058667
0 0.219667 0.238667 0.023333 0.025333
3 0.398333 0.039667 0.132667 0.078
3 0.609 0.044 0.062 0.044
0 0.554 0.255667 0.045333 0.036667
2 0.657667 0.782333 0.092667 0.091333
1 0.044667 0.489 0.088 0.162
0 0.51 0.818667 0.077333 0.068
2 0.434667 0.936333 0.112 0.127333
2 0.899 0.949 0.140667 0.102
2 0.925333 0.502667 0.149333 0.132
0 0.964 0.430667 0.061333 0.081333
