2 0.871667 0.115667 0.088667 0.114
2 0.777667 0.116333 0.126 0.135333
2 0.902333 0.206667 0.083333 0.088
2 0.8029999999999999 0.214333 0.084667 0.088667
2 0.599333 0.100333 0.122667 0.111333
2 0.601 0.205333 0.116667 0.112
2 0.48966699999999996 0.106667 0.086 0.096
2 0.39733300000000005 0.126333 0.101333 0.115333
2 0.29933299999999996 0.105333 0.089333 0.093333
2 0.19933299999999998 0.102333 0.094667 0.084667
2 0.08399999999999996 0.138667 0.108 0.112
2 0.08566700000000005 0.052667 0.086 0.062667
2 0.934667 0.303667 0.106667 0.11
2 0.8280000000000001 0.305333 0.098667 0.104
2 0.720667 0.276667 0.106667 0.105333
2 0.615333 0.301 0.070667 0.076667
2 0.492333 0.194 0.099333 0.089333
2 0.41033299999999995 0.207333 0.058 0.069333
2 0.30500000000000005 0.201667 0.114 0.108667
2 0.18333299999999997 0.216333 0.118667 0.146
2 0.19999999999999996 0.319 0.093333 0.087333
2 0.31100000000000005 0.304 0.11 0.106667
2 0.42500000000000004 0.315667 0.126 0.134
2 0.626333 0.407333 0.098 0.128
2 0.532 0.283667 0.088 0.091333
2 0.12366699999999997 0.374667 0.092667 0.106667
2 0.21066700000000005 0.431667 0.130667 0.128667
2 0.341333 0.411667 0.132 0.142
2 0.44999999999999996 0.431667 0.101333 0.102
2 0.534 0.418 0.089333 0.129333
2 0.737333 0.383 0.126667 0.11
2 0.847333 0.41 0.106667 0.110667
2 0.941667 0.408 0.104667 0.090667
2 0.871 0.518333 0.120667 0.111333
2 0.961667 0.512333 0.072667 0.092667
2 0.768 0.487667 0.104 0.086
2 0.6579999999999999 0.514333 0.101333 0.091333
2 0.5660000000000001 0.547667 0.086667 0.091333
2 0.46666700000000005 0.538 0.076 0.072
2 0.353333 0.535667 0.138667 0.112667
2 0.23399999999999999 0.551 0.102667 0.115333
3 0.17200000000000004 0.670667 0.137333 0.129333
3 0.05500000000000005 0.635667 0.108667 0.11
2 0.07699999999999996 0.738667 0.124667 0.101333
2 0.26633300000000004 0.732333 0.151333 0.167333
2 0.22966699999999995 0.878333 0.142 0.142
2 0.10633300000000001 0.870667 0.111333 0.129333
2 0.5023329999999999 0.888667 0.116667 0.109333
3 0.6373329999999999 0.894 0.126667 0.165333
2 0.402 0.760667 0.144 0.134667
2 0.509667 0.762 0.118 0.14
2 0.494333 0.635333 0.092667 0.097333
2 0.382 0.634333 0.137333 0.123333
2 0.735333 0.715 0.130667 0.095333
2 0.726333 0.804 0.098 0.076
2 0.617333 0.757333 0.113333 0.133333
2 0.596333 0.638667 0.111333 0.101333
2 0.6946669999999999 0.630333 0.090667 0.118
2 0.795 0.600333 0.142 0.111333
2 0.9123330000000001 0.690667 0.151333 0.122667
3 0.829333 0.796333 0.132 0.139333
2 0.930667 0.839333 0.098667 0.128
3 0.755667 0.04 0.074 0.076
3 0.840667 0.039333 0.069333 0.056
3 0.699333 0.163667 0.077333 0.092667
2 0.48166699999999996 0.033667 0.087333 0.063333
3 0.668667 0.043 0.069333 0.084667
2 0.5776669999999999 0.033667 0.102 0.066
2 0.952667 0.116667 0.093333 0.130667
3 0.954333 0.594333 0.09 0.088667
2 0.747333 0.937 0.114667 0.118
2 0.833 0.956667 0.099333 0.086667
2 0.287667 0.942333 0.159333 0.115333
2 0.03500000000000003 0.834667 0.07 0.133333
2 0.06166700000000003 0.529 0.123333 0.143333
2 0.06699999999999995 0.434333 0.076667 0.078
2 0.06266700000000003 0.232 0.125333 0.181333
