2 0.909667 0.679333 0.151333 0.104
2 0.834 0.776667 0.113333 0.104
2 0.758333 0.817667 0.102 0.083333
2 0.934667 0.774 0.114667 0.088
2 0.932667 0.872 0.102667 0.1
2 0.8240000000000001 0.893333 0.097333 0.109333
2 0.747333 0.929333 0.129333 0.104
2 0.639667 0.672667 0.111333 0.173333
2 0.539667 0.725 0.119333 0.118
2 0.531333 0.826333 0.1 0.116667
2 0.43200000000000005 0.846333 0.076 0.115333
2 0.416667 0.930667 0.070667 0.065333
2 0.342333 0.820333 0.091333 0.142
2 0.26033300000000004 0.851 0.072667 0.119333
2 0.20866700000000005 0.937333 0.066667 0.061333
3 0.17966700000000002 0.883 0.086 0.07
2 0.170667 0.815 0.096 0.072667
2 0.21366700000000005 0.730333 0.09 0.091333
2 0.07133299999999998 0.8376669999999999 0.094667 0.084667
2 0.053332999999999964 0.767667 0.092 0.080667
2 0.34566699999999995 0.626 0.076667 0.089333
2 0.307667 0.687667 0.044667 0.051333
2 0.42833299999999996 0.739333 0.108667 0.076
2 0.40700000000000003 0.6799999999999999 0.076667 0.064
2 0.45499999999999996 0.6473329999999999 0.058 0.065333
2 0.46599999999999997 0.567 0.113333 0.104667
2 0.565 0.545667 0.082 0.078
3 0.5303329999999999 0.628667 0.082 0.072
2 0.736 0.41000000000000003 0.121333 0.134667
3 0.834 0.40033300000000005 0.089333 0.159333
2 0.929 0.37366699999999997 0.112667 0.154
3 0.782333 0.256667 0.119333 0.125333
2 0.88 0.15400000000000003 0.128 0.1
2 0.735333 0.10799999999999998 0.138667 0.136
3 0.585333 0.119 0.094667 0.078
2 0.574333 0.18366700000000002 0.072667 0.051333
3 0.589 0.26 0.087333 0.106667
2 0.518 0.26133300000000004 0.057333 0.088
3 0.538667 0.35866699999999996 0.137333 0.118667
3 0.45466700000000004 0.33999999999999997 0.041333 0.044
3 0.43966700000000003 0.273 0.083333 0.086
3 0.473 0.207333 0.072667 0.057333
3 0.49166699999999997 0.142667 0.068667 0.069333
3 0.41600000000000004 0.17666700000000002 0.072 0.096
3 0.47066699999999995 0.07399999999999995 0.090667 0.076
3 0.389 0.09799999999999998 0.059333 0.066667
3 0.30333299999999996 0.11466699999999996 0.092 0.102667
3 0.34866699999999995 0.19866700000000004 0.070667 0.098667
3 0.406 0.39 0.097333 0.097333
3 0.30133299999999996 0.465333 0.096 0.104
2 0.19233299999999998 0.508667 0.075333 0.073333
2 0.11066699999999996 0.556667 0.130667 0.102667
3 0.04533299999999996 0.46366700000000005 0.064 0.080667
3 0.127 0.448333 0.096667 0.086
2 0.19399999999999995 0.41633299999999995 0.097333 0.096667
2 0.27433300000000005 0.385667 0.083333 0.063333
2 0.31599999999999995 0.304667 0.108 0.106667
3 0.228333 0.32266700000000004 0.075333 0.076
3 0.233333 0.24833300000000003 0.062667 0.072667
3 0.17966700000000002 0.283667 0.044667 0.064667
3 0.15200000000000002 0.34466699999999995 0.058667 0.06
3 0.09299999999999997 0.367333 0.059333 0.066667
3 0.038000000000000034 0.378667 0.064 0.089333
3 0.09066700000000005 0.30333299999999996 0.064 0.065333
2 0.975667 0.921 0.047333 0.108667
2 0.903 0.961333 0.100667 0.076
2 0.358 0.932667 0.054667 0.08
0 0.559667 0.883333 0.07 0.061333
0 0.581 0.918333 0.042 0.05
0 0.36266699999999996 0.532333 0.057333 0.062
0 0.29333299999999995 0.571 0.070667 0.075333
0 0.405667 0.489 0.054 0.058
0 0.487333 0.499667 0.042667 0.040667
0 0.6783330000000001 0.35466699999999995 0.076667 0.074667
0 0.6759999999999999 0.274 0.105333 0.116
0 0.683 0.538333 0.048667 0.052667
0 0.811333 0.128 0.062667 0.074667
2 0.948 0.26733300000000004 0.102667 0.094667
2 0.929667 0.19466700000000003 0.138 0.089333
2 0.964 0.127 0.069333 0.063333
2 0.949 0.06866700000000003 0.100667 0.08
0 0.887667 0.044332999999999956 0.040667 0.055333
0 0.846 0.057667000000000024 0.061333 0.068667
0 0.785 0.02066699999999999 0.067333 0.041333
0 0.843 0.022333000000000047 0.047333 0.044667
2 0.690333 0.032667 0.092667 0.065333
2 0.5796669999999999 0.044332999999999956 0.144667 0.088667
2 0.28700000000000003 0.04533299999999996 0.051333 0.053333
2 0.23366699999999996 0.07799999999999996 0.055333 0.093333
0 0.11833300000000002 0.10733300000000001 0.134 0.104
2 0.17800000000000005 0.168667 0.082667 0.069333
2 0.29000000000000004 0.214333 0.054667 0.056667
2 0.101333 0.17733299999999996 0.086667 0.076
2 0.03600000000000003 0.143667 0.069333 0.074
2 0.03533299999999995 0.20066700000000004 0.070667 0.076
2 0.12633300000000003 0.24866699999999997 0.056667 0.06
2 0.038000000000000034 0.26933300000000004 0.037333 0.036
0 0.02733300000000005 0.616333 0.038667 0.044667
0 0.06599999999999995 0.631667 0.06 0.068667
0 0.13633300000000004 0.6313329999999999 0.075333 0.068
0 0.100333 0.681 0.055333 0.054
2 0.265667 0.916 0.062 0.054667
