2 0.166667 0.121333 0.124 0.122667
0 0.067 0.097667 0.084667 0.103333
3 0.284667 0.160333 0.109333 0.114
2 0.163333 0.211667 0.110667 0.088667
2 0.076 0.216333 0.064 0.064667
2 0.131333 0.310667 0.161333 0.109333
2 0.239667 0.272 0.108667 0.142667
2 0.347333 0.283667 0.106667 0.186
2 0.419333 0.144 0.16 0.132
2 0.43 0.271333 0.097333 0.138667
2 0.52 0.266333 0.074667 0.123333
2 0.600667 0.203667 0.141333 0.154
2 0.654 0.089333 0.16 0.161333
2 0.804 0.067667 0.14 0.118
2 0.744 0.154667 0.097333 0.122667
2 0.713667 0.244667 0.084667 0.094667
2 0.814 0.249 0.109333 0.100667
2 0.927667 0.192 0.11 0.122667
2 0.855667 0.132333 0.112667 0.111333
2 0.867667 0.310333 0.116667 0.111333
2 0.764 0.350333 0.093333 0.116667
2 0.677 0.374667 0.114 0.137333
2 0.6 0.324 0.098667 0.084
2 0.559 0.408 0.108667 0.118667
2 0.472667 0.436 0.097333 0.126667
2 0.374333 0.464333 0.111333 0.139333
2 0.240333 0.423333 0.162 0.154667
2 0.139 0.414667 0.118 0.098667
2 0.269333 0.549667 0.157333 0.128667
2 0.446 0.573333 0.14 0.124
2 0.550667 0.531667 0.1 0.131333
2 0.642333 0.509333 0.119333 0.142667
2 0.770333 0.553 0.124667 0.155333
2 0.850667 0.518333 0.077333 0.114
2 0.902667 0.401667 0.14 0.111333
2 0.936667 0.488667 0.102667 0.088
2 0.945333 0.591333 0.1 0.101333
2 0.849333 0.639667 0.166667 0.115333
2 0.842333 0.737333 0.124667 0.109333
2 0.942 0.713 0.098667 0.124667
2 0.866 0.838667 0.110667 0.106667
2 0.946667 0.809333 0.092 0.112
2 0.927667 0.925333 0.112667 0.122667
2 0.779 0.892 0.156667 0.144
2 0.671 0.930333 0.126 0.128667
2 0.582 0.955 0.085333 0.084667
2 0.646667 0.829667 0.1 0.106
2 0.756667 0.772 0.097333 0.104
2 0.651667 0.716333 0.151333 0.159333
2 0.597 0.624667 0.115333 0.090667
2 0.501333 0.664333 0.096 0.091333
2 0.407667 0.677333 0.111333 0.129333
3 0.324333 0.703333 0.083333 0.097333
2 0.256333 0.752333 0.072667 0.09
2 0.193667 0.656667 0.184667 0.141333
2 0.072 0.772667 0.129333 0.174667
2 0.164333 0.79 0.116667 0.132
2 0.107667 0.915 0.124667 0.131333
2 0.236667 0.879333 0.108 0.130667
2 0.341667 0.821 0.107333 0.15
2 0.431333 0.913333 0.092 0.134667
2 0.436667 0.799 0.097333 0.111333
2 0.541 0.753333 0.111333 0.105333
2 0.537667 0.872 0.120667 0.129333
0 0.370333 0.050333 0.086 0.099333
0 0.495333 0.089 0.093333 0.052667
2 0.11 0.036667 0.128 0.072
2 0.054667 0.182333 0.108 0.159333
0 0.507 0.028667 0.063333 0.056
2 0.326667 0.946333 0.149333 0.107333
2 0.853 0.950333 0.143333 0.099333
0 0.788667 0.453333 0.102667 0.064
0 0.795667 0.406 0.039333 0.045333
2 0.96 0.295 0.08 0.128667
