2 0.941667 0.7913330000000001 0.102 0.110667
2 0.836 0.914 0.078667 0.098667
2 0.8486670000000001 0.822667 0.126667 0.101333
3 0.919 0.871333 0.075333 0.054667
2 0.756333 0.919667 0.086 0.082
3 0.671667 0.930667 0.086 0.104
3 0.637 0.842667 0.111333 0.108
2 0.740333 0.8260000000000001 0.120667 0.130667
3 0.693667 0.741333 0.114 0.113333
2 0.797333 0.717667 0.109333 0.099333
3 0.9 0.704333 0.101333 0.076667
3 0.7853330000000001 0.617 0.146667 0.098
3 0.868 0.501667 0.14 0.102
2 0.770667 0.526667 0.093333 0.076
3 0.885333 0.39333300000000004 0.064 0.076
3 0.809667 0.41900000000000004 0.095333 0.111333
3 0.730667 0.43866700000000003 0.076 0.097333
2 0.683333 0.508 0.062667 0.092
3 0.6146670000000001 0.48766699999999996 0.094667 0.112667
2 0.544333 0.41833299999999995 0.092667 0.09
3 0.648333 0.39633300000000005 0.082 0.076667
3 0.836333 0.16700000000000004 0.118 0.107333
3 0.749667 0.299667 0.115333 0.13
3 0.7090000000000001 0.20866700000000005 0.083333 0.081333
3 0.647 0.278667 0.087333 0.138667
3 0.5529999999999999 0.29400000000000004 0.120667 0.113333
3 0.612333 0.155667 0.112667 0.118
2 0.747333 0.12866699999999998 0.070667 0.077333
3 0.697333 0.07266700000000004 0.096 0.124
3 0.482 0.062000000000000055 0.078667 0.089333
3 0.530667 0.128 0.070667 0.057333
3 0.517333 0.20233299999999999 0.074667 0.091333
3 0.44166700000000003 0.234333 0.082 0.103333
3 0.444333 0.15300000000000002 0.082 0.079333
3 0.373 0.28500000000000003 0.116667 0.115333
3 0.36366699999999996 0.19633299999999998 0.076667 0.082
3 0.362333 0.10066699999999995 0.082 0.1
2 0.29233299999999995 0.12866699999999998 0.058 0.064
2 0.273667 0.227333 0.095333 0.130667
3 0.31799999999999995 0.36066699999999996 0.06 0.064
2 0.44166700000000003 0.385 0.112667 0.107333
3 0.45566700000000004 0.476 0.087333 0.074667
3 0.540667 0.512 0.069333 0.074667
3 0.482333 0.542667 0.083333 0.077333
3 0.40833299999999995 0.566333 0.079333 0.124667
3 0.32066700000000004 0.598333 0.096 0.108667
3 0.326333 0.515 0.059333 0.058
3 0.273667 0.46799999999999997 0.11 0.1
3 0.364 0.42733299999999996 0.073333 0.094667
3 0.24666699999999997 0.38933300000000004 0.058667 0.06
3 0.170667 0.408667 0.076 0.078667
2 0.19833299999999998 0.318333 0.151333 0.112667
3 0.11299999999999999 0.279 0.055333 0.078
2 0.18200000000000005 0.242 0.098667 0.068
3 0.127 0.16700000000000004 0.122 0.084667
3 0.18333299999999997 0.10099999999999998 0.112 0.096667
2 0.26233300000000004 0.07533299999999998 0.079333 0.088
2 0.365 0.10166699999999995 0.082 0.095333
2 0.5840000000000001 0.594 0.110667 0.08
3 0.483333 0.631 0.081333 0.092667
3 0.366 0.6723330000000001 0.113333 0.082
3 0.43400000000000005 0.718333 0.08 0.087333
3 0.500667 0.706 0.058667 0.070667
3 0.576667 0.683667 0.098667 0.087333
3 0.540333 0.817667 0.09 0.142
3 0.45699999999999996 0.819667 0.071333 0.104667
3 0.37633300000000003 0.833 0.092667 0.103333
3 0.429667 0.917667 0.078 0.078
2 0.33399999999999996 0.934333 0.110667 0.111333
2 0.5569999999999999 0.951667 0.076667 0.056667
2 0.226333 0.747 0.115333 0.122
3 0.19833299999999998 0.884333 0.112667 0.136667
3 0.123 0.815667 0.060667 0.079333
3 0.17100000000000004 0.782 0.046 0.070667
3 0.12233300000000003 0.74 0.087333 0.066667
3 0.043332999999999955 0.679667 0.068 0.087333
3 0.14 0.653667 0.132 0.094
3 0.09499999999999997 0.574667 0.106 0.064
2 0.828667 0.9696670000000001 0.041333 0.043333
2 0.481333 0.948 0.068 0.102667
0 0.596333 0.742667 0.072667 0.077333
0 0.642667 0.6453329999999999 0.068 0.069333
0 0.657333 0.5840000000000001 0.057333 0.049333
0 0.885667 0.601333 0.082 0.101333
0 0.929333 0.634333 0.061333 0.052667
2 0.945667 0.91 0.056667 0.054667
3 0.962333 0.44399999999999995 0.072667 0.105333
0 0.879667 0.255 0.068667 0.078
0 0.934667 0.22166699999999995 0.044 0.047333
2 0.575333 0.353333 0.077333 0.061333
0 0.774667 0.06266700000000003 0.044 0.065333
2 0.845667 0.05166700000000002 0.098 0.103333
2 0.948 0.07599999999999996 0.097333 0.089333
2 0.5573330000000001 0.04700000000000004 0.089333 0.094
2 0.406667 0.030000000000000027 0.061333 0.06
2 0.32966700000000004 0.04500000000000004 0.114 0.09
0 0.11433300000000002 0.028666999999999998 0.083333 0.057333
0 0.099333 0.08366700000000005 0.061333 0.062
0 0.03433299999999995 0.22266699999999995 0.038 0.038667
0 0.01966699999999999 0.257667 0.038 0.038
0 0.06533299999999997 0.25233300000000003 0.036 0.042
3 0.05600000000000005 0.500333 0.112 0.107333
0 0.30100000000000005 0.837 0.044667 0.051333
2 0.028333000000000053 0.6146670000000001 0.056667 0.094667
2 0.04066700000000001 0.768 0.081333 0.089333
2 0.05733299999999997 0.832667 0.065333 0.065333
2 0.07133299999999998 0.917333 0.12 0.104
