3 0.879333 0.581333 0.073333 0.08
2 0.801667 0.647333 0.146 0.126667
2 0.922333 0.720333 0.123333 0.119333
3 0.954333 0.796 0.087333 0.073333
3 0.853667 0.786333 0.124667 0.120667
2 0.763667 0.795 0.147333 0.155333
2 0.784333 0.912667 0.122 0.101333
2 0.671 0.897333 0.118 0.101333
2 0.642667 0.783333 0.113333 0.121333
2 0.5780000000000001 0.877333 0.134667 0.102667
2 0.538 0.767667 0.132 0.119333
2 0.549667 0.648333 0.15 0.151333
3 0.570667 0.509667 0.094667 0.092667
2 0.45199999999999996 0.462 0.165333 0.202667
2 0.40533300000000005 0.568 0.172 0.129333
2 0.41600000000000004 0.672333 0.136 0.143333
2 0.43033299999999997 0.791667 0.158 0.146
2 0.45166700000000004 0.911333 0.135333 0.137333
2 0.348333 0.873667 0.108667 0.102
2 0.331333 0.763 0.133333 0.144667
2 0.227333 0.848667 0.141333 0.162667
2 0.18000000000000005 0.726333 0.166667 0.154
2 0.145667 0.841667 0.116667 0.128667
2 0.31000000000000005 0.664667 0.085333 0.089333
2 0.28633299999999995 0.542333 0.156667 0.196667
2 0.16333299999999995 0.605667 0.138667 0.143333
3 0.062000000000000055 0.598667 0.069333 0.070667
2 0.14333300000000004 0.463333 0.190667 0.166667
2 0.42000000000000004 0.28 0.098667 0.094667
3 0.41633299999999995 0.088 0.096667 0.097333
2 0.42100000000000004 0.185333 0.115333 0.094667
2 0.299667 0.112333 0.15 0.112667
2 0.29833299999999996 0.229 0.119333 0.123333
2 0.33399999999999996 0.342667 0.133333 0.136
2 0.091333 0.257667 0.113333 0.167333
2 0.19533299999999998 0.161667 0.092 0.108667
1 0.18933299999999997 0.269333 0.101333 0.134667
3 0.369 0.427 0.047333 0.05
0 0.814667 0.145 0.368 0.287333
0 0.854333 0.258333 0.287333 0.303333
0 0.6006670000000001 0.129 0.22 0.256667
3 0.47466699999999995 0.039 0.074667 0.076667
0 0.427667 0.381 0.036667 0.035333
0 0.23666699999999996 0.347667 0.077333 0.083333
0 0.18666700000000003 0.392 0.037333 0.037333
2 0.08533299999999999 0.078333 0.170667 0.155333
0 0.18500000000000005 0.018333 0.03 0.035333
2 0.05266700000000002 0.856 0.105333 0.142667
3 0.969333 0.881333 0.06 0.074667
