2 0.40433300000000005 0.15933299999999995 0.146 0.158667
2 0.26733300000000004 0.158667 0.12 0.148
2 0.15400000000000003 0.147667 0.101333 0.140667
2 0.232333 0.29033299999999995 0.158 0.139333
2 0.100333 0.30933299999999997 0.107333 0.149333
3 0.07966700000000004 0.19433299999999998 0.083333 0.086
2 0.5736669999999999 0.253667 0.138 0.114
2 0.572333 0.144667 0.154 0.124
2 0.926333 0.19499999999999995 0.126 0.151333
2 0.7783329999999999 0.23099999999999998 0.160667 0.156667
2 0.788667 0.09366699999999994 0.168 0.118
2 0.771 0.35366699999999995 0.087333 0.091333
2 0.8140000000000001 0.44266700000000003 0.104 0.113333
2 0.891333 0.531667 0.134667 0.119333
2 0.858333 0.713333 0.115333 0.136
2 0.682667 0.5509999999999999 0.08 0.088667
2 0.704 0.449333 0.101333 0.102667
2 0.616333 0.461333 0.082 0.076
2 0.5640000000000001 0.36666699999999997 0.098667 0.098667
2 0.447333 0.351 0.104 0.122
3 0.425667 0.5043329999999999 0.122 0.123333
2 0.351333 0.37733300000000003 0.081333 0.110667
2 0.25333300000000003 0.41000000000000003 0.108 0.104
2 0.24733300000000003 0.503333 0.157333 0.101333
2 0.12366699999999997 0.501667 0.09 0.128667
2 0.23266699999999996 0.603333 0.164 0.098667
2 0.10399999999999998 0.617 0.101333 0.102
2 0.28633299999999995 0.703667 0.154 0.119333
2 0.16100000000000003 0.717667 0.104667 0.119333
2 0.09099999999999997 0.819 0.147333 0.094
2 0.166667 0.914 0.158667 0.154667
2 0.28633299999999995 0.887333 0.146 0.197333
2 0.41033299999999995 0.910667 0.111333 0.12
2 0.427667 0.781 0.11 0.120667
2 0.47866699999999995 0.6803330000000001 0.097333 0.083333
2 0.754333 0.747 0.082 0.083333
2 0.6313329999999999 0.759333 0.089333 0.094667
2 0.539667 0.901 0.124667 0.155333
2 0.5393330000000001 0.779667 0.072 0.082
2 0.6763330000000001 0.876 0.151333 0.149333
2 0.893667 0.913333 0.142 0.166667
2 0.764 0.940667 0.144 0.117333
2 0.772667 0.830667 0.052 0.065333
0 0.583 0.694 0.088667 0.089333
0 0.7763329999999999 0.573333 0.098 0.122667
0 0.573 0.592667 0.118 0.144
0 0.619333 0.5569999999999999 0.04 0.056667
0 0.708 0.6353329999999999 0.06 0.052
3 0.494 0.606333 0.070667 0.084667
0 0.375 0.691667 0.058 0.082
3 0.92 0.43133299999999997 0.042667 0.037333
2 0.954667 0.34666699999999995 0.088 0.122667
0 0.699667 0.353333 0.082 0.093333
0 0.6679999999999999 0.273667 0.054667 0.052667
3 0.37266699999999997 0.28400000000000003 0.098667 0.082667
0 0.486333 0.251667 0.064667 0.060667
0 0.629667 0.322333 0.040667 0.044667
2 0.975667 0.10899999999999999 0.046 0.067333
3 0.955 0.03933299999999995 0.088667 0.078667
0 0.896333 0.10566699999999996 0.046 0.038
0 0.6930000000000001 0.12266699999999997 0.079333 0.102667
3 0.580333 0.04600000000000004 0.103333 0.092
2 0.481333 0.05400000000000005 0.102667 0.108
2 0.362333 0.05166700000000002 0.17 0.103333
2 0.23666699999999996 0.054332999999999965 0.125333 0.108667
2 0.10699999999999998 0.05800000000000005 0.163333 0.116
0 0.20033299999999998 0.366333 0.075333 0.074
3 0.15600000000000003 0.41033299999999995 0.06 0.066
3 0.08199999999999996 0.41633299999999995 0.06 0.066
0 0.353 0.46299999999999997 0.064667 0.068667
2 0.04566700000000001 0.532 0.091333 0.129333
3 0.030333000000000054 0.641667 0.060667 0.098
2 0.06433299999999997 0.716333 0.100667 0.095333
