3 0.752 0.6619999999999999 0.072 0.098667
2 0.695333 0.540667 0.094667 0.106667
3 0.799333 0.526667 0.105333 0.121333
3 0.832 0.617333 0.109333 0.084
3 0.846667 0.717333 0.114667 0.105333
3 0.788667 0.952667 0.086667 0.088
3 0.906667 0.917333 0.114667 0.084
3 0.796667 0.860667 0.065333 0.090667
2 0.084333 0.44866700000000004 0.162 0.193333
2 0.072 0.29933299999999996 0.14 0.136
2 0.137667 0.060667000000000026 0.158 0.121333
2 0.174667 0.16433299999999995 0.148 0.122
2 0.173333 0.25633300000000003 0.137333 0.111333
2 0.198333 0.347333 0.138 0.101333
2 0.196333 0.44166700000000003 0.083333 0.098
2 0.289333 0.444333 0.108 0.156667
2 0.295 0.28933299999999995 0.114 0.128
2 0.289333 0.161667 0.086667 0.106
2 0.340667 0.07333299999999998 0.113333 0.098667
2 0.853333 0.30533299999999997 0.108 0.096
2 0.820667 0.18333299999999997 0.124 0.154667
2 0.924667 0.10366699999999995 0.126667 0.147333
2 0.789333 0.06433299999999997 0.102667 0.128667
2 0.678 0.05366700000000002 0.113333 0.107333
2 0.565333 0.049000000000000044 0.105333 0.098
3 0.933667 0.596333 0.094 0.111333
2 0.875333 0.819667 0.105333 0.112667
0 0.194333 0.803333 0.075333 0.072
0 0.259 0.6313329999999999 0.054 0.064
0 0.131 0.6373329999999999 0.179333 0.212
0 0.326333 0.538333 0.044667 0.040667
0 0.264 0.5549999999999999 0.022667 0.023333
0 0.398667 0.715667 0.268 0.348667
0 0.264667 0.737333 0.028 0.033333
0 0.127667 0.8280000000000001 0.063333 0.068
0 0.167667 0.860333 0.079333 0.068667
0 0.672 0.796333 0.356 0.379333
2 0.948667 0.792 0.088 0.104
3 0.895333 0.976 0.101333 0.045333
0 0.9 0.45399999999999996 0.2 0.228
2 0.94 0.6966669999999999 0.12 0.096
2 0.932333 0.214333 0.135333 0.146
2 0.891333 0.044332999999999956 0.134667 0.088667
0 0.572 0.33666700000000005 0.462667 0.486667
