2 0.513333 0.937 0.101333 0.116667
3 0.274667 0.946667 0.085333 0.1
2 0.111667 0.918667 0.080667 0.102667
2 0.070333 0.859667 0.09 0.09
2 0.130333 0.675 0.095333 0.098
3 0.201 0.714 0.107333 0.096
2 0.200333 0.897667 0.096667 0.114
2 0.208 0.802 0.104 0.1
2 0.277667 0.852 0.076667 0.089333
3 0.356333 0.831 0.082 0.086
2 0.358 0.915667 0.081333 0.080667
2 0.054667 0.792333 0.108 0.128667
2 0.059667 0.597667 0.118 0.123333
0 0.118 0.500667 0.050667 0.049333
0 0.116 0.32166700000000004 0.030667 0.034
0 0.288 0.5509999999999999 0.058667 0.051333
0 0.379333 0.471 0.074667 0.07
0 0.358 0.41900000000000004 0.069333 0.079333
0 0.388333 0.28833299999999995 0.056667 0.046
0 0.397667 0.327333 0.058 0.045333
0 0.337667 0.29400000000000004 0.068667 0.058667
2 0.489333 0.816667 0.092 0.086667
0 0.594667 0.615333 0.089333 0.084
0 0.423333 0.388667 0.054667 0.052
0 0.662333 0.703667 0.066 0.066
0 0.712667 0.731333 0.046667 0.046667
0 0.749 0.750333 0.067333 0.075333
0 0.778 0.786333 0.057333 0.051333
0 0.764667 0.609333 0.069333 0.072
0 0.727333 0.519 0.061333 0.046
0 0.773333 0.534333 0.085333 0.072667
0 0.779 0.482 0.087333 0.078667
0 0.730667 0.6313329999999999 0.025333 0.022667
0 0.908333 0.7296670000000001 0.116667 0.096667
0 0.937333 0.670667 0.077333 0.064
0 0.937333 0.33599999999999997 0.125333 0.153333
0 0.804 0.31466700000000003 0.198667 0.221333
0 0.832667 0.21799999999999997 0.053333 0.042667
0 0.685667 0.40633300000000006 0.094 0.083333
0 0.606667 0.28400000000000003 0.222667 0.153333
0 0.641667 0.151667 0.096667 0.100667
0 0.589 0.18300000000000005 0.066 0.067333
0 0.596667 0.37833300000000003 0.089333 0.071333
0 0.45 0.07799999999999996 0.044 0.045333
0 0.539333 0.501333 0.052 0.052
0 0.295 0.09899999999999998 0.046 0.043333
0 0.188667 0.11266699999999996 0.064 0.068
0 0.197333 0.050000000000000044 0.066667 0.053333
0 0.321 0.01966699999999999 0.027333 0.027333
