2 0.931667 0.884333 0.131333 0.160667
3 0.815333 0.83 0.104 0.108
2 0.898 0.760667 0.108 0.105333
2 0.733333 0.85 0.096 0.132
2 0.648 0.906667 0.125333 0.102667
2 0.635667 0.808 0.114 0.122667
2 0.5513330000000001 0.877333 0.081333 0.122667
2 0.44799999999999995 0.865 0.130667 0.178
2 0.375 0.785667 0.084667 0.096667
2 0.266667 0.9299999999999999 0.124 0.102667
3 0.27133300000000005 0.827333 0.097333 0.12
3 0.18466700000000003 0.842667 0.096 0.125333
2 0.16333299999999995 0.749333 0.133333 0.117333
3 0.05466700000000002 0.745333 0.092 0.105333
3 0.07433299999999998 0.6373329999999999 0.122 0.128
3 0.269 0.717333 0.116667 0.1
3 0.36666699999999997 0.683 0.118667 0.111333
2 0.462333 0.6599999999999999 0.087333 0.068
2 0.527333 0.5966670000000001 0.136 0.102667
2 0.5103329999999999 0.49066699999999996 0.13 0.112
2 0.37733300000000003 0.509333 0.136 0.164
2 0.261 0.634333 0.087333 0.066
2 0.18000000000000005 0.602333 0.069333 0.072667
2 0.268667 0.556333 0.094667 0.086
2 0.246 0.450333 0.129333 0.140667
2 0.18033299999999997 0.5243329999999999 0.084667 0.086
2 0.09699999999999998 0.488 0.118 0.104
2 0.11033300000000001 0.40433300000000005 0.13 0.082
2 0.19933299999999998 0.36766699999999997 0.105333 0.086
2 0.20766700000000005 0.264667 0.124667 0.114667
2 0.09499999999999997 0.32199999999999995 0.106 0.094667
2 0.049000000000000044 0.242 0.083333 0.081333
2 0.05033299999999996 0.15800000000000003 0.094 0.105333
3 0.12433300000000003 0.21466700000000005 0.091333 0.072
2 0.204333 0.19699999999999995 0.079333 0.088667
2 0.368 0.36966699999999997 0.088 0.084667
3 0.276 0.119 0.1 0.106
2 0.19633299999999998 0.04533299999999996 0.091333 0.077333
2 0.29800000000000004 0.042332999999999954 0.125333 0.084667
2 0.18000000000000005 0.11433300000000002 0.094667 0.087333
2 0.647667 0.15933299999999995 0.086 0.089333
2 0.6553329999999999 0.07066700000000004 0.101333 0.097333
2 0.573 0.05666700000000002 0.083333 0.097333
2 0.47966699999999995 0.07033299999999998 0.088667 0.108667
3 0.571333 0.16500000000000004 0.072 0.108667
2 0.499 0.18100000000000005 0.086 0.115333
2 0.413667 0.20866700000000005 0.09 0.129333
3 0.40133300000000005 0.11766699999999997 0.093333 0.072667
2 0.9 0.19333299999999998 0.132 0.109333
2 0.873667 0.11133300000000002 0.118 0.065333
2 0.749 0.24666699999999997 0.114 0.097333
2 0.9299999999999999 0.341333 0.066667 0.072
2 0.832667 0.32066700000000004 0.136 0.130667
2 0.657667 0.308667 0.096667 0.076
2 0.652667 0.397 0.129333 0.111333
2 0.766667 0.441333 0.106667 0.12
2 0.866667 0.44566700000000004 0.101333 0.122
2 0.866 0.56 0.166667 0.109333
2 0.687667 0.540333 0.182 0.179333
2 0.886333 0.658667 0.115333 0.085333
2 0.781333 0.689667 0.161333 0.15
2 0.832667 0.9339999999999999 0.156 0.130667
0 0.536333 0.958 0.066 0.048
0 0.562 0.755333 0.074667 0.078667
2 0.522667 0.701667 0.052 0.055333
0 0.45199999999999996 0.717667 0.093333 0.060667
3 0.6166670000000001 0.689333 0.042667 0.046667
2 0.6763330000000001 0.727 0.028667 0.028667
2 0.678667 0.651 0.066667 0.068667
2 0.574667 0.635667 0.044 0.056667
2 0.365 0.61 0.064667 0.073333
3 0.579 0.334333 0.054 0.056667
3 0.516667 0.349 0.042667 0.052667
2 0.460333 0.307667 0.034 0.035333
2 0.6333329999999999 0.23966699999999996 0.130667 0.102
3 0.740667 0.16600000000000004 0.150667 0.086667
2 0.963333 0.07833299999999999 0.072 0.131333
2 0.888 0.04266700000000001 0.122667 0.085333
2 0.772667 0.061000000000000054 0.170667 0.122
3 0.39733300000000005 0.06133299999999997 0.069333 0.06
0 0.056332999999999966 0.07133299999999998 0.05 0.048
2 0.27733300000000005 0.212333 0.053333 0.043333
2 0.33999999999999997 0.230333 0.06 0.056667
2 0.30133299999999996 0.268667 0.069333 0.073333
0 0.30333299999999996 0.337333 0.085333 0.066667
0 0.373 0.282667 0.086 0.094667
0 0.02733300000000005 0.31899999999999995 0.033333 0.043333
2 0.17766700000000002 0.677333 0.082 0.085333
2 0.10533300000000001 0.918 0.084 0.081333
2 0.132 0.955667 0.121333 0.087333
