3 0.939667 0.122667 0.086 0.077333
3 0.887 0.19 0.086 0.057333
2 0.852 0.267 0.122667 0.096667
3 0.778667 0.338667 0.1 0.090667
3 0.863667 0.379 0.048667 0.051333
3 0.889333 0.454667 0.133333 0.105333
3 0.706 0.412 0.068 0.065333
3 0.786333 0.427 0.051333 0.05
3 0.746 0.452333 0.04 0.040667
3 0.5916669999999999 0.452667 0.028667 0.034667
3 0.6623330000000001 0.498333 0.09 0.098
3 0.751333 0.530333 0.073333 0.076667
3 0.920667 0.576667 0.134667 0.097333
2 0.824667 0.637 0.101333 0.084667
2 0.853667 0.727333 0.116667 0.090667
2 0.806333 0.795667 0.127333 0.107333
2 0.613333 0.649667 0.133333 0.154
2 0.6553329999999999 0.754333 0.101333 0.083333
2 0.730667 0.758 0.062667 0.090667
2 0.615333 0.830333 0.088 0.09
2 0.542333 0.709333 0.103333 0.112
2 0.44799999999999995 0.765 0.092 0.104667
3 0.40733299999999995 0.83 0.069333 0.065333
2 0.496333 0.872 0.088667 0.096
3 0.469333 0.937667 0.068 0.052667
3 0.5613330000000001 0.942 0.065333 0.061333
2 0.665333 0.928667 0.112 0.132
2 0.751333 0.931 0.098667 0.111333
2 0.7763329999999999 0.873 0.071333 0.076667
0 0.900667 0.032667 0.088 0.064
0 0.872333 0.045 0.060667 0.068667
0 0.585 0.164667 0.191333 0.244
0 0.483333 0.294333 0.044 0.042
0 0.5986670000000001 0.299333 0.036 0.034667
0 0.939333 0.300667 0.068 0.068
2 0.958 0.372333 0.082667 0.103333
2 0.9696670000000001 0.477667 0.058 0.074
0 0.45666700000000005 0.539 0.06 0.056667
3 0.673 0.581333 0.059333 0.053333
2 0.932333 0.748 0.062 0.076
0 0.892 0.662333 0.04 0.038
0 0.794 0.575333 0.041333 0.04
2 0.89 0.836 0.081333 0.116
0 0.880333 0.910333 0.060667 0.055333
0 0.062000000000000055 0.968333 0.041333 0.044667
0 0.04066700000000001 0.894667 0.036 0.037333
0 0.18433299999999997 0.826 0.034 0.038667
0 0.379 0.879333 0.05 0.046667
0 0.25433300000000003 0.711667 0.032667 0.036667
0 0.33366700000000005 0.655333 0.052667 0.053333
0 0.485 0.611667 0.052667 0.038
3 0.458333 0.692 0.039333 0.033333
0 0.10633300000000001 0.716333 0.212667 0.296667
0 0.10933300000000001 0.477333 0.218667 0.208
0 0.292667 0.558 0.025333 0.032
0 0.331333 0.491333 0.046667 0.045333
0 0.248 0.517 0.028 0.027333
0 0.22166699999999995 0.431 0.038 0.040667
0 0.247 0.327333 0.031333 0.036
0 0.14333300000000004 0.288667 0.046667 0.046667
0 0.10633300000000001 0.325667 0.036667 0.047333
0 0.14300000000000002 0.145333 0.035333 0.032
0 0.29533299999999996 0.117 0.192 0.232667
0 0.42400000000000004 0.103 0.174667 0.204667
