2 0.866 0.881667 0.205333 0.235333
2 0.5856669999999999 0.937 0.116667 0.119333
2 0.7110000000000001 0.888333 0.112667 0.108667
2 0.734667 0.743333 0.121333 0.129333
2 0.602333 0.836333 0.060667 0.059333
2 0.479333 0.809333 0.073333 0.074667
2 0.306667 0.851 0.134667 0.116667
2 0.17266700000000001 0.8486670000000001 0.097333 0.096
2 0.398667 0.754333 0.204 0.146
2 0.20899999999999996 0.7723329999999999 0.072667 0.054
2 0.245 0.659333 0.091333 0.110667
2 0.12566699999999997 0.7150000000000001 0.167333 0.194
1 0.605 0.6890000000000001 0.155333 0.148667
2 0.908 0.508 0.122667 0.109333
2 0.792333 0.546333 0.163333 0.146
2 0.721333 0.617667 0.130667 0.119333
2 0.393667 0.63 0.175333 0.172
2 0.5453330000000001 0.641 0.156 0.179333
2 0.5529999999999999 0.509 0.151333 0.096667
2 0.6206670000000001 0.584333 0.057333 0.047333
2 0.06899999999999995 0.538 0.120667 0.165333
2 0.09366699999999994 0.366 0.063333 0.064
2 0.283667 0.441333 0.15 0.133333
2 0.393 0.523333 0.082 0.077333
2 0.500667 0.41200000000000003 0.177333 0.133333
2 0.820667 0.43300000000000005 0.137333 0.075333
2 0.927333 0.32199999999999995 0.104 0.102667
2 0.8089999999999999 0.329333 0.144667 0.134667
2 0.873 0.11566699999999996 0.155333 0.182
2 0.752 0.151667 0.097333 0.151333
1 0.6579999999999999 0.16300000000000003 0.098667 0.11
2 0.678667 0.31233299999999997 0.16 0.200667
1 0.575 0.29000000000000004 0.115333 0.136
2 0.474333 0.303667 0.086 0.080667
2 0.376667 0.325333 0.098667 0.157333
2 0.266667 0.24133300000000002 0.145333 0.110667
2 0.11233300000000002 0.204333 0.154 0.143333
2 0.10899999999999999 0.08066700000000004 0.142 0.137333
2 0.29800000000000004 0.126 0.130667 0.117333
2 0.40833299999999995 0.10599999999999998 0.102 0.106667
2 0.451333 0.19333299999999998 0.137333 0.14
1 0.5696669999999999 0.14833300000000005 0.115333 0.124667
1 0.636667 0.06699999999999995 0.2 0.134
2 0.951333 0.862333 0.094667 0.136667
0 0.880333 0.795667 0.059333 0.068667
0 0.297667 0.984333 0.040667 0.03
0 0.31899999999999995 0.9339999999999999 0.042 0.04
0 0.6046670000000001 0.779 0.057333 0.07
2 0.939667 0.5876669999999999 0.119333 0.154
2 0.30833299999999997 0.546 0.072667 0.064
0 0.705333 0.559667 0.085333 0.060667
2 0.7170000000000001 0.478 0.051333 0.050667
2 0.933667 0.42400000000000004 0.131333 0.144
0 0.808667 0.25333300000000003 0.068 0.045333
0 0.962333 0.089333 0.074 0.106667
2 0.785667 0.04700000000000004 0.139333 0.094
2 0.304667 0.04166700000000001 0.201333 0.083333
2 0.033332999999999946 0.11666699999999997 0.066667 0.062667
0 0.11333300000000002 0.30433299999999996 0.114667 0.098
2 0.215333 0.17466700000000002 0.08 0.077333
0 0.294667 0.337333 0.086667 0.078667
2 0.147667 0.462333 0.046 0.059333
0 0.31000000000000005 0.736333 0.069333 0.074
0 0.07866700000000004 0.959333 0.068 0.057333
2 0.046667000000000014 0.860333 0.093333 0.139333
