2 0.158333 0.137 0.156667 0.143333
2 0.367333 0.181 0.141333 0.139333
2 0.668333 0.195 0.112667 0.119333
2 0.886 0.132333 0.109333 0.114
2 0.921 0.23 0.158 0.141333
2 0.855333 0.323333 0.104 0.137333
2 0.786333 0.214333 0.087333 0.083333
2 0.753 0.305667 0.11 0.114
2 0.654667 0.372667 0.172 0.174667
2 0.697 0.482333 0.120667 0.124667
2 0.817 0.452333 0.115333 0.123333
2 0.545 0.368667 0.088667 0.130667
2 0.47 0.351667 0.1 0.119333
2 0.351333 0.347667 0.137333 0.111333
2 0.223667 0.350333 0.138 0.15
2 0.088333 0.328667 0.119333 0.096
3 0.157667 0.244 0.136667 0.104
2 0.095333 0.455 0.128 0.112667
2 0.076 0.590667 0.130667 0.141333
2 0.109 0.763333 0.144667 0.134667
2 0.184667 0.826667 0.109333 0.128
2 0.264667 0.765 0.133333 0.107333
2 0.219667 0.633 0.143333 0.146
2 0.320667 0.679667 0.073333 0.091333
2 0.342333 0.557333 0.203333 0.18
2 0.494 0.526 0.094667 0.104
2 0.470333 0.692 0.144667 0.138667
2 0.572333 0.735 0.079333 0.083333
2 0.533333 0.825333 0.118667 0.108
2 0.424333 0.815667 0.108667 0.088667
2 0.402333 0.930333 0.111333 0.120667
2 0.150667 0.943333 0.133333 0.102667
2 0.275667 0.864333 0.094 0.094
2 0.320667 0.908667 0.062667 0.069333
2 0.731333 0.614333 0.089333 0.096667
2 0.572 0.603 0.096 0.083333
2 0.609667 0.522 0.118 0.124
2 0.780333 0.683 0.082 0.09
2 0.795 0.601 0.058 0.062
2 0.93 0.590667 0.072 0.077333
2 0.638667 0.78 0.101333 0.101333
2 0.690333 0.886333 0.131333 0.119333
2 0.811667 0.935667 0.111333 0.115333
2 0.912333 0.928667 0.120667 0.126667
2 0.759 0.775667 0.122 0.114
2 0.824333 0.849333 0.088667 0.1
2 0.902667 0.734333 0.124 0.115333
2 0.919 0.825333 0.119333 0.097333
2 0.44 0.079333 0.141333 0.157333
2 0.538333 0.132333 0.094 0.074
0 0.532667 0.064667 0.065333 0.069333
3 0.735 0.116 0.074 0.077333
0 0.558333 0.203667 0.084667 0.075333
2 0.044 0.119667 0.086667 0.107333
2 0.047 0.232333 0.092667 0.143333
2 0.479333 0.288667 0.090667 0.065333
0 0.206 0.463667 0.073333 0.076667
0 0.468 0.445 0.068 0.066
2 0.175333 0.529333 0.050667 0.06
0 0.410667 0.421667 0.032 0.031333
2 0.621333 0.677667 0.102667 0.099333
2 0.040667 0.688667 0.078667 0.101333
2 0.576667 0.934333 0.116 0.131333
3 0.061333 0.882 0.074667 0.074667
2 0.827 0.740667 0.07 0.078667
2 0.945667 0.67 0.098 0.065333
2 0.855333 0.574667 0.061333 0.062667
