3 0.808667 0.669333 0.112 0.098667
3 0.841333 0.755 0.086667 0.086
3 0.559667 0.434 0.083333 0.097333
3 0.485333 0.482667 0.065333 0.077333
2 0.457333 0.397333 0.070667 0.096
2 0.415667 0.351667 0.104667 0.084667
2 0.32099999999999995 0.368 0.084667 0.112
2 0.40233300000000005 0.151667 0.07 0.087333
2 0.357333 0.070333 0.096 0.108667
2 0.227333 0.037333 0.102667 0.065333
2 0.21466700000000005 0.110333 0.097333 0.080667
2 0.28500000000000003 0.109667 0.046 0.056667
2 0.287667 0.175 0.115333 0.076667
2 0.31866700000000003 0.254667 0.098667 0.105333
2 0.19199999999999995 0.187 0.090667 0.075333
2 0.218333 0.242333 0.104667 0.063333
2 0.27 0.304667 0.065333 0.064
2 0.218333 0.360667 0.098 0.066667
2 0.205333 0.299333 0.072 0.050667
3 0.08999999999999997 0.553667 0.077333 0.088667
2 0.16300000000000003 0.561667 0.079333 0.111333
2 0.244 0.603667 0.102667 0.124667
2 0.18633299999999997 0.669667 0.120667 0.112667
2 0.07199999999999995 0.713333 0.1 0.128
2 0.21899999999999997 0.765 0.086 0.084667
2 0.32399999999999995 0.749333 0.06 0.058667
2 0.33199999999999996 0.832667 0.132 0.1
2 0.33099999999999996 0.923667 0.092667 0.087333
2 0.24066699999999996 0.952 0.090667 0.089333
2 0.21699999999999997 0.874333 0.102 0.108667
2 0.06699999999999995 0.910333 0.123333 0.119333
2 0.5143329999999999 0.863667 0.084667 0.087333
2 0.461333 0.680667 0.062667 0.062667
2 0.410667 0.73 0.089333 0.077333
2 0.486 0.78 0.133333 0.105333
2 0.645667 0.941667 0.088667 0.098
0 0.781667 0.219 0.227333 0.168667
0 0.874667 0.314333 0.190667 0.207333
0 0.821667 0.422333 0.076667 0.05
0 0.806667 0.067 0.272 0.132667
0 0.644333 0.040333 0.054 0.043333
0 0.634333 0.315333 0.078 0.096
0 0.591333 0.354 0.094667 0.085333
0 0.586333 0.279 0.078 0.064667
0 0.862333 0.543333 0.052667 0.042667
0 0.8180000000000001 0.577667 0.06 0.062
0 0.963 0.68 0.055333 0.050667
0 0.5636669999999999 0.056667 0.044667 0.038667
0 0.518667 0.041333 0.049333 0.06
0 0.560333 0.195333 0.035333 0.028
0 0.539667 0.115 0.03 0.031333
2 0.632667 0.458333 0.061333 0.068667
0 0.644333 0.599667 0.066 0.082
0 0.682667 0.639333 0.070667 0.069333
0 0.631667 0.529333 0.07 0.062667
0 0.763 0.599333 0.07 0.045333
0 0.732667 0.504 0.058667 0.077333
0 0.575 0.519333 0.059333 0.056
0 0.54 0.646667 0.049333 0.044
0 0.588667 0.638 0.048 0.037333
0 0.41200000000000003 0.549 0.069333 0.067333
0 0.409667 0.619667 0.074 0.054
0 0.39533300000000005 0.670667 0.068 0.049333
0 0.37733300000000003 0.480333 0.072 0.067333
0 0.31033299999999997 0.454667 0.083333 0.08
0 0.32666700000000004 0.547 0.096 0.075333
0 0.371333 0.278333 0.069333 0.068667
2 0.29333299999999995 0.038667 0.066667 0.072
0 0.20166700000000004 0.453 0.102 0.106
0 0.258 0.499333 0.08 0.061333
0 0.140667 0.311 0.077333 0.094
0 0.033332999999999946 0.368333 0.066667 0.094
0 0.06033299999999997 0.400333 0.055333 0.038
0 0.031333000000000055 0.465 0.062667 0.102
0 0.12033300000000002 0.483667 0.059333 0.059333
0 0.08399999999999996 0.461333 0.064 0.065333
0 0.08766700000000005 0.626 0.072667 0.056
0 0.13633300000000004 0.811667 0.058 0.051333
0 0.43133299999999997 0.898667 0.072 0.064
0 0.48666699999999996 0.938 0.070667 0.058667
0 0.5573330000000001 0.911333 0.064 0.052
0 0.637667 0.839333 0.114 0.104
0 0.7066669999999999 0.816 0.038667 0.041333
0 0.7106669999999999 0.911333 0.089333 0.093333
0 0.746 0.822667 0.045333 0.048
0 0.787667 0.833667 0.060667 0.068667
0 0.8069999999999999 0.907333 0.058 0.056
0 0.796667 0.773667 0.058667 0.035333
0 0.896 0.694 0.073333 0.081333
0 0.922333 0.766667 0.054 0.064
2 0.96 0.958 0.078667 0.084
0 0.970667 0.763667 0.057333 0.087333
0 0.970333 0.840667 0.058 0.085333
