2 0.127333 0.159333 0.136 0.137333
2 0.173 0.235667 0.127333 0.126
2 0.293667 0.273333 0.160667 0.137333
2 0.195333 0.340333 0.133333 0.116667
2 0.327667 0.39 0.118 0.112
2 0.233333 0.413667 0.106667 0.079333
2 0.291 0.470333 0.108667 0.09
2 0.181667 0.499667 0.115333 0.112667
3 0.301333 0.557333 0.129333 0.084
2 0.165333 0.600333 0.118667 0.091333
3 0.278333 0.816333 0.108667 0.11
3 0.257 0.633 0.11 0.084667
2 0.056333 0.632333 0.103333 0.144667
2 0.164 0.696667 0.129333 0.098667
3 0.319667 0.704333 0.154 0.114
2 0.114 0.779667 0.106667 0.108667
0 0.193 0.801667 0.059333 0.080667
0 0.060333 0.844333 0.106 0.118
2 0.454667 0.364333 0.130667 0.13
2 0.486 0.47 0.109333 0.102667
2 0.537333 0.53 0.129333 0.098667
2 0.664667 0.529333 0.110667 0.105333
2 0.593 0.431667 0.123333 0.115333
2 0.701 0.411333 0.119333 0.130667
2 0.745 0.316333 0.158 0.128667
2 0.872333 0.265667 0.11 0.108667
2 0.925 0.36 0.092667 0.074667
2 0.822 0.174 0.134667 0.146667
2 0.773333 0.077667 0.098667 0.120667
2 0.694333 0.179667 0.115333 0.147333
2 0.591 0.195333 0.080667 0.137333
2 0.489667 0.220333 0.127333 0.156667
2 0.375 0.157333 0.159333 0.194667
2 0.459667 0.087333 0.084667 0.109333
2 0.571 0.072 0.123333 0.134667
3 0.582333 0.74 0.116667 0.134667
2 0.675667 0.697 0.060667 0.084667
3 0.781333 0.734667 0.1 0.070667
3 0.732667 0.801667 0.113333 0.114
2 0.901 0.772667 0.116667 0.092
2 0.858333 0.861333 0.146 0.125333
2 0.864667 0.947667 0.086667 0.07
2 0.735333 0.950333 0.102667 0.094
0 0.506 0.942 0.064 0.064
3 0.54 0.863 0.101333 0.127333
0 0.490333 0.677 0.048667 0.05
0 0.605667 0.606667 0.040667 0.042667
2 0.634333 0.851667 0.086 0.119333
2 0.7 0.877333 0.076 0.104
2 0.172 0.078333 0.198667 0.155333
2 0.342333 0.043667 0.111333 0.086
2 0.052 0.196333 0.102667 0.176667
0 0.13 0.422667 0.096 0.106667
0 0.530667 0.609 0.058667 0.066
0 0.251667 0.913667 0.079333 0.083333
2 0.585333 0.961667 0.096 0.076667
0 0.851667 0.576667 0.296667 0.314667
2 0.827333 0.391667 0.14 0.106
2 0.903667 0.068667 0.168667 0.136
