2 0.294667 0.949 0.116 0.102
2 0.22099999999999997 0.917333 0.11 0.097333
2 0.800333 0.638333 0.135333 0.155333
2 0.906333 0.661 0.086 0.143333
3 0.928 0.063333 0.096 0.092
0 0.913667 0.282 0.171333 0.2
0 0.809667 0.233 0.282 0.303333
0 0.658667 0.307 0.152 0.168667
0 0.670667 0.168667 0.22 0.178667
2 0.769 0.397 0.066 0.067333
2 0.6779999999999999 0.415 0.065333 0.063333
0 0.690333 0.562667 0.11 0.109333
0 0.6313329999999999 0.602 0.052 0.057333
2 0.565333 0.361333 0.049333 0.049333
0 0.491333 0.173667 0.166667 0.154
0 0.392667 0.496667 0.202667 0.194667
2 0.375333 0.313667 0.052 0.051333
0 0.485 0.327667 0.036667 0.031333
0 0.20133299999999998 0.323667 0.097333 0.100667
0 0.11199999999999999 0.348333 0.084 0.082
0 0.11499999999999999 0.446667 0.043333 0.037333
0 0.024666999999999994 0.411333 0.049333 0.056
3 0.07099999999999995 0.839333 0.068667 0.046667
3 0.07233299999999998 0.892667 0.068667 0.068
