3 0.897667 0.719 0.087333 0.080667
2 0.914667 0.920667 0.105333 0.106667
2 0.801667 0.302 0.126 0.161333
2 0.761667 0.441 0.079333 0.086
2 0.6703330000000001 0.156333 0.147333 0.178
2 0.637667 0.282667 0.092667 0.097333
2 0.54 0.241 0.125333 0.127333
0 0.5880000000000001 0.316 0.073333 0.069333
2 0.669 0.590333 0.139333 0.140667
2 0.624667 0.395 0.086667 0.078
3 0.542 0.371667 0.068 0.072667
2 0.558333 0.479667 0.182 0.144667
2 0.471 0.057 0.074 0.071333
3 0.44066700000000003 0.116667 0.076 0.090667
2 0.281 0.070333 0.148667 0.139333
2 0.386667 0.165333 0.132 0.137333
3 0.16000000000000003 0.065333 0.088 0.114667
2 0.095333 0.093667 0.097333 0.094
2 0.14600000000000002 0.166667 0.104 0.076
2 0.14633300000000005 0.243 0.09 0.074
2 0.07233299999999998 0.199333 0.076667 0.097333
2 0.24466699999999997 0.185333 0.104 0.089333
2 0.230333 0.274333 0.088667 0.083333
2 0.17633299999999996 0.321 0.116667 0.082
2 0.07399999999999995 0.315333 0.104 0.106667
2 0.35466699999999995 0.325 0.098667 0.087333
2 0.392 0.418667 0.114667 0.122667
2 0.29400000000000004 0.403 0.08 0.118
2 0.11699999999999999 0.400667 0.098 0.077333
2 0.221333 0.408333 0.093333 0.118
2 0.164667 0.469333 0.094667 0.076
2 0.258 0.536667 0.138667 0.138667
2 0.10799999999999998 0.571333 0.102667 0.094667
2 0.16500000000000004 0.594333 0.114 0.09
2 0.14833300000000005 0.670333 0.124667 0.083333
2 0.04566700000000001 0.631667 0.091333 0.098
2 0.14533300000000005 0.734667 0.097333 0.062667
3 0.17400000000000004 0.800667 0.088 0.077333
3 0.13566699999999998 0.855667 0.083333 0.074
2 0.20966700000000005 0.873333 0.083333 0.068
2 0.27833300000000005 0.918 0.084667 0.093333
2 0.36066699999999996 0.882667 0.094667 0.117333
2 0.23066699999999996 0.718 0.070667 0.096
3 0.297667 0.794667 0.148667 0.104
2 0.29033299999999995 0.684667 0.087333 0.134667
2 0.368333 0.628667 0.140667 0.105333
2 0.39133300000000004 0.717667 0.108 0.116667
2 0.481 0.609667 0.079333 0.087333
2 0.551667 0.592333 0.062 0.058
2 0.569 0.67 0.114 0.108
2 0.48566699999999996 0.678333 0.07 0.055333
2 0.51 0.754 0.137333 0.101333
2 0.46299999999999997 0.838667 0.118 0.098667
2 0.44199999999999995 0.911 0.085333 0.056667
2 0.44399999999999995 0.966667 0.102667 0.054667
2 0.605333 0.801333 0.074667 0.070667
2 0.681 0.910333 0.118 0.147333
2 0.593333 0.904333 0.101333 0.120667
2 0.527333 0.885333 0.069333 0.064
0 0.675 0.335333 0.040667 0.050667
0 0.659333 0.490667 0.050667 0.056
0 0.601333 0.727 0.057333 0.058
0 0.654 0.689333 0.068 0.061333
0 0.512667 0.544333 0.081333 0.074
0 0.44766700000000004 0.505 0.063333 0.056667
0 0.46599999999999997 0.359333 0.082667 0.064
0 0.493333 0.305 0.078667 0.071333
2 0.41000000000000003 0.255667 0.098667 0.083333
0 0.32066700000000004 0.258 0.078667 0.065333
0 0.369333 0.558667 0.089333 0.068
0 0.422667 0.569667 0.041333 0.048667
0 0.352 0.508333 0.056 0.054
0 0.458333 0.448667 0.083333 0.070667
0 0.681667 0.402 0.034 0.044
2 0.25933300000000004 0.339 0.058667 0.052667
2 0.04266700000000001 0.477667 0.085333 0.076667
2 0.04366700000000001 0.536667 0.087333 0.101333
0 0.800667 0.592667 0.065333 0.06
0 0.823667 0.535 0.043333 0.042
0 0.791667 0.502 0.062 0.06
0 0.788 0.658 0.056 0.070667
0 0.8376669999999999 0.714 0.046 0.04
0 0.845 0.668667 0.040667 0.04
0 0.865 0.588333 0.039333 0.036667
0 0.887333 0.109333 0.045333 0.041333
0 0.92 0.079667 0.072 0.071333
0 0.958333 0.524 0.071333 0.082667
0 0.953667 0.593 0.058 0.051333
0 0.909 0.590667 0.046 0.050667
0 0.923 0.416333 0.054 0.05
0 0.933333 0.460667 0.052 0.053333
0 0.937 0.303333 0.051333 0.049333
0 0.964333 0.338667 0.07 0.096
0 0.780667 0.049333 0.102667 0.094667
0 0.5433330000000001 0.072333 0.053333 0.046
0 0.538667 0.114333 0.050667 0.040667
0 0.537667 0.167 0.059333 0.056667
0 0.715667 0.272333 0.068667 0.060667
0 0.762 0.700667 0.048 0.037333
0 0.8486670000000001 0.438 0.082667 0.068
2 0.399667 0.051333 0.048667 0.061333
2 0.45366700000000004 0.19 0.042 0.045333
2 0.28800000000000003 0.140333 0.098667 0.13
3 0.302667 0.978667 0.065333 0.042667
0 0.5429999999999999 0.970333 0.060667 0.058
0 0.788 0.938333 0.04 0.035333
0 0.9 0.788 0.049333 0.050667
