3 0.46199999999999997 0.472 0.097333 0.094667
3 0.568667 0.33499999999999996 0.130667 0.135333
3 0.436667 0.35666699999999996 0.122667 0.128
3 0.35 0.385 0.114667 0.131333
2 0.24933300000000003 0.334333 0.110667 0.111333
2 0.273 0.43033299999999997 0.088667 0.078
2 0.18866700000000003 0.45966700000000005 0.098667 0.083333
2 0.145667 0.38533300000000004 0.118 0.132
2 0.713333 0.30800000000000005 0.102667 0.108
2 0.738333 0.209333 0.080667 0.092
3 0.6006670000000001 0.21566700000000005 0.164 0.128667
2 0.46599999999999997 0.24733300000000003 0.133333 0.129333
2 0.345333 0.19766700000000004 0.136 0.19
2 0.45966700000000005 0.140667 0.120667 0.124
2 0.55 0.11666699999999997 0.109333 0.132
2 0.665333 0.091333 0.124 0.133333
2 0.24533300000000002 0.213333 0.136 0.138667
2 0.07499999999999996 0.285667 0.140667 0.17
2 0.10399999999999998 0.16900000000000004 0.124 0.136667
2 0.18533299999999997 0.10799999999999998 0.161333 0.133333
0 0.657667 0.491 0.268667 0.288667
0 0.886667 0.05300000000000005 0.062667 0.056667
0 0.492 0.039000000000000035 0.073333 0.078
3 0.399667 0.05400000000000005 0.099333 0.108
2 0.10333300000000001 0.058667000000000025 0.134667 0.117333
3 0.10633300000000001 0.474 0.063333 0.062667
0 0.24133300000000002 0.559667 0.286667 0.222
3 0.365333 0.488333 0.078667 0.074
0 0.151667 0.855667 0.303333 0.287333
