2 0.895 0.837 0.108667 0.118
2 0.946667 0.942667 0.089333 0.088
2 0.7 0.819 0.157333 0.11
2 0.692333 0.921333 0.091333 0.102667
2 0.611333 0.94 0.104 0.112
2 0.792333 0.958 0.080667 0.073333
2 0.660333 0.719 0.083333 0.076667
2 0.745667 0.718333 0.084667 0.086
2 0.774333 0.634 0.075333 0.097333
2 0.849 0.679333 0.083333 0.094667
2 0.852333 0.589 0.122 0.086
2 0.693667 0.568667 0.108667 0.094667
2 0.677333 0.647 0.064 0.056667
2 0.587333 0.626667 0.104 0.130667
2 0.484667 0.644333 0.112 0.115333
2 0.457 0.738 0.112667 0.092
2 0.560333 0.756667 0.091333 0.112
2 0.455 0.816333 0.072667 0.064667
2 0.456333 0.923333 0.15 0.124
2 0.079333 0.708667 0.101333 0.097333
2 0.168333 0.698333 0.084667 0.115333
2 0.264 0.671333 0.106667 0.1
2 0.377 0.664333 0.116667 0.086
2 0.257667 0.760667 0.075333 0.101333
2 0.334333 0.755 0.083333 0.079333
2 0.179 0.795333 0.076667 0.065333
2 0.086333 0.830333 0.115333 0.112667
2 0.175 0.940667 0.084667 0.086667
3 0.181333 0.864 0.069333 0.069333
2 0.325 0.842667 0.112667 0.076
2 0.334 0.914667 0.077333 0.068
2 0.257667 0.899667 0.060667 0.076667
2 0.1 0.599667 0.070667 0.095333
2 0.188333 0.598333 0.094 0.084667
2 0.280667 0.586333 0.101333 0.119333
2 0.375 0.579 0.09 0.092667
2 0.478667 0.522667 0.105333 0.108
2 0.584 0.508 0.110667 0.109333
2 0.871333 0.500333 0.133333 0.111333
2 0.735333 0.470667 0.136 0.106667
2 0.788333 0.378667 0.106 0.096
2 0.580333 0.401333 0.148667 0.104
2 0.509667 0.309333 0.115333 0.112
2 0.619667 0.316333 0.087333 0.074
2 0.626 0.222667 0.136 0.110667
2 0.701333 0.376 0.090667 0.112
2 0.885 0.415 0.079333 0.074
2 0.910333 0.333 0.086 0.095333
2 0.845 0.276333 0.111333 0.120667
2 0.737333 0.277 0.106667 0.119333
2 0.748 0.180333 0.097333 0.09
2 0.859667 0.166333 0.120667 0.104667
2 0.838333 0.076 0.106 0.070667
2 0.69 0.114333 0.132 0.103333
2 0.566667 0.131333 0.096 0.098667
2 0.490333 0.083667 0.084667 0.088667
2 0.458333 0.178667 0.120667 0.126667
2 0.38 0.478 0.110667 0.1
2 0.284 0.487667 0.089333 0.086
2 0.166667 0.504 0.134667 0.109333
2 0.177667 0.411333 0.154 0.092
2 0.296333 0.396333 0.088667 0.091333
2 0.401667 0.364 0.120667 0.130667
2 0.352 0.161667 0.1 0.091333
2 0.339667 0.266333 0.122 0.107333
2 0.199333 0.293333 0.144 0.138667
2 0.083333 0.248333 0.134667 0.143333
2 0.221 0.188333 0.123333 0.079333
2 0.106 0.117 0.130667 0.119333
2 0.207667 0.071333 0.166 0.128
0 0.051667 0.072 0.102 0.142667
2 0.414 0.063333 0.166667 0.125333
2 0.572 0.041667 0.076 0.055333
2 0.602 0.085667 0.052 0.056667
2 0.698667 0.036333 0.122667 0.07
3 0.254 0.970333 0.108 0.059333
0 0.541 0.931333 0.054 0.076
2 0.795333 0.885 0.082667 0.086
2 0.951667 0.607333 0.07 0.08
2 0.967 0.519 0.066 0.124667
2 0.763667 0.095333 0.059333 0.070667
2 0.906667 0.05 0.069333 0.072
0 0.973667 0.090667 0.032667 0.049333
