2 0.109333 0.921667 0.106667 0.116667
2 0.077333 0.8180000000000001 0.124 0.126667
2 0.074333 0.732 0.116667 0.104
3 0.117667 0.629 0.151333 0.146
2 0.24 0.6946669999999999 0.134667 0.132
2 0.224 0.5776669999999999 0.146667 0.11
2 0.081 0.485333 0.122 0.122667
2 0.185667 0.477 0.143333 0.111333
2 0.131667 0.381 0.204667 0.119333
2 0.123333 0.279 0.148 0.112667
2 0.079 0.10066699999999995 0.148667 0.156
2 0.199 0.220333 0.17 0.155333
2 0.173333 0.11733300000000002 0.098667 0.092
2 0.280333 0.14633300000000005 0.162 0.178
2 0.315667 0.423667 0.091333 0.092667
2 0.338 0.517333 0.072 0.08
2 0.323333 0.632667 0.090667 0.102667
2 0.363 0.712333 0.080667 0.084667
2 0.359333 0.830333 0.14 0.143333
2 0.482333 0.8566670000000001 0.142 0.168
2 0.465 0.7196670000000001 0.126 0.112667
2 0.438667 0.597333 0.14 0.16
2 0.417667 0.397 0.195333 0.215333
2 0.413 0.12566699999999997 0.124667 0.167333
2 0.468333 0.22199999999999998 0.214 0.168
2 0.518 0.32866700000000004 0.101333 0.128
2 0.620667 0.07833299999999999 0.132 0.155333
1 0.599 0.261667 0.119333 0.144667
2 0.613 0.39433300000000004 0.144667 0.123333
2 0.672667 0.20466700000000004 0.133333 0.133333
2 0.79 0.19766700000000004 0.114667 0.155333
2 0.721 0.313333 0.126 0.129333
1 0.722 0.427667 0.14 0.107333
2 0.729667 0.516 0.15 0.113333
2 0.539333 0.5409999999999999 0.213333 0.219333
2 0.586333 0.748667 0.122 0.134667
2 0.583667 0.865 0.083333 0.087333
2 0.690667 0.860333 0.125333 0.186
2 0.795667 0.910667 0.092667 0.1
2 0.783 0.803667 0.140667 0.15
2 0.776667 0.7070000000000001 0.122667 0.112667
2 0.648333 0.6743330000000001 0.143333 0.172667
2 0.899667 0.923 0.104667 0.106
2 0.896333 0.8109999999999999 0.116667 0.151333
2 0.745 0.62 0.158 0.130667
2 0.753333 0.06966700000000003 0.156 0.139333
2 0.858333 0.121 0.118 0.151333
2 0.889333 0.22899999999999998 0.105333 0.11
2 0.890667 0.34666699999999995 0.161333 0.158667
2 0.91 0.47066699999999995 0.141333 0.104
2 0.869333 0.617333 0.14 0.192
2 0.19 0.888667 0.108 0.129333
0 0.161333 0.766 0.096 0.076
0 0.332667 0.923667 0.058667 0.05
0 0.238667 0.7803329999999999 0.025333 0.023333
3 0.039667 0.601667 0.078 0.132667
3 0.044 0.391 0.044 0.062
0 0.255667 0.44599999999999995 0.036667 0.045333
2 0.782333 0.342333 0.091333 0.092667
1 0.489 0.955333 0.162 0.088
0 0.818667 0.49 0.068 0.077333
2 0.936333 0.565333 0.127333 0.112
2 0.949 0.10099999999999998 0.102 0.140667
2 0.502667 0.07466700000000004 0.132 0.149333
0 0.430667 0.03600000000000003 0.081333 0.061333
