2 0.8466670000000001 0.125667 0.064 0.060667
2 0.935667 0.212 0.111333 0.092
2 0.839 0.204333 0.087333 0.092667
2 0.7150000000000001 0.122333 0.078 0.059333
2 0.722333 0.173667 0.11 0.071333
2 0.902333 0.377 0.096667 0.088667
2 0.901 0.501333 0.114 0.098667
2 0.952333 0.573 0.086 0.103333
2 0.914667 0.757 0.130667 0.107333
2 0.917 0.852667 0.126 0.109333
2 0.863667 0.913333 0.091333 0.074667
2 0.7723329999999999 0.902667 0.082 0.076
3 0.674667 0.871 0.094667 0.087333
3 0.601 0.808333 0.108667 0.098
2 0.512 0.925667 0.1 0.111333
3 0.501 0.630667 0.060667 0.065333
3 0.558667 0.507 0.101333 0.09
3 0.560667 0.220333 0.074667 0.080667
3 0.648667 0.489333 0.068 0.064
2 0.678667 0.234 0.064 0.074667
2 0.777333 0.261667 0.125333 0.108667
2 0.673667 0.368667 0.112667 0.110667
2 0.789 0.352 0.123333 0.108
2 0.801667 0.455667 0.11 0.092667
2 0.7663329999999999 0.541 0.136667 0.111333
2 0.853 0.621 0.120667 0.11
2 0.804667 0.706333 0.104 0.083333
2 0.796667 0.8 0.108 0.090667
2 0.613333 0.676333 0.108 0.087333
3 0.6086670000000001 0.606333 0.081333 0.058
3 0.626333 0.558333 0.083333 0.056667
3 0.744667 0.643 0.073333 0.071333
2 0.6886669999999999 0.637333 0.061333 0.068
2 0.711333 0.748 0.093333 0.094667
2 0.937333 0.102667 0.124 0.130667
0 0.865 0.299333 0.062 0.065333
0 0.789667 0.114667 0.067333 0.076
0 0.705333 0.044667 0.101333 0.086667
3 0.586333 0.031 0.086 0.060667
0 0.5469999999999999 0.144 0.059333 0.070667
0 0.550333 0.287667 0.064667 0.063333
0 0.508 0.312 0.081333 0.064
0 0.482 0.360333 0.068 0.068667
0 0.606333 0.299 0.054 0.056667
0 0.478 0.693667 0.064 0.07
0 0.5 0.566333 0.041333 0.048667
0 0.150667 0.435667 0.301333 0.362
0 0.225333 0.191333 0.04 0.038667
0 0.140667 0.856 0.278667 0.288
0 0.307667 0.958667 0.048667 0.061333
0 0.457333 0.879667 0.049333 0.060667
0 0.524 0.787667 0.062667 0.060667
0 0.573 0.738 0.066 0.068
0 0.511667 0.849333 0.048667 0.049333
3 0.5986670000000001 0.955 0.088 0.09
3 0.683 0.963 0.086 0.074
0 0.901667 0.673333 0.055333 0.061333
0 0.965 0.661 0.062 0.064667
