2 0.063 0.513333 0.116667 0.101333
3 0.053333 0.274667 0.1 0.085333
2 0.081333 0.111667 0.102667 0.080667
2 0.140333 0.070333 0.09 0.09
2 0.325 0.130333 0.098 0.095333
3 0.286 0.201 0.096 0.107333
2 0.102333 0.200333 0.114 0.096667
2 0.198 0.208 0.1 0.104
2 0.148 0.277667 0.089333 0.076667
3 0.169 0.356333 0.086 0.082
2 0.084333 0.358 0.080667 0.081333
2 0.207667 0.054667 0.128667 0.108
2 0.402333 0.059667 0.123333 0.118
0 0.499333 0.118 0.049333 0.050667
0 0.678333 0.116 0.034 0.030667
0 0.449 0.288 0.051333 0.058667
0 0.529 0.379333 0.07 0.074667
0 0.581 0.358 0.079333 0.069333
0 0.711667 0.388333 0.046 0.056667
0 0.672667 0.397667 0.045333 0.058
0 0.706 0.337667 0.058667 0.068667
2 0.183333 0.489333 0.086667 0.092
0 0.384667 0.594667 0.084 0.089333
0 0.611333 0.423333 0.052 0.054667
0 0.296333 0.662333 0.066 0.066
0 0.268667 0.712667 0.046667 0.046667
0 0.249667 0.749 0.075333 0.067333
0 0.213667 0.778 0.051333 0.057333
0 0.390667 0.764667 0.072 0.069333
0 0.481 0.727333 0.046 0.061333
0 0.465667 0.773333 0.072667 0.085333
0 0.518 0.779 0.078667 0.087333
0 0.368667 0.730667 0.022667 0.025333
0 0.270333 0.908333 0.096667 0.116667
0 0.329333 0.937333 0.064 0.077333
0 0.664 0.937333 0.153333 0.125333
0 0.685333 0.804 0.221333 0.198667
0 0.782 0.832667 0.042667 0.053333
0 0.593667 0.685667 0.083333 0.094
0 0.716 0.606667 0.153333 0.222667
0 0.848333 0.641667 0.100667 0.096667
0 0.817 0.589 0.067333 0.066
0 0.621667 0.596667 0.071333 0.089333
0 0.922 0.45 0.045333 0.044
0 0.498667 0.539333 0.052 0.052
0 0.901 0.295 0.043333 0.046
0 0.887333 0.188667 0.068 0.064
0 0.95 0.197333 0.053333 0.066667
0 0.980333 0.321 0.027333 0.027333
