2 0.159333 0.872667 0.137333 0.136
2 0.235667 0.827 0.126 0.127333
2 0.273333 0.706333 0.137333 0.160667
2 0.340333 0.804667 0.116667 0.133333
2 0.39 0.6723330000000001 0.112 0.118
2 0.413667 0.766667 0.079333 0.106667
2 0.470333 0.7090000000000001 0.09 0.108667
2 0.499667 0.818333 0.112667 0.115333
3 0.557333 0.6986669999999999 0.084 0.129333
2 0.600333 0.834667 0.091333 0.118667
3 0.816333 0.7216670000000001 0.11 0.108667
3 0.633 0.743 0.084667 0.11
2 0.632333 0.943667 0.144667 0.103333
2 0.696667 0.836 0.098667 0.129333
3 0.704333 0.6803330000000001 0.114 0.154
2 0.779667 0.886 0.108667 0.106667
0 0.801667 0.8069999999999999 0.080667 0.059333
0 0.844333 0.939667 0.118 0.106
2 0.364333 0.5453330000000001 0.13 0.130667
2 0.47 0.514 0.102667 0.109333
2 0.53 0.46266700000000005 0.098667 0.129333
2 0.529333 0.335333 0.105333 0.110667
2 0.431667 0.40700000000000003 0.115333 0.123333
2 0.411333 0.29900000000000004 0.130667 0.119333
2 0.316333 0.255 0.128667 0.158
2 0.265667 0.12766699999999997 0.108667 0.11
2 0.36 0.07499999999999996 0.074667 0.092667
2 0.174 0.17800000000000005 0.146667 0.134667
2 0.077667 0.22666699999999995 0.120667 0.098667
2 0.179667 0.305667 0.147333 0.115333
2 0.195333 0.40900000000000003 0.137333 0.080667
2 0.220333 0.5103329999999999 0.156667 0.127333
2 0.157333 0.625 0.194667 0.159333
2 0.087333 0.540333 0.109333 0.084667
2 0.072 0.42900000000000005 0.134667 0.123333
3 0.74 0.417667 0.134667 0.116667
2 0.697 0.324333 0.084667 0.060667
3 0.734667 0.21866699999999994 0.070667 0.1
3 0.801667 0.26733300000000004 0.114 0.113333
2 0.772667 0.09899999999999998 0.092 0.116667
2 0.861333 0.141667 0.125333 0.146
2 0.947667 0.13533300000000004 0.07 0.086667
2 0.950333 0.264667 0.094 0.102667
0 0.942 0.494 0.064 0.064
3 0.863 0.45999999999999996 0.127333 0.101333
0 0.677 0.509667 0.05 0.048667
0 0.606667 0.39433300000000004 0.042667 0.040667
2 0.851667 0.36566699999999996 0.119333 0.086
2 0.877333 0.30000000000000004 0.104 0.076
2 0.078333 0.8280000000000001 0.155333 0.198667
2 0.043667 0.657667 0.086 0.111333
2 0.196333 0.948 0.176667 0.102667
0 0.422667 0.87 0.106667 0.096
0 0.609 0.469333 0.066 0.058667
0 0.913667 0.748333 0.083333 0.079333
2 0.961667 0.414667 0.076667 0.096
0 0.576667 0.14833300000000005 0.314667 0.296667
2 0.391667 0.17266700000000001 0.106 0.14
2 0.068667 0.096333 0.136 0.168667
