3 0.08233299999999999 0.768 0.074 0.068
3 0.047667000000000015 0.651333 0.059333 0.065333
2 0.149667 0.395333 0.124667 0.102667
2 0.23299999999999998 0.488667 0.13 0.129333
2 0.11966699999999997 0.490667 0.107333 0.1
2 0.147667 0.565333 0.115333 0.070667
3 0.15633300000000006 0.685333 0.083333 0.069333
3 0.231333 0.683333 0.064 0.076
3 0.24266699999999997 0.757 0.066667 0.062
2 0.270667 0.607667 0.094667 0.080667
2 0.305667 0.675667 0.09 0.080667
2 0.396667 0.648333 0.074667 0.082
2 0.41833299999999995 0.748 0.062 0.056
2 0.40433300000000005 0.811667 0.056667 0.058
2 0.32666700000000004 0.832 0.090667 0.085333
2 0.324333 0.753333 0.086 0.074667
0 0.929333 0.154667 0.118667 0.088
0 0.916 0.088333 0.046667 0.043333
0 0.801667 0.071 0.178 0.138
0 0.7989999999999999 0.185 0.075333 0.083333
0 0.880333 0.222333 0.074 0.058
0 0.865 0.291 0.104667 0.094
0 0.804333 0.270667 0.064667 0.105333
0 0.917 0.334 0.083333 0.086667
0 0.942 0.389333 0.078667 0.069333
0 0.914667 0.451333 0.056 0.048
0 0.968333 0.251 0.062 0.107333
0 0.86 0.486333 0.136 0.107333
0 0.804667 0.562 0.128 0.110667
0 0.765 0.449667 0.095333 0.104667
0 0.815333 0.398667 0.134667 0.093333
0 0.665333 0.500333 0.093333 0.09
0 0.704333 0.426 0.043333 0.056
0 0.742 0.315333 0.044 0.054667
0 0.705333 0.303667 0.026667 0.031333
0 0.657 0.032667 0.034 0.037333
0 0.665 0.061667 0.040667 0.028667
0 0.6823330000000001 0.112 0.082 0.082667
0 0.652667 0.165 0.074667 0.095333
0 0.612 0.105333 0.052 0.052
0 0.557667 0.174 0.154 0.176
0 0.5656669999999999 0.281667 0.066 0.055333
0 0.509333 0.274667 0.058667 0.053333
0 0.438333 0.26 0.062 0.076
0 0.47266699999999995 0.127333 0.049333 0.049333
0 0.511667 0.409333 0.060667 0.056
0 0.47866699999999995 0.339333 0.033333 0.033333
0 0.402 0.174 0.086667 0.085333
0 0.41300000000000003 0.088333 0.092667 0.078
0 0.35466699999999995 0.044333 0.070667 0.062
0 0.32899999999999996 0.153 0.059333 0.043333
0 0.32066700000000004 0.379333 0.052 0.050667
0 0.33499999999999996 0.517333 0.043333 0.041333
0 0.37066699999999997 0.491 0.048 0.044667
0 0.5493330000000001 0.543333 0.04 0.044
0 0.623 0.443333 0.046 0.049333
0 0.595667 0.425667 0.048667 0.051333
0 0.148667 0.020667 0.048 0.04
0 0.19166700000000003 0.024333 0.056667 0.047333
0 0.10966699999999996 0.243 0.048667 0.042
2 0.06566700000000003 0.334 0.131333 0.133333
0 0.08666700000000005 0.611333 0.092 0.093333
0 0.20466700000000004 0.608667 0.078667 0.081333
0 0.18066700000000002 0.731333 0.072 0.068
0 0.11766699999999997 0.916667 0.211333 0.166667
3 0.055332999999999966 0.865 0.052 0.055333
2 0.380667 0.913 0.064 0.076667
0 0.48166699999999996 0.869333 0.159333 0.190667
0 0.5860000000000001 0.891667 0.114667 0.174
0 0.691333 0.889667 0.150667 0.202
0 0.801333 0.908 0.133333 0.184
