1 0.854 0.088667 0.098667 0.162667
1 0.738333 0.113667 0.152667 0.212667
2 0.599333 0.106 0.1 0.110667
1 0.500667 0.101 0.110667 0.11
2 0.395667 0.052333 0.084667 0.087333
2 0.43533299999999997 0.147 0.074667 0.095333
2 0.35966699999999996 0.154333 0.092667 0.122
2 0.532667 0.217667 0.12 0.120667
1 0.447333 0.239333 0.070667 0.1
2 0.371333 0.273333 0.097333 0.114667
1 0.889 0.253333 0.220667 0.189333
1 0.851667 0.379667 0.148667 0.147333
1 0.9083330000000001 0.495333 0.11 0.096
1 0.748 0.448333 0.089333 0.095333
1 0.675667 0.342333 0.147333 0.15
2 0.585333 0.315667 0.08 0.100667
2 0.483333 0.335667 0.126667 0.123333
2 0.38 0.39 0.1 0.101333
2 0.522667 0.427333 0.133333 0.109333
2 0.43033299999999997 0.489333 0.112667 0.1
1 0.550333 0.524 0.116667 0.117333
2 0.646 0.471333 0.093333 0.1
1 0.8089999999999999 0.563 0.152667 0.152667
2 0.9390000000000001 0.632333 0.120667 0.172667
2 0.812667 0.679 0.173333 0.107333
2 0.836 0.778 0.229333 0.114667
1 0.874333 0.906 0.175333 0.136
1 0.769333 0.854667 0.104 0.110667
2 0.679667 0.890333 0.142 0.183333
1 0.569333 0.855 0.093333 0.115333
2 0.479 0.904667 0.082 0.110667
2 0.37633300000000003 0.930333 0.107333 0.118
2 0.346333 0.825333 0.115333 0.122667
2 0.45266700000000004 0.786 0.109333 0.134667
2 0.522 0.746333 0.098667 0.106
1 0.645667 0.72 0.154 0.136
1 0.681 0.587333 0.119333 0.124
2 0.563333 0.632667 0.108 0.1
2 0.477 0.663 0.091333 0.094
2 0.470333 0.574667 0.083333 0.081333
2 0.367333 0.591333 0.117333 0.104
2 0.35266699999999995 0.690667 0.126667 0.116
3 0.19733299999999998 0.800333 0.062667 0.083333
2 0.12566699999999997 0.918333 0.166 0.15
2 0.08333299999999999 0.69 0.132 0.112
2 0.094333 0.586 0.174 0.104
2 0.19566700000000004 0.491333 0.187333 0.181333
2 0.224333 0.182333 0.175333 0.211333
2 0.07633299999999998 0.197 0.135333 0.171333
2 0.943333 0.126667 0.110667 0.12
1 0.955667 0.411 0.087333 0.131333
2 0.597667 0.944 0.172667 0.112
0 0.271667 0.951 0.066 0.062
0 0.20199999999999996 0.944 0.056 0.050667
0 0.25333300000000003 0.858667 0.109333 0.110667
0 0.150667 0.773333 0.072 0.077333
0 0.08766700000000005 0.816333 0.104667 0.075333
0 0.060667000000000026 0.766667 0.046667 0.046667
2 0.226333 0.602667 0.067333 0.065333
0 0.304667 0.348667 0.076 0.078667
0 0.284667 0.416 0.052 0.049333
2 0.208333 0.296667 0.099333 0.078667
2 0.13633300000000004 0.059667 0.21 0.118
0 0.27833300000000005 0.028333 0.063333 0.054
0 0.27833300000000005 0.105667 0.068667 0.076667
2 0.030333000000000054 0.061 0.060667 0.120667
