2 0.464333 0.870333 0.159333 0.15
2 0.329333 0.833333 0.201333 0.252
2 0.26033300000000004 0.73 0.151333 0.2
2 0.15733299999999995 0.884667 0.209333 0.206667
2 0.15733299999999995 0.746 0.088 0.124
2 0.12733300000000003 0.624333 0.164 0.166
3 0.34266700000000005 0.215333 0.144 0.16
2 0.44899999999999995 0.3 0.156667 0.152
2 0.528667 0.221333 0.172 0.2
2 0.61 0.1 0.109333 0.157333
2 0.7106669999999999 0.127333 0.136 0.169333
2 0.6683330000000001 0.294667 0.156667 0.193333
2 0.820333 0.288333 0.152667 0.15
2 0.785667 0.420333 0.136667 0.152667
2 0.9143330000000001 0.366 0.151333 0.153333
2 0.915333 0.499333 0.165333 0.122667
2 0.867667 0.094667 0.200667 0.162667
2 0.864333 0.206667 0.154 0.134667
2 0.06333299999999997 0.734667 0.125333 0.126667
3 0.170667 0.173667 0.053333 0.054
2 0.11833300000000002 0.158 0.05 0.064
2 0.03433299999999995 0.921 0.068667 0.120667
2 0.449333 0.961667 0.134667 0.076667
0 0.562 0.940333 0.101333 0.102
0 0.601333 0.821 0.132 0.11
0 0.772 0.815667 0.101333 0.119333
0 0.716 0.868 0.057333 0.066667
3 0.827333 0.895667 0.072 0.084667
0 0.911 0.881667 0.072667 0.074
2 0.904 0.948667 0.056 0.062667
2 0.973333 0.963667 0.052 0.051333
