3 0.480333 0.724 0.112667 0.096
2 0.42400000000000004 0.7933330000000001 0.097333 0.109333
2 0.42833299999999996 0.899667 0.111333 0.094
2 0.32499999999999996 0.878 0.095333 0.134667
2 0.23533300000000001 0.635 0.136 0.131333
0 0.8220000000000001 0.788667 0.148 0.122667
0 0.9299999999999999 0.729 0.081333 0.074
0 0.5836669999999999 0.708 0.038 0.042667
0 0.511 0.654 0.035333 0.041333
0 0.489333 0.577 0.048 0.043333
0 0.582667 0.663 0.041333 0.039333
0 0.542333 0.662667 0.035333 0.038667
0 0.735333 0.462333 0.038667 0.035333
0 0.5263329999999999 0.390667 0.044667 0.042667
0 0.949 0.391667 0.040667 0.038
0 0.9143330000000001 0.41133299999999995 0.036667 0.045333
0 0.939667 0.33166700000000005 0.043333 0.054
0 0.880667 0.41800000000000004 0.028 0.038667
0 0.8376669999999999 0.505333 0.026 0.028
0 0.75 0.398667 0.033333 0.036
0 0.769333 0.41933299999999996 0.025333 0.033333
0 0.91 0.27833300000000005 0.041333 0.047333
0 0.858333 0.170667 0.119333 0.141333
0 0.426667 0.10299999999999998 0.145333 0.200667
0 0.27233300000000005 0.10799999999999998 0.23 0.216
0 0.162667 0.14700000000000002 0.164 0.202
0 0.09566699999999995 0.30333299999999996 0.191333 0.154667
0 0.06833299999999998 0.644 0.102 0.082667
0 0.29633299999999996 0.687667 0.092667 0.096667
0 0.31999999999999995 0.789667 0.049333 0.051333
0 0.234333 0.794667 0.087333 0.077333
0 0.165667 0.795667 0.056667 0.052667
0 0.08766700000000005 0.811333 0.075333 0.065333
0 0.07033299999999998 0.855 0.051333 0.044667
0 0.01966699999999999 0.798333 0.039333 0.058
0 0.21199999999999997 0.909 0.08 0.086
0 0.12966699999999998 0.914667 0.083333 0.096
0 0.05500000000000005 0.9013329999999999 0.063333 0.052
0 0.270667 0.9033329999999999 0.046667 0.044
2 0.42700000000000005 0.964 0.135333 0.070667
