2 0.911333 0.268667 0.137333 0.110667
2 0.927333 0.385667 0.141333 0.15
2 0.903667 0.503 0.094 0.084667
2 0.899 0.639 0.19 0.187333
2 0.800333 0.395667 0.143333 0.143333
2 0.786333 0.525 0.143333 0.11
2 0.827333 0.187 0.077333 0.083333
2 0.7126669999999999 0.227333 0.165333 0.164
2 0.621333 0.114333 0.126667 0.114
2 0.601 0.209667 0.100667 0.087333
2 0.5800000000000001 0.284 0.105333 0.105333
2 0.699667 0.365333 0.163333 0.145333
2 0.5836669999999999 0.377667 0.087333 0.09
2 0.603 0.477667 0.192667 0.151333
2 0.615667 0.604333 0.156667 0.112667
2 0.722333 0.711 0.151333 0.220667
2 0.5776669999999999 0.714333 0.15 0.119333
2 0.596 0.830333 0.162667 0.120667
2 0.5876669999999999 0.931333 0.176667 0.089333
2 0.43500000000000005 0.825 0.164667 0.174
2 0.36466699999999996 0.919333 0.138667 0.134667
2 0.46699999999999997 0.697333 0.095333 0.090667
2 0.46699999999999997 0.594333 0.148667 0.146
2 0.47366699999999995 0.414333 0.120667 0.15
2 0.47466699999999995 0.294667 0.108 0.096
2 0.49266699999999997 0.182 0.116 0.124
2 0.36566699999999996 0.160333 0.128667 0.160667
2 0.373333 0.289667 0.097333 0.096667
2 0.361333 0.473 0.16 0.191333
2 0.271 0.380667 0.126 0.132
2 0.279667 0.594 0.146 0.138667
2 0.258 0.707 0.141333 0.102
2 0.28800000000000003 0.830333 0.170667 0.151333
2 0.24 0.205667 0.125333 0.120667
2 0.23099999999999998 0.089 0.154 0.126
2 0.11699999999999999 0.130667 0.104667 0.165333
2 0.10533300000000001 0.341667 0.1 0.084667
2 0.11699999999999999 0.448 0.146 0.128
2 0.18100000000000005 0.529333 0.166 0.157333
2 0.10933300000000001 0.677667 0.141333 0.120667
2 0.16833299999999995 0.789667 0.118 0.119333
2 0.13733300000000004 0.908333 0.136 0.123333
2 0.9299999999999999 0.175 0.138667 0.132667
2 0.854333 0.084333 0.180667 0.167333
2 0.802 0.278 0.086667 0.085333
3 0.718333 0.127667 0.063333 0.067333
2 0.6950000000000001 0.478 0.083333 0.088
2 0.631667 0.035333 0.164667 0.069333
2 0.478 0.064667 0.185333 0.128
2 0.29300000000000004 0.036667 0.138 0.072
0 0.16300000000000003 0.255333 0.048667 0.064
0 0.119 0.259 0.043333 0.056667
2 0.08599999999999997 0.040333 0.138667 0.079333
2 0.05366700000000002 0.586333 0.107333 0.128667
2 0.023333000000000048 0.687 0.046667 0.072667
2 0.054332999999999965 0.817667 0.108667 0.167333
0 0.857667 0.776333 0.048667 0.040667
0 0.914 0.750667 0.045333 0.033333
