3 0.644333 0.864333 0.09 0.086
2 0.725667 0.883 0.078 0.112667
2 0.791 0.835667 0.122 0.154
2 0.854 0.942667 0.129333 0.090667
2 0.911333 0.882333 0.106667 0.127333
2 0.88 0.745 0.158667 0.122
2 0.841333 0.636 0.133333 0.132
2 0.622333 0.418 0.115333 0.134667
2 0.739333 0.413667 0.133333 0.146
2 0.641667 0.196667 0.218 0.129333
2 0.661 0.291333 0.176667 0.090667
2 0.811 0.174667 0.118 0.121333
2 0.841667 0.249667 0.064667 0.062
2 0.904333 0.171 0.118 0.119333
2 0.891667 0.077667 0.138 0.079333
2 0.871333 0.41 0.166667 0.108
2 0.868667 0.328333 0.202667 0.088667
2 0.914 0.258 0.145333 0.096
2 0.712333 0.176667 0.076667 0.066667
0 0.408 0.112333 0.037333 0.039333
0 0.285 0.226 0.048667 0.064
0 0.073 0.162 0.135333 0.161333
0 0.189333 0.354667 0.22 0.266667
0 0.367 0.374 0.152667 0.229333
0 0.064667 0.304 0.124 0.138667
0 0.059 0.398333 0.116667 0.128667
0 0.374333 0.583 0.264667 0.279333
0 0.124 0.581 0.246667 0.283333
0 0.174667 0.738 0.102667 0.078667
0 0.092667 0.894667 0.184 0.208
0 0.354667 0.897 0.244 0.206
0 0.413 0.763 0.128667 0.107333
0 0.280333 0.783667 0.163333 0.202
0 0.539 0.817667 0.047333 0.047333
0 0.935 0.841333 0.051333 0.045333
0 0.604667 0.752333 0.038667 0.038
0 0.739333 0.667667 0.041333 0.055333
0 0.681333 0.736 0.038667 0.042667
0 0.827333 0.526667 0.037333 0.042667
3 0.793667 0.034333 0.088667 0.067333
0 0.556667 0.048 0.045333 0.037333
0 0.791333 0.286 0.072 0.070667
