3 0.893333 0.892667 0.101333 0.102667
3 0.791667 0.925333 0.115333 0.088
3 0.7456670000000001 0.872333 0.09 0.084667
3 0.816667 0.8356669999999999 0.078667 0.078
3 0.656333 0.892 0.088667 0.088
3 0.669 0.808667 0.116667 0.112
3 0.763667 0.765667 0.112667 0.128667
3 0.85 0.740667 0.106667 0.096
3 0.955333 0.795 0.064 0.048667
2 0.808333 0.651667 0.079333 0.092667
2 0.750667 0.674667 0.044 0.058667
2 0.702 0.601667 0.077333 0.074
3 0.6293329999999999 0.5549999999999999 0.096 0.111333
3 0.6186670000000001 0.6313329999999999 0.058667 0.061333
3 0.5409999999999999 0.650333 0.086 0.087333
3 0.5640000000000001 0.554333 0.068 0.107333
3 0.475 0.578667 0.11 0.1
3 0.43999999999999995 0.673 0.101333 0.083333
3 0.48366699999999996 0.761333 0.116667 0.101333
3 0.583 0.740667 0.118 0.129333
3 0.678667 0.703667 0.094667 0.094
3 0.580667 0.909333 0.065333 0.077333
3 0.49866699999999997 0.942667 0.076 0.074667
2 0.41333299999999995 0.954 0.092 0.069333
3 0.31866700000000003 0.911667 0.08 0.082
3 0.492 0.853333 0.1 0.104
3 0.404 0.876 0.076 0.092
3 0.346 0.804333 0.126667 0.126
3 0.881 0.548333 0.086 0.072667
3 0.791 0.530667 0.108667 0.14
3 0.702 0.468333 0.102667 0.104667
2 0.623333 0.46766700000000005 0.062667 0.075333
2 0.5640000000000001 0.412667 0.106667 0.104
3 0.6206670000000001 0.344 0.106667 0.097333
2 0.7130000000000001 0.368333 0.083333 0.079333
3 0.788 0.426667 0.102667 0.068
3 0.789667 0.347 0.072667 0.075333
3 0.706 0.30933299999999997 0.069333 0.041333
3 0.6699999999999999 0.263 0.105333 0.082
3 0.763667 0.235 0.084667 0.074
3 0.801667 0.281667 0.084667 0.052667
2 0.869333 0.30800000000000005 0.112 0.094667
2 0.898667 0.390667 0.109333 0.073333
2 0.896333 0.478 0.124667 0.090667
2 0.936667 0.24466699999999997 0.110667 0.104
2 0.820667 0.13366699999999998 0.065333 0.064667
2 0.841 0.21299999999999997 0.07 0.084667
3 0.738333 0.17533299999999996 0.078 0.078667
2 0.649667 0.12066699999999997 0.082 0.097333
3 0.734 0.086333 0.108 0.087333
2 0.406 0.06566700000000003 0.105333 0.112667
3 0.31566700000000003 0.23866699999999996 0.119333 0.105333
2 0.650667 0.19633299999999998 0.064 0.056667
2 0.316333 0.06399999999999995 0.082 0.096
2 0.24866699999999997 0.12166699999999997 0.101333 0.124667
2 0.09599999999999997 0.07799999999999996 0.162667 0.132
3 0.12 0.234333 0.110667 0.116667
2 0.16033299999999995 0.33999999999999997 0.108667 0.094667
2 0.37066699999999997 0.34966699999999995 0.104 0.086
3 0.364333 0.440333 0.086 0.087333
3 0.281 0.433667 0.078 0.087333
3 0.28 0.353333 0.125333 0.098667
3 0.08866700000000005 0.43799999999999994 0.065333 0.065333
2 0.06733299999999998 0.361333 0.074667 0.073333
3 0.06299999999999994 0.503 0.088667 0.046
3 0.08699999999999997 0.5573330000000001 0.086 0.06
3 0.11599999999999999 0.622 0.077333 0.064
2 0.257667 0.651667 0.114 0.095333
2 0.18533299999999997 0.76 0.130667 0.106667
3 0.11266699999999996 0.7086669999999999 0.137333 0.106667
2 0.640333 0.961 0.115333 0.076667
2 0.966 0.92 0.066667 0.092
2 0.972667 0.851333 0.049333 0.044
0 0.91 0.6859999999999999 0.178667 0.281333
2 0.891667 0.14833300000000005 0.118 0.102
0 0.872 0.092333 0.077333 0.058
2 0.9299999999999999 0.05566700000000002 0.086667 0.094
2 0.596 0.06666700000000003 0.164 0.133333
2 0.03866700000000001 0.256667 0.077333 0.090667
3 0.031000000000000028 0.18466700000000003 0.062 0.066667
3 0.16000000000000003 0.412667 0.085333 0.056
0 0.23199999999999998 0.548667 0.225333 0.201333
0 0.384667 0.5143329999999999 0.052 0.054
3 0.02300000000000002 0.568667 0.046 0.084
0 0.308667 0.710333 0.048 0.05
0 0.17033299999999996 0.973 0.072667 0.052667
0 0.23966699999999996 0.826333 0.051333 0.043333
