2 0.28633299999999995 0.930667 0.148667 0.126667
2 0.08899999999999997 0.928 0.151333 0.14
2 0.148667 0.812333 0.176 0.180667
2 0.27 0.812667 0.089333 0.109333
2 0.37933300000000003 0.8466670000000001 0.162667 0.174667
2 0.42633299999999996 0.734333 0.095333 0.075333
2 0.907 0.776 0.076667 0.077333
2 0.834667 0.7803329999999999 0.070667 0.080667
2 0.731333 0.788 0.110667 0.093333
2 0.627667 0.763 0.087333 0.076667
2 0.852 0.679 0.097333 0.111333
2 0.730667 0.645667 0.14 0.188667
2 0.624333 0.663 0.119333 0.143333
2 0.580333 0.525333 0.151333 0.173333
2 0.520667 0.654667 0.093333 0.104
2 0.432667 0.6413329999999999 0.097333 0.156
2 0.32399999999999995 0.6433329999999999 0.102667 0.165333
2 0.206333 0.6293329999999999 0.124667 0.176
2 0.08033299999999999 0.639 0.123333 0.176667
2 0.11666699999999997 0.472 0.198667 0.174667
2 0.290667 0.527 0.102667 0.082
2 0.42200000000000004 0.504667 0.16 0.14
2 0.32399999999999995 0.394 0.233333 0.177333
2 0.518 0.43500000000000005 0.101333 0.098
2 0.862667 0.560667 0.165333 0.12
2 0.918667 0.44266700000000003 0.138667 0.138667
2 0.805333 0.44199999999999995 0.101333 0.112
2 0.706333 0.45399999999999996 0.116667 0.133333
2 0.888 0.31366700000000003 0.136 0.122
2 0.767333 0.33299999999999996 0.113333 0.111333
2 0.632667 0.348 0.153333 0.161333
2 0.813333 0.235 0.094667 0.098
2 0.713667 0.23566699999999996 0.09 0.088667
2 0.823333 0.158667 0.062667 0.070667
2 0.734333 0.15800000000000003 0.083333 0.072
2 0.618 0.08299999999999996 0.104 0.147333
2 0.823333 0.07733299999999999 0.096 0.086667
2 0.927 0.07066700000000004 0.127333 0.094667
2 0.931333 0.18866700000000003 0.122667 0.125333
2 0.611667 0.21199999999999997 0.094 0.125333
2 0.498333 0.24833300000000003 0.120667 0.152667
2 0.5349999999999999 0.13 0.11 0.088
2 0.31999999999999995 0.147667 0.1 0.11
2 0.40700000000000003 0.163667 0.076667 0.158
2 0.12966699999999998 0.07666700000000004 0.178 0.112
2 0.090333 0.18966700000000003 0.107333 0.116667
2 0.15500000000000003 0.324333 0.147333 0.147333
2 0.241 0.222333 0.203333 0.184667
2 0.937667 0.861667 0.123333 0.143333
2 0.678667 0.937333 0.141333 0.124
0 0.544 0.948333 0.082667 0.078
0 0.614 0.845667 0.065333 0.064667
0 0.698 0.864 0.085333 0.062667
0 0.943333 0.6986669999999999 0.1 0.089333
0 0.532667 0.750333 0.068 0.066
2 0.963667 0.571333 0.071333 0.156
2 0.729 0.06299999999999994 0.163333 0.126
2 0.45366700000000004 0.054332999999999965 0.136667 0.108667
2 0.04933299999999996 0.30933299999999997 0.098667 0.137333
2 0.04400000000000004 0.785667 0.077333 0.122
