2 0.898333 0.634 0.175333 0.161333
2 0.876667 0.146 0.109333 0.106667
2 0.842667 0.252333 0.133333 0.122
2 0.602 0.361333 0.101333 0.098667
2 0.712 0.352 0.102667 0.092
2 0.718667 0.437667 0.165333 0.092667
2 0.715667 0.555667 0.176667 0.154
2 0.908 0.749333 0.113333 0.089333
1 0.769667 0.942333 0.123333 0.086
2 0.815667 0.795333 0.174 0.194667
2 0.665 0.716667 0.155333 0.157333
2 0.653 0.857667 0.204667 0.172667
2 0.508 0.908333 0.153333 0.174
2 0.538333 0.725 0.108667 0.112667
2 0.572667 0.572667 0.157333 0.166667
2 0.44766700000000004 0.541 0.151333 0.15
2 0.43133299999999997 0.647 0.105333 0.082
2 0.42400000000000004 0.751333 0.121333 0.134667
2 0.394667 0.913 0.098667 0.111333
3 0.272667 0.467333 0.096 0.086667
2 0.336333 0.562333 0.092667 0.09
2 0.340333 0.652667 0.087333 0.070667
2 0.311667 0.757 0.118 0.120667
2 0.28933299999999995 0.864 0.134667 0.096
2 0.29633299999999996 0.954333 0.087333 0.076667
2 0.207333 0.672667 0.145333 0.133333
2 0.19633299999999998 0.797667 0.123333 0.119333
2 0.287667 0.266 0.11 0.116
2 0.29833299999999996 0.140333 0.122 0.135333
2 0.405 0.162333 0.111333 0.123333
2 0.44199999999999995 0.325667 0.118667 0.122
2 0.508667 0.227 0.148 0.155333
2 0.626667 0.136 0.154667 0.134667
2 0.632333 0.244333 0.095333 0.084667
2 0.543667 0.043667 0.082 0.075333
2 0.509333 0.123667 0.084 0.071333
2 0.775333 0.111667 0.152 0.144667
2 0.739 0.244333 0.11 0.120667
0 0.878333 0.059 0.064667 0.060667
2 0.802667 0.370667 0.081333 0.065333
2 0.652333 0.036333 0.119333 0.071333
2 0.6046670000000001 0.457667 0.048 0.052667
0 0.366 0.271 0.048 0.05
0 0.18100000000000005 0.106333 0.072667 0.048667
0 0.18433299999999997 0.352 0.056667 0.064
0 0.15600000000000003 0.379 0.072 0.075333
0 0.142667 0.442 0.064 0.057333
0 0.04566700000000001 0.586 0.091333 0.118667
0 0.08966700000000005 0.669 0.111333 0.108667
3 0.20366700000000004 0.877333 0.066 0.058667
2 0.659667 0.960333 0.106 0.071333
0 0.915333 0.858333 0.096 0.079333
2 0.871 0.945 0.132667 0.11
