2 0.094333 0.093 0.176667 0.148667
2 0.254 0.122667 0.06 0.072
2 0.32899999999999996 0.111667 0.074 0.055333
2 0.309667 0.166667 0.071333 0.068
2 0.416667 0.155 0.129333 0.112667
2 0.34299999999999997 0.045667 0.120667 0.09
2 0.736667 0.098 0.074667 0.092
2 0.810333 0.126 0.091333 0.096
3 0.909667 0.178333 0.104667 0.086
2 0.904 0.085667 0.098667 0.09
2 0.925 0.267333 0.126 0.102667
2 0.5660000000000001 0.166333 0.128 0.154
2 0.752667 0.250333 0.132 0.13
2 0.834 0.341333 0.125333 0.134667
2 0.928333 0.353 0.072667 0.075333
2 0.909 0.422667 0.088667 0.072
2 0.924333 0.508667 0.136667 0.133333
2 0.825 0.493333 0.104667 0.125333
2 0.733333 0.441667 0.132 0.148667
2 0.6663330000000001 0.356667 0.151333 0.176
2 0.5720000000000001 0.328333 0.070667 0.088667
2 0.48066699999999996 0.278333 0.170667 0.188667
2 0.24866699999999997 0.204667 0.098667 0.074667
2 0.18533299999999997 0.272 0.125333 0.145333
2 0.340333 0.236 0.082 0.068
2 0.299667 0.275333 0.118 0.066667
2 0.286667 0.367667 0.192 0.128667
2 0.305667 0.476 0.143333 0.145333
2 0.17566700000000002 0.494667 0.15 0.192
2 0.45966700000000005 0.422667 0.104667 0.094667
2 0.571333 0.425333 0.128 0.105333
2 0.566333 0.505333 0.115333 0.137333
2 0.642333 0.534333 0.119333 0.120667
2 0.646 0.625333 0.129333 0.097333
2 0.637667 0.738667 0.112667 0.129333
2 0.520667 0.687667 0.142667 0.183333
2 0.458333 0.567667 0.143333 0.143333
2 0.226333 0.641667 0.182 0.184667
2 0.33566700000000005 0.675333 0.147333 0.156
2 0.33266700000000005 0.804 0.174667 0.124
2 0.516667 0.830667 0.190667 0.130667
2 0.509667 0.925333 0.115333 0.102667
2 0.32699999999999996 0.902333 0.124667 0.076667
3 0.807333 0.915667 0.136 0.124667
2 0.909667 0.884667 0.128667 0.132
2 0.699333 0.883667 0.133333 0.106
2 0.919333 0.773333 0.093333 0.078667
2 0.843667 0.751667 0.086 0.091333
2 0.8109999999999999 0.794667 0.074 0.1
2 0.7416670000000001 0.784333 0.095333 0.104667
2 0.735333 0.708667 0.094667 0.092
2 0.926333 0.614333 0.112667 0.124667
2 0.918667 0.696 0.094667 0.069333
2 0.837333 0.655 0.070667 0.082
2 0.7803329999999999 0.614333 0.118 0.124667
3 0.579333 0.046667 0.086667 0.092
2 0.817 0.040333 0.107333 0.079333
3 0.831 0.215333 0.043333 0.054667
0 0.388667 0.305333 0.057333 0.06
0 0.415667 0.335 0.048667 0.052667
0 0.48466699999999996 0.478667 0.081333 0.06
0 0.43766700000000003 0.728 0.079333 0.102667
2 0.957333 0.915667 0.084 0.13
0 0.42600000000000005 0.914667 0.044 0.064
2 0.426667 0.836667 0.065333 0.078667
2 0.31499999999999995 0.961 0.11 0.078
0 0.124 0.329667 0.084 0.100667
0 0.121 0.2 0.103333 0.085333
0 0.20966700000000005 0.153667 0.058 0.067333
0 0.16400000000000003 0.150333 0.042667 0.046
0 0.22999999999999998 0.052667 0.105333 0.085333
