3 0.851333 0.089 0.090667 0.086
2 0.781333 0.168 0.108 0.104
3 0.889 0.263333 0.09 0.101333
2 0.883 0.356 0.118 0.097333
2 0.887667 0.438333 0.11 0.082
2 0.913 0.515 0.142 0.11
2 0.883 0.623333 0.115333 0.101333
2 0.916667 0.729 0.114667 0.09
2 0.928 0.845333 0.129333 0.137333
2 0.943 0.947333 0.102 0.1
2 0.828333 0.914333 0.119333 0.155333
2 0.818333 0.739 0.118 0.147333
2 0.796333 0.569333 0.124667 0.134667
2 0.786 0.44 0.112 0.126667
2 0.562 0.104 0.072 0.073333
3 0.573 0.18 0.086 0.070667
2 0.575 0.26 0.092667 0.092
2 0.570667 0.335667 0.068 0.040667
3 0.6703330000000001 0.301 0.083333 0.076667
3 0.6759999999999999 0.379333 0.1 0.072
2 0.575 0.407333 0.102 0.092
2 0.685333 0.458667 0.108 0.102667
2 0.684667 0.561333 0.096 0.102667
2 0.571333 0.516333 0.136 0.120667
2 0.5840000000000001 0.614667 0.130667 0.098667
2 0.697667 0.675 0.122 0.115333
2 0.7046669999999999 0.787333 0.108 0.106667
2 0.591 0.811333 0.114 0.136
2 0.711667 0.901333 0.119333 0.134667
2 0.606333 0.914333 0.072667 0.083333
2 0.509667 0.908 0.123333 0.114667
2 0.489333 0.826 0.097333 0.088
2 0.47066699999999995 0.725333 0.124 0.113333
2 0.39233300000000004 0.766333 0.044667 0.064667
2 0.45899999999999996 0.606 0.106 0.122667
3 0.47266699999999995 0.098333 0.1 0.082
3 0.47566699999999995 0.171 0.100667 0.078
2 0.469333 0.240667 0.101333 0.1
2 0.48666699999999996 0.336 0.102667 0.106667
2 0.45566700000000004 0.445667 0.115333 0.115333
2 0.38333300000000003 0.567333 0.093333 0.130667
2 0.309667 0.498333 0.128667 0.115333
3 0.19033299999999997 0.484333 0.11 0.107333
2 0.07066700000000004 0.353667 0.134667 0.082
2 0.08599999999999997 0.277333 0.142667 0.076
3 0.08466700000000005 0.193667 0.134667 0.088667
2 0.20133299999999998 0.108667 0.14 0.110667
3 0.296667 0.245667 0.094667 0.126
2 0.384667 0.262333 0.070667 0.079333
2 0.372333 0.342 0.112667 0.108
2 0.20066700000000004 0.206 0.094667 0.077333
2 0.19133299999999998 0.364333 0.101333 0.103333
2 0.06366700000000003 0.455 0.120667 0.118
2 0.19833299999999998 0.606667 0.146 0.124
2 0.317333 0.611333 0.102667 0.074667
2 0.32066700000000004 0.684333 0.126667 0.095333
2 0.30300000000000005 0.765667 0.118 0.07
2 0.305667 0.853667 0.143333 0.123333
2 0.10466699999999995 0.862333 0.161333 0.120667
2 0.10333300000000001 0.765 0.128 0.102
2 0.19233299999999998 0.710667 0.108667 0.090667
2 0.06933299999999998 0.601 0.121333 0.128667
3 0.09966699999999995 0.686333 0.048667 0.052667
2 0.5840000000000001 0.701667 0.113333 0.09
2 0.9123330000000001 0.067667 0.116667 0.127333
2 0.660667 0.068 0.134667 0.134667
2 0.6599999999999999 0.157333 0.074667 0.061333
2 0.7476670000000001 0.098333 0.078 0.07
2 0.794333 0.275333 0.102 0.112
2 0.5593330000000001 0.035333 0.056 0.06
2 0.36966699999999997 0.080667 0.094 0.082667
2 0.32199999999999995 0.120667 0.088 0.097333
2 0.30933299999999997 0.946667 0.138667 0.106667
2 0.19866700000000004 0.917333 0.138667 0.165333
2 0.09266700000000005 0.947333 0.102667 0.105333
3 0.03433299999999995 0.724333 0.068667 0.114
2 0.19599999999999995 0.280333 0.078667 0.064667
2 0.20366700000000004 0.036333 0.080667 0.062
3 0.08966700000000005 0.068667 0.139333 0.136
