2 0.884333 0.128333 0.114 0.088667
2 0.883667 0.222333 0.135333 0.126
2 0.7933330000000001 0.097667 0.088 0.083333
2 0.785667 0.197 0.088667 0.084667
2 0.899667 0.400667 0.111333 0.122667
2 0.794667 0.399 0.112 0.116667
2 0.893333 0.510333 0.096 0.086
2 0.873667 0.602667 0.115333 0.101333
2 0.894667 0.700667 0.093333 0.089333
2 0.897667 0.800667 0.084667 0.094667
2 0.861333 0.916 0.112 0.108
2 0.947333 0.914333 0.062667 0.086
2 0.696333 0.065333 0.11 0.106667
2 0.6946669999999999 0.172 0.104 0.098667
2 0.723333 0.279333 0.105333 0.106667
2 0.6990000000000001 0.384667 0.076667 0.070667
2 0.806 0.507667 0.089333 0.099333
2 0.792667 0.589667 0.069333 0.058
2 0.798333 0.695 0.108667 0.114
2 0.783667 0.816667 0.146 0.118667
2 0.681 0.8 0.087333 0.093333
2 0.696 0.689 0.106667 0.11
2 0.6843330000000001 0.575 0.134 0.126
2 0.592667 0.373667 0.128 0.098
2 0.716333 0.468 0.091333 0.088
2 0.625333 0.876333 0.106667 0.092667
2 0.568333 0.789333 0.128667 0.130667
2 0.588333 0.658667 0.142 0.132
2 0.568333 0.55 0.102 0.101333
2 0.5820000000000001 0.466 0.129333 0.089333
2 0.617 0.262667 0.11 0.126667
2 0.5900000000000001 0.152667 0.110667 0.106667
2 0.5920000000000001 0.058333 0.090667 0.104667
2 0.48166699999999996 0.129 0.111333 0.120667
2 0.48766699999999996 0.038333 0.092667 0.072667
2 0.5123329999999999 0.232 0.086 0.104
2 0.48566699999999996 0.342 0.091333 0.101333
2 0.452333 0.434 0.091333 0.086667
2 0.46199999999999997 0.533333 0.072 0.076
2 0.464333 0.646667 0.112667 0.138667
2 0.44899999999999995 0.766 0.115333 0.102667
3 0.329333 0.828 0.129333 0.137333
3 0.364333 0.945 0.11 0.108667
2 0.26133300000000004 0.923 0.101333 0.124667
2 0.267667 0.733667 0.167333 0.151333
2 0.12166699999999997 0.770333 0.142 0.142
2 0.12933300000000003 0.893667 0.129333 0.111333
2 0.11133300000000002 0.497667 0.109333 0.116667
3 0.10599999999999998 0.362667 0.165333 0.126667
2 0.23933300000000002 0.598 0.134667 0.144
2 0.238 0.490333 0.14 0.118
2 0.36466699999999996 0.505667 0.097333 0.092667
2 0.36566699999999996 0.618 0.123333 0.137333
2 0.28500000000000003 0.264667 0.095333 0.130667
2 0.19599999999999995 0.273667 0.076 0.098
2 0.24266699999999997 0.382667 0.133333 0.113333
2 0.361333 0.403667 0.101333 0.111333
2 0.36966699999999997 0.305333 0.118 0.090667
2 0.399667 0.205 0.111333 0.142
2 0.30933299999999997 0.087667 0.122667 0.151333
3 0.20366700000000004 0.170667 0.139333 0.132
2 0.160667 0.069333 0.128 0.098667
3 0.96 0.244333 0.076 0.074
3 0.960667 0.159333 0.056 0.069333
3 0.836333 0.300667 0.092667 0.077333
2 0.966333 0.518333 0.063333 0.087333
3 0.957 0.331333 0.084667 0.069333
2 0.966333 0.422333 0.066 0.102
2 0.883333 0.047333 0.130667 0.093333
3 0.405667 0.045667 0.088667 0.09
2 0.06299999999999994 0.252667 0.118 0.114667
2 0.043332999999999955 0.167 0.086667 0.099333
2 0.057667000000000024 0.712333 0.115333 0.159333
2 0.16533299999999995 0.965 0.133333 0.07
2 0.471 0.938333 0.143333 0.123333
2 0.5656669999999999 0.933 0.078 0.076667
2 0.768 0.937333 0.181333 0.125333
