2 0.916333 0.096333 0.162 0.191333
2 0.779667 0.089333 0.152667 0.174667
2 0.532 0.179333 0.137333 0.138667
2 0.34466699999999995 0.13 0.134667 0.134667
2 0.12833300000000003 0.07 0.144667 0.130667
2 0.16800000000000004 0.172333 0.154667 0.119333
2 0.29100000000000004 0.209333 0.13 0.132
2 0.08599999999999997 0.269333 0.145333 0.196
2 0.22766699999999995 0.297 0.156667 0.162
2 0.34299999999999997 0.324667 0.082 0.088
2 0.43866700000000003 0.32 0.104 0.097333
2 0.387667 0.415 0.118 0.098
3 0.07633299999999998 0.460333 0.128667 0.178
2 0.18999999999999995 0.486667 0.137333 0.141333
2 0.320333 0.520333 0.152667 0.176667
2 0.42300000000000004 0.525667 0.083333 0.119333
2 0.47566699999999995 0.535 0.075333 0.144667
2 0.5533330000000001 0.549 0.102667 0.103333
2 0.5656669999999999 0.462 0.086 0.070667
2 0.529 0.372333 0.152667 0.174
2 0.607 0.287333 0.146 0.12
2 0.168667 0.615 0.146667 0.131333
2 0.22866699999999995 0.698333 0.094667 0.115333
2 0.31100000000000005 0.622667 0.095333 0.066667
2 0.31299999999999994 0.718667 0.116667 0.128
2 0.418667 0.693333 0.113333 0.141333
2 0.619 0.632333 0.086 0.078
2 0.6493329999999999 0.719333 0.110667 0.098667
2 0.535667 0.670667 0.116667 0.132
2 0.571333 0.769667 0.1 0.091333
2 0.868667 0.736 0.12 0.098667
3 0.877333 0.828333 0.097333 0.083333
2 0.815667 0.908 0.114 0.137333
2 0.727 0.89 0.088667 0.157333
2 0.623 0.872333 0.106 0.114
2 0.512 0.856 0.130667 0.166667
2 0.40700000000000003 0.818 0.123333 0.129333
2 0.370333 0.914333 0.114 0.122
2 0.739 0.209333 0.112667 0.101333
2 0.560667 0.051667 0.041333 0.042
2 0.44366700000000003 0.036 0.098 0.070667
2 0.6373329999999999 0.180667 0.049333 0.057333
0 0.877333 0.239 0.097333 0.09
3 0.964 0.266 0.070667 0.153333
0 0.788333 0.446333 0.422 0.460667
2 0.768667 0.735 0.118667 0.120667
0 0.796667 0.806667 0.056 0.057333
2 0.945333 0.948 0.108 0.104
2 0.609 0.960667 0.160667 0.078667
2 0.049000000000000044 0.893 0.083333 0.09
3 0.18133299999999997 0.763333 0.078667 0.089333
0 0.05500000000000005 0.145667 0.062 0.064667
0 0.05933299999999997 0.093333 0.04 0.044
