2 0.914667 0.128 0.105333 0.137333
3 0.824667 0.116667 0.097333 0.137333
3 0.747333 0.158333 0.073333 0.098
3 0.751 0.250667 0.083333 0.086667
2 0.775667 0.314667 0.05 0.046667
3 0.691333 0.298 0.086667 0.102667
3 0.673 0.211667 0.080667 0.088667
2 0.6723330000000001 0.129 0.082 0.082
2 0.638667 0.067333 0.069333 0.097333
2 0.5573330000000001 0.098667 0.090667 0.098667
3 0.597667 0.175667 0.076667 0.096667
3 0.597667 0.246667 0.084667 0.058667
2 0.588667 0.308333 0.105333 0.079333
2 0.614333 0.375 0.115333 0.074
2 0.653667 0.450667 0.086 0.069333
3 0.515667 0.191667 0.09 0.092667
2 0.474 0.295 0.089333 0.114
3 0.42600000000000005 0.354 0.097333 0.070667
2 0.38933300000000004 0.272333 0.073333 0.087333
2 0.378 0.190333 0.096 0.092667
2 0.45199999999999996 0.199 0.038667 0.039333
2 0.421667 0.134 0.119333 0.064
2 0.38633300000000004 0.093667 0.051333 0.072667
3 0.34466699999999995 0.116 0.06 0.08
2 0.256 0.093 0.109333 0.123333
3 0.16833299999999995 0.134667 0.115333 0.106667
2 0.274 0.186 0.093333 0.106667
2 0.18500000000000005 0.235333 0.107333 0.108
3 0.088333 0.231 0.086 0.119333
3 0.21699999999999997 0.341 0.115333 0.106
2 0.30233299999999996 0.288667 0.106 0.101333
3 0.32666700000000004 0.393667 0.096 0.108667
3 0.759333 0.524333 0.102667 0.134
2 0.740667 0.392333 0.101333 0.114
2 0.871 0.300333 0.084667 0.084667
2 0.892667 0.401 0.097333 0.119333
2 0.817667 0.381667 0.047333 0.118
2 0.865333 0.607 0.101333 0.098
2 0.883 0.698 0.086 0.102667
2 0.916667 0.880667 0.101333 0.073333
2 0.916333 0.951333 0.091333 0.065333
2 0.820333 0.873667 0.088667 0.112667
3 0.787667 0.666667 0.092667 0.109333
3 0.776 0.779 0.130667 0.11
3 0.733 0.911333 0.096667 0.093333
3 0.695333 0.855 0.092 0.088667
3 0.654333 0.782 0.09 0.081333
3 0.6006670000000001 0.826667 0.1 0.098667
3 0.638333 0.713 0.111333 0.083333
3 0.723333 0.706333 0.061333 0.086
2 0.6843330000000001 0.568667 0.072667 0.1
2 0.64 0.642333 0.089333 0.080667
3 0.615 0.544333 0.083333 0.11
3 0.538 0.522333 0.096 0.079333
2 0.556 0.614 0.090667 0.106667
2 0.5223329999999999 0.446667 0.084667 0.074667
2 0.454333 0.480667 0.059333 0.070667
2 0.472 0.544333 0.072 0.059333
2 0.49066699999999996 0.618333 0.073333 0.087333
3 0.40433300000000005 0.599333 0.074 0.082667
2 0.435667 0.698667 0.111333 0.109333
3 0.323333 0.668333 0.102667 0.115333
3 0.313333 0.571 0.105333 0.076667
3 0.31699999999999995 0.49 0.146 0.098667
3 0.18033299999999997 0.455 0.124667 0.088667
3 0.08199999999999996 0.445 0.101333 0.116667
3 0.11133300000000002 0.543667 0.096 0.088667
3 0.19899999999999995 0.524333 0.092667 0.058
3 0.205333 0.595 0.105333 0.080667
3 0.23966699999999996 0.664667 0.078 0.069333
3 0.157667 0.666667 0.086 0.129333
2 0.06433299999999997 0.622667 0.118 0.069333
3 0.08099999999999996 0.706333 0.112667 0.096667
2 0.251 0.792667 0.139333 0.130667
3 0.39133300000000004 0.829333 0.128 0.126667
3 0.311667 0.910667 0.084667 0.069333
0 0.28933299999999995 0.855 0.068 0.047333
3 0.235 0.905667 0.09 0.095333
3 0.144667 0.886333 0.104 0.123333
3 0.07599999999999996 0.936667 0.074667 0.097333
2 0.9646669999999999 0.096 0.068 0.081333
2 0.905 0.029 0.063333 0.055333
3 0.904667 0.233667 0.086667 0.079333
0 0.953 0.335 0.082 0.059333
0 0.977667 0.281333 0.043333 0.072
0 0.943 0.425667 0.083333 0.088667
0 0.923667 0.485333 0.078 0.057333
0 0.820667 0.238 0.084 0.061333
2 0.803333 0.058333 0.152 0.115333
3 0.705667 0.044 0.103333 0.085333
0 0.862 0.539667 0.088 0.07
0 0.8260000000000001 0.488333 0.052 0.052667
2 0.525333 0.053 0.105333 0.104667
2 0.43799999999999994 0.057333 0.125333 0.112
2 0.442333 0.420333 0.035333 0.043333
2 0.141667 0.054333 0.09 0.064667
0 0.06899999999999995 0.147333 0.096667 0.072
0 0.09899999999999998 0.365667 0.058 0.058
0 0.153667 0.391667 0.062 0.056667
3 0.16633299999999995 0.969 0.091333 0.062
2 0.34166700000000005 0.948667 0.087333 0.098667
0 0.29833299999999996 0.735333 0.05 0.050667
0 0.356 0.729333 0.054667 0.046667
0 0.33999999999999997 0.757 0.048 0.039333
0 0.494333 0.761 0.059333 0.072667
0 0.534667 0.779 0.04 0.042
3 0.764 0.969667 0.054667 0.047333
2 0.859333 0.795 0.058667 0.047333
2 0.929 0.806333 0.140667 0.132667
2 0.958333 0.655333 0.07 0.057333
2 0.956333 0.584667 0.086 0.094667
