3 0.168333 0.057 0.119333 0.094
2 0.352667 0.060333 0.142667 0.116667
2 0.446333 0.121333 0.122 0.156
2 0.336 0.150333 0.106667 0.094
2 0.265 0.184667 0.082 0.104
2 0.167667 0.199667 0.119333 0.102
2 0.125 0.135333 0.09 0.069333
2 0.101 0.250333 0.080667 0.124667
2 0.207 0.283667 0.076667 0.060667
2 0.365333 0.249667 0.085333 0.087333
3 0.549333 0.193667 0.089333 0.116667
3 0.591 0.275667 0.078 0.083333
2 0.493667 0.300333 0.091333 0.080667
2 0.424333 0.381 0.047333 0.052667
3 0.515333 0.372 0.078667 0.062667
2 0.532667 0.434667 0.092 0.104
3 0.621 0.452667 0.054 0.065333
2 0.637 0.524 0.05 0.053333
2 0.543667 0.538667 0.091333 0.078667
2 0.447333 0.545667 0.093333 0.092667
3 0.4 0.486 0.073333 0.070667
3 0.461333 0.447 0.034667 0.038
3 0.334 0.476667 0.056 0.056
2 0.234 0.51 0.122667 0.110667
2 0.196 0.464333 0.093333 0.07
2 0.102333 0.501667 0.116667 0.094
2 0.070667 0.429667 0.101333 0.083333
2 0.157333 0.392 0.1 0.1
2 0.237 0.346 0.086 0.097333
2 0.333333 0.341667 0.121333 0.118
3 0.671333 0.57 0.030667 0.036
2 0.354 0.570667 0.101333 0.093333
2 0.124333 0.659333 0.127333 0.101333
2 0.201333 0.615333 0.054667 0.066667
1 0.246667 0.673333 0.072 0.070667
2 0.269667 0.596333 0.087333 0.086
2 0.326667 0.656 0.098667 0.110667
2 0.146 0.755333 0.106667 0.104
2 0.083333 0.844 0.101333 0.104
2 0.259 0.774 0.13 0.113333
2 0.284667 0.872 0.109333 0.109333
2 0.331333 0.931 0.066667 0.083333
2 0.416 0.917667 0.108 0.107333
2 0.388333 0.824667 0.091333 0.104
2 0.403 0.721333 0.120667 0.102667
2 0.407 0.627667 0.068667 0.09
2 0.485667 0.621 0.086 0.078
2 0.53 0.707333 0.138667 0.125333
2 0.475667 0.812667 0.086 0.105333
2 0.557667 0.808 0.083333 0.106667
2 0.630333 0.776 0.079333 0.109333
2 0.704333 0.727333 0.087333 0.132
2 0.569667 0.918333 0.11 0.111333
2 0.678667 0.883333 0.1 0.101333
2 0.73 0.824667 0.108 0.088
2 0.782 0.920333 0.096 0.118
2 0.901667 0.894 0.146 0.142667
2 0.894333 0.715 0.118 0.128667
2 0.941 0.791333 0.118 0.142667
2 0.807 0.783667 0.071333 0.078
2 0.775 0.706667 0.076667 0.118667
2 0.823 0.671333 0.060667 0.089333
2 0.059 0.166333 0.063333 0.066
0 0.055333 0.113333 0.037333 0.04
0 0.091667 0.086667 0.043333 0.037333
0 0.192 0.017667 0.04 0.034
0 0.357667 0.423 0.05 0.055333
2 0.036333 0.54 0.058 0.057333
2 0.108333 0.582667 0.055333 0.054667
2 0.046333 0.62 0.091333 0.141333
2 0.033667 0.712 0.064667 0.068
2 0.048 0.779333 0.094667 0.126667
2 0.109333 0.943333 0.134667 0.113333
2 0.694333 0.959667 0.116667 0.080667
2 0.956333 0.948 0.087333 0.098667
0 0.892667 0.555667 0.045333 0.046
0 0.931333 0.440667 0.041333 0.04
0 0.944333 0.510667 0.047333 0.052
0 0.948667 0.365333 0.044 0.04
0 0.906333 0.314 0.036667 0.037333
0 0.970667 0.268333 0.021333 0.024667
0 0.805667 0.294 0.034 0.037333
0 0.746333 0.377 0.043333 0.055333
0 0.608 0.331667 0.050667 0.052667
0 0.830667 0.211 0.029333 0.034
0 0.733667 0.175 0.034 0.042
0 0.653333 0.109333 0.057333 0.057333
0 0.743333 0.096 0.029333 0.029333
0 0.505333 0.054 0.049333 0.048
0 0.695333 0.019 0.029333 0.031333
0 0.812333 0.051 0.023333 0.026
