2 0.915333 0.079667 0.093333 0.102
2 0.951 0.296 0.088667 0.101333
2 0.825333 0.545333 0.148 0.161333
3 0.817 0.659667 0.09 0.082
2 0.845333 0.823 0.089333 0.096667
2 0.728333 0.843 0.082 0.082
2 0.717667 0.631 0.080667 0.086
2 0.7046669999999999 0.518667 0.096 0.102667
2 0.669333 0.408333 0.149333 0.115333
2 0.664667 0.088667 0.102667 0.137333
2 0.623333 0.607 0.110667 0.135333
2 0.6273329999999999 0.741 0.133333 0.136667
2 0.517 0.516 0.154 0.125333
2 0.506667 0.639667 0.125333 0.13
3 0.507 0.751667 0.054 0.054
2 0.526667 0.844 0.096 0.105333
2 0.44899999999999995 0.955333 0.100667 0.089333
3 0.546333 0.959667 0.056667 0.059333
2 0.42333299999999996 0.854 0.094667 0.106667
2 0.23099999999999998 0.846333 0.184667 0.174
2 0.093333 0.877333 0.106667 0.128
2 0.30933299999999997 0.624667 0.141333 0.133333
2 0.28700000000000003 0.506333 0.178 0.116667
2 0.18433299999999997 0.550667 0.132667 0.122667
3 0.20199999999999996 0.647667 0.076 0.079333
2 0.08033299999999999 0.680333 0.159333 0.148667
2 0.5656669999999999 0.119 0.148667 0.172667
2 0.44266700000000003 0.108667 0.144 0.216
3 0.348333 0.162333 0.091333 0.115333
2 0.24466699999999997 0.221667 0.176 0.15
2 0.224333 0.064333 0.116667 0.114
3 0.11599999999999999 0.154667 0.133333 0.138667
3 0.142667 0.284 0.072 0.064
3 0.14233300000000004 0.392667 0.095333 0.106667
2 0.799333 0.438333 0.066667 0.052667
0 0.757667 0.073667 0.064667 0.048667
0 0.723333 0.027333 0.068 0.053333
0 0.808 0.341667 0.042667 0.036667
0 0.832667 0.385667 0.069333 0.078
0 0.5796669999999999 0.394667 0.039333 0.046667
0 0.513333 0.443333 0.053333 0.038667
0 0.5369999999999999 0.216667 0.044667 0.032
2 0.42100000000000004 0.376667 0.068667 0.06
0 0.32299999999999995 0.033333 0.056667 0.049333
0 0.45366700000000004 0.478 0.048667 0.054667
0 0.40700000000000003 0.501333 0.056667 0.045333
0 0.31999999999999995 0.321667 0.046667 0.048667
2 0.241 0.333 0.123333 0.106
2 0.26633300000000004 0.417 0.13 0.099333
0 0.18333299999999997 0.443667 0.064 0.056667
2 0.06633299999999998 0.329 0.132667 0.127333
2 0.06233299999999997 0.438667 0.124667 0.130667
3 0.028666999999999998 0.562 0.057333 0.085333
0 0.11866699999999997 0.602667 0.084 0.082667
0 0.06966700000000003 0.568 0.052667 0.045333
0 0.09666699999999995 0.793667 0.105333 0.095333
2 0.22799999999999998 0.952333 0.117333 0.072667
0 0.330333 0.895 0.060667 0.054
0 0.280667 0.727667 0.117333 0.094
0 0.329333 0.752 0.052 0.054667
0 0.455333 0.755667 0.048 0.047333
