2 0.833333 0.897333 0.162667 0.196
2 0.6890000000000001 0.919 0.120667 0.111333
2 0.5656669999999999 0.942 0.21 0.114667
2 0.21066700000000005 0.899 0.136 0.159333
2 0.10399999999999998 0.7989999999999999 0.196 0.174
2 0.42500000000000004 0.7396670000000001 0.118 0.119333
2 0.548 0.7953330000000001 0.161333 0.192
2 0.703333 0.789667 0.192 0.180667
2 0.92 0.762 0.156 0.128
2 0.851333 0.665667 0.14 0.162
2 0.7396670000000001 0.696 0.106 0.096
2 0.694333 0.5946670000000001 0.138 0.168
2 0.5756669999999999 0.599 0.15 0.187333
2 0.475 0.623333 0.098 0.110667
2 0.45566700000000004 0.525333 0.146 0.104
2 0.374333 0.631 0.114 0.120667
2 0.261 0.671667 0.171333 0.175333
2 0.132 0.685667 0.132 0.127333
2 0.07766700000000004 0.582333 0.151333 0.148667
1 0.219333 0.556667 0.126667 0.092
2 0.19666700000000004 0.471 0.138667 0.112667
2 0.33666700000000005 0.529667 0.128 0.115333
2 0.32699999999999996 0.423667 0.136667 0.112667
2 0.438333 0.43200000000000005 0.098 0.084
2 0.16533299999999995 0.362 0.178667 0.108
2 0.228333 0.26633300000000004 0.139333 0.116667
2 0.08266700000000005 0.258667 0.156 0.126667
2 0.18033299999999997 0.145667 0.179333 0.142
2 0.43866700000000003 0.33699999999999997 0.137333 0.122
2 0.446333 0.22399999999999998 0.119333 0.112
2 0.567333 0.29733299999999996 0.182667 0.206667
2 0.78 0.47466699999999995 0.2 0.202667
2 0.886333 0.38533300000000004 0.176667 0.18
2 0.849667 0.23066699999999996 0.151333 0.129333
2 0.636 0.09599999999999997 0.173333 0.184
0 0.955333 0.845333 0.086667 0.085333
0 0.512 0.717667 0.116 0.080667
0 0.480333 0.871 0.07 0.068667
0 0.32066700000000004 0.819333 0.064 0.062667
0 0.24866699999999997 0.791 0.056 0.074
0 0.801667 0.753 0.048667 0.034
0 0.8376669999999999 0.786 0.068667 0.057333
0 0.43866700000000003 0.8336669999999999 0.074667 0.091333
2 0.35566699999999996 0.920667 0.166 0.157333
2 0.931333 0.6373329999999999 0.136 0.16
0 0.7396670000000001 0.39933300000000005 0.068667 0.074667
2 0.641667 0.41733299999999995 0.039333 0.042667
2 0.9339999999999999 0.23199999999999998 0.066667 0.086667
0 0.672667 0.260667 0.025333 0.04
0 0.9083330000000001 0.17633299999999996 0.074 0.067333
0 0.5263329999999999 0.09066700000000005 0.035333 0.036
3 0.44466700000000003 0.12566699999999997 0.058667 0.060667
3 0.8260000000000001 0.04466700000000001 0.06 0.045333
0 0.36066699999999996 0.150667 0.109333 0.116
2 0.08099999999999996 0.05033299999999996 0.15 0.100667
2 0.057667000000000024 0.148667 0.112667 0.126667
2 0.040000000000000036 0.673333 0.068 0.08
0 0.08999999999999997 0.882 0.066667 0.061333
