2 0.218667 0.087 0.156 0.143333
2 0.122667 0.113333 0.102667 0.101333
2 0.215333 0.19 0.148 0.106667
2 0.166 0.293 0.182667 0.179333
2 0.201333 0.394 0.129333 0.109333
2 0.313333 0.277 0.156 0.144667
2 0.427 0.154 0.158 0.193333
2 0.569 0.135 0.152667 0.160667
2 0.687 0.11 0.142 0.172
2 0.800667 0.162667 0.122667 0.130667
2 0.82 0.063 0.146667 0.124667
2 0.933333 0.225667 0.132 0.147333
2 0.814333 0.265667 0.120667 0.152667
2 0.739667 0.361 0.127333 0.11
2 0.700667 0.267667 0.108 0.115333
2 0.617667 0.317 0.083333 0.163333
3 0.559 0.224667 0.086 0.070667
2 0.507667 0.299 0.144667 0.132667
2 0.407333 0.343333 0.1 0.1
2 0.329667 0.424667 0.147333 0.154667
2 0.458333 0.412333 0.107333 0.154
2 0.569333 0.437333 0.124 0.176
1 0.661667 0.496 0.152667 0.169333
2 0.776667 0.481667 0.165333 0.182
1 0.732 0.592 0.181333 0.125333
2 0.887 0.680333 0.142 0.182
2 0.741667 0.688667 0.187333 0.137333
2 0.707 0.798333 0.138 0.140667
2 0.811667 0.838667 0.142 0.168
1 0.918667 0.815667 0.102667 0.124667
2 0.582667 0.712 0.125333 0.165333
2 0.548 0.862 0.144 0.162667
2 0.434667 0.641333 0.162667 0.121333
2 0.447 0.533333 0.146 0.098667
2 0.309667 0.572333 0.171333 0.15
2 0.206 0.583 0.102667 0.120667
2 0.121667 0.62 0.124667 0.136
2 0.088667 0.74 0.170667 0.170667
2 0.270667 0.762667 0.16 0.197333
2 0.201 0.902333 0.180667 0.148667
2 0.343 0.881333 0.112667 0.132
1 0.442333 0.872 0.103333 0.137333
2 0.447333 0.954667 0.098667 0.077333
2 0.662667 0.917 0.132 0.142
2 0.444667 0.761667 0.168 0.119333
0 0.309333 0.060667 0.088 0.108
0 0.559333 0.575667 0.076 0.078
0 0.039 0.609667 0.066 0.067333
0 0.295333 0.677667 0.1 0.094
2 0.162667 0.8 0.068 0.110667
2 0.884667 0.96 0.093333 0.08
2 0.922 0.455 0.156 0.176667
1 0.930667 0.341667 0.138667 0.135333
