1 0.146 0.088667 0.098667 0.162667
1 0.261667 0.113667 0.152667 0.212667
2 0.400667 0.106 0.1 0.110667
1 0.499333 0.101 0.110667 0.11
2 0.604333 0.052333 0.084667 0.087333
2 0.564667 0.147 0.074667 0.095333
2 0.640333 0.154333 0.092667 0.122
2 0.467333 0.217667 0.12 0.120667
1 0.552667 0.239333 0.070667 0.1
2 0.628667 0.273333 0.097333 0.114667
1 0.111 0.253333 0.220667 0.189333
1 0.148333 0.379667 0.148667 0.147333
1 0.091667 0.495333 0.11 0.096
1 0.252 0.448333 0.089333 0.095333
1 0.324333 0.342333 0.147333 0.15
2 0.414667 0.315667 0.08 0.100667
2 0.516667 0.335667 0.126667 0.123333
2 0.62 0.39 0.1 0.101333
2 0.477333 0.427333 0.133333 0.109333
2 0.569667 0.489333 0.112667 0.1
1 0.449667 0.524 0.116667 0.117333
2 0.354 0.471333 0.093333 0.1
1 0.191 0.563 0.152667 0.152667
2 0.061 0.632333 0.120667 0.172667
2 0.187333 0.679 0.173333 0.107333
2 0.164 0.778 0.229333 0.114667
1 0.125667 0.906 0.175333 0.136
1 0.230667 0.854667 0.104 0.110667
2 0.320333 0.890333 0.142 0.183333
1 0.430667 0.855 0.093333 0.115333
2 0.521 0.904667 0.082 0.110667
2 0.623667 0.930333 0.107333 0.118
2 0.653667 0.825333 0.115333 0.122667
2 0.547333 0.786 0.109333 0.134667
2 0.478 0.746333 0.098667 0.106
1 0.354333 0.72 0.154 0.136
1 0.319 0.587333 0.119333 0.124
2 0.436667 0.632667 0.108 0.1
2 0.523 0.663 0.091333 0.094
2 0.529667 0.574667 0.083333 0.081333
2 0.632667 0.591333 0.117333 0.104
2 0.647333 0.690667 0.126667 0.116
3 0.802667 0.800333 0.062667 0.083333
2 0.874333 0.918333 0.166 0.15
2 0.916667 0.69 0.132 0.112
2 0.905667 0.586 0.174 0.104
2 0.804333 0.491333 0.187333 0.181333
2 0.775667 0.182333 0.175333 0.211333
2 0.923667 0.197 0.135333 0.171333
2 0.056667 0.126667 0.110667 0.12
1 0.044333 0.411 0.087333 0.131333
2 0.402333 0.944 0.172667 0.112
0 0.728333 0.951 0.066 0.062
0 0.798 0.944 0.056 0.050667
0 0.746667 0.858667 0.109333 0.110667
0 0.849333 0.773333 0.072 0.077333
0 0.912333 0.816333 0.104667 0.075333
0 0.939333 0.766667 0.046667 0.046667
2 0.773667 0.602667 0.067333 0.065333
0 0.695333 0.348667 0.076 0.078667
0 0.715333 0.416 0.052 0.049333
2 0.791667 0.296667 0.099333 0.078667
2 0.863667 0.059667 0.21 0.118
0 0.721667 0.028333 0.063333 0.054
0 0.721667 0.105667 0.068667 0.076667
2 0.969667 0.061 0.060667 0.120667
