3 0.15100000000000002 0.393667 0.080667 0.094
3 0.07399999999999995 0.445 0.078667 0.088667
2 0.05733299999999997 0.632 0.073333 0.054667
3 0.404 0.629 0.1 0.079333
3 0.44266700000000003 0.71 0.077333 0.070667
2 0.5946670000000001 0.937333 0.112 0.104
2 0.24866699999999997 0.917 0.104 0.118
2 0.165667 0.942333 0.079333 0.083333
2 0.121 0.828667 0.092667 0.092
2 0.07399999999999995 0.747667 0.132 0.083333
0 0.797333 0.272 0.206667 0.197333
0 0.732333 0.160333 0.263333 0.198
0 0.578333 0.215333 0.066 0.049333
0 0.5676669999999999 0.159333 0.084667 0.065333
0 0.937333 0.558667 0.122667 0.161333
0 0.85 0.715333 0.122667 0.126667
0 0.938667 0.275667 0.121333 0.182
0 0.738667 0.608 0.034667 0.034667
0 0.671333 0.593 0.054667 0.052667
0 0.640667 0.635333 0.058667 0.061333
0 0.6859999999999999 0.661333 0.06 0.053333
0 0.7046669999999999 0.732 0.062667 0.058667
0 0.639 0.736667 0.087333 0.076
0 0.566667 0.645667 0.053333 0.047333
0 0.46166700000000005 0.513 0.051333 0.042
0 0.49866699999999997 0.659 0.073333 0.083333
0 0.46599999999999997 0.297 0.196 0.166
0 0.422667 0.383667 0.069333 0.055333
0 0.549667 0.405333 0.051333 0.044
0 0.49866699999999997 0.207667 0.072 0.064667
0 0.371333 0.178667 0.218667 0.176
0 0.22066699999999995 0.272333 0.094667 0.099333
0 0.18999999999999995 0.324667 0.109333 0.101333
0 0.17566700000000002 0.239 0.071333 0.064667
2 0.23366699999999996 0.423333 0.067333 0.070667
0 0.33166700000000005 0.478 0.058 0.062667
0 0.372 0.567333 0.068 0.042667
0 0.405 0.538 0.05 0.054667
0 0.27 0.604 0.073333 0.068
0 0.22966699999999995 0.558 0.066 0.076
0 0.221333 0.490667 0.058667 0.061333
0 0.13333300000000003 0.078333 0.032 0.03
0 0.157667 0.157333 0.035333 0.028
0 0.05400000000000005 0.198667 0.058667 0.053333
0 0.095333 0.317 0.061333 0.048667
0 0.11266699999999996 0.345667 0.057333 0.038
0 0.05900000000000005 0.295333 0.068667 0.06
2 0.05166700000000002 0.377333 0.088667 0.065333
2 0.02733300000000005 0.340333 0.054667 0.066
0 0.235 0.802667 0.127333 0.106667
0 0.087333 0.902 0.074667 0.053333
2 0.041000000000000036 0.684 0.082 0.077333
0 0.31766700000000003 0.873667 0.094 0.095333
0 0.32666700000000004 0.956 0.090667 0.082667
0 0.315333 0.779 0.052 0.056667
0 0.362 0.789667 0.045333 0.05
0 0.405 0.801 0.054 0.066
0 0.42633299999999996 0.873333 0.056667 0.061333
0 0.44366700000000003 0.957667 0.080667 0.084667
0 0.5860000000000001 0.810667 0.08 0.084
