3 0.913333 0.749 0.092 0.118
2 0.812333 0.782333 0.118 0.112667
3 0.6619999999999999 0.929667 0.069333 0.084667
3 0.846333 0.623333 0.114 0.1
3 0.928667 0.513 0.133333 0.112667
2 0.782667 0.48366699999999996 0.146667 0.143333
3 0.732 0.392667 0.093333 0.074667
3 0.655 0.320333 0.119333 0.139333
2 0.569333 0.345 0.090667 0.120667
3 0.6226670000000001 0.431667 0.130667 0.088667
3 0.519667 0.387667 0.048667 0.059333
3 0.45266700000000004 0.41633299999999995 0.070667 0.072667
3 0.516667 0.47966699999999995 0.096 0.09
3 0.630667 0.513 0.106667 0.076667
3 0.627667 0.589333 0.107333 0.070667
3 0.659 0.665 0.083333 0.080667
2 0.596333 0.751 0.108667 0.100667
2 0.5896669999999999 0.6579999999999999 0.047333 0.064
3 0.503333 0.699667 0.077333 0.080667
3 0.527 0.634333 0.094 0.067333
2 0.47566699999999995 0.586333 0.07 0.084667
3 0.5429999999999999 0.5469999999999999 0.056667 0.075333
3 0.43200000000000005 0.51 0.070667 0.068
3 0.348 0.536 0.089333 0.102667
3 0.40800000000000003 0.615 0.065333 0.086
2 0.350333 0.629 0.05 0.05
3 0.38 0.722667 0.074667 0.073333
2 0.35766699999999996 0.808 0.072667 0.066667
3 0.37933300000000003 0.890333 0.096 0.087333
3 0.280667 0.848333 0.096 0.080667
2 0.28200000000000003 0.929333 0.065333 0.068
2 0.207333 0.879 0.064 0.083333
3 0.14533300000000005 0.904333 0.069333 0.082
3 0.090333 0.9299999999999999 0.038 0.058667
3 0.08666700000000005 0.6433329999999999 0.069333 0.048
2 0.08599999999999997 0.584333 0.062667 0.060667
2 0.19533299999999998 0.673333 0.064 0.058667
3 0.30833299999999997 0.687667 0.059333 0.092667
3 0.29733299999999996 0.763333 0.065333 0.064
3 0.24966699999999997 0.7146669999999999 0.048667 0.066667
3 0.23066699999999996 0.794667 0.068 0.073333
3 0.16900000000000004 0.810333 0.05 0.051333
3 0.05933299999999997 0.839 0.066667 0.09
3 0.11933300000000002 0.816333 0.06 0.088667
3 0.16800000000000004 0.751 0.054667 0.07
3 0.48 0.79 0.108 0.105333
2 0.331333 0.466333 0.056 0.055333
2 0.574667 0.945 0.117333 0.108667
0 0.45499999999999996 0.926333 0.056667 0.052667
0 0.38433300000000004 0.967333 0.064667 0.062667
0 0.496333 0.883 0.051333 0.055333
0 0.614 0.8526670000000001 0.041333 0.045333
0 0.575 0.882667 0.036667 0.048
0 0.774667 0.898333 0.050667 0.055333
0 0.751333 0.721333 0.077333 0.073333
0 0.331333 0.980333 0.028 0.026
0 0.745 0.645 0.096667 0.103333
0 0.870667 0.48366699999999996 0.04 0.062
0 0.923667 0.381667 0.038 0.046
0 0.886333 0.406 0.051333 0.048
0 0.817 0.372 0.059333 0.052
0 0.919 0.20099999999999996 0.159333 0.15
0 0.616333 0.22766699999999995 0.056667 0.054
0 0.6890000000000001 0.096333 0.039333 0.051333
0 0.951 0.06733299999999998 0.076667 0.054667
0 0.689333 0.17466700000000002 0.048 0.06
0 0.368333 0.29533299999999996 0.046 0.050667
0 0.20033299999999998 0.410667 0.204667 0.18
0 0.12666699999999997 0.497 0.150667 0.148667
0 0.18533299999999997 0.5800000000000001 0.138667 0.116
2 0.10533300000000001 0.6950000000000001 0.037333 0.042
2 0.276 0.501333 0.062667 0.053333
2 0.20699999999999996 0.960333 0.132667 0.078
