2 0.05600000000000005 0.350333 0.097333 0.075333
2 0.307667 0.283 0.116667 0.123333
2 0.514667 0.205333 0.105333 0.090667
2 0.6553329999999999 0.219667 0.070667 0.080667
2 0.589 0.219667 0.054 0.078
2 0.428667 0.028333 0.105333 0.055333
2 0.42700000000000005 0.112667 0.108667 0.149333
2 0.32199999999999995 0.118667 0.101333 0.105333
2 0.19966700000000004 0.109667 0.148667 0.146
2 0.20399999999999996 0.259333 0.14 0.168
2 0.09366699999999994 0.244667 0.114 0.133333
2 0.552 0.311667 0.130667 0.114
2 0.425667 0.313 0.127333 0.127333
2 0.369333 0.416333 0.121333 0.120667
2 0.296667 0.526667 0.125333 0.128
2 0.41233299999999995 0.523333 0.11 0.088
2 0.46599999999999997 0.59 0.102667 0.137333
2 0.375 0.616333 0.095333 0.104667
2 0.550667 0.71 0.172 0.189333
2 0.820667 0.944 0.104 0.112
2 0.683333 0.926 0.148 0.132
2 0.944667 0.079667 0.104 0.122
2 0.829 0.097 0.112667 0.115333
2 0.704 0.114333 0.124 0.111333
2 0.7763329999999999 0.198333 0.123333 0.084667
2 0.793667 0.286333 0.078 0.088667
2 0.957667 0.192 0.080667 0.1
2 0.913 0.252667 0.15 0.16
2 0.845667 0.371333 0.140667 0.138667
2 0.694333 0.297 0.159333 0.167333
2 0.579 0.402333 0.092667 0.087333
2 0.6679999999999999 0.376 0.096 0.104
2 0.720667 0.474 0.098667 0.102667
2 0.587 0.508 0.152667 0.137333
2 0.8140000000000001 0.505667 0.090667 0.119333
2 0.906333 0.484333 0.136667 0.116667
2 0.918667 0.571667 0.158667 0.115333
2 0.916 0.671333 0.138667 0.133333
2 0.936667 0.807667 0.125333 0.138
2 0.840667 0.779333 0.066667 0.066667
2 0.766 0.74 0.08 0.073333
2 0.805333 0.652667 0.104 0.106667
2 0.722 0.583 0.126667 0.104667
2 0.685333 0.678667 0.113333 0.104
2 0.845 0.189333 0.062 0.06
2 0.49566699999999997 0.13 0.126 0.12
2 0.345333 0.034 0.069333 0.066667
2 0.959333 0.393333 0.08 0.141333
0 0.496 0.430333 0.113333 0.132667
0 0.956333 0.702 0.086 0.109333
0 0.6006670000000001 0.807667 0.1 0.106
0 0.743333 0.817 0.121333 0.140667
0 0.8280000000000001 0.862 0.112 0.109333
0 0.46166700000000005 0.781333 0.111333 0.136
0 0.37733300000000003 0.712 0.082667 0.084
0 0.29233299999999995 0.623667 0.088667 0.082
0 0.19899999999999995 0.553 0.11 0.119333
1 0.14 0.571 0.036 0.036667
1 0.06000000000000005 0.520333 0.036 0.038
0 0.15000000000000002 0.413667 0.114667 0.118
0 0.269667 0.416 0.088667 0.089333
0 0.19199999999999995 0.343667 0.049333 0.044667
0 0.10733300000000001 0.120333 0.066667 0.095333
