2 0.890333 0.693667 0.146 0.122
2 0.844333 0.922333 0.138 0.116667
2 0.883333 0.806667 0.088 0.093333
2 0.687 0.101667 0.144667 0.124667
2 0.625667 0.187667 0.134 0.144667
2 0.47966699999999995 0.077667 0.144667 0.143333
2 0.534667 0.17 0.057333 0.064
1 0.44166700000000003 0.179667 0.102 0.094
1 0.367333 0.09 0.1 0.090667
1 0.253 0.122 0.112667 0.101333
1 0.33866700000000005 0.174667 0.098667 0.090667
1 0.24633300000000002 0.204 0.080667 0.070667
2 0.514 0.271667 0.068 0.084667
2 0.506667 0.358 0.098667 0.098667
2 0.41600000000000004 0.281667 0.12 0.118
2 0.29033299999999995 0.352333 0.182 0.146
2 0.20266700000000004 0.418 0.098667 0.104
2 0.08433299999999999 0.113 0.168667 0.196667
2 0.16400000000000003 0.199667 0.090667 0.126
2 0.10466699999999995 0.272 0.092 0.088
2 0.12033300000000002 0.379 0.114 0.143333
1 0.13966699999999999 0.62 0.080667 0.097333
2 0.528667 0.469333 0.128 0.126667
2 0.41933299999999996 0.469 0.109333 0.107333
2 0.498 0.537333 0.122667 0.098667
2 0.451333 0.593 0.134667 0.082
2 0.46566700000000005 0.681667 0.15 0.112667
2 0.41533299999999995 0.801333 0.193333 0.168
2 0.9339999999999999 0.474333 0.122667 0.116667
2 0.39033300000000004 0.909333 0.076667 0.070667
1 0.30133299999999996 0.869333 0.132 0.165333
2 0.143667 0.526 0.080667 0.070667
1 0.32866700000000004 0.489333 0.061333 0.069333
2 0.737333 0.048 0.121333 0.094667
3 0.5800000000000001 0.270333 0.065333 0.075333
0 0.864 0.55 0.138667 0.114667
0 0.783 0.827667 0.123333 0.114
0 0.12466699999999997 0.839667 0.249333 0.247333
1 0.275667 0.652 0.052667 0.044
2 0.052000000000000046 0.421333 0.104 0.130667
1 0.035667000000000004 0.296667 0.071333 0.085333
1 0.299667 0.248 0.140667 0.101333
2 0.23866699999999996 0.054333 0.152 0.107333
