0 0.631 0.921333 0.164667 0.153333
0 0.7356670000000001 0.869667 0.199333 0.172667
0 0.944667 0.915667 0.109333 0.163333
0 0.926 0.760333 0.054667 0.058
0 0.799667 0.681 0.175333 0.154
0 0.826333 0.603333 0.13 0.128
0 0.387667 0.839 0.072667 0.066
0 0.378667 0.945667 0.136 0.107333
0 0.923 0.5880000000000001 0.152667 0.210667
0 0.92 0.433667 0.153333 0.143333
0 0.807667 0.444333 0.136667 0.156667
2 0.6930000000000001 0.498333 0.046 0.039333
2 0.592667 0.6 0.050667 0.042667
2 0.581 0.532667 0.038 0.041333
2 0.640667 0.473 0.041333 0.039333
0 0.490333 0.532333 0.100667 0.092667
2 0.665667 0.33166700000000005 0.07 0.078
2 0.799333 0.20333299999999999 0.044 0.041333
2 0.977 0.18266700000000002 0.040667 0.046667
2 0.977667 0.06499999999999995 0.036667 0.038
0 0.921 0.06899999999999995 0.075333 0.088667
0 0.828667 0.09266700000000005 0.069333 0.078667
0 0.13666699999999998 0.12833300000000003 0.270667 0.255333
0 0.281667 0.34566699999999995 0.438 0.399333
0 0.21299999999999997 0.697333 0.411333 0.345333
0 0.15233300000000005 0.879 0.102 0.071333
0 0.238 0.835333 0.1 0.068
0 0.28400000000000003 0.917 0.145333 0.139333
0 0.11433300000000002 0.924333 0.086 0.083333
0 0.05833299999999997 0.954333 0.054 0.07
