2 0.9083330000000001 0.549667 0.154 0.139333
2 0.6779999999999999 0.528 0.170667 0.173333
2 0.900667 0.884333 0.105333 0.103333
2 0.795 0.857333 0.122 0.137333
2 0.847 0.776 0.148667 0.12
2 0.809667 0.671667 0.138 0.155333
3 0.6946669999999999 0.657333 0.096 0.093333
3 0.632667 0.726 0.136 0.136
2 0.429667 0.6910000000000001 0.208667 0.183333
3 0.691667 0.851 0.095333 0.116667
3 0.597333 0.841 0.090667 0.119333
2 0.49666699999999997 0.822333 0.102667 0.146
2 0.374333 0.821 0.139333 0.146
3 0.430667 0.936333 0.106667 0.112667
2 0.5660000000000001 0.940667 0.122667 0.106667
2 0.31899999999999995 0.928 0.116667 0.124
2 0.211333 0.933667 0.098667 0.120667
2 0.150667 0.866 0.164 0.136
2 0.15400000000000003 0.751667 0.132 0.104667
2 0.936667 0.430667 0.102667 0.093333
2 0.802 0.42533299999999996 0.166667 0.190667
2 0.685 0.40233300000000005 0.082 0.083333
2 0.857667 0.323333 0.13 0.166667
2 0.7196670000000001 0.30000000000000004 0.115333 0.132
2 0.616 0.29900000000000004 0.097333 0.104667
2 0.486 0.30033299999999996 0.165333 0.202
2 0.34166700000000005 0.160667 0.174 0.169333
2 0.48 0.15400000000000003 0.097333 0.102667
2 0.599333 0.16833299999999995 0.136 0.140667
2 0.720667 0.17033299999999996 0.109333 0.124667
2 0.8220000000000001 0.18700000000000006 0.104 0.111333
2 0.903667 0.07899999999999996 0.174 0.135333
2 0.800667 0.08499999999999996 0.072 0.09
2 0.954333 0.7783329999999999 0.088667 0.108667
0 0.771333 0.913667 0.088 0.088667
0 0.7969999999999999 0.546 0.067333 0.072
0 0.568667 0.462333 0.084 0.092667
2 0.957 0.33699999999999997 0.084667 0.132667
2 0.924667 0.22766699999999995 0.149333 0.180667
2 0.696 0.08533299999999999 0.072 0.081333
2 0.583 0.05566700000000002 0.152667 0.111333
2 0.462333 0.05733299999999997 0.123333 0.114667
0 0.25 0.253 0.097333 0.122
0 0.209333 0.16333299999999995 0.041333 0.033333
0 0.209333 0.46466700000000005 0.097333 0.101333
2 0.08566700000000005 0.949 0.148667 0.100667
2 0.037667000000000006 0.852 0.075333 0.125333
