3 0.161667 0.909 0.108667 0.124667
3 0.16 0.793 0.089333 0.082
3 0.110333 0.688333 0.147333 0.147333
3 0.124667 0.5533330000000001 0.104 0.092
2 0.102333 0.45266700000000004 0.143333 0.106667
2 0.222 0.46799999999999997 0.096 0.076
2 0.195 0.37366699999999997 0.155333 0.118
2 0.092 0.12366699999999997 0.172 0.156667
2 0.184 0.23933300000000002 0.169333 0.161333
2 0.283667 0.17900000000000005 0.103333 0.118
3 0.278 0.05666700000000002 0.092 0.101333
2 0.324667 0.31233299999999997 0.090667 0.084667
2 0.316333 0.40633300000000006 0.084667 0.106
2 0.431667 0.39 0.123333 0.129333
3 0.434 0.509667 0.097333 0.126
2 0.539333 0.536333 0.12 0.151333
2 0.564333 0.655667 0.116667 0.11
2 0.583 0.777 0.120667 0.139333
2 0.604333 0.886333 0.15 0.115333
2 0.475667 0.786 0.083333 0.126667
2 0.384333 0.07099999999999995 0.107333 0.118
2 0.851667 0.08866700000000005 0.158 0.126667
2 0.848 0.20699999999999996 0.132 0.115333
2 0.758 0.314333 0.129333 0.116667
2 0.889333 0.315333 0.128 0.124
3 0.051333 0.8180000000000001 0.101333 0.096
3 0.061667 0.932333 0.122 0.128667
2 0.102 0.35266699999999995 0.072 0.081333
0 0.292667 0.605 0.256 0.298
3 0.378333 0.736333 0.078 0.092667
3 0.280667 0.784 0.097333 0.089333
3 0.390667 0.827 0.034667 0.028667
3 0.291 0.894333 0.142 0.138
2 0.643333 0.954333 0.153333 0.09
0 0.796667 0.640667 0.406667 0.538667
3 0.731 0.871 0.063333 0.067333
2 0.864333 0.9390000000000001 0.271333 0.119333
2 0.907333 0.832 0.112 0.101333
2 0.957 0.426667 0.086 0.096
3 0.975667 0.33666700000000005 0.048667 0.072
2 0.948667 0.15133300000000005 0.102667 0.125333
0 0.578667 0.19599999999999995 0.390667 0.388
3 0.707333 0.06033299999999997 0.130667 0.120667
2 0.641 0.375 0.116667 0.152667
2 0.394667 0.22166699999999995 0.145333 0.160667
0 0.215667 0.11466699999999996 0.068667 0.073333
3 0.187667 0.049000000000000044 0.079333 0.068667
