2 0.884333 0.068333 0.160667 0.131333
3 0.83 0.184667 0.108 0.104
2 0.760667 0.102 0.105333 0.108
2 0.85 0.266667 0.132 0.096
2 0.906667 0.352 0.102667 0.125333
2 0.808 0.364333 0.122667 0.114
2 0.877333 0.448667 0.122667 0.081333
2 0.865 0.552 0.178 0.130667
2 0.785667 0.625 0.096667 0.084667
2 0.9299999999999999 0.733333 0.102667 0.124
3 0.827333 0.728667 0.12 0.097333
3 0.842667 0.815333 0.125333 0.096
2 0.749333 0.836667 0.117333 0.133333
3 0.745333 0.945333 0.105333 0.092
3 0.6373329999999999 0.925667 0.128 0.122
3 0.717333 0.731 0.1 0.116667
3 0.683 0.633333 0.111333 0.118667
2 0.6599999999999999 0.537667 0.068 0.087333
2 0.5966670000000001 0.472667 0.102667 0.136
2 0.49066699999999996 0.489667 0.112 0.13
2 0.509333 0.622667 0.164 0.136
2 0.634333 0.739 0.066 0.087333
2 0.602333 0.82 0.072667 0.069333
2 0.556333 0.731333 0.086 0.094667
2 0.450333 0.754 0.140667 0.129333
2 0.5243329999999999 0.819667 0.086 0.084667
2 0.488 0.903 0.104 0.118
2 0.40433300000000005 0.889667 0.082 0.13
2 0.36766699999999997 0.800667 0.086 0.105333
2 0.264667 0.792333 0.114667 0.124667
2 0.32199999999999995 0.905 0.094667 0.106
2 0.242 0.951 0.081333 0.083333
2 0.15800000000000003 0.949667 0.105333 0.094
3 0.21466700000000005 0.875667 0.072 0.091333
2 0.19699999999999995 0.795667 0.088667 0.079333
2 0.36966699999999997 0.632 0.084667 0.088
3 0.119 0.724 0.106 0.1
2 0.04533299999999996 0.803667 0.077333 0.091333
2 0.042332999999999954 0.702 0.084667 0.125333
2 0.11433300000000002 0.82 0.087333 0.094667
2 0.15933299999999995 0.352333 0.089333 0.086
2 0.07066700000000004 0.344667 0.097333 0.101333
2 0.05666700000000002 0.427 0.097333 0.083333
2 0.07033299999999998 0.520333 0.108667 0.088667
3 0.16500000000000004 0.428667 0.108667 0.072
2 0.18100000000000005 0.501 0.115333 0.086
2 0.20866700000000005 0.586333 0.129333 0.09
3 0.11766699999999997 0.598667 0.072667 0.093333
2 0.19333299999999998 0.1 0.109333 0.132
2 0.11133300000000002 0.126333 0.065333 0.118
2 0.24666699999999997 0.251 0.097333 0.114
2 0.341333 0.07 0.072 0.066667
2 0.32066700000000004 0.167333 0.130667 0.136
2 0.308667 0.342333 0.076 0.096667
2 0.397 0.347333 0.111333 0.129333
2 0.441333 0.233333 0.12 0.106667
2 0.44566700000000004 0.133333 0.122 0.101333
2 0.56 0.134 0.109333 0.166667
2 0.540333 0.312333 0.179333 0.182
2 0.658667 0.113667 0.085333 0.115333
2 0.689667 0.218667 0.15 0.161333
2 0.9339999999999999 0.167333 0.130667 0.156
0 0.958 0.463667 0.048 0.066
0 0.755333 0.438 0.078667 0.074667
2 0.701667 0.477333 0.055333 0.052
0 0.717667 0.548 0.060667 0.093333
3 0.689333 0.383333 0.046667 0.042667
2 0.727 0.323667 0.028667 0.028667
2 0.651 0.321333 0.068667 0.066667
2 0.635667 0.425333 0.056667 0.044
2 0.61 0.635 0.073333 0.064667
3 0.334333 0.421 0.056667 0.054
3 0.349 0.483333 0.052667 0.042667
2 0.307667 0.539667 0.035333 0.034
2 0.23966699999999996 0.366667 0.102 0.130667
3 0.16600000000000004 0.259333 0.086667 0.150667
2 0.07833299999999999 0.036667 0.131333 0.072
2 0.04266700000000001 0.112 0.085333 0.122667
2 0.061000000000000054 0.227333 0.122 0.170667
3 0.06133299999999997 0.602667 0.06 0.069333
0 0.07133299999999998 0.943667 0.048 0.05
2 0.212333 0.722667 0.043333 0.053333
2 0.230333 0.66 0.056667 0.06
2 0.268667 0.698667 0.073333 0.069333
0 0.337333 0.696667 0.066667 0.085333
0 0.282667 0.627 0.094667 0.086
0 0.31899999999999995 0.972667 0.043333 0.033333
2 0.677333 0.822333 0.085333 0.082
2 0.918 0.894667 0.081333 0.084
2 0.955667 0.868 0.087333 0.121333
