2 0.887 0.521333 0.075333 0.061333
2 0.854333 0.459 0.076667 0.075333
2 0.805333 0.529333 0.066667 0.076
3 0.7316670000000001 0.522333 0.083333 0.074
2 0.827333 0.332 0.113333 0.129333
2 0.7316670000000001 0.238333 0.086 0.078
2 0.734333 0.403667 0.083333 0.083333
2 0.71 0.333 0.124 0.116667
2 0.47866699999999995 0.955 0.089333 0.083333
2 0.48366699999999996 0.712667 0.092667 0.106667
2 0.406 0.714333 0.073333 0.116667
2 0.33299999999999996 0.723667 0.083333 0.098
2 0.34199999999999997 0.797333 0.068 0.070667
2 0.29500000000000004 0.640333 0.148667 0.135333
2 0.272667 0.748 0.101333 0.097333
2 0.16600000000000004 0.871333 0.144 0.125333
2 0.155667 0.766667 0.072667 0.098667
2 0.169667 0.581667 0.192667 0.182
2 0.295667 0.488333 0.15 0.147333
2 0.08866700000000005 0.395667 0.141333 0.146
2 0.20233299999999999 0.302 0.127333 0.122667
2 0.099333 0.234 0.136 0.136
2 0.07833299999999999 0.137 0.082 0.075333
2 0.169667 0.148667 0.092667 0.148
2 0.271667 0.056333 0.119333 0.088667
3 0.269667 0.157 0.104667 0.104667
2 0.44899999999999995 0.553333 0.118 0.092
3 0.44099999999999995 0.466667 0.114 0.085333
2 0.47766699999999995 0.394667 0.116667 0.106667
2 0.47466699999999995 0.313333 0.102667 0.072
2 0.363333 0.327667 0.102667 0.092667
2 0.334333 0.242333 0.096667 0.080667
2 0.376 0.145667 0.110667 0.123333
2 0.42233299999999996 0.241333 0.084667 0.1
2 0.473 0.167333 0.080667 0.077333
3 0.506667 0.095667 0.094667 0.082
2 0.588333 0.085667 0.078 0.088667
2 0.646333 0.186 0.120667 0.14
3 0.5509999999999999 0.180333 0.075333 0.084667
2 0.498333 0.247333 0.078 0.078667
2 0.564333 0.255667 0.056667 0.051333
2 0.584333 0.322667 0.114 0.1
2 0.5676669999999999 0.473667 0.096667 0.104667
2 0.64 0.482 0.056 0.057333
3 0.8993329999999999 0.685333 0.066667 0.074667
3 0.810667 0.6 0.066667 0.068
3 0.8993329999999999 0.607667 0.066667 0.066
3 0.656 0.606333 0.06 0.055333
2 0.964 0.515 0.070667 0.066
0 0.967 0.046667 0.064667 0.08
2 0.975333 0.617 0.046667 0.054
3 0.954 0.678 0.045333 0.048
2 0.817 0.689 0.040667 0.038
0 0.748333 0.575333 0.072667 0.054667
0 0.7743329999999999 0.46 0.084667 0.08
0 0.6763330000000001 0.448667 0.100667 0.090667
2 0.643667 0.332 0.036667 0.034667
3 0.25533300000000003 0.237333 0.06 0.074667
2 0.157667 0.047 0.086 0.082
2 0.14033300000000004 0.488 0.123333 0.085333
2 0.04733299999999996 0.599333 0.094667 0.116
2 0.06166700000000003 0.777 0.123333 0.199333
0 0.12433300000000003 0.939333 0.088667 0.088
0 0.23933300000000002 0.934333 0.085333 0.112667
2 0.23166699999999996 0.812 0.124667 0.118667
2 0.19166700000000003 0.714667 0.087333 0.093333
2 0.363 0.932667 0.156667 0.134667
0 0.405667 0.82 0.09 0.116
0 0.47966699999999995 0.627 0.054 0.064667
0 0.499667 0.829667 0.15 0.155333
0 0.538 0.923667 0.053333 0.060667
0 0.562667 0.741333 0.108 0.109333
0 0.5593330000000001 0.638 0.122667 0.114667
0 0.569333 0.570333 0.113333 0.088667
0 0.633667 0.641 0.052667 0.055333
3 0.632667 0.692 0.049333 0.041333
0 0.598 0.837667 0.092 0.123333
0 0.714333 0.783 0.223333 0.224667
0 0.897667 0.914333 0.202 0.160667
2 0.9319999999999999 0.770667 0.076 0.076
