2 0.9123330000000001 0.919 0.107333 0.108667
2 0.777 0.9033329999999999 0.07 0.096
2 0.7030000000000001 0.922 0.084667 0.125333
2 0.610333 0.8993329999999999 0.088667 0.097333
2 0.48966699999999996 0.894 0.114 0.092
2 0.301667 0.963333 0.087333 0.072
2 0.309667 0.881 0.087333 0.087333
2 0.211333 0.884333 0.101333 0.103333
2 0.10566699999999996 0.892667 0.087333 0.116
2 0.9053329999999999 0.831333 0.096 0.1
2 0.9339999999999999 0.597333 0.089333 0.106667
2 0.877667 0.674667 0.123333 0.086667
2 0.863333 0.753 0.133333 0.09
2 0.8089999999999999 0.796 0.119333 0.132
2 0.707333 0.7989999999999999 0.097333 0.112667
2 0.618 0.804333 0.093333 0.087333
2 0.5123329999999999 0.792667 0.123333 0.158667
2 0.396667 0.806 0.125333 0.142667
2 0.21799999999999997 0.7833330000000001 0.121333 0.101333
2 0.10299999999999998 0.785 0.112667 0.128667
2 0.7166669999999999 0.630333 0.078667 0.086
2 0.7743329999999999 0.681 0.078 0.087333
2 0.815333 0.612333 0.106667 0.088667
2 0.842333 0.544667 0.075333 0.062667
2 0.75 0.544 0.165333 0.102667
2 0.752667 0.44166700000000003 0.173333 0.115333
1 0.694333 0.696333 0.09 0.087333
2 0.609667 0.716333 0.159333 0.119333
2 0.469 0.622 0.15 0.128
1 0.444333 0.547667 0.095333 0.112667
1 0.586667 0.6166670000000001 0.125333 0.101333
1 0.5473330000000001 0.533667 0.124 0.098
2 0.6293329999999999 0.45799999999999996 0.096 0.110667
2 0.531333 0.444333 0.102667 0.086
2 0.735333 0.34466699999999995 0.102667 0.093333
2 0.605 0.34766699999999995 0.158 0.112667
2 0.673333 0.27933300000000005 0.137333 0.132
2 0.6126670000000001 0.19066700000000003 0.129333 0.129333
2 0.49766699999999997 0.129 0.086 0.088667
1 0.43000000000000005 0.204333 0.102667 0.084667
1 0.521333 0.21699999999999997 0.069333 0.076667
2 0.47366699999999995 0.29500000000000004 0.159333 0.148667
1 0.39733300000000005 0.7026669999999999 0.106667 0.1
2 0.43600000000000005 0.42333299999999996 0.142667 0.136
2 0.22566699999999995 0.35166699999999995 0.15 0.128667
2 0.324333 0.43233299999999997 0.111333 0.11
2 0.294667 0.10933300000000001 0.104 0.1
2 0.350333 0.295667 0.116667 0.111333
2 0.403667 0.09866699999999995 0.114 0.098667
2 0.32766700000000004 0.19933299999999998 0.107333 0.102667
1 0.252 0.260667 0.105333 0.077333
2 0.16933299999999996 0.18100000000000005 0.093333 0.156667
2 0.24166699999999997 0.16833299999999995 0.056667 0.056667
2 0.22499999999999998 0.21699999999999997 0.046 0.043333
2 0.10199999999999998 0.10866699999999996 0.105333 0.104
2 0.07199999999999995 0.26833300000000004 0.137333 0.207333
2 0.05133299999999996 0.600333 0.098667 0.128667
2 0.08366700000000005 0.697667 0.083333 0.079333
2 0.17433299999999996 0.6843330000000001 0.108667 0.096667
2 0.28533299999999995 0.695667 0.125333 0.122
2 0.33599999999999997 0.624667 0.093333 0.1
2 0.377667 0.53 0.092667 0.097333
2 0.303667 0.5393330000000001 0.080667 0.098667
2 0.236 0.496333 0.106667 0.118
2 0.13466699999999998 0.532 0.106667 0.096
1 0.141667 0.604333 0.098 0.092667
2 0.23466699999999996 0.6 0.098667 0.098667
2 0.399667 0.963333 0.084667 0.072
2 0.956 0.747333 0.086667 0.161333
1 0.971 0.647667 0.056667 0.066
3 0.5716669999999999 0.11233300000000002 0.062 0.075333
2 0.501333 0.04533299999999996 0.122667 0.090667
1 0.11966699999999997 0.040000000000000036 0.144667 0.08
1 0.032667 0.10233300000000001 0.065333 0.087333
2 0.06966700000000003 0.439333 0.139333 0.132
2 0.033332999999999946 0.765333 0.066667 0.110667
0 0.32699999999999996 0.800667 0.054 0.065333
0 0.36966699999999997 0.903667 0.034 0.05
