2 0.068333 0.115667 0.131333 0.160667
3 0.184667 0.17 0.104 0.108
2 0.102 0.239333 0.108 0.105333
2 0.266667 0.15 0.096 0.132
2 0.352 0.093333 0.125333 0.102667
2 0.364333 0.192 0.114 0.122667
2 0.448667 0.122667 0.081333 0.122667
2 0.552 0.135 0.130667 0.178
2 0.625 0.214333 0.084667 0.096667
2 0.733333 0.07 0.124 0.102667
3 0.728667 0.172667 0.097333 0.12
3 0.815333 0.157333 0.096 0.125333
2 0.836667 0.250667 0.133333 0.117333
3 0.945333 0.254667 0.092 0.105333
3 0.925667 0.362667 0.122 0.128
3 0.731 0.282667 0.116667 0.1
3 0.633333 0.317 0.118667 0.111333
2 0.537667 0.34 0.087333 0.068
2 0.472667 0.403333 0.136 0.102667
2 0.489667 0.509333 0.13 0.112
2 0.622667 0.490667 0.136 0.164
2 0.739 0.365667 0.087333 0.066
2 0.82 0.397667 0.069333 0.072667
2 0.731333 0.443667 0.094667 0.086
2 0.754 0.549667 0.129333 0.140667
2 0.819667 0.475667 0.084667 0.086
2 0.903 0.512 0.118 0.104
2 0.889667 0.595667 0.13 0.082
2 0.800667 0.632333 0.105333 0.086
2 0.792333 0.735333 0.124667 0.114667
2 0.905 0.678 0.106 0.094667
2 0.951 0.758 0.083333 0.081333
2 0.949667 0.842 0.094 0.105333
3 0.875667 0.785333 0.091333 0.072
2 0.795667 0.803 0.079333 0.088667
2 0.632 0.630333 0.088 0.084667
3 0.724 0.881 0.1 0.106
2 0.803667 0.954667 0.091333 0.077333
2 0.702 0.957667 0.125333 0.084667
2 0.82 0.885667 0.094667 0.087333
2 0.352333 0.840667 0.086 0.089333
2 0.344667 0.929333 0.101333 0.097333
2 0.427 0.943333 0.083333 0.097333
2 0.520333 0.929667 0.088667 0.108667
3 0.428667 0.835 0.072 0.108667
2 0.501 0.819 0.086 0.115333
2 0.586333 0.791333 0.09 0.129333
3 0.598667 0.882333 0.093333 0.072667
2 0.1 0.806667 0.132 0.109333
2 0.126333 0.888667 0.118 0.065333
2 0.251 0.753333 0.114 0.097333
2 0.07 0.658667 0.066667 0.072
2 0.167333 0.679333 0.136 0.130667
2 0.342333 0.691333 0.096667 0.076
2 0.347333 0.603 0.129333 0.111333
2 0.233333 0.558667 0.106667 0.12
2 0.133333 0.554333 0.101333 0.122
2 0.134 0.44 0.166667 0.109333
2 0.312333 0.459667 0.182 0.179333
2 0.113667 0.341333 0.115333 0.085333
2 0.218667 0.310333 0.161333 0.15
2 0.167333 0.066 0.156 0.130667
0 0.463667 0.042 0.066 0.048
0 0.438 0.244667 0.074667 0.078667
2 0.477333 0.298333 0.052 0.055333
0 0.548 0.282333 0.093333 0.060667
3 0.383333 0.310667 0.042667 0.046667
2 0.323667 0.273 0.028667 0.028667
2 0.321333 0.349 0.066667 0.068667
2 0.425333 0.364333 0.044 0.056667
2 0.635 0.39 0.064667 0.073333
3 0.421 0.665667 0.054 0.056667
3 0.483333 0.651 0.042667 0.052667
2 0.539667 0.692333 0.034 0.035333
2 0.366667 0.760333 0.130667 0.102
3 0.259333 0.834 0.150667 0.086667
2 0.036667 0.921667 0.072 0.131333
2 0.112 0.957333 0.122667 0.085333
2 0.227333 0.939 0.170667 0.122
3 0.602667 0.938667 0.069333 0.06
0 0.943667 0.928667 0.05 0.048
2 0.722667 0.787667 0.053333 0.043333
2 0.66 0.769667 0.06 0.056667
2 0.698667 0.731333 0.069333 0.073333
0 0.696667 0.662667 0.085333 0.066667
0 0.627 0.717333 0.086 0.094667
0 0.972667 0.681 0.033333 0.043333
2 0.822333 0.322667 0.082 0.085333
2 0.894667 0.082 0.084 0.081333
2 0.868 0.044333 0.121333 0.087333
