3 0.8316669999999999 0.057 0.119333 0.094
2 0.6473329999999999 0.060333 0.142667 0.116667
2 0.553667 0.121333 0.122 0.156
2 0.6639999999999999 0.150333 0.106667 0.094
2 0.735 0.184667 0.082 0.104
2 0.832333 0.199667 0.119333 0.102
2 0.875 0.135333 0.09 0.069333
2 0.899 0.250333 0.080667 0.124667
2 0.793 0.283667 0.076667 0.060667
2 0.634667 0.249667 0.085333 0.087333
3 0.45066700000000004 0.193667 0.089333 0.116667
3 0.40900000000000003 0.275667 0.078 0.083333
2 0.5063329999999999 0.300333 0.091333 0.080667
2 0.5756669999999999 0.381 0.047333 0.052667
3 0.48466699999999996 0.372 0.078667 0.062667
2 0.467333 0.434667 0.092 0.104
3 0.379 0.452667 0.054 0.065333
2 0.363 0.524 0.05 0.053333
2 0.456333 0.538667 0.091333 0.078667
2 0.552667 0.545667 0.093333 0.092667
3 0.6 0.486 0.073333 0.070667
3 0.538667 0.447 0.034667 0.038
3 0.6659999999999999 0.476667 0.056 0.056
2 0.766 0.51 0.122667 0.110667
2 0.804 0.464333 0.093333 0.07
2 0.897667 0.501667 0.116667 0.094
2 0.929333 0.429667 0.101333 0.083333
2 0.842667 0.392 0.1 0.1
2 0.763 0.346 0.086 0.097333
2 0.666667 0.341667 0.121333 0.118
3 0.32866700000000004 0.57 0.030667 0.036
2 0.646 0.570667 0.101333 0.093333
2 0.875667 0.659333 0.127333 0.101333
2 0.798667 0.615333 0.054667 0.066667
1 0.753333 0.673333 0.072 0.070667
2 0.730333 0.596333 0.087333 0.086
2 0.673333 0.656 0.098667 0.110667
2 0.854 0.755333 0.106667 0.104
2 0.916667 0.844 0.101333 0.104
2 0.741 0.774 0.13 0.113333
2 0.715333 0.872 0.109333 0.109333
2 0.668667 0.931 0.066667 0.083333
2 0.5840000000000001 0.917667 0.108 0.107333
2 0.611667 0.824667 0.091333 0.104
2 0.597 0.721333 0.120667 0.102667
2 0.593 0.627667 0.068667 0.09
2 0.5143329999999999 0.621 0.086 0.078
2 0.47 0.707333 0.138667 0.125333
2 0.5243329999999999 0.812667 0.086 0.105333
2 0.442333 0.808 0.083333 0.106667
2 0.36966699999999997 0.776 0.079333 0.109333
2 0.295667 0.727333 0.087333 0.132
2 0.43033299999999997 0.918333 0.11 0.111333
2 0.321333 0.883333 0.1 0.101333
2 0.27 0.824667 0.108 0.088
2 0.21799999999999997 0.920333 0.096 0.118
2 0.098333 0.894 0.146 0.142667
2 0.10566699999999996 0.715 0.118 0.128667
2 0.05900000000000005 0.791333 0.118 0.142667
2 0.19299999999999995 0.783667 0.071333 0.078
2 0.22499999999999998 0.706667 0.076667 0.118667
2 0.17700000000000005 0.671333 0.060667 0.089333
2 0.9410000000000001 0.166333 0.063333 0.066
0 0.944667 0.113333 0.037333 0.04
0 0.9083330000000001 0.086667 0.043333 0.037333
0 0.808 0.017667 0.04 0.034
0 0.642333 0.423 0.05 0.055333
2 0.963667 0.54 0.058 0.057333
2 0.891667 0.582667 0.055333 0.054667
2 0.953667 0.62 0.091333 0.141333
2 0.966333 0.712 0.064667 0.068
2 0.952 0.779333 0.094667 0.126667
2 0.890667 0.943333 0.134667 0.113333
2 0.305667 0.959667 0.116667 0.080667
2 0.04366700000000001 0.948 0.087333 0.098667
0 0.10733300000000001 0.555667 0.045333 0.046
0 0.06866700000000003 0.440667 0.041333 0.04
0 0.05566700000000002 0.510667 0.047333 0.052
0 0.05133299999999996 0.365333 0.044 0.04
0 0.09366699999999994 0.314 0.036667 0.037333
0 0.029333000000000053 0.268333 0.021333 0.024667
0 0.19433299999999998 0.294 0.034 0.037333
0 0.253667 0.377 0.043333 0.055333
0 0.392 0.331667 0.050667 0.052667
0 0.16933299999999996 0.211 0.029333 0.034
0 0.26633300000000004 0.175 0.034 0.042
0 0.34666699999999995 0.109333 0.057333 0.057333
0 0.256667 0.096 0.029333 0.029333
0 0.49466699999999997 0.054 0.049333 0.048
0 0.304667 0.019 0.029333 0.031333
0 0.18766700000000003 0.051 0.023333 0.026
