2 0.244 0.877 0.124 0.119333
2 0.085 0.382 0.114 0.124
2 0.206667 0.39433300000000004 0.14 0.195333
2 0.077 0.26033300000000004 0.144667 0.111333
2 0.336333 0.11133300000000002 0.188667 0.165333
2 0.374667 0.24433300000000002 0.170667 0.140667
2 0.392333 0.35 0.15 0.109333
2 0.408333 0.488333 0.215333 0.214
2 0.502 0.707333 0.105333 0.102667
2 0.480667 0.607 0.136 0.128667
2 0.575333 0.516667 0.174667 0.170667
2 0.451667 0.08966700000000005 0.116667 0.116667
2 0.547 0.09666699999999995 0.107333 0.138667
2 0.646333 0.159667 0.183333 0.156667
2 0.651667 0.273667 0.124667 0.123333
2 0.748 0.07266700000000004 0.132 0.138667
2 0.796 0.28333299999999995 0.130667 0.145333
2 0.858 0.10399999999999998 0.162667 0.157333
2 0.899667 0.246 0.135333 0.137333
2 0.829667 0.474333 0.114 0.142
2 0.748333 0.722 0.192667 0.129333
2 0.789333 0.855333 0.169333 0.16
2 0.926 0.920333 0.124 0.119333
0 0.093 0.817 0.104667 0.11
0 0.175333 0.8280000000000001 0.085333 0.090667
0 0.204333 0.959667 0.079333 0.078
0 0.248667 0.689333 0.177333 0.193333
0 0.307667 0.619 0.09 0.071333
0 0.303667 0.5660000000000001 0.066 0.050667
0 0.090333 0.645667 0.171333 0.163333
2 0.070667 0.5429999999999999 0.114667 0.09
3 0.030667 0.45866700000000005 0.050667 0.06
0 0.339667 0.822333 0.09 0.111333
0 0.458667 0.821 0.169333 0.166
0 0.407667 0.708333 0.060667 0.060667
0 0.370333 0.653667 0.087333 0.080667
2 0.528667 0.39933300000000005 0.113333 0.118667
0 0.609667 0.638667 0.080667 0.08
2 0.516333 0.882333 0.075333 0.067333
2 0.613 0.8009999999999999 0.106 0.114
2 0.638333 0.881333 0.158 0.186667
2 0.688667 0.49866699999999997 0.044 0.044
2 0.811 0.576667 0.056667 0.049333
2 0.872667 0.671667 0.116 0.127333
0 0.895667 0.8049999999999999 0.104667 0.108667
2 0.954667 0.6333329999999999 0.085333 0.06
3 0.908333 0.359 0.100667 0.100667
2 0.751333 0.952 0.093333 0.093333
0 0.745333 0.451333 0.053333 0.049333
0 0.765667 0.39433300000000004 0.054 0.054
0 0.722667 0.404 0.041333 0.041333
2 0.668 0.386667 0.084 0.093333
2 0.612667 0.043332999999999955 0.14 0.086667
0 0.527 0.24366699999999997 0.064667 0.052667
0 0.17 0.11166699999999996 0.088 0.084667
0 0.300667 0.22199999999999998 0.053333 0.06
