2 0.33199999999999996 0.520667 0.065333 0.065333
2 0.42833299999999996 0.54 0.088667 0.078667
2 0.25133300000000003 0.611667 0.076 0.086
2 0.333333 0.616333 0.076 0.084667
2 0.415667 0.629 0.083333 0.09
2 0.481 0.662 0.086 0.093333
3 0.402667 0.703333 0.078667 0.066667
3 0.32966700000000004 0.699 0.075333 0.075333
3 0.41300000000000003 0.781 0.075333 0.080667
2 0.598333 0.689333 0.115333 0.128
2 0.6863330000000001 0.776333 0.082 0.118
3 0.847 0.942 0.082 0.089333
2 0.749667 0.881667 0.118 0.148667
3 0.44899999999999995 0.881667 0.063333 0.067333
3 0.31999999999999995 0.852333 0.058667 0.074
2 0.595 0.811 0.122 0.112667
2 0.5243329999999999 0.772667 0.078 0.12
2 0.26733300000000004 0.538667 0.064 0.062667
0 0.878 0.118333 0.074667 0.075333
0 0.8 0.107333 0.090667 0.085333
0 0.836 0.038667 0.057333 0.074667
0 0.767667 0.052667 0.096667 0.104
0 0.662667 0.107333 0.093333 0.142667
0 0.574333 0.067667 0.103333 0.134
0 0.504667 0.123667 0.112 0.135333
0 0.609667 0.158333 0.098 0.100667
0 0.5656669999999999 0.261667 0.080667 0.091333
0 0.937333 0.232333 0.110667 0.099333
0 0.962667 0.298667 0.045333 0.052
0 0.890333 0.366667 0.158 0.166667
0 0.789 0.355333 0.059333 0.076
0 0.7703329999999999 0.293 0.038 0.031333
0 0.797667 0.412667 0.058 0.062667
0 0.731333 0.446667 0.030667 0.037333
0 0.802333 0.477 0.095333 0.076667
0 0.900667 0.514 0.082667 0.090667
0 0.896667 0.458 0.070667 0.056
0 0.843333 0.812 0.044 0.045333
0 0.47866699999999995 0.725667 0.08 0.067333
0 0.47766699999999995 0.832 0.100667 0.117333
0 0.35666699999999996 0.752333 0.066667 0.060667
3 0.748 0.970667 0.084 0.058667
2 0.6743330000000001 0.946667 0.060667 0.077333
2 0.599667 0.929333 0.126 0.141333
2 0.44966700000000004 0.954333 0.139333 0.091333
0 0.31966700000000003 0.943333 0.172667 0.113333
0 0.28700000000000003 0.871 0.048667 0.063333
0 0.14133300000000004 0.826333 0.230667 0.21
0 0.09166700000000005 0.958333 0.120667 0.083333
0 0.18799999999999994 0.954 0.101333 0.092
0 0.047667000000000015 0.648333 0.095333 0.184667
2 0.169667 0.568667 0.075333 0.061333
0 0.21166700000000005 0.46 0.182 0.156
0 0.060667000000000026 0.505667 0.078667 0.100667
0 0.18933299999999997 0.363 0.166667 0.136667
0 0.06266700000000003 0.305333 0.121333 0.185333
0 0.18300000000000005 0.250333 0.19 0.148667
0 0.148667 0.142333 0.189333 0.147333
0 0.08899999999999997 0.114333 0.178 0.227333
