3 0.370333 0.083333 0.114 0.098667
3 0.394667 0.25 0.137333 0.129333
3 0.34199999999999997 0.172667 0.145333 0.130667
3 0.24 0.093 0.122667 0.118
3 0.24466699999999997 0.212333 0.124 0.115333
2 0.30933299999999997 0.312667 0.117333 0.104
3 0.15433300000000005 0.148667 0.123333 0.124
2 0.08366700000000005 0.050667 0.143333 0.094667
3 0.05666700000000002 0.137667 0.077333 0.076667
3 0.12666699999999997 0.302667 0.090667 0.106667
3 0.22266699999999995 0.303333 0.070667 0.072
2 0.214333 0.397 0.176667 0.120667
2 0.258667 0.482667 0.088 0.077333
2 0.33799999999999997 0.471667 0.065333 0.058
3 0.40233300000000005 0.413333 0.119333 0.102667
3 0.43000000000000005 0.523 0.128 0.13
3 0.43899999999999995 0.609667 0.056667 0.051333
2 0.459333 0.701333 0.110667 0.104
2 0.461333 0.822333 0.137333 0.115333
2 0.38633300000000004 0.890333 0.11 0.135333
2 0.29533299999999996 0.828667 0.122667 0.128
2 0.371 0.743333 0.09 0.104
3 0.355 0.660333 0.119333 0.114
3 0.21766700000000005 0.88 0.055333 0.066667
2 0.19966700000000004 0.796 0.114 0.132
2 0.095333 0.841667 0.130667 0.143333
2 0.16500000000000004 0.644333 0.114 0.115333
2 0.11499999999999999 0.726667 0.088667 0.070667
2 0.089333 0.664667 0.062667 0.069333
2 0.16133299999999995 0.528667 0.112 0.105333
3 0.25833300000000003 0.563 0.084667 0.078
3 0.265 0.661333 0.086 0.096
2 0.05466700000000002 0.545667 0.101333 0.112667
2 0.06499999999999995 0.441667 0.114 0.102
0 0.6719999999999999 0.273333 0.330667 0.293333
0 0.738 0.088667 0.046667 0.044
0 0.611667 0.073 0.060667 0.058
0 0.5796669999999999 0.019 0.067333 0.036667
0 0.454333 0.113667 0.07 0.082
0 0.48066699999999996 0.175333 0.036 0.028
0 0.455333 0.191667 0.073333 0.064667
0 0.48 0.270667 0.074667 0.086667
0 0.46799999999999997 0.340667 0.052 0.061333
0 0.512667 0.414667 0.086667 0.081333
0 0.523333 0.340333 0.045333 0.044667
2 0.04700000000000004 0.332333 0.094 0.111333
2 0.031000000000000028 0.662 0.062 0.094667
2 0.033667 0.769 0.067333 0.115333
0 0.281667 0.918667 0.064667 0.058667
0 0.038000000000000034 0.923667 0.052 0.040667
0 0.5593330000000001 0.628333 0.061333 0.07
0 0.585333 0.676667 0.038667 0.033333
0 0.6966669999999999 0.641333 0.052 0.057333
0 0.6226670000000001 0.604 0.04 0.038667
0 0.6663330000000001 0.726667 0.043333 0.037333
0 0.570667 0.785333 0.085333 0.094667
0 0.722 0.871333 0.281333 0.257333
