2 0.152667 0.160333 0.134667 0.111333
2 0.11033300000000001 0.262 0.139333 0.129333
2 0.21099999999999997 0.362333 0.143333 0.159333
2 0.27833300000000005 0.416667 0.086 0.101333
2 0.369333 0.398333 0.093333 0.082
3 0.357 0.489 0.148667 0.114
2 0.252 0.525667 0.136 0.116667
2 0.087333 0.415667 0.101333 0.144667
2 0.15000000000000002 0.453 0.124 0.111333
2 0.13866699999999998 0.526 0.093333 0.096
2 0.17866700000000002 0.589333 0.069333 0.086667
2 0.25833300000000003 0.621333 0.107333 0.094667
2 0.349333 0.617667 0.102667 0.076667
2 0.371 0.678 0.118 0.064
2 0.375 0.746333 0.107333 0.088667
2 0.42600000000000005 0.813667 0.133333 0.115333
2 0.44599999999999995 0.889333 0.106667 0.08
2 0.44799999999999995 0.958 0.110667 0.076
2 0.099333 0.719667 0.064 0.080667
2 0.26033300000000004 0.700333 0.124667 0.094
2 0.19799999999999995 0.765 0.094667 0.115333
2 0.19066700000000003 0.852333 0.136 0.11
2 0.300667 0.806 0.125333 0.130667
2 0.344333 0.848333 0.079333 0.071333
0 0.653667 0.282 0.291333 0.289333
0 0.26333300000000004 0.200667 0.04 0.045333
0 0.46499999999999997 0.363667 0.046 0.058
0 0.636 0.540667 0.057333 0.062667
0 0.517 0.564 0.043333 0.06
0 0.46766700000000005 0.627667 0.07 0.064667
0 0.502 0.699333 0.064 0.066667
0 0.682667 0.772333 0.049333 0.054
0 0.9319999999999999 0.904667 0.118667 0.094667
0 0.965 0.865667 0.047333 0.05
2 0.349333 0.935 0.097333 0.13
0 0.27833300000000005 0.965667 0.07 0.068667
0 0.292667 0.903 0.042667 0.05
0 0.238 0.918333 0.072 0.082
0 0.150667 0.912667 0.084 0.082667
0 0.10399999999999998 0.978333 0.072 0.043333
0 0.08966700000000005 0.943 0.048667 0.051333
0 0.07099999999999995 0.828 0.112667 0.130667
0 0.07899999999999996 0.905333 0.052667 0.034667
0 0.44166700000000003 0.687333 0.048667 0.074667
0 0.44566700000000004 0.589333 0.039333 0.042667
0 0.44966700000000004 0.548333 0.05 0.046
2 0.05733299999999997 0.538 0.114667 0.129333
0 0.06933299999999998 0.366 0.056 0.046667
0 0.021333000000000046 0.344667 0.042667 0.048
0 0.046667000000000014 0.185667 0.048 0.039333
0 0.17700000000000005 0.050667 0.039333 0.050667
