2 0.067667 0.874667 0.126 0.132
2 0.156 0.858333 0.092 0.135333
2 0.080333 0.763333 0.151333 0.133333
2 0.165667 0.619333 0.096667 0.14
2 0.147667 0.48466699999999996 0.119333 0.114667
2 0.165 0.368 0.115333 0.134667
2 0.097 0.20199999999999996 0.146 0.161333
2 0.165 0.09166700000000005 0.095333 0.115333
2 0.212333 0.224333 0.092667 0.114
2 0.263333 0.09099999999999997 0.101333 0.127333
2 0.308 0.19999999999999996 0.109333 0.096
2 0.344 0.282667 0.14 0.130667
2 0.268 0.367333 0.104 0.130667
2 0.278667 0.47766699999999995 0.098667 0.104667
2 0.372667 0.470333 0.094667 0.122
2 0.37 0.379 0.105333 0.09
2 0.465667 0.47 0.108667 0.156
2 0.538333 0.36466699999999996 0.087333 0.089333
2 0.624667 0.367333 0.096 0.122667
3 0.719667 0.476333 0.108667 0.087333
2 0.733667 0.37 0.142 0.130667
2 0.804 0.29300000000000004 0.076 0.095333
2 0.915333 0.38833300000000004 0.1 0.083333
3 0.914333 0.29733299999999996 0.144667 0.106667
3 0.880333 0.19033299999999997 0.118 0.107333
2 0.861333 0.07766700000000004 0.136 0.123333
3 0.78 0.19299999999999995 0.096 0.092667
3 0.764 0.10633300000000001 0.102667 0.078
2 0.695 0.19499999999999995 0.083333 0.158
2 0.617 0.19966700000000004 0.072667 0.115333
2 0.66 0.05400000000000005 0.102667 0.098667
2 0.583667 0.07533299999999998 0.091333 0.133333
2 0.544333 0.20066700000000004 0.079333 0.122667
2 0.492 0.08099999999999996 0.094667 0.111333
2 0.467 0.22499999999999998 0.111333 0.164667
2 0.445333 0.309667 0.093333 0.102
2 0.373 0.11499999999999999 0.115333 0.120667
2 0.392667 0.03866700000000001 0.096 0.065333
2 0.254667 0.864333 0.125333 0.122
2 0.249667 0.756 0.138 0.1
3 0.257333 0.597667 0.116 0.116667
3 0.265667 0.684667 0.086 0.068
2 0.352 0.868 0.105333 0.118667
2 0.463 0.87 0.108667 0.110667
2 0.401667 0.77 0.116667 0.130667
2 0.46 0.657667 0.064 0.091333
2 0.329667 0.582667 0.083333 0.110667
2 0.367 0.656333 0.106 0.142
2 0.562333 0.8446670000000001 0.09 0.132
2 0.504 0.766 0.098667 0.125333
2 0.562667 0.6603330000000001 0.130667 0.114
2 0.608 0.563 0.126667 0.15
2 0.673333 0.7416670000000001 0.145333 0.143333
2 0.713667 0.94 0.11 0.101333
2 0.641333 0.849333 0.068 0.08
2 0.741333 0.8486670000000001 0.121333 0.124
2 0.812333 0.923 0.079333 0.083333
2 0.841333 0.823667 0.088 0.09
3 0.784333 0.743 0.087333 0.076667
2 0.767333 0.656333 0.136 0.088667
2 0.714 0.566667 0.097333 0.093333
2 0.808667 0.5613330000000001 0.092 0.098667
2 0.913667 0.7196670000000001 0.148667 0.148667
2 0.893667 0.915667 0.111333 0.119333
2 0.071667 0.617 0.140667 0.191333
0 0.335333 0.740667 0.045333 0.070667
2 0.235 0.959333 0.118 0.08
3 0.523333 0.565333 0.046667 0.069333
2 0.438667 0.950333 0.113333 0.098
2 0.537667 0.951 0.084667 0.091333
0 0.572667 0.442333 0.066667 0.060667
0 0.634 0.44266700000000003 0.072 0.064
2 0.632 0.94 0.113333 0.118667
0 0.805333 0.487333 0.068 0.065333
2 0.948333 0.810333 0.103333 0.102
0 0.849333 0.675 0.049333 0.052667
2 0.904 0.600333 0.064 0.059333
2 0.855333 0.45466700000000004 0.048 0.045333
0 0.873 0.377 0.040667 0.056667
0 0.836 0.378667 0.046667 0.076
2 0.968333 0.19533299999999998 0.063333 0.112
3 0.966333 0.11099999999999999 0.067333 0.068667
2 0.778667 0.059667000000000026 0.070667 0.058
0 0.448 0.392 0.028 0.029333
2 0.199667 0.028333000000000053 0.096667 0.056667
2 0.052 0.06499999999999995 0.102667 0.128667
2 0.062333 0.404667 0.123333 0.153333
