2 0.628 0.118667 0.098667 0.097333
3 0.627 0.039333 0.07 0.058667
3 0.815 0.265 0.082 0.064667
2 0.599333 0.240667 0.144 0.116
2 0.356333 0.138667 0.108667 0.106667
2 0.23266699999999996 0.157333 0.161333 0.192
2 0.280667 0.270333 0.129333 0.118
2 0.432667 0.304333 0.12 0.122
2 0.33866700000000005 0.351 0.098667 0.112667
3 0.23066699999999996 0.384333 0.134667 0.115333
2 0.5413330000000001 0.34 0.098667 0.112
2 0.421667 0.443667 0.080667 0.078
3 0.713333 0.344 0.138667 0.132
2 0.875667 0.377 0.096667 0.088667
2 0.955667 0.495667 0.082 0.082
2 0.851333 0.476 0.124 0.112
2 0.640333 0.470667 0.079333 0.068
2 0.5449999999999999 0.454667 0.094 0.077333
2 0.47366699999999995 0.547 0.092667 0.095333
2 0.5820000000000001 0.553 0.124 0.111333
2 0.6803330000000001 0.555667 0.09 0.083333
2 0.7969999999999999 0.596333 0.123333 0.122
2 0.659667 0.665 0.162 0.187333
2 0.515333 0.655333 0.134667 0.134667
2 0.48266699999999996 0.741333 0.169333 0.148
2 0.911 0.592 0.104667 0.1
2 0.855333 0.696333 0.162667 0.108667
2 0.865333 0.791333 0.129333 0.112
2 0.6763330000000001 0.848333 0.112667 0.135333
2 0.561667 0.84 0.114 0.137333
2 0.436667 0.913667 0.122667 0.151333
2 0.956333 0.060667 0.086 0.105333
0 0.719333 0.150333 0.037333 0.036667
0 0.522 0.181 0.057333 0.052667
0 0.417667 0.051 0.056667 0.068667
0 0.481333 0.222 0.076 0.077333
0 0.756667 0.184 0.032 0.030667
0 0.789 0.188 0.026 0.033333
0 0.881333 0.22 0.044 0.050667
0 0.973 0.268667 0.047333 0.037333
0 0.9033329999999999 0.300667 0.101333 0.098667
0 0.8109999999999999 0.340667 0.082 0.1
0 0.36666699999999997 0.415 0.053333 0.048667
0 0.927 0.419 0.048667 0.058
0 0.7170000000000001 0.489 0.043333 0.05
0 0.42900000000000005 0.645333 0.039333 0.04
2 0.5553330000000001 0.935667 0.142667 0.128667
2 0.693667 0.944333 0.132667 0.111333
0 0.256667 0.834 0.056 0.070667
0 0.28300000000000003 0.896667 0.042 0.04
0 0.07366700000000004 0.687 0.059333 0.07
0 0.23833300000000002 0.721 0.054 0.047333
0 0.221333 0.757333 0.029333 0.024
0 0.049000000000000044 0.481 0.087333 0.082
0 0.03733299999999995 0.385333 0.069333 0.08
0 0.06499999999999995 0.315 0.088667 0.074
0 0.07733299999999999 0.219667 0.086667 0.067333
