3 0.956667 0.763 0.072 0.083333
3 0.878 0.796667 0.093333 0.092
2 0.880333 0.689 0.114 0.118
3 0.776667 0.741 0.121333 0.124667
3 0.878 0.385667 0.129333 0.111333
2 0.8029999999999999 0.344333 0.123333 0.123333
2 0.859667 0.133333 0.116667 0.104
2 0.6663330000000001 0.115 0.114 0.118
2 0.692 0.237 0.098667 0.108667
3 0.638667 0.876 0.069333 0.066667
2 0.5860000000000001 0.764667 0.124 0.136
2 0.460333 0.252 0.084667 0.094667
3 0.370333 0.062 0.114 0.108
3 0.36566699999999996 0.148667 0.092667 0.081333
2 0.362 0.254333 0.108 0.115333
3 0.225333 0.498 0.126667 0.110667
3 0.41833299999999995 0.931333 0.076667 0.066667
0 0.832667 0.040333 0.082667 0.078
0 0.7356670000000001 0.164 0.044667 0.037333
2 0.630333 0.026333 0.134 0.051333
0 0.885667 0.519 0.068667 0.063333
3 0.810333 0.5 0.036667 0.041333
3 0.724333 0.416 0.064667 0.057333
3 0.7070000000000001 0.445333 0.07 0.048
0 0.636 0.364667 0.030667 0.025333
0 0.495 0.663667 0.047333 0.047333
0 0.532 0.441333 0.041333 0.038667
0 0.504 0.380667 0.118667 0.106667
0 0.466333 0.417667 0.048667 0.046
0 0.469333 0.328667 0.070667 0.061333
0 0.41033299999999995 0.347333 0.046 0.038667
0 0.37 0.407333 0.044 0.044
0 0.40533300000000005 0.729667 0.082667 0.075333
0 0.297667 0.500667 0.038 0.053333
0 0.29333299999999995 0.222 0.089333 0.093333
2 0.254667 0.129 0.053333 0.039333
0 0.20233299999999999 0.025667 0.071333 0.05
0 0.17533299999999996 0.113333 0.105333 0.106667
0 0.09366699999999994 0.118 0.096667 0.104
0 0.15133300000000005 0.212667 0.078667 0.070667
0 0.18366700000000002 0.309667 0.039333 0.043333
2 0.046667000000000014 0.210333 0.056 0.072667
0 0.028333000000000053 0.419333 0.056667 0.073333
0 0.050000000000000044 0.282333 0.052 0.051333
0 0.13033300000000003 0.363333 0.100667 0.085333
0 0.18133299999999997 0.575667 0.061333 0.052667
0 0.33966700000000005 0.720333 0.039333 0.042
0 0.372333 0.790667 0.059333 0.048
3 0.504 0.778667 0.073333 0.096
2 0.651 0.947667 0.079333 0.082
0 0.744 0.888667 0.064 0.058667
0 0.779667 0.953 0.091333 0.094
0 0.7086669999999999 0.966333 0.041333 0.047333
0 0.829 0.948333 0.05 0.044667
0 0.811667 0.857333 0.095333 0.088
0 0.878667 0.955333 0.041333 0.041333
0 0.947333 0.875 0.104 0.106
0 0.972667 0.650333 0.050667 0.058
