0 0.078667 0.631 0.153333 0.164667
0 0.130333 0.7356670000000001 0.172667 0.199333
0 0.084333 0.944667 0.163333 0.109333
0 0.239667 0.926 0.058 0.054667
0 0.319 0.799667 0.154 0.175333
0 0.396667 0.826333 0.128 0.13
0 0.161 0.387667 0.066 0.072667
0 0.054333 0.378667 0.107333 0.136
0 0.412 0.923 0.210667 0.152667
0 0.566333 0.92 0.143333 0.153333
0 0.555667 0.807667 0.156667 0.136667
2 0.501667 0.6930000000000001 0.039333 0.046
2 0.4 0.592667 0.042667 0.050667
2 0.467333 0.581 0.041333 0.038
2 0.527 0.640667 0.039333 0.041333
0 0.467667 0.490333 0.092667 0.100667
2 0.668333 0.665667 0.078 0.07
2 0.796667 0.799333 0.041333 0.044
2 0.817333 0.977 0.046667 0.040667
2 0.935 0.977667 0.038 0.036667
0 0.931 0.921 0.088667 0.075333
0 0.907333 0.828667 0.078667 0.069333
0 0.871667 0.13666699999999998 0.255333 0.270667
0 0.654333 0.281667 0.399333 0.438
0 0.302667 0.21299999999999997 0.345333 0.411333
0 0.121 0.15233300000000005 0.071333 0.102
0 0.164667 0.238 0.068 0.1
0 0.083 0.28400000000000003 0.139333 0.145333
0 0.075667 0.11433300000000002 0.083333 0.086
0 0.045667 0.05833299999999997 0.07 0.054
