3 0.328667 0.685667 0.138667 0.118
3 0.458333 0.717667 0.087333 0.084667
2 0.155667 0.826 0.151333 0.165333
3 0.300667 0.863 0.108 0.122
2 0.6 0.807333 0.134667 0.153333
2 0.477667 0.908333 0.178 0.162
2 0.674 0.924333 0.12 0.124667
2 0.917667 0.802333 0.15 0.120667
2 0.913333 0.880333 0.122667 0.092667
2 0.815333 0.874667 0.070667 0.081333
2 0.902667 0.467667 0.132 0.115333
2 0.934 0.571 0.110667 0.119333
2 0.862667 0.309667 0.104 0.087333
2 0.93 0.269667 0.089333 0.091333
2 0.903 0.193333 0.087333 0.072
2 0.813333 0.201 0.108 0.120667
2 0.731333 0.209333 0.061333 0.065333
2 0.954333 0.145 0.082 0.083333
2 0.741 0.291333 0.100667 0.090667
2 0.709667 0.09 0.074 0.076
2 0.652667 0.062333 0.057333 0.051333
2 0.583333 0.280667 0.109333 0.102667
3 0.535 0.420333 0.087333 0.076667
2 0.546 0.352667 0.101333 0.068
2 0.641667 0.337333 0.082 0.106667
2 0.701667 0.442 0.120667 0.089333
3 0.736667 0.583 0.097333 0.095333
2 0.663667 0.521667 0.118 0.112667
2 0.695 0.375333 0.052667 0.046667
2 0.344 0.297667 0.069333 0.086
2 0.28 0.288 0.056 0.066667
2 0.278667 0.222667 0.072 0.061333
2 0.229667 0.278333 0.067333 0.111333
2 0.176333 0.312667 0.071333 0.102667
2 0.029 0.27 0.051333 0.092
2 0.097333 0.282333 0.093333 0.114
2 0.087667 0.212333 0.040667 0.040667
3 0.136333 0.105 0.084667 0.082
2 0.057667 0.142667 0.108667 0.106667
2 0.151667 0.203 0.084667 0.111333
2 0.233333 0.171333 0.090667 0.097333
2 0.352333 0.177 0.114 0.114
2 0.334333 0.090667 0.083333 0.072
2 0.386333 0.057333 0.079333 0.089333
0 0.457667 0.494 0.096667 0.090667
0 0.436 0.215333 0.084 0.093333
0 0.456 0.133667 0.088 0.084667
0 0.53 0.11 0.057333 0.077333
0 0.592 0.119 0.072 0.079333
0 0.526667 0.197667 0.076 0.094
0 0.595 0.178333 0.072667 0.060667
0 0.437667 0.312 0.112667 0.109333
0 0.261333 0.129667 0.076 0.07
3 0.460333 0.038333 0.075333 0.072667
0 0.294667 0.372667 0.096 0.088
0 0.172667 0.398 0.105333 0.102667
0 0.079 0.405 0.09 0.096667
0 0.095 0.477667 0.076667 0.07
0 0.224667 0.455667 0.057333 0.078
0 0.465333 0.406 0.052 0.06
0 0.441667 0.433667 0.059333 0.054
0 0.386 0.466 0.036 0.046667
0 0.357333 0.505 0.086667 0.091333
0 0.316667 0.562 0.045333 0.069333
0 0.615333 0.440667 0.058667 0.081333
0 0.541 0.531333 0.083333 0.082667
0 0.557667 0.476667 0.087333 0.062667
0 0.258 0.549667 0.056 0.055333
0 0.257333 0.485 0.053333 0.048667
0 0.065 0.700333 0.104667 0.118
0 0.455 0.631667 0.07 0.082
0 0.604 0.654333 0.069333 0.075333
0 0.547667 0.637333 0.039333 0.050667
0 0.518333 0.667 0.052667 0.064667
0 0.671667 0.671 0.064667 0.056667
0 0.727667 0.632 0.036667 0.042667
0 0.657 0.762 0.076667 0.084
0 0.126 0.955667 0.042667 0.058
0 0.088667 0.935333 0.034667 0.046667
0 0.18 0.956667 0.061333 0.06
2 0.257333 0.948 0.124 0.104
2 0.405333 0.851667 0.094667 0.094
2 0.379 0.949667 0.063333 0.086
0 0.348667 0.809667 0.046667 0.068667
0 0.291333 0.778 0.061333 0.065333
0 0.418667 0.778 0.044 0.049333
0 0.508333 0.814 0.059333 0.057333
0 0.555667 0.964667 0.062 0.070667
2 0.878333 0.955 0.103333 0.09
2 0.604667 0.931333 0.069333 0.101333
0 0.98 0.914 0.04 0.057333
0 0.753 0.870667 0.044667 0.049333
0 0.797 0.388333 0.052667 0.043333
0 0.766333 0.525333 0.056667 0.056
0 0.886 0.101 0.078667 0.066
0 0.915 0.044 0.046 0.041333
0 0.655 0.133 0.054 0.078
2 0.757 0.055667 0.155333 0.11
2 0.853667 0.034 0.080667 0.066667
