3 0.338 0.752 0.098667 0.072
2 0.459333 0.695333 0.106667 0.094667
3 0.473333 0.799333 0.121333 0.105333
3 0.382667 0.832 0.084 0.109333
3 0.282667 0.846667 0.105333 0.114667
3 0.047333 0.788667 0.088 0.086667
3 0.082667 0.906667 0.084 0.114667
3 0.139333 0.796667 0.090667 0.065333
2 0.551333 0.084333 0.193333 0.162
2 0.700667 0.072 0.136 0.14
2 0.939333 0.137667 0.121333 0.158
2 0.835667 0.174667 0.122 0.148
2 0.743667 0.173333 0.111333 0.137333
2 0.652667 0.198333 0.101333 0.138
2 0.558333 0.196333 0.098 0.083333
2 0.555667 0.289333 0.156667 0.108
2 0.710667 0.295 0.128 0.114
2 0.838333 0.289333 0.106 0.086667
2 0.926667 0.340667 0.098667 0.113333
2 0.694667 0.853333 0.096 0.108
2 0.816667 0.820667 0.154667 0.124
2 0.896333 0.924667 0.147333 0.126667
2 0.935667 0.789333 0.128667 0.102667
2 0.946333 0.678 0.107333 0.113333
2 0.951 0.565333 0.098 0.105333
3 0.403667 0.933667 0.111333 0.094
2 0.180333 0.875333 0.112667 0.105333
0 0.196667 0.194333 0.072 0.075333
0 0.368667 0.259 0.064 0.054
0 0.362667 0.131 0.212 0.179333
0 0.461667 0.326333 0.040667 0.044667
0 0.445 0.264 0.023333 0.022667
0 0.284333 0.398667 0.348667 0.268
0 0.262667 0.264667 0.033333 0.028
0 0.172 0.127667 0.068 0.063333
0 0.139667 0.167667 0.068667 0.079333
0 0.203667 0.672 0.379333 0.356
2 0.208 0.948667 0.104 0.088
3 0.024 0.895333 0.045333 0.101333
0 0.546 0.9 0.228 0.2
2 0.303333 0.94 0.096 0.12
2 0.785667 0.932333 0.146 0.135333
2 0.955667 0.891333 0.088667 0.134667
0 0.663333 0.572 0.486667 0.462667
