3 0.893333 0.107333 0.101333 0.102667
3 0.791667 0.074667 0.115333 0.088
3 0.7456670000000001 0.127667 0.09 0.084667
3 0.816667 0.164333 0.078667 0.078
3 0.656333 0.108 0.088667 0.088
3 0.669 0.191333 0.116667 0.112
3 0.763667 0.234333 0.112667 0.128667
3 0.85 0.259333 0.106667 0.096
3 0.955333 0.205 0.064 0.048667
2 0.808333 0.348333 0.079333 0.092667
2 0.750667 0.325333 0.044 0.058667
2 0.702 0.398333 0.077333 0.074
3 0.6293329999999999 0.445 0.096 0.111333
3 0.6186670000000001 0.368667 0.058667 0.061333
3 0.5409999999999999 0.349667 0.086 0.087333
3 0.5640000000000001 0.445667 0.068 0.107333
3 0.475 0.421333 0.11 0.1
3 0.43999999999999995 0.327 0.101333 0.083333
3 0.48366699999999996 0.238667 0.116667 0.101333
3 0.583 0.259333 0.118 0.129333
3 0.678667 0.296333 0.094667 0.094
3 0.580667 0.090667 0.065333 0.077333
3 0.49866699999999997 0.057333 0.076 0.074667
2 0.41333299999999995 0.046 0.092 0.069333
3 0.31866700000000003 0.088333 0.08 0.082
3 0.492 0.146667 0.1 0.104
3 0.404 0.124 0.076 0.092
3 0.346 0.195667 0.126667 0.126
3 0.881 0.451667 0.086 0.072667
3 0.791 0.469333 0.108667 0.14
3 0.702 0.531667 0.102667 0.104667
2 0.623333 0.532333 0.062667 0.075333
2 0.5640000000000001 0.587333 0.106667 0.104
3 0.6206670000000001 0.656 0.106667 0.097333
2 0.7130000000000001 0.631667 0.083333 0.079333
3 0.788 0.573333 0.102667 0.068
3 0.789667 0.653 0.072667 0.075333
3 0.706 0.690667 0.069333 0.041333
3 0.6699999999999999 0.737 0.105333 0.082
3 0.763667 0.765 0.084667 0.074
3 0.801667 0.718333 0.084667 0.052667
2 0.869333 0.692 0.112 0.094667
2 0.898667 0.609333 0.109333 0.073333
2 0.896333 0.522 0.124667 0.090667
2 0.936667 0.755333 0.110667 0.104
2 0.820667 0.866333 0.065333 0.064667
2 0.841 0.787 0.07 0.084667
3 0.738333 0.824667 0.078 0.078667
2 0.649667 0.879333 0.082 0.097333
3 0.734 0.913667 0.108 0.087333
2 0.406 0.934333 0.105333 0.112667
3 0.31566700000000003 0.761333 0.119333 0.105333
2 0.650667 0.803667 0.064 0.056667
2 0.316333 0.936 0.082 0.096
2 0.24866699999999997 0.878333 0.101333 0.124667
2 0.09599999999999997 0.922 0.162667 0.132
3 0.12 0.765667 0.110667 0.116667
2 0.16033299999999995 0.66 0.108667 0.094667
2 0.37066699999999997 0.650333 0.104 0.086
3 0.364333 0.559667 0.086 0.087333
3 0.281 0.566333 0.078 0.087333
3 0.28 0.646667 0.125333 0.098667
3 0.08866700000000005 0.562 0.065333 0.065333
2 0.06733299999999998 0.638667 0.074667 0.073333
3 0.06299999999999994 0.497 0.088667 0.046
3 0.08699999999999997 0.442667 0.086 0.06
3 0.11599999999999999 0.378 0.077333 0.064
2 0.257667 0.348333 0.114 0.095333
2 0.18533299999999997 0.24 0.130667 0.106667
3 0.11266699999999996 0.291333 0.137333 0.106667
2 0.640333 0.039 0.115333 0.076667
2 0.966 0.08 0.066667 0.092
2 0.972667 0.148667 0.049333 0.044
0 0.91 0.314 0.178667 0.281333
2 0.891667 0.851667 0.118 0.102
0 0.872 0.907667 0.077333 0.058
2 0.9299999999999999 0.944333 0.086667 0.094
2 0.596 0.933333 0.164 0.133333
2 0.03866700000000001 0.743333 0.077333 0.090667
3 0.031000000000000028 0.815333 0.062 0.066667
3 0.16000000000000003 0.587333 0.085333 0.056
0 0.23199999999999998 0.451333 0.225333 0.201333
0 0.384667 0.485667 0.052 0.054
3 0.02300000000000002 0.431333 0.046 0.084
0 0.308667 0.289667 0.048 0.05
0 0.17033299999999996 0.027 0.072667 0.052667
0 0.23966699999999996 0.173667 0.051333 0.043333
