2 0.874667 0.932333 0.132 0.126
2 0.858333 0.844 0.135333 0.092
2 0.763333 0.919667 0.133333 0.151333
2 0.619333 0.834333 0.14 0.096667
2 0.48466699999999996 0.852333 0.114667 0.119333
2 0.368 0.835 0.134667 0.115333
2 0.20199999999999996 0.903 0.161333 0.146
2 0.09166700000000005 0.835 0.115333 0.095333
2 0.224333 0.787667 0.114 0.092667
2 0.09099999999999997 0.736667 0.127333 0.101333
2 0.19999999999999996 0.692 0.096 0.109333
2 0.282667 0.656 0.130667 0.14
2 0.367333 0.732 0.130667 0.104
2 0.47766699999999995 0.721333 0.104667 0.098667
2 0.470333 0.6273329999999999 0.122 0.094667
2 0.379 0.63 0.09 0.105333
2 0.47 0.534333 0.156 0.108667
2 0.36466699999999996 0.46166700000000005 0.089333 0.087333
2 0.367333 0.375333 0.122667 0.096
3 0.476333 0.28033300000000005 0.087333 0.108667
2 0.37 0.26633300000000004 0.130667 0.142
2 0.29300000000000004 0.19599999999999995 0.095333 0.076
2 0.38833300000000004 0.08466700000000005 0.083333 0.1
3 0.29733299999999996 0.08566700000000005 0.106667 0.144667
3 0.19033299999999997 0.11966699999999997 0.107333 0.118
2 0.07766700000000004 0.13866699999999998 0.123333 0.136
3 0.19299999999999995 0.21999999999999997 0.092667 0.096
3 0.10633300000000001 0.236 0.078 0.102667
2 0.19499999999999995 0.30500000000000005 0.158 0.083333
2 0.19966700000000004 0.383 0.115333 0.072667
2 0.05400000000000005 0.33999999999999997 0.098667 0.102667
2 0.07533299999999998 0.41633299999999995 0.133333 0.091333
2 0.20066700000000004 0.45566700000000004 0.122667 0.079333
2 0.08099999999999996 0.508 0.111333 0.094667
2 0.22499999999999998 0.5329999999999999 0.164667 0.111333
2 0.309667 0.554667 0.102 0.093333
2 0.11499999999999999 0.627 0.120667 0.115333
2 0.03866700000000001 0.607333 0.065333 0.096
2 0.864333 0.745333 0.122 0.125333
2 0.756 0.750333 0.1 0.138
3 0.597667 0.742667 0.116667 0.116
3 0.684667 0.734333 0.068 0.086
2 0.868 0.648 0.118667 0.105333
2 0.87 0.5369999999999999 0.110667 0.108667
2 0.77 0.598333 0.130667 0.116667
2 0.657667 0.54 0.091333 0.064
2 0.582667 0.6703330000000001 0.110667 0.083333
2 0.656333 0.633 0.142 0.106
2 0.8446670000000001 0.43766700000000003 0.132 0.09
2 0.766 0.496 0.125333 0.098667
2 0.6603330000000001 0.43733299999999997 0.114 0.130667
2 0.563 0.392 0.15 0.126667
2 0.7416670000000001 0.32666700000000004 0.143333 0.145333
2 0.94 0.28633299999999995 0.101333 0.11
2 0.849333 0.35866699999999996 0.08 0.068
2 0.8486670000000001 0.258667 0.124 0.121333
2 0.923 0.18766700000000003 0.083333 0.079333
2 0.823667 0.158667 0.09 0.088
3 0.743 0.21566700000000005 0.076667 0.087333
2 0.656333 0.23266699999999996 0.088667 0.136
2 0.566667 0.28600000000000003 0.093333 0.097333
2 0.5613330000000001 0.19133299999999998 0.098667 0.092
2 0.7196670000000001 0.086333 0.148667 0.148667
2 0.915667 0.10633300000000001 0.119333 0.111333
2 0.617 0.928333 0.191333 0.140667
0 0.740667 0.664667 0.070667 0.045333
2 0.959333 0.765 0.08 0.118
3 0.565333 0.47666699999999995 0.069333 0.046667
2 0.950333 0.5613330000000001 0.098 0.113333
2 0.951 0.462333 0.091333 0.084667
0 0.442333 0.42733299999999996 0.060667 0.066667
0 0.44266700000000003 0.366 0.064 0.072
2 0.94 0.368 0.118667 0.113333
0 0.487333 0.19466700000000003 0.065333 0.068
2 0.810333 0.05166700000000002 0.102 0.103333
0 0.675 0.150667 0.052667 0.049333
2 0.600333 0.09599999999999997 0.059333 0.064
2 0.45466700000000004 0.144667 0.045333 0.048
0 0.377 0.127 0.056667 0.040667
0 0.378667 0.16400000000000003 0.076 0.046667
2 0.19533299999999998 0.031667 0.112 0.063333
3 0.11099999999999999 0.033667 0.068667 0.067333
2 0.059667000000000026 0.221333 0.058 0.070667
0 0.392 0.552 0.029333 0.028
2 0.028333000000000053 0.800333 0.056667 0.096667
2 0.06499999999999995 0.948 0.128667 0.102667
2 0.404667 0.937667 0.153333 0.123333
