2 0.099333 0.925333 0.192 0.145333
2 0.261 0.894 0.11 0.086667
2 0.355333 0.872 0.073333 0.064
2 0.379667 0.757333 0.108667 0.106667
2 0.257667 0.783667 0.13 0.146
2 0.12433300000000003 0.797333 0.158 0.134667
3 0.141667 0.701333 0.09 0.066667
2 0.619333 0.517667 0.145333 0.13
2 0.39633300000000005 0.649 0.147333 0.11
2 0.41800000000000004 0.531333 0.154667 0.130667
2 0.540333 0.42400000000000004 0.128667 0.137333
2 0.763 0.473333 0.142 0.122667
2 0.741 0.35766699999999996 0.096667 0.080667
2 0.654667 0.387 0.102667 0.119333
3 0.373 0.42533299999999996 0.083333 0.098667
2 0.28400000000000003 0.587333 0.138667 0.161333
2 0.19866700000000004 0.602333 0.121333 0.127333
2 0.07166700000000004 0.622333 0.142 0.148667
2 0.256 0.45166700000000004 0.128 0.115333
2 0.13666699999999998 0.476 0.133333 0.133333
2 0.04400000000000004 0.491333 0.088 0.102667
2 0.31599999999999995 0.32599999999999996 0.161333 0.12
1 0.17133299999999996 0.35366699999999995 0.141333 0.127333
2 0.17233299999999996 0.22999999999999998 0.174 0.136
2 0.322333 0.216333 0.156667 0.124667
2 0.45999999999999996 0.209333 0.168 0.166667
2 0.451333 0.08999999999999997 0.104 0.077333
2 0.34566699999999995 0.09899999999999998 0.11 0.112667
2 0.254667 0.090333 0.097333 0.112667
2 0.15700000000000003 0.10299999999999998 0.104667 0.107333
2 0.06233299999999997 0.13566699999999998 0.115333 0.180667
0 0.795 0.865333 0.279333 0.268
0 0.5063329999999999 0.7913330000000001 0.031333 0.046667
0 0.862667 0.681 0.032 0.027333
0 0.884667 0.589 0.029333 0.026
0 0.648 0.14100000000000001 0.210667 0.235333
0 0.546333 0.03300000000000003 0.042 0.052667
0 0.835 0.22566699999999995 0.075333 0.063333
0 0.863667 0.18000000000000005 0.07 0.074667
2 0.17033299999999996 0.028333000000000053 0.095333 0.056667
2 0.05800000000000005 0.27533300000000005 0.116 0.161333
2 0.055332999999999966 0.392667 0.110667 0.126667
0 0.598 0.636 0.049333 0.070667
0 0.596 0.7066669999999999 0.049333 0.054667
