2 0.8376669999999999 0.8240000000000001 0.118 0.109333
2 0.9083330000000001 0.722 0.140667 0.128
2 0.679333 0.783667 0.201333 0.21
2 0.569333 0.899667 0.154667 0.158
2 0.42100000000000004 0.945333 0.118 0.092
2 0.42833299999999996 0.846333 0.160667 0.176667
2 0.45799999999999996 0.731 0.101333 0.084667
2 0.29633299999999996 0.923 0.124667 0.144667
2 0.09099999999999997 0.9390000000000001 0.108667 0.11
2 0.20566700000000004 0.853667 0.112667 0.111333
2 0.06766700000000003 0.804333 0.135333 0.131333
2 0.18833299999999997 0.765667 0.155333 0.120667
2 0.11933300000000002 0.657 0.14 0.148667
2 0.24633300000000002 0.653667 0.116667 0.172667
2 0.362 0.642667 0.138667 0.184
2 0.523667 0.609 0.120667 0.116667
2 0.657 0.579 0.207333 0.180667
2 0.861667 0.540333 0.075333 0.087333
2 0.913 0.320333 0.122 0.106
2 0.907 0.20799999999999996 0.126 0.113333
2 0.806667 0.23933300000000002 0.206667 0.22
2 0.6473329999999999 0.264 0.109333 0.170667
2 0.675 0.09666699999999995 0.128667 0.161333
2 0.42000000000000004 0.161667 0.092 0.087333
2 0.345333 0.09899999999999998 0.204 0.194
2 0.256 0.19833299999999998 0.136 0.142
2 0.125 0.20466700000000004 0.112667 0.129333
2 0.15433300000000005 0.12333300000000003 0.079333 0.072
2 0.552667 0.21066700000000005 0.070667 0.064
2 0.7150000000000001 0.441333 0.168667 0.136
2 0.517333 0.484 0.074667 0.066667
2 0.41733299999999995 0.52 0.058667 0.062667
2 0.5493330000000001 0.41133299999999995 0.125333 0.132
2 0.411667 0.39833300000000005 0.155333 0.194
2 0.532 0.287667 0.132 0.107333
2 0.247 0.499667 0.123333 0.116667
2 0.121 0.54 0.118 0.105333
2 0.15900000000000003 0.439333 0.108667 0.098667
2 0.10299999999999998 0.358333 0.168667 0.119333
0 0.956333 0.959667 0.068667 0.071333
2 0.948333 0.83 0.102 0.154667
3 0.745 0.865333 0.040667 0.061333
2 0.728333 0.950667 0.114 0.097333
0 0.7106669999999999 0.661667 0.078667 0.07
3 0.841333 0.633 0.056 0.046
2 0.962 0.619667 0.073333 0.071333
0 0.781667 0.603333 0.062 0.066667
0 0.869 0.5920000000000001 0.063333 0.057333
0 0.880333 0.438333 0.082 0.067333
0 0.813667 0.39333300000000004 0.098 0.08
0 0.648333 0.387667 0.072667 0.067333
0 0.820667 0.13933300000000004 0.06 0.065333
3 0.947667 0.13566699999999998 0.07 0.060667
2 0.558 0.155667 0.074667 0.067333
2 0.693667 0.167667 0.044667 0.048667
2 0.5553330000000001 0.06933299999999998 0.161333 0.138667
0 0.254 0.09966699999999995 0.066667 0.067333
1 0.05800000000000005 0.129 0.105333 0.104667
0 0.24166699999999997 0.360333 0.042 0.048667
1 0.054332999999999965 0.487333 0.108667 0.172
2 0.34366699999999994 0.42833299999999996 0.043333 0.052667
0 0.29800000000000004 0.815667 0.078667 0.083333
