2 0.121 0.132 0.123333 0.096
3 0.30633299999999997 0.058667000000000025 0.042 0.052
3 0.42633299999999996 0.13166699999999998 0.064667 0.088667
3 0.374333 0.207333 0.103333 0.124
2 0.35066699999999995 0.292667 0.066667 0.050667
3 0.239 0.23199999999999998 0.118 0.134667
3 0.129 0.24633300000000002 0.092667 0.11
2 0.09266700000000005 0.318333 0.1 0.102
2 0.215333 0.42100000000000004 0.078667 0.074
2 0.354333 0.386667 0.120667 0.129333
2 0.45766700000000005 0.358333 0.103333 0.151333
2 0.530667 0.28500000000000003 0.098667 0.118
2 0.6186670000000001 0.26533300000000004 0.086667 0.098667
2 0.698 0.258667 0.074667 0.073333
2 0.7416670000000001 0.12933300000000003 0.104667 0.098667
2 0.709667 0.05133299999999996 0.123333 0.102667
2 0.6026670000000001 0.07466700000000004 0.098667 0.097333
2 0.499333 0.07966700000000004 0.1 0.115333
2 0.536667 0.17600000000000005 0.092 0.097333
2 0.637 0.15700000000000003 0.114 0.118
3 0.6719999999999999 0.344 0.06 0.077333
3 0.761667 0.32899999999999996 0.119333 0.122
2 0.864667 0.29900000000000004 0.094667 0.112667
3 0.816667 0.21366700000000005 0.101333 0.088667
3 0.8993329999999999 0.21266700000000005 0.058667 0.065333
3 0.922333 0.45566700000000004 0.09 0.076667
3 0.750667 0.41300000000000003 0.092 0.051333
3 0.732 0.498333 0.121333 0.127333
2 0.6533329999999999 0.601 0.089333 0.094
2 0.758333 0.667 0.11 0.107333
2 0.868 0.7336670000000001 0.076 0.074
2 0.953667 0.724667 0.086 0.092
2 0.952333 0.638333 0.086 0.083333
2 0.865333 0.652667 0.098667 0.094667
2 0.827 0.578667 0.088667 0.1
2 0.931667 0.554 0.118 0.094667
3 0.853333 0.846 0.061333 0.06
3 0.775 0.784333 0.148667 0.124667
2 0.553667 0.613333 0.111333 0.108
3 0.590333 0.729 0.11 0.122
2 0.494333 0.727333 0.087333 0.097333
2 0.495 0.823667 0.108667 0.118
2 0.5796669999999999 0.892667 0.091333 0.1
2 0.40333300000000005 0.836333 0.074667 0.104667
2 0.302667 0.891 0.121333 0.119333
2 0.298667 0.784333 0.165333 0.111333
2 0.281667 0.682667 0.148667 0.130667
2 0.15233300000000005 0.879 0.114 0.119333
2 0.12733300000000003 0.76 0.130667 0.121333
2 0.06466700000000003 0.678667 0.108 0.094667
2 0.17366700000000002 0.582333 0.115333 0.087333
2 0.92 0.884333 0.056 0.042
3 0.40433300000000005 0.7396670000000001 0.082 0.083333
2 0.581 0.5329999999999999 0.047333 0.047333
2 0.45766700000000005 0.5876669999999999 0.052667 0.054
2 0.349333 0.587 0.046667 0.05
2 0.594333 0.439333 0.048667 0.034667
2 0.288667 0.5716669999999999 0.04 0.042
2 0.32766700000000004 0.519 0.051333 0.047333
0 0.901667 0.932667 0.071333 0.061333
3 0.9646669999999999 0.871667 0.036 0.036667
0 0.912667 0.8220000000000001 0.077333 0.08
2 0.694 0.913667 0.041333 0.05
2 0.38433300000000004 0.947 0.115333 0.104667
2 0.589333 0.806 0.064 0.057333
2 0.669333 0.6743330000000001 0.044 0.054
0 0.5369999999999999 0.40333300000000005 0.078 0.085333
0 0.599667 0.365 0.088667 0.096667
2 0.934667 0.30333299999999996 0.129333 0.14
0 0.456333 0.215333 0.071333 0.076
0 0.705333 0.18733299999999997 0.070667 0.077333
0 0.905667 0.095333 0.111333 0.134667
0 0.8240000000000001 0.10799999999999998 0.062667 0.117333
0 0.23399999999999999 0.14833300000000005 0.066667 0.052667
0 0.28900000000000003 0.12133300000000002 0.083333 0.064
2 0.10799999999999998 0.04933299999999996 0.150667 0.098667
0 0.07799999999999996 0.18166700000000002 0.054667 0.054
0 0.24966699999999997 0.34099999999999997 0.102 0.087333
2 0.052000000000000046 0.40833299999999995 0.104 0.112667
2 0.054332999999999965 0.6006670000000001 0.108667 0.122667
0 0.19699999999999995 0.6719999999999999 0.079333 0.097333
