2 0.819333 0.922667 0.126667 0.137333
2 0.709667 0.916333 0.095333 0.124667
2 0.609 0.902333 0.099333 0.180667
2 0.73 0.8260000000000001 0.092 0.113333
2 0.932667 0.849 0.128 0.118
2 0.826333 0.818667 0.064667 0.068
2 0.487333 0.921 0.129333 0.148667
2 0.534333 0.792667 0.131333 0.125333
2 0.41533299999999995 0.819 0.106667 0.124667
2 0.222333 0.878 0.179333 0.201333
2 0.08666700000000005 0.886333 0.110667 0.126
2 0.317333 0.802333 0.094667 0.116667
1 0.13266699999999998 0.757 0.18 0.118
1 0.07433299999999998 0.642667 0.091333 0.110667
1 0.16033299999999995 0.665667 0.088667 0.104667
2 0.24633300000000002 0.685 0.083333 0.115333
2 0.34099999999999997 0.689667 0.111333 0.122
2 0.455333 0.6946669999999999 0.126667 0.093333
2 0.6206670000000001 0.729333 0.101333 0.129333
2 0.929667 0.737333 0.119333 0.097333
2 0.922333 0.616333 0.107333 0.13
2 0.827 0.614333 0.096667 0.118
2 0.825 0.726667 0.098 0.090667
2 0.738333 0.729 0.152667 0.15
2 0.746 0.613667 0.101333 0.114
2 0.636 0.609333 0.124 0.130667
2 0.525667 0.619 0.111333 0.158
2 0.409667 0.562 0.102 0.172
2 0.31766700000000003 0.5489999999999999 0.083333 0.146
2 0.06733299999999998 0.504667 0.122667 0.173333
2 0.217333 0.519 0.153333 0.219333
2 0.825667 0.5023329999999999 0.122 0.114
2 0.7146669999999999 0.49566699999999997 0.1 0.111333
2 0.610333 0.49266699999999997 0.106 0.12
2 0.507 0.48366699999999996 0.112667 0.120667
2 0.834667 0.367 0.145333 0.154
2 0.903 0.327333 0.079333 0.058667
2 0.7106669999999999 0.354333 0.102667 0.174
2 0.6226670000000001 0.35866699999999996 0.1 0.170667
2 0.53 0.350333 0.108 0.174
2 0.430667 0.361333 0.096 0.168
2 0.33199999999999996 0.353333 0.093333 0.165333
2 0.24666699999999997 0.35366699999999995 0.066667 0.108667
2 0.16000000000000003 0.33699999999999997 0.101333 0.155333
2 0.087333 0.304667 0.132 0.204
2 0.39033300000000004 0.26133300000000004 0.071333 0.065333
2 0.28 0.242 0.074667 0.129333
2 0.040000000000000036 0.14933300000000005 0.077333 0.097333
2 0.340333 0.206333 0.092667 0.083333
2 0.418667 0.17533299999999996 0.074667 0.078667
2 0.48 0.24333300000000002 0.108 0.076
2 0.527 0.17966700000000002 0.108667 0.09
2 0.546667 0.10866699999999996 0.105333 0.088
2 0.45799999999999996 0.10166699999999995 0.065333 0.076667
2 0.6126670000000001 0.23266699999999996 0.096 0.1
2 0.6926669999999999 0.17100000000000004 0.133333 0.146
2 0.718 0.07366700000000004 0.054667 0.048667
2 0.654667 0.091333 0.058667 0.053333
2 0.821667 0.14600000000000002 0.116667 0.093333
2 0.789667 0.24766699999999997 0.142 0.11
2 0.905667 0.249 0.112667 0.119333
2 0.934667 0.14200000000000002 0.106667 0.098667
2 0.895667 0.06266700000000003 0.123333 0.093333
2 0.937333 0.405 0.124 0.147333
0 0.881333 0.482333 0.038667 0.039333
2 0.962667 0.23633300000000002 0.073333 0.128667
2 0.787667 0.07899999999999996 0.064667 0.063333
2 0.594 0.04133299999999995 0.036 0.044
2 0.403667 0.04166700000000001 0.074 0.083333
2 0.334333 0.038000000000000034 0.082 0.076
2 0.344333 0.13366699999999998 0.074 0.086
2 0.09766699999999995 0.16733299999999995 0.104667 0.092
0 0.255667 0.19433299999999998 0.039333 0.052667
0 0.14733300000000005 0.12166699999999997 0.061333 0.048667
0 0.19033299999999997 0.17533299999999996 0.09 0.101333
