2 0.897333 0.225333 0.16 0.125333
2 0.701333 0.205333 0.173333 0.154667
2 0.574333 0.235 0.075333 0.086
2 0.467333 0.168667 0.150667 0.138667
2 0.47 0.265 0.056 0.048667
2 0.358333 0.098333 0.09 0.107333
2 0.23666699999999996 0.058 0.138667 0.109333
2 0.271667 0.198333 0.155333 0.162
2 0.270667 0.312 0.104 0.073333
2 0.150667 0.313 0.092 0.091333
2 0.11599999999999999 0.183 0.166667 0.156667
2 0.838333 0.313 0.075333 0.080667
2 0.729 0.356667 0.143333 0.162667
2 0.787667 0.426667 0.118 0.105333
2 0.913333 0.414333 0.136 0.122
2 0.891333 0.533333 0.168 0.134667
2 0.690333 0.445 0.054 0.044667
2 0.628667 0.345 0.105333 0.122
2 0.5263329999999999 0.34 0.104667 0.134667
2 0.398667 0.361 0.14 0.156667
2 0.101333 0.417 0.121333 0.103333
2 0.19733299999999998 0.419333 0.070667 0.073333
2 0.23933300000000002 0.509333 0.138667 0.170667
2 0.375 0.49 0.092667 0.088
2 0.5900000000000001 0.455333 0.098667 0.088
2 0.484 0.481667 0.130667 0.138
2 0.523667 0.571667 0.126 0.112667
2 0.639667 0.553333 0.119333 0.164
2 0.739 0.527667 0.118 0.112667
2 0.753667 0.626333 0.155333 0.146
3 0.875667 0.629 0.091333 0.082
3 0.639 0.661333 0.076667 0.074667
2 0.530667 0.679667 0.104 0.091333
2 0.917333 0.740667 0.097333 0.105333
3 0.916667 0.831 0.070667 0.075333
2 0.826333 0.876333 0.112667 0.118
2 0.727 0.886667 0.108667 0.097333
2 0.6699999999999999 0.794 0.156 0.206667
2 0.803333 0.765 0.125333 0.135333
2 0.41400000000000003 0.688 0.132 0.156
2 0.346333 0.817667 0.155333 0.162
2 0.331333 0.599 0.141333 0.144667
2 0.22966699999999995 0.705667 0.111333 0.116667
2 0.11533300000000002 0.697667 0.124 0.15
2 0.22699999999999998 0.816333 0.114 0.11
2 0.18899999999999995 0.908667 0.184667 0.164
2 0.834667 0.158333 0.061333 0.078
0 0.553667 0.111667 0.104667 0.128667
0 0.5333330000000001 0.033 0.104 0.064667
0 0.941333 0.316333 0.114667 0.122
0 0.558 0.758333 0.090667 0.11
2 0.7396670000000001 0.964333 0.092667 0.071333
2 0.051000000000000045 0.948333 0.096667 0.103333
0 0.12433300000000003 0.813333 0.087333 0.096
0 0.129 0.532667 0.088667 0.128
0 0.28633299999999995 0.388 0.09 0.090667
2 0.05500000000000005 0.305 0.11 0.126
2 0.14 0.079667 0.081333 0.058
2 0.04566700000000001 0.074333 0.091333 0.139333
