2 0.935667 0.154333 0.124667 0.11
2 0.773333 0.108333 0.105333 0.104667
2 0.842667 0.099333 0.056 0.050667
2 0.860667 0.251667 0.072 0.082
2 0.775 0.217 0.115333 0.115333
2 0.6823330000000001 0.181333 0.118 0.125333
2 0.6719999999999999 0.080667 0.1 0.098667
2 0.5613330000000001 0.063 0.090667 0.114
2 0.47666699999999995 0.062667 0.081333 0.109333
2 0.36466699999999996 0.064667 0.130667 0.113333
2 0.28200000000000003 0.089 0.070667 0.054
2 0.267667 0.161333 0.080667 0.068
2 0.589333 0.184 0.076 0.1
2 0.536 0.248 0.130667 0.138667
2 0.43000000000000005 0.237333 0.094667 0.096
2 0.365 0.170667 0.108667 0.106667
2 0.15300000000000002 0.109 0.146 0.119333
2 0.10299999999999998 0.202667 0.071333 0.065333
2 0.19333299999999998 0.229 0.14 0.11
2 0.10933300000000001 0.342333 0.117333 0.108667
2 0.234333 0.328 0.122 0.093333
2 0.339333 0.334667 0.090667 0.101333
2 0.42533299999999996 0.329667 0.081333 0.086
2 0.525333 0.350667 0.098667 0.092
2 0.61 0.388 0.104 0.105333
2 0.626667 0.284 0.076 0.086667
2 0.695667 0.299333 0.088667 0.116
2 0.779333 0.323667 0.101333 0.104667
2 0.875333 0.339 0.098667 0.087333
2 0.874667 0.42 0.092 0.097333
2 0.7933330000000001 0.414667 0.078667 0.092
2 0.707333 0.413 0.109333 0.114
2 0.611333 0.488333 0.096 0.091333
2 0.604333 0.814 0.107333 0.109333
2 0.619 0.916667 0.088667 0.088
2 0.683 0.902 0.072667 0.066667
2 0.71 0.810333 0.114667 0.111333
2 0.698333 0.707667 0.127333 0.094
2 0.6843330000000001 0.612333 0.086 0.084667
2 0.7010000000000001 0.519 0.099333 0.114
2 0.889667 0.524333 0.111333 0.106
2 0.7913330000000001 0.516 0.094667 0.102667
2 0.787667 0.617667 0.126 0.119333
2 0.894 0.607667 0.1 0.078
2 0.888333 0.702 0.124667 0.105333
1 0.885 0.800667 0.079333 0.08
1 0.869333 0.902333 0.133333 0.111333
2 0.808 0.814 0.108 0.101333
2 0.776 0.894667 0.069333 0.065333
2 0.521333 0.93 0.101333 0.110667
2 0.5123329999999999 0.819 0.086 0.086
2 0.255667 0.956333 0.09 0.086
2 0.156667 0.941667 0.105333 0.095333
3 0.06000000000000005 0.944 0.093333 0.094667
2 0.29700000000000004 0.578333 0.124667 0.111333
2 0.270667 0.665333 0.1 0.070667
2 0.18433299999999997 0.609667 0.094 0.082
2 0.18733299999999997 0.72 0.094667 0.097333
3 0.08366700000000005 0.775 0.120667 0.11
3 0.16000000000000003 0.839667 0.106667 0.088667
2 0.258667 0.864333 0.088 0.080667
2 0.266 0.763333 0.097333 0.092
2 0.370333 0.712667 0.119333 0.109333
2 0.38133300000000003 0.815333 0.136 0.106667
2 0.34199999999999997 0.884667 0.070667 0.054667
2 0.608 0.701667 0.046667 0.048667
2 0.5203329999999999 0.697 0.127333 0.120667
2 0.23866699999999996 0.422333 0.092 0.082
2 0.10099999999999998 0.457667 0.072667 0.067333
3 0.07133299999999998 0.559667 0.101333 0.09
3 0.08099999999999996 0.652333 0.11 0.083333
2 0.21299999999999997 0.512 0.146 0.097333
2 0.33499999999999996 0.460333 0.102 0.111333
2 0.43200000000000005 0.418 0.096 0.093333
2 0.402667 0.531333 0.102667 0.113333
2 0.521333 0.579333 0.137333 0.104
2 0.510667 0.477 0.110667 0.111333
2 0.8260000000000001 0.045667 0.141333 0.09
2 0.946333 0.268 0.106 0.114667
2 0.959667 0.362333 0.079333 0.095333
1 0.956667 0.457 0.085333 0.122
1 0.9646669999999999 0.564667 0.068 0.093333
1 0.734333 0.029333 0.075333 0.057333
0 0.534333 0.159 0.051333 0.042
0 0.307667 0.26 0.071333 0.064
0 0.217333 0.077 0.074667 0.076667
3 0.03533299999999995 0.479667 0.070667 0.106
0 0.06333299999999997 0.713667 0.08 0.058
3 0.08966700000000005 0.841333 0.042 0.042667
2 0.33099999999999996 0.959333 0.119333 0.081333
0 0.36366699999999996 0.624 0.07 0.069333
0 0.428667 0.621667 0.061333 0.068667
2 0.44866700000000004 0.949667 0.110667 0.100667
1 0.88 0.975667 0.092 0.048667
1 0.791667 0.971333 0.072667 0.057333
2 0.949333 0.773667 0.1 0.115333
1 0.962 0.872 0.074667 0.102667
2 0.959667 0.953667 0.079333 0.082
