2 0.845667 0.935667 0.11 0.124667
2 0.891667 0.773333 0.104667 0.105333
2 0.900667 0.842667 0.050667 0.056
2 0.748333 0.860667 0.082 0.072
2 0.783 0.775 0.115333 0.115333
2 0.818667 0.6823330000000001 0.125333 0.118
2 0.919333 0.6719999999999999 0.098667 0.1
2 0.937 0.5613330000000001 0.114 0.090667
2 0.937333 0.47666699999999995 0.109333 0.081333
2 0.935333 0.36466699999999996 0.113333 0.130667
2 0.911 0.28200000000000003 0.054 0.070667
2 0.838667 0.267667 0.068 0.080667
2 0.8160000000000001 0.589333 0.1 0.076
2 0.752 0.536 0.138667 0.130667
2 0.762667 0.43000000000000005 0.096 0.094667
2 0.829333 0.365 0.106667 0.108667
2 0.891 0.15300000000000002 0.119333 0.146
2 0.797333 0.10299999999999998 0.065333 0.071333
2 0.771 0.19333299999999998 0.11 0.14
2 0.657667 0.10933300000000001 0.108667 0.117333
2 0.6719999999999999 0.234333 0.093333 0.122
2 0.665333 0.339333 0.101333 0.090667
2 0.6703330000000001 0.42533299999999996 0.086 0.081333
2 0.6493329999999999 0.525333 0.092 0.098667
2 0.612 0.61 0.105333 0.104
2 0.716 0.626667 0.086667 0.076
2 0.7006669999999999 0.695667 0.116 0.088667
2 0.6763330000000001 0.779333 0.104667 0.101333
2 0.661 0.875333 0.087333 0.098667
2 0.5800000000000001 0.874667 0.097333 0.092
2 0.585333 0.7933330000000001 0.092 0.078667
2 0.587 0.707333 0.114 0.109333
2 0.511667 0.611333 0.091333 0.096
2 0.18600000000000005 0.604333 0.109333 0.107333
2 0.08333299999999999 0.619 0.088 0.088667
2 0.09799999999999998 0.683 0.066667 0.072667
2 0.18966700000000003 0.71 0.111333 0.114667
2 0.29233299999999995 0.698333 0.094 0.127333
2 0.387667 0.6843330000000001 0.084667 0.086
2 0.481 0.7010000000000001 0.114 0.099333
2 0.47566699999999995 0.889667 0.106 0.111333
2 0.484 0.7913330000000001 0.102667 0.094667
2 0.38233300000000003 0.787667 0.119333 0.126
2 0.39233300000000004 0.894 0.078 0.1
2 0.29800000000000004 0.888333 0.105333 0.124667
1 0.19933299999999998 0.885 0.08 0.079333
1 0.09766699999999995 0.869333 0.111333 0.133333
2 0.18600000000000005 0.808 0.101333 0.108
2 0.10533300000000001 0.776 0.065333 0.069333
2 0.06999999999999995 0.521333 0.110667 0.101333
2 0.18100000000000005 0.5123329999999999 0.086 0.086
2 0.04366700000000001 0.255667 0.086 0.09
2 0.05833299999999997 0.156667 0.095333 0.105333
3 0.05600000000000005 0.06000000000000005 0.094667 0.093333
2 0.421667 0.29700000000000004 0.111333 0.124667
2 0.33466700000000005 0.270667 0.070667 0.1
2 0.39033300000000004 0.18433299999999997 0.082 0.094
2 0.28 0.18733299999999997 0.097333 0.094667
3 0.22499999999999998 0.08366700000000005 0.11 0.120667
3 0.16033299999999995 0.16000000000000003 0.088667 0.106667
2 0.13566699999999998 0.258667 0.080667 0.088
2 0.23666699999999996 0.266 0.092 0.097333
2 0.28733299999999995 0.370333 0.109333 0.119333
2 0.18466700000000003 0.38133300000000003 0.106667 0.136
2 0.11533300000000002 0.34199999999999997 0.054667 0.070667
2 0.29833299999999996 0.608 0.048667 0.046667
2 0.30300000000000005 0.5203329999999999 0.120667 0.127333
2 0.5776669999999999 0.23866699999999996 0.082 0.092
2 0.542333 0.10099999999999998 0.067333 0.072667
3 0.440333 0.07133299999999998 0.09 0.101333
3 0.34766699999999995 0.08099999999999996 0.083333 0.11
2 0.488 0.21299999999999997 0.097333 0.146
2 0.539667 0.33499999999999996 0.111333 0.102
2 0.5820000000000001 0.43200000000000005 0.093333 0.096
2 0.46866699999999994 0.402667 0.113333 0.102667
2 0.420667 0.521333 0.104 0.137333
2 0.523 0.510667 0.111333 0.110667
2 0.954333 0.8260000000000001 0.09 0.141333
2 0.732 0.946333 0.114667 0.106
2 0.637667 0.959667 0.095333 0.079333
1 0.5429999999999999 0.956667 0.122 0.085333
1 0.43533299999999997 0.9646669999999999 0.093333 0.068
1 0.970667 0.734333 0.057333 0.075333
0 0.841 0.534333 0.042 0.051333
0 0.74 0.307667 0.064 0.071333
0 0.923 0.217333 0.076667 0.074667
3 0.5203329999999999 0.03533299999999995 0.106 0.070667
0 0.28633299999999995 0.06333299999999997 0.058 0.08
3 0.158667 0.08966700000000005 0.042667 0.042
2 0.04066700000000001 0.33099999999999996 0.081333 0.119333
0 0.376 0.36366699999999996 0.069333 0.07
0 0.37833300000000003 0.428667 0.068667 0.061333
2 0.05033299999999996 0.44866700000000004 0.100667 0.110667
1 0.02433300000000005 0.88 0.048667 0.092
1 0.028666999999999998 0.791667 0.057333 0.072667
2 0.226333 0.949333 0.115333 0.1
1 0.128 0.962 0.102667 0.074667
2 0.04633299999999996 0.959667 0.082 0.079333
