2 0.902 0.835 0.133333 0.107333
2 0.722333 0.935667 0.107333 0.111333
3 0.587333 0.873333 0.104 0.110667
3 0.487333 0.879333 0.098667 0.132
3 0.395 0.876 0.075333 0.08
3 0.28400000000000003 0.916333 0.146667 0.147333
2 0.882667 0.735 0.113333 0.084667
3 0.911 0.642667 0.107333 0.092
2 0.768 0.685 0.145333 0.162
2 0.670667 0.7476670000000001 0.126667 0.143333
2 0.566667 0.776 0.137333 0.102667
2 0.5589999999999999 0.6799999999999999 0.119333 0.108
3 0.44099999999999995 0.6779999999999999 0.072667 0.068
3 0.45699999999999996 0.774 0.092667 0.093333
2 0.368 0.764 0.096 0.137333
2 0.27133300000000005 0.788 0.102667 0.106667
3 0.06866700000000003 0.8260000000000001 0.1 0.097333
3 0.07966700000000004 0.728667 0.119333 0.125333
2 0.20199999999999996 0.715333 0.128 0.137333
3 0.645667 0.517667 0.09 0.088667
3 0.5389999999999999 0.529667 0.107333 0.112667
3 0.42833299999999996 0.536667 0.116667 0.101333
3 0.26533300000000004 0.46366700000000005 0.14 0.147333
3 0.121 0.499 0.154 0.159333
2 0.479 0.430667 0.11 0.104
2 0.911667 0.366333 0.114 0.119333
2 0.788 0.383667 0.169333 0.179333
2 0.817333 0.25733300000000003 0.116 0.098667
3 0.738 0.09666699999999995 0.074667 0.094667
3 0.5986670000000001 0.32299999999999995 0.078667 0.080667
2 0.403 0.32866700000000004 0.120667 0.138667
3 0.19133299999999998 0.336333 0.134667 0.143333
3 0.06666700000000003 0.281 0.114667 0.11
3 0.07366700000000004 0.17233299999999996 0.118 0.123333
3 0.18333299999999997 0.14833300000000005 0.109333 0.108667
3 0.28 0.124 0.108 0.145333
2 0.38533300000000004 0.10166699999999995 0.113333 0.138
3 0.896333 0.91 0.040667 0.045333
0 0.6413329999999999 0.921 0.06 0.075333
3 0.7783329999999999 0.839333 0.062 0.065333
0 0.607 0.601 0.036667 0.044667
0 0.681667 0.5760000000000001 0.067333 0.072
0 0.818667 0.5860000000000001 0.061333 0.057333
0 0.871333 0.546333 0.082667 0.09
0 0.719333 0.46099999999999997 0.041333 0.056667
3 0.5023329999999999 0.32799999999999996 0.047333 0.049333
3 0.943667 0.261 0.11 0.071333
2 0.934333 0.07199999999999995 0.056667 0.066667
1 0.820333 0.095333 0.038 0.045333
1 0.664667 0.17933299999999996 0.044 0.052
3 0.501 0.129 0.055333 0.064667
2 0.165667 0.05033299999999996 0.106 0.100667
0 0.368 0.217333 0.076 0.084
0 0.31566700000000003 0.23766699999999996 0.054 0.052667
0 0.19399999999999995 0.23833300000000002 0.068 0.07
0 0.02633300000000005 0.509667 0.052667 0.094
2 0.345333 0.563333 0.033333 0.048
2 0.377 0.435667 0.042 0.03
0 0.15633300000000006 0.615333 0.091333 0.072
