3 0.916667 0.629667 0.098667 0.114
3 0.75 0.605333 0.129333 0.137333
3 0.827333 0.658 0.130667 0.145333
3 0.907 0.76 0.118 0.122667
3 0.787667 0.755333 0.115333 0.124
2 0.687333 0.690667 0.104 0.117333
3 0.851333 0.845667 0.124 0.123333
2 0.949333 0.916333 0.094667 0.143333
3 0.862333 0.943333 0.076667 0.077333
3 0.697333 0.873333 0.106667 0.090667
3 0.6966669999999999 0.777333 0.072 0.070667
2 0.603 0.785667 0.120667 0.176667
2 0.517333 0.741333 0.077333 0.088
2 0.5283329999999999 0.662 0.058 0.065333
3 0.586667 0.597667 0.102667 0.119333
3 0.477 0.57 0.13 0.128
3 0.39033300000000004 0.561 0.051333 0.056667
2 0.298667 0.540667 0.104 0.110667
2 0.17766700000000002 0.538667 0.115333 0.137333
2 0.10966699999999996 0.613667 0.135333 0.11
2 0.17133299999999996 0.704667 0.128 0.122667
2 0.256667 0.629 0.104 0.09
3 0.33966700000000005 0.645 0.114 0.119333
3 0.12 0.782333 0.066667 0.055333
2 0.20399999999999996 0.800333 0.132 0.114
2 0.15833299999999995 0.904667 0.143333 0.130667
2 0.35566699999999996 0.835 0.115333 0.114
2 0.27333300000000005 0.885 0.070667 0.088667
2 0.335333 0.910667 0.069333 0.062667
2 0.471333 0.838667 0.105333 0.112
3 0.43700000000000006 0.741667 0.078 0.084667
3 0.33866700000000005 0.735 0.096 0.086
2 0.454333 0.945333 0.112667 0.101333
2 0.558333 0.935 0.102 0.114
0 0.726667 0.328 0.293333 0.330667
0 0.911333 0.262 0.044 0.046667
0 0.927 0.388333 0.058 0.060667
0 0.981 0.420333 0.036667 0.067333
0 0.886333 0.545667 0.082 0.07
0 0.824667 0.519333 0.028 0.036
0 0.808333 0.544667 0.064667 0.073333
0 0.729333 0.52 0.086667 0.074667
0 0.659333 0.532 0.061333 0.052
0 0.585333 0.487333 0.081333 0.086667
0 0.659667 0.476667 0.044667 0.045333
2 0.667667 0.953 0.111333 0.094
2 0.33799999999999997 0.969 0.094667 0.062
2 0.23099999999999998 0.966333 0.115333 0.067333
0 0.08133299999999999 0.718333 0.058667 0.064667
0 0.07633299999999998 0.962 0.040667 0.052
0 0.37166699999999997 0.440667 0.07 0.061333
0 0.323333 0.414667 0.033333 0.038667
0 0.35866699999999996 0.303333 0.057333 0.052
0 0.396 0.377333 0.038667 0.04
0 0.27333300000000005 0.333667 0.037333 0.043333
0 0.21466700000000005 0.429333 0.094667 0.085333
0 0.12866699999999998 0.278 0.257333 0.281333
