2 0.927667 0.085333 0.114 0.094667
2 0.887667 0.187667 0.126 0.092667
2 0.862333 0.268667 0.116667 0.108
2 0.8200000000000001 0.112667 0.098667 0.098667
3 0.742667 0.107667 0.056 0.066
2 0.761333 0.257667 0.106667 0.122
2 0.675 0.273 0.084667 0.088667
2 0.691333 0.188667 0.08 0.070667
2 0.657 0.105333 0.118 0.096
3 0.623667 0.2 0.079333 0.098667
3 0.562333 0.177 0.080667 0.083333
3 0.5609999999999999 0.061 0.114 0.11
3 0.470333 0.049 0.080667 0.083333
2 0.592667 0.298 0.074667 0.097333
2 0.540333 0.269333 0.084667 0.109333
3 0.49066699999999996 0.304333 0.070667 0.084667
3 0.488 0.144 0.096 0.136
2 0.397 0.059 0.080667 0.094
2 0.394 0.152667 0.094667 0.101333
3 0.42100000000000004 0.229333 0.076667 0.068
2 0.41433299999999995 0.293667 0.082 0.075333
2 0.320333 0.239667 0.119333 0.119333
2 0.31566700000000003 0.152667 0.056667 0.073333
2 0.32466700000000004 0.072333 0.061333 0.071333
2 0.23966699999999996 0.153 0.086 0.079333
2 0.24466699999999997 0.07 0.098667 0.097333
3 0.16700000000000004 0.082333 0.062 0.083333
2 0.119 0.108333 0.083333 0.120667
3 0.14100000000000001 0.183333 0.086 0.057333
3 0.209333 0.232667 0.082667 0.089333
2 0.11833300000000002 0.236667 0.087333 0.064
2 0.10366699999999995 0.305667 0.05 0.056667
2 0.17200000000000004 0.333333 0.105333 0.126667
2 0.27033300000000005 0.337 0.116667 0.122
2 0.28633299999999995 0.435333 0.087333 0.110667
2 0.353333 0.457667 0.098667 0.142
2 0.44099999999999995 0.371667 0.119333 0.088667
2 0.521 0.398667 0.092667 0.098667
2 0.45466700000000004 0.457667 0.101333 0.099333
2 0.650333 0.384 0.162 0.144
2 0.782333 0.381333 0.092667 0.089333
2 0.740333 0.472333 0.118 0.118
2 0.865667 0.473 0.126 0.108667
2 0.892667 0.382667 0.122667 0.113333
2 0.906 0.579667 0.109333 0.088667
2 0.907333 0.679333 0.134667 0.109333
2 0.927333 0.774333 0.136 0.108667
2 0.873333 0.915333 0.108 0.090667
2 0.756 0.820333 0.124 0.119333
2 0.7853330000000001 0.924 0.098667 0.1
2 0.796 0.638 0.157333 0.205333
2 0.660667 0.548 0.113333 0.113333
2 0.673333 0.633333 0.102667 0.098667
2 0.6906669999999999 0.727 0.062667 0.072667
2 0.63 0.725667 0.072 0.075333
2 0.640667 0.884 0.090667 0.092
2 0.587 0.805333 0.111333 0.104
2 0.537667 0.719667 0.126 0.11
3 0.49766699999999997 0.797 0.079333 0.084667
2 0.51 0.884 0.090667 0.094667
2 0.585 0.619333 0.098 0.098667
2 0.501333 0.594333 0.1 0.115333
2 0.553667 0.513 0.15 0.122
2 0.392 0.588667 0.134667 0.137333
2 0.23366699999999996 0.478667 0.123333 0.128
2 0.123 0.495333 0.116667 0.138667
2 0.246 0.568 0.106667 0.101333
2 0.17300000000000004 0.58 0.05 0.044
2 0.19766700000000004 0.649333 0.074 0.074667
2 0.11833300000000002 0.649333 0.095333 0.113333
2 0.206333 0.742333 0.086 0.096667
2 0.12533300000000003 0.735333 0.098667 0.077333
3 0.123 0.827333 0.119333 0.102667
2 0.22666699999999995 0.831333 0.114667 0.094667
2 0.44066700000000003 0.688667 0.137333 0.098667
2 0.841 0.814 0.047333 0.057333
2 0.503667 0.956333 0.055333 0.047333
2 0.438333 0.941667 0.083333 0.076667
3 0.43966700000000003 0.871667 0.078 0.078
2 0.373333 0.85 0.074667 0.093333
2 0.43033299999999997 0.789667 0.083333 0.096667
3 0.361 0.763333 0.080667 0.1
3 0.30900000000000005 0.926333 0.116667 0.115333
3 0.22266699999999995 0.910333 0.068 0.072667
3 0.14900000000000002 0.916 0.092667 0.074667
2 0.29400000000000004 0.679 0.128 0.143333
2 0.966 0.182 0.066667 0.114667
2 0.780667 0.036 0.138667 0.070667
0 0.640333 0.484333 0.072667 0.052667
0 0.7236670000000001 0.339 0.048667 0.044667
3 0.051000000000000045 0.125333 0.062 0.090667
2 0.038000000000000034 0.254 0.076 0.090667
2 0.043332999999999955 0.354333 0.086667 0.122
0 0.11099999999999999 0.397667 0.039333 0.042
0 0.309667 0.847333 0.054 0.049333
0 0.554667 0.966667 0.056 0.061333
0 0.5613330000000001 0.896333 0.042667 0.063333
2 0.37933300000000003 0.922667 0.048 0.050667
