2 0.9299999999999999 0.899 0.097333 0.115333
2 0.955333 0.967333 0.088 0.064
2 0.846 0.94 0.138667 0.118667
0 0.734333 0.794333 0.034 0.039333
0 0.574333 0.967 0.039333 0.040667
0 0.371333 0.971667 0.054667 0.051333
0 0.249 0.775 0.048667 0.051333
0 0.447333 0.681333 0.044 0.045333
0 0.373 0.683333 0.047333 0.049333
0 0.5720000000000001 0.622 0.049333 0.054667
0 0.665667 0.5720000000000001 0.05 0.048
0 0.687667 0.544333 0.058 0.054
0 0.625 0.5840000000000001 0.047333 0.050667
0 0.670667 0.616 0.038667 0.042667
0 0.925 0.44299999999999995 0.060667 0.054
0 0.956 0.41233299999999995 0.045333 0.05
0 0.865333 0.419667 0.066667 0.059333
0 0.536333 0.508667 0.034 0.033333
0 0.933333 0.374333 0.048 0.042
0 0.881333 0.33666700000000005 0.066667 0.072
0 0.846333 0.47966699999999995 0.048667 0.056667
0 0.765 0.518667 0.038 0.04
0 0.398667 0.5263329999999999 0.037333 0.042
0 0.373 0.538333 0.031333 0.040667
0 0.338333 0.5143329999999999 0.040667 0.042
0 0.31699999999999995 0.480333 0.034 0.036667
0 0.34199999999999997 0.44366700000000003 0.049333 0.042
0 0.648333 0.354 0.118 0.104
0 0.764333 0.24133300000000002 0.292667 0.224
0 0.5876669999999999 0.22466699999999995 0.056667 0.078667
0 0.547667 0.17833299999999996 0.063333 0.066
0 0.379 0.26 0.158 0.166667
0 0.44999999999999996 0.17800000000000005 0.154667 0.18
0 0.37066699999999997 0.369 0.12 0.083333
0 0.638 0.08966700000000005 0.108 0.160667
0 0.381667 0.05300000000000005 0.084667 0.099333
0 0.146667 0.143667 0.178667 0.204667
0 0.26 0.23966699999999996 0.138667 0.172667
0 0.10866699999999996 0.330333 0.217333 0.226
0 0.17000000000000004 0.597333 0.070667 0.061333
0 0.06233299999999997 0.577333 0.063333 0.061333
0 0.13266699999999998 0.637667 0.041333 0.048667
0 0.08199999999999996 0.691667 0.044 0.046
0 0.03633299999999995 0.7090000000000001 0.040667 0.038
0 0.13266699999999998 0.738667 0.056 0.049333
0 0.09599999999999997 0.764667 0.084 0.070667
0 0.17233299999999996 0.804667 0.095333 0.118667
0 0.05266700000000002 0.841 0.066667 0.062
