2 0.920333 0.915333 0.102 0.093333
2 0.704 0.951 0.101333 0.088667
2 0.45466700000000004 0.825333 0.161333 0.148
3 0.340333 0.817 0.082 0.09
2 0.17700000000000005 0.845333 0.096667 0.089333
2 0.15700000000000003 0.728333 0.082 0.082
2 0.369 0.717667 0.086 0.080667
2 0.481333 0.7046669999999999 0.102667 0.096
2 0.5916669999999999 0.669333 0.115333 0.149333
2 0.911333 0.664667 0.137333 0.102667
2 0.393 0.623333 0.135333 0.110667
2 0.259 0.6273329999999999 0.136667 0.133333
2 0.484 0.517 0.125333 0.154
2 0.360333 0.506667 0.13 0.125333
3 0.24833300000000003 0.507 0.054 0.054
2 0.15600000000000003 0.526667 0.105333 0.096
2 0.04466700000000001 0.44899999999999995 0.089333 0.100667
3 0.04033299999999995 0.546333 0.059333 0.056667
2 0.14600000000000002 0.42333299999999996 0.106667 0.094667
2 0.153667 0.23099999999999998 0.174 0.184667
2 0.12266699999999997 0.093333 0.128 0.106667
2 0.375333 0.30933299999999997 0.133333 0.141333
2 0.49366699999999997 0.28700000000000003 0.116667 0.178
2 0.449333 0.18433299999999997 0.122667 0.132667
3 0.352333 0.20199999999999996 0.079333 0.076
2 0.31966700000000003 0.08033299999999999 0.148667 0.159333
2 0.881 0.5656669999999999 0.172667 0.148667
2 0.891333 0.44266700000000003 0.216 0.144
3 0.8376669999999999 0.348333 0.115333 0.091333
2 0.7783329999999999 0.24466699999999997 0.15 0.176
2 0.935667 0.224333 0.114 0.116667
3 0.845333 0.11599999999999999 0.138667 0.133333
3 0.716 0.142667 0.064 0.072
3 0.607333 0.14233300000000004 0.106667 0.095333
2 0.561667 0.799333 0.052667 0.066667
0 0.926333 0.757667 0.048667 0.064667
0 0.972667 0.723333 0.053333 0.068
0 0.6583330000000001 0.808 0.036667 0.042667
0 0.614333 0.832667 0.078 0.069333
0 0.605333 0.5796669999999999 0.046667 0.039333
0 0.556667 0.513333 0.038667 0.053333
0 0.7833330000000001 0.5369999999999999 0.032 0.044667
2 0.623333 0.42100000000000004 0.06 0.068667
0 0.9666669999999999 0.32299999999999995 0.049333 0.056667
0 0.522 0.45366700000000004 0.054667 0.048667
0 0.49866699999999997 0.40700000000000003 0.045333 0.056667
0 0.6783330000000001 0.31999999999999995 0.048667 0.046667
2 0.667 0.241 0.106 0.123333
2 0.583 0.26633300000000004 0.099333 0.13
0 0.556333 0.18333299999999997 0.056667 0.064
2 0.671 0.06633299999999998 0.127333 0.132667
2 0.5613330000000001 0.06233299999999997 0.130667 0.124667
3 0.43799999999999994 0.028666999999999998 0.085333 0.057333
0 0.39733300000000005 0.11866699999999997 0.082667 0.084
0 0.43200000000000005 0.06966700000000003 0.045333 0.052667
0 0.206333 0.09666699999999995 0.095333 0.105333
2 0.047667000000000015 0.22799999999999998 0.072667 0.117333
0 0.10499999999999998 0.330333 0.054 0.060667
0 0.27233300000000005 0.280667 0.094 0.117333
0 0.248 0.329333 0.054667 0.052
0 0.24433300000000002 0.455333 0.047333 0.048
