2 0.731333 0.911333 0.110667 0.137333
2 0.614333 0.927333 0.15 0.141333
2 0.497 0.903667 0.084667 0.094
2 0.361 0.899 0.187333 0.19
2 0.604333 0.800333 0.143333 0.143333
2 0.475 0.786333 0.11 0.143333
2 0.813 0.827333 0.083333 0.077333
2 0.772667 0.7126669999999999 0.164 0.165333
2 0.885667 0.621333 0.114 0.126667
2 0.790333 0.601 0.087333 0.100667
2 0.716 0.5800000000000001 0.105333 0.105333
2 0.634667 0.699667 0.145333 0.163333
2 0.622333 0.5836669999999999 0.09 0.087333
2 0.5223329999999999 0.603 0.151333 0.192667
2 0.395667 0.615667 0.112667 0.156667
2 0.28900000000000003 0.722333 0.220667 0.151333
2 0.285667 0.5776669999999999 0.119333 0.15
2 0.169667 0.596 0.120667 0.162667
2 0.06866700000000003 0.5876669999999999 0.089333 0.176667
2 0.17500000000000004 0.43500000000000005 0.174 0.164667
2 0.08066700000000004 0.36466699999999996 0.134667 0.138667
2 0.302667 0.46699999999999997 0.090667 0.095333
2 0.405667 0.46699999999999997 0.146 0.148667
2 0.5856669999999999 0.47366699999999995 0.15 0.120667
2 0.705333 0.47466699999999995 0.096 0.108
2 0.8180000000000001 0.49266699999999997 0.124 0.116
2 0.8396669999999999 0.36566699999999996 0.160667 0.128667
2 0.710333 0.373333 0.096667 0.097333
2 0.527 0.361333 0.191333 0.16
2 0.619333 0.271 0.132 0.126
2 0.406 0.279667 0.138667 0.146
2 0.29300000000000004 0.258 0.102 0.141333
2 0.169667 0.28800000000000003 0.151333 0.170667
2 0.794333 0.24 0.120667 0.125333
2 0.911 0.23099999999999998 0.126 0.154
2 0.869333 0.11699999999999999 0.165333 0.104667
2 0.6583330000000001 0.10533300000000001 0.084667 0.1
2 0.552 0.11699999999999999 0.128 0.146
2 0.47066699999999995 0.18100000000000005 0.157333 0.166
2 0.322333 0.10933300000000001 0.120667 0.141333
2 0.210333 0.16833299999999995 0.119333 0.118
2 0.09166700000000005 0.13733300000000004 0.123333 0.136
2 0.825 0.9299999999999999 0.132667 0.138667
2 0.915667 0.854333 0.167333 0.180667
2 0.722 0.802 0.085333 0.086667
3 0.872333 0.718333 0.067333 0.063333
2 0.522 0.6950000000000001 0.088 0.083333
2 0.9646669999999999 0.631667 0.069333 0.164667
2 0.935333 0.478 0.128 0.185333
2 0.963333 0.29300000000000004 0.072 0.138
0 0.744667 0.16300000000000003 0.064 0.048667
0 0.741 0.119 0.056667 0.043333
2 0.959667 0.08599999999999997 0.079333 0.138667
2 0.413667 0.05366700000000002 0.128667 0.107333
2 0.31299999999999994 0.023333000000000048 0.072667 0.046667
2 0.18233299999999997 0.054332999999999965 0.167333 0.108667
0 0.22366699999999995 0.857667 0.040667 0.048667
0 0.24933300000000003 0.914 0.033333 0.045333
