2 0.914667 0.927667 0.094667 0.114
2 0.812333 0.887667 0.092667 0.126
2 0.731333 0.862333 0.108 0.116667
2 0.887333 0.8200000000000001 0.098667 0.098667
3 0.892333 0.742667 0.066 0.056
2 0.742333 0.761333 0.122 0.106667
2 0.727 0.675 0.088667 0.084667
2 0.811333 0.691333 0.070667 0.08
2 0.894667 0.657 0.096 0.118
3 0.8 0.623667 0.098667 0.079333
3 0.823 0.562333 0.083333 0.080667
3 0.9390000000000001 0.5609999999999999 0.11 0.114
3 0.951 0.470333 0.083333 0.080667
2 0.702 0.592667 0.097333 0.074667
2 0.730667 0.540333 0.109333 0.084667
3 0.695667 0.49066699999999996 0.084667 0.070667
3 0.856 0.488 0.136 0.096
2 0.9410000000000001 0.397 0.094 0.080667
2 0.847333 0.394 0.101333 0.094667
3 0.770667 0.42100000000000004 0.068 0.076667
2 0.706333 0.41433299999999995 0.075333 0.082
2 0.760333 0.320333 0.119333 0.119333
2 0.847333 0.31566700000000003 0.073333 0.056667
2 0.927667 0.32466700000000004 0.071333 0.061333
2 0.847 0.23966699999999996 0.079333 0.086
2 0.9299999999999999 0.24466699999999997 0.097333 0.098667
3 0.917667 0.16700000000000004 0.083333 0.062
2 0.891667 0.119 0.120667 0.083333
3 0.816667 0.14100000000000001 0.057333 0.086
3 0.767333 0.209333 0.089333 0.082667
2 0.763333 0.11833300000000002 0.064 0.087333
2 0.694333 0.10366699999999995 0.056667 0.05
2 0.666667 0.17200000000000004 0.126667 0.105333
2 0.663 0.27033300000000005 0.122 0.116667
2 0.564667 0.28633299999999995 0.110667 0.087333
2 0.542333 0.353333 0.142 0.098667
2 0.628333 0.44099999999999995 0.088667 0.119333
2 0.601333 0.521 0.098667 0.092667
2 0.542333 0.45466700000000004 0.099333 0.101333
2 0.616 0.650333 0.144 0.162
2 0.6186670000000001 0.782333 0.089333 0.092667
2 0.527667 0.740333 0.118 0.118
2 0.527 0.865667 0.108667 0.126
2 0.617333 0.892667 0.113333 0.122667
2 0.42033299999999996 0.906 0.088667 0.109333
2 0.32066700000000004 0.907333 0.109333 0.134667
2 0.22566699999999995 0.927333 0.108667 0.136
2 0.08466700000000005 0.873333 0.090667 0.108
2 0.17966700000000002 0.756 0.119333 0.124
2 0.07599999999999996 0.7853330000000001 0.1 0.098667
2 0.362 0.796 0.205333 0.157333
2 0.45199999999999996 0.660667 0.113333 0.113333
2 0.36666699999999997 0.673333 0.098667 0.102667
2 0.273 0.6906669999999999 0.072667 0.062667
2 0.27433300000000005 0.63 0.075333 0.072
2 0.11599999999999999 0.640667 0.092 0.090667
2 0.19466700000000003 0.587 0.104 0.111333
2 0.28033300000000005 0.537667 0.11 0.126
3 0.20299999999999996 0.49766699999999997 0.084667 0.079333
2 0.11599999999999999 0.51 0.094667 0.090667
2 0.380667 0.585 0.098667 0.098
2 0.405667 0.501333 0.115333 0.1
2 0.487 0.553667 0.122 0.15
2 0.41133299999999995 0.392 0.137333 0.134667
2 0.521333 0.23366699999999996 0.128 0.123333
2 0.504667 0.123 0.138667 0.116667
2 0.43200000000000005 0.246 0.101333 0.106667
2 0.42000000000000004 0.17300000000000004 0.044 0.05
2 0.35066699999999995 0.19766700000000004 0.074667 0.074
2 0.35066699999999995 0.11833300000000002 0.113333 0.095333
2 0.257667 0.206333 0.096667 0.086
2 0.264667 0.12533300000000003 0.077333 0.098667
3 0.17266700000000001 0.123 0.102667 0.119333
2 0.168667 0.22666699999999995 0.094667 0.114667
2 0.31133299999999997 0.44066700000000003 0.098667 0.137333
2 0.18600000000000005 0.841 0.057333 0.047333
2 0.04366700000000001 0.503667 0.047333 0.055333
2 0.05833299999999997 0.438333 0.076667 0.083333
3 0.12833300000000003 0.43966700000000003 0.078 0.078
2 0.15000000000000002 0.373333 0.093333 0.074667
2 0.210333 0.43033299999999997 0.096667 0.083333
3 0.23666699999999996 0.361 0.1 0.080667
3 0.07366700000000004 0.30900000000000005 0.115333 0.116667
3 0.08966700000000005 0.22266699999999995 0.072667 0.068
3 0.08399999999999996 0.14900000000000002 0.074667 0.092667
2 0.32099999999999995 0.29400000000000004 0.143333 0.128
2 0.8180000000000001 0.966 0.114667 0.066667
2 0.964 0.780667 0.070667 0.138667
0 0.515667 0.640333 0.052667 0.072667
0 0.661 0.7236670000000001 0.044667 0.048667
3 0.874667 0.051000000000000045 0.090667 0.062
2 0.746 0.038000000000000034 0.090667 0.076
2 0.645667 0.043332999999999955 0.122 0.086667
0 0.602333 0.11099999999999999 0.042 0.039333
0 0.152667 0.309667 0.049333 0.054
0 0.033332999999999946 0.554667 0.061333 0.056
0 0.10366699999999995 0.5613330000000001 0.063333 0.042667
2 0.07733299999999999 0.37933300000000003 0.050667 0.048
