2 0.49566699999999997 0.052 0.156667 0.1
2 0.42500000000000004 0.162 0.195333 0.165333
1 0.314333 0.232333 0.114 0.124667
1 0.154667 0.036667 0.088 0.072
2 0.40333300000000005 0.284667 0.064 0.062667
2 0.373 0.353667 0.124667 0.09
2 0.373 0.458 0.191333 0.152
2 0.206333 0.479 0.147333 0.151333
2 0.07466700000000004 0.335333 0.134667 0.133333
1 0.061000000000000054 0.555 0.104667 0.112667
2 0.326333 0.651667 0.107333 0.116667
2 0.21999999999999997 0.64 0.105333 0.118667
2 0.23399999999999999 0.728333 0.094667 0.080667
2 0.09299999999999997 0.643333 0.148667 0.133333
2 0.134 0.732333 0.077333 0.091333
2 0.20566700000000004 0.816 0.143333 0.1
2 0.216333 0.919 0.182 0.154
2 0.796667 0.899667 0.164 0.131333
2 0.802333 0.615667 0.114 0.111333
2 0.838333 0.492667 0.091333 0.104
2 0.927 0.519667 0.094 0.088667
2 0.94 0.410667 0.098667 0.124
2 0.826333 0.396 0.135333 0.097333
2 0.861333 0.290667 0.134667 0.117333
2 0.8993329999999999 0.176 0.110667 0.098667
2 0.909667 0.071333 0.146 0.110667
3 0.971 0.129667 0.056667 0.102
0 0.802667 0.191667 0.144 0.112667
0 0.729333 0.497667 0.134667 0.144667
0 0.741 0.731333 0.15 0.138667
0 0.874 0.774667 0.110667 0.118667
1 0.945 0.758333 0.108667 0.163333
2 0.04166700000000001 0.916667 0.083333 0.102667
0 0.304667 0.777667 0.070667 0.086
1 0.051000000000000045 0.749333 0.102 0.16
2 0.07266700000000004 0.449667 0.145333 0.114
2 0.320333 0.541667 0.071333 0.079333
0 0.233333 0.329667 0.190667 0.182
0 0.13033300000000003 0.182333 0.247333 0.234
1 0.28800000000000003 0.059333 0.054667 0.046667
