2 0.48 0.394 0.136 0.14
2 0.610333 0.522 0.136667 0.137333
2 0.484 0.518333 0.122667 0.111333
2 0.27833300000000005 0.442667 0.111333 0.121333
3 0.17300000000000004 0.454 0.108667 0.129333
0 0.06366700000000003 0.456667 0.115333 0.132
0 0.38833300000000004 0.572667 0.078 0.097333
0 0.31666700000000003 0.556 0.081333 0.1
2 0.22099999999999997 0.562333 0.11 0.092667
3 0.07066700000000004 0.573333 0.129333 0.114667
2 0.6226670000000001 0.653333 0.130667 0.133333
2 0.485333 0.623333 0.133333 0.098667
2 0.49166699999999997 0.726667 0.146 0.122667
2 0.360333 0.780333 0.096667 0.104667
3 0.23666699999999996 0.694 0.108 0.14
3 0.16033299999999995 0.705333 0.052667 0.093333
2 0.09099999999999997 0.791667 0.144667 0.151333
2 0.170667 0.859667 0.137333 0.146
2 0.654333 0.848333 0.151333 0.159333
3 0.609 0.747 0.080667 0.074
3 0.514667 0.855333 0.138667 0.173333
2 0.33299999999999996 0.906 0.143333 0.158667
0 0.484333 0.103333 0.087333 0.092
0 0.288667 0.051667 0.110667 0.102
0 0.46399999999999997 0.034333 0.138667 0.067333
0 0.34266700000000005 0.151333 0.121333 0.097333
0 0.381 0.239333 0.115333 0.130667
0 0.323333 0.697 0.08 0.086
2 0.42833299999999996 0.873 0.067333 0.080667
2 0.43133299999999997 0.950333 0.141333 0.099333
2 0.665667 0.955 0.120667 0.09
2 0.23633300000000002 0.919 0.071333 0.106
2 0.15333300000000005 0.974667 0.068 0.050667
2 0.06399999999999995 0.930667 0.101333 0.118667
2 0.10799999999999998 0.664333 0.085333 0.083333
0 0.165667 0.137 0.063333 0.07
0 0.098333 0.02 0.031333 0.034667
