3 0.870667 0.112333 0.094667 0.118
3 0.942333 0.056 0.083333 0.102667
3 0.9053329999999999 0.23 0.097333 0.122667
2 0.909333 0.311667 0.086667 0.080667
3 0.799667 0.190333 0.136667 0.11
3 0.764333 0.111667 0.123333 0.124667
3 0.6719999999999999 0.137333 0.064 0.06
3 0.740667 0.284667 0.096 0.093333
3 0.7703329999999999 0.358333 0.114 0.095333
3 0.951 0.431333 0.094 0.1
3 0.867667 0.417333 0.080667 0.092
3 0.802333 0.427667 0.072667 0.076667
2 0.868 0.509333 0.1 0.102667
2 0.751 0.514333 0.108667 0.116667
2 0.5780000000000001 0.077 0.104 0.116667
2 0.620333 0.176667 0.116667 0.096
2 0.636667 0.251333 0.062667 0.054667
2 0.570333 0.266 0.083333 0.108
2 0.642 0.322 0.126667 0.098667
2 0.686667 0.410333 0.132 0.122
2 0.661333 0.575667 0.096 0.078
2 0.651 0.496 0.096667 0.093333
2 0.5740000000000001 0.495 0.093333 0.111333
3 0.532333 0.381667 0.128667 0.118
3 0.499333 0.095 0.097333 0.124667
3 0.43799999999999994 0.138667 0.068 0.070667
3 0.485 0.226333 0.098 0.11
2 0.505 0.298667 0.083333 0.068
2 0.39733300000000005 0.263 0.098667 0.119333
3 0.38 0.171667 0.092 0.083333
3 0.36566699999999996 0.081333 0.104667 0.128
3 0.29600000000000004 0.127 0.106667 0.114
2 0.20499999999999996 0.152 0.080667 0.108
3 0.18999999999999995 0.053667 0.102667 0.091333
3 0.10766699999999996 0.081 0.086 0.086
3 0.12533300000000003 0.160333 0.090667 0.106
3 0.05800000000000005 0.196667 0.086667 0.122667
2 0.06833299999999998 0.376333 0.107333 0.128667
2 0.17933299999999996 0.392333 0.101333 0.078
2 0.19033299999999997 0.475667 0.112667 0.083333
2 0.244 0.538667 0.072 0.062667
2 0.23399999999999999 0.616667 0.133333 0.085333
2 0.30300000000000005 0.656 0.062 0.066667
2 0.358 0.594 0.056 0.064
2 0.302667 0.576333 0.064 0.056667
2 0.32066700000000004 0.522333 0.064 0.054
2 0.31299999999999994 0.449333 0.076667 0.089333
2 0.385667 0.448667 0.060667 0.076
2 0.465333 0.449333 0.104 0.125333
3 0.501667 0.543333 0.11 0.132
2 0.410667 0.546667 0.066667 0.061333
3 0.43700000000000006 0.629 0.108667 0.084667
3 0.369 0.669 0.075333 0.083333
2 0.338333 0.743333 0.075333 0.068
3 0.41133299999999995 0.755667 0.076 0.079333
3 0.471333 0.692333 0.104 0.114
3 0.501 0.770333 0.075333 0.058
3 0.43500000000000005 0.831 0.098 0.083333
3 0.455333 0.903333 0.092 0.072
2 0.556 0.682 0.101333 0.112
2 0.585333 0.784 0.101333 0.097333
3 0.5533330000000001 0.860333 0.096 0.086
3 0.567 0.934667 0.084667 0.065333
3 0.642667 0.872 0.082667 0.104
3 0.6599999999999999 0.944333 0.090667 0.074
3 0.683667 0.764667 0.084667 0.1
2 0.729333 0.682667 0.134667 0.094667
2 0.933667 0.676333 0.102 0.115333
2 0.903667 0.803333 0.119333 0.102667
2 0.929333 0.886 0.090667 0.070667
2 0.819333 0.741667 0.069333 0.087333
2 0.863 0.717333 0.051333 0.064
3 0.761333 0.776333 0.065333 0.076667
3 0.786333 0.839 0.076667 0.09
3 0.849 0.855 0.062 0.080667
3 0.810667 0.909667 0.074667 0.059333
3 0.753 0.948333 0.09 0.084667
3 0.726 0.866667 0.077333 0.088
3 0.901 0.955 0.083333 0.080667
3 0.951333 0.127 0.096 0.087333
2 0.827333 0.04 0.133333 0.078667
2 0.723 0.056 0.095333 0.098667
2 0.655667 0.048667 0.091333 0.096
2 0.396667 0.036 0.093333 0.070667
2 0.272667 0.038 0.089333 0.058667
0 0.278 0.294333 0.201333 0.219333
2 0.03600000000000003 0.070667 0.072 0.125333
2 0.03433299999999995 0.289 0.068667 0.063333
1 0.12766699999999997 0.503333 0.058 0.085333
0 0.12533300000000003 0.612 0.052 0.049333
0 0.05500000000000005 0.807667 0.11 0.087333
0 0.20133299999999998 0.887 0.050667 0.039333
0 0.211333 0.943667 0.054667 0.060667
3 0.8296669999999999 0.970333 0.071333 0.059333
