2 0.880667 0.066333 0.134667 0.131333
2 0.746667 0.061667 0.136 0.119333
2 0.839 0.178333 0.126 0.15
2 0.747333 0.179667 0.109333 0.147333
2 0.6719999999999999 0.254667 0.101333 0.092
2 0.643 0.153333 0.11 0.1
2 0.642333 0.067 0.088667 0.080667
2 0.520667 0.062333 0.109333 0.11
2 0.333333 0.143333 0.114667 0.110667
2 0.12766699999999997 0.068333 0.059333 0.060667
3 0.06733299999999998 0.129667 0.082667 0.080667
2 0.255667 0.255333 0.09 0.154667
3 0.157667 0.247 0.083333 0.095333
2 0.08399999999999996 0.352333 0.149333 0.118
3 0.20266700000000004 0.365 0.090667 0.079333
2 0.29433299999999996 0.368 0.079333 0.098667
2 0.365 0.258 0.118 0.142667
2 0.49666699999999997 0.251 0.138667 0.140667
2 0.382 0.381 0.101333 0.108667
2 0.48166699999999996 0.383667 0.118 0.127333
2 0.5800000000000001 0.376667 0.125333 0.164
2 0.692333 0.373333 0.134 0.148
2 0.782667 0.29 0.108 0.101333
2 0.86 0.363333 0.168 0.170667
2 0.906 0.488667 0.161333 0.132
2 0.725 0.464333 0.115333 0.096667
3 0.550667 0.468333 0.061333 0.052667
2 0.892667 0.572667 0.066667 0.064
2 0.72 0.594333 0.144 0.154
2 0.611 0.578 0.092667 0.138667
2 0.507667 0.571 0.136667 0.15
2 0.432667 0.551667 0.058667 0.080667
2 0.345 0.543333 0.119333 0.122667
2 0.24533300000000002 0.481 0.138667 0.124667
2 0.06233299999999997 0.462333 0.115333 0.112667
2 0.10766699999999996 0.583667 0.155333 0.172667
2 0.22566699999999995 0.569667 0.099333 0.083333
2 0.907667 0.678667 0.124667 0.129333
2 0.812 0.664333 0.138667 0.163333
2 0.8280000000000001 0.794667 0.137333 0.108
2 0.950667 0.874 0.094667 0.074667
2 0.946 0.788 0.101333 0.105333
2 0.705667 0.771 0.115333 0.116667
2 0.762333 0.877333 0.11 0.096
2 0.647667 0.865667 0.083333 0.078
2 0.587 0.832333 0.055333 0.07
2 0.517333 0.858 0.105333 0.101333
2 0.507 0.760667 0.112667 0.109333
2 0.43333299999999997 0.761 0.096 0.082
2 0.440333 0.678 0.126 0.105333
2 0.346 0.656 0.073333 0.086667
2 0.326333 0.760333 0.095333 0.111333
2 0.20566700000000004 0.783667 0.159333 0.142
2 0.11033300000000001 0.767 0.083333 0.086
2 0.32066700000000004 0.91 0.129333 0.125333
2 0.20066700000000004 0.919 0.150667 0.143333
2 0.086333 0.897 0.115333 0.143333
0 0.563333 0.206667 0.045333 0.046667
3 0.302667 0.064333 0.038667 0.039333
3 0.808667 0.468 0.054667 0.061333
3 0.802667 0.575 0.062667 0.068667
2 0.847667 0.854667 0.067333 0.069333
2 0.907333 0.929 0.181333 0.142
2 0.799333 0.957333 0.085333 0.085333
2 0.688333 0.938 0.147333 0.124
2 0.555667 0.935 0.134 0.13
2 0.42733299999999996 0.929667 0.128 0.140667
2 0.23366699999999996 0.657667 0.175333 0.143333
3 0.168667 0.462667 0.057333 0.073333
2 0.050000000000000044 0.219667 0.1 0.142
