2 0.449 0.07399999999999995 0.142 0.136
2 0.637667 0.09999999999999998 0.086 0.134667
2 0.725 0.13333300000000003 0.182 0.196
2 0.895333 0.07799999999999996 0.16 0.129333
2 0.881 0.207333 0.219333 0.197333
2 0.807333 0.34466699999999995 0.130667 0.096
2 0.896 0.516 0.138667 0.130667
2 0.928667 0.42500000000000004 0.104 0.076667
2 0.936333 0.354333 0.119333 0.09
2 0.829667 0.40900000000000003 0.106 0.096667
2 0.724 0.38233300000000003 0.116 0.087333
2 0.774 0.479 0.105333 0.120667
2 0.76 0.596 0.089333 0.098667
1 0.703 0.652667 0.091333 0.101333
1 0.671333 0.548 0.094667 0.108
1 0.674 0.454333 0.116 0.112667
2 0.544 0.9083330000000001 0.201333 0.171333
2 0.811 0.933333 0.079333 0.106667
2 0.694667 0.897333 0.194667 0.190667
1 0.795 0.838 0.144667 0.094667
1 0.787 0.729 0.215333 0.156667
1 0.587667 0.763 0.222 0.152667
1 0.592 0.634 0.130667 0.150667
1 0.542 0.516 0.169333 0.130667
1 0.506667 0.43899999999999995 0.145333 0.146
1 0.621333 0.384667 0.094667 0.109333
2 0.548333 0.33466700000000005 0.112667 0.126667
1 0.462333 0.307667 0.118 0.124667
1 0.481667 0.6066670000000001 0.168667 0.132
1 0.464 0.726667 0.133333 0.168
1 0.359333 0.714 0.093333 0.176
1 0.367667 0.43100000000000005 0.138 0.119333
1 0.358 0.5493330000000001 0.142667 0.141333
1 0.279333 0.609 0.138667 0.134
2 0.245667 0.7356670000000001 0.15 0.147333
2 0.122667 0.6823330000000001 0.166667 0.183333
2 0.085333 0.49166699999999997 0.166667 0.135333
1 0.168333 0.5636669999999999 0.122 0.118
2 0.246667 0.493 0.101333 0.123333
1 0.342667 0.259667 0.132 0.120667
1 0.285333 0.37266699999999997 0.166667 0.166667
2 0.248333 0.23966699999999996 0.118 0.116667
2 0.164333 0.349333 0.139333 0.169333
2 0.085333 0.32466700000000004 0.130667 0.168
2 0.121333 0.152667 0.222667 0.226667
0 0.736 0.264 0.069333 0.058667
0 0.564333 0.07999999999999996 0.119333 0.144
0 0.666667 0.264 0.053333 0.066667
0 0.377667 0.18566700000000003 0.120667 0.108667
0 0.273333 0.13633300000000004 0.125333 0.171333
