2 0.879 0.868 0.123333 0.096
3 0.693667 0.941333 0.042 0.052
3 0.573667 0.868333 0.064667 0.088667
3 0.625667 0.792667 0.103333 0.124
2 0.649333 0.707333 0.066667 0.050667
3 0.761 0.768 0.118 0.134667
3 0.871 0.753667 0.092667 0.11
2 0.907333 0.681667 0.1 0.102
2 0.784667 0.579 0.078667 0.074
2 0.645667 0.613333 0.120667 0.129333
2 0.542333 0.641667 0.103333 0.151333
2 0.469333 0.715 0.098667 0.118
2 0.381333 0.734667 0.086667 0.098667
2 0.302 0.741333 0.074667 0.073333
2 0.258333 0.870667 0.104667 0.098667
2 0.290333 0.948667 0.123333 0.102667
2 0.397333 0.925333 0.098667 0.097333
2 0.500667 0.920333 0.1 0.115333
2 0.463333 0.824 0.092 0.097333
2 0.363 0.843 0.114 0.118
3 0.328 0.656 0.06 0.077333
3 0.238333 0.671 0.119333 0.122
2 0.135333 0.701 0.094667 0.112667
3 0.183333 0.786333 0.101333 0.088667
3 0.100667 0.787333 0.058667 0.065333
3 0.077667 0.544333 0.09 0.076667
3 0.249333 0.587 0.092 0.051333
3 0.268 0.501667 0.121333 0.127333
2 0.346667 0.399 0.089333 0.094
2 0.241667 0.333 0.11 0.107333
2 0.132 0.266333 0.076 0.074
2 0.046333 0.275333 0.086 0.092
2 0.047667 0.361667 0.086 0.083333
2 0.134667 0.347333 0.098667 0.094667
2 0.173 0.421333 0.088667 0.1
2 0.068333 0.446 0.118 0.094667
3 0.146667 0.154 0.061333 0.06
3 0.225 0.215667 0.148667 0.124667
2 0.446333 0.386667 0.111333 0.108
3 0.409667 0.271 0.11 0.122
2 0.505667 0.272667 0.087333 0.097333
2 0.505 0.176333 0.108667 0.118
2 0.420333 0.107333 0.091333 0.1
2 0.596667 0.163667 0.074667 0.104667
2 0.697333 0.109 0.121333 0.119333
2 0.701333 0.215667 0.165333 0.111333
2 0.718333 0.317333 0.148667 0.130667
2 0.847667 0.121 0.114 0.119333
2 0.872667 0.24 0.130667 0.121333
2 0.935333 0.321333 0.108 0.094667
2 0.826333 0.417667 0.115333 0.087333
2 0.08 0.115667 0.056 0.042
3 0.595667 0.260333 0.082 0.083333
2 0.419 0.467 0.047333 0.047333
2 0.542333 0.412333 0.052667 0.054
2 0.650667 0.413 0.046667 0.05
2 0.405667 0.560667 0.048667 0.034667
2 0.711333 0.428333 0.04 0.042
2 0.672333 0.481 0.051333 0.047333
0 0.098333 0.067333 0.071333 0.061333
3 0.035333 0.128333 0.036 0.036667
0 0.087333 0.178 0.077333 0.08
2 0.306 0.086333 0.041333 0.05
2 0.615667 0.053 0.115333 0.104667
2 0.410667 0.194 0.064 0.057333
2 0.330667 0.325667 0.044 0.054
0 0.463 0.596667 0.078 0.085333
0 0.400333 0.635 0.088667 0.096667
2 0.065333 0.696667 0.129333 0.14
0 0.543667 0.784667 0.071333 0.076
0 0.294667 0.812667 0.070667 0.077333
0 0.094333 0.904667 0.111333 0.134667
0 0.176 0.892 0.062667 0.117333
0 0.766 0.851667 0.066667 0.052667
0 0.711 0.878667 0.083333 0.064
2 0.892 0.950667 0.150667 0.098667
0 0.922 0.818333 0.054667 0.054
0 0.750333 0.659 0.102 0.087333
2 0.948 0.591667 0.104 0.112667
2 0.945667 0.399333 0.108667 0.122667
0 0.803 0.328 0.079333 0.097333
