2 0.944 0.791667 0.093333 0.104667
2 0.946667 0.923667 0.106667 0.128667
2 0.825333 0.891 0.136 0.127333
2 0.687333 0.844333 0.16 0.146
2 0.702667 0.707667 0.137333 0.119333
2 0.828 0.769333 0.130667 0.124
2 0.838 0.677 0.074667 0.063333
2 0.843333 0.6026670000000001 0.122667 0.093333
2 0.858667 0.502667 0.125333 0.112
2 0.862667 0.398667 0.128 0.104
2 0.704667 0.500667 0.174667 0.158667
2 0.746667 0.366 0.165333 0.102667
2 0.750333 0.233333 0.183333 0.129333
2 0.766333 0.121 0.184667 0.112667
0 0.133 0.912667 0.095333 0.082667
0 0.35 0.953 0.069333 0.062
0 0.362333 0.490333 0.062 0.074
0 0.436 0.720667 0.065333 0.078667
0 0.504333 0.6739999999999999 0.078 0.090667
2 0.96 0.47466699999999995 0.08 0.109333
2 0.947333 0.5860000000000001 0.105333 0.14
2 0.844667 0.315333 0.074667 0.082667
2 0.948333 0.207333 0.103333 0.113333
2 0.958667 0.10699999999999998 0.082667 0.103333
2 0.775333 0.03700000000000003 0.161333 0.074
0 0.185333 0.30933299999999997 0.094667 0.066667
0 0.208667 0.245 0.110667 0.086
