2 0.098 0.165 0.133333 0.107333
2 0.277667 0.064333 0.107333 0.111333
3 0.412667 0.126667 0.104 0.110667
3 0.512667 0.120667 0.098667 0.132
3 0.605 0.124 0.075333 0.08
3 0.716 0.083667 0.146667 0.147333
2 0.117333 0.265 0.113333 0.084667
3 0.089 0.357333 0.107333 0.092
2 0.232 0.315 0.145333 0.162
2 0.329333 0.252333 0.126667 0.143333
2 0.433333 0.224 0.137333 0.102667
2 0.441 0.32 0.119333 0.108
3 0.559 0.322 0.072667 0.068
3 0.543 0.226 0.092667 0.093333
2 0.632 0.236 0.096 0.137333
2 0.728667 0.212 0.102667 0.106667
3 0.931333 0.174 0.1 0.097333
3 0.920333 0.271333 0.119333 0.125333
2 0.798 0.284667 0.128 0.137333
3 0.354333 0.482333 0.09 0.088667
3 0.461 0.470333 0.107333 0.112667
3 0.571667 0.463333 0.116667 0.101333
3 0.734667 0.536333 0.14 0.147333
3 0.879 0.501 0.154 0.159333
2 0.521 0.569333 0.11 0.104
2 0.088333 0.633667 0.114 0.119333
2 0.212 0.616333 0.169333 0.179333
2 0.182667 0.742667 0.116 0.098667
3 0.262 0.903333 0.074667 0.094667
3 0.401333 0.677 0.078667 0.080667
2 0.597 0.671333 0.120667 0.138667
3 0.808667 0.663667 0.134667 0.143333
3 0.933333 0.719 0.114667 0.11
3 0.926333 0.827667 0.118 0.123333
3 0.816667 0.851667 0.109333 0.108667
3 0.72 0.876 0.108 0.145333
2 0.614667 0.898333 0.113333 0.138
3 0.103667 0.09 0.040667 0.045333
0 0.358667 0.079 0.06 0.075333
3 0.221667 0.160667 0.062 0.065333
0 0.393 0.399 0.036667 0.044667
0 0.318333 0.424 0.067333 0.072
0 0.181333 0.414 0.061333 0.057333
0 0.128667 0.453667 0.082667 0.09
0 0.280667 0.539 0.041333 0.056667
3 0.497667 0.672 0.047333 0.049333
3 0.056333 0.739 0.11 0.071333
2 0.065667 0.928 0.056667 0.066667
1 0.179667 0.904667 0.038 0.045333
1 0.335333 0.820667 0.044 0.052
3 0.499 0.871 0.055333 0.064667
2 0.834333 0.949667 0.106 0.100667
0 0.632 0.782667 0.076 0.084
0 0.684333 0.762333 0.054 0.052667
0 0.806 0.761667 0.068 0.07
0 0.973667 0.490333 0.052667 0.094
2 0.654667 0.436667 0.033333 0.048
2 0.623 0.564333 0.042 0.03
0 0.843667 0.384667 0.091333 0.072
