2 0.27633300000000005 0.11333300000000002 0.128667 0.125333
2 0.15033300000000005 0.10499999999999998 0.083333 0.086
3 0.205333 0.20233299999999999 0.070667 0.058
2 0.28800000000000003 0.28433299999999995 0.136 0.166
2 0.17766700000000002 0.29833299999999996 0.087333 0.119333
2 0.07133299999999998 0.265 0.142667 0.143333
2 0.12066699999999997 0.39833300000000005 0.109333 0.116667
2 0.22899999999999998 0.41200000000000003 0.115333 0.102667
2 0.16233299999999995 0.505333 0.074 0.072
2 0.07333299999999998 0.507333 0.137333 0.145333
3 0.226333 0.613 0.082 0.082
2 0.320333 0.634333 0.086 0.075333
2 0.45499999999999996 0.523 0.116667 0.147333
2 0.348 0.518667 0.102667 0.134667
2 0.25333300000000003 0.512667 0.092 0.109333
2 0.5986670000000001 0.514667 0.196 0.202667
2 0.886 0.5760000000000001 0.129333 0.133333
2 0.772667 0.567 0.097333 0.09
2 0.889667 0.44799999999999995 0.114 0.128
2 0.775 0.45299999999999996 0.148667 0.162
3 0.755667 0.352333 0.079333 0.083333
2 0.941667 0.349 0.084667 0.082
2 0.849333 0.351 0.102667 0.086
2 0.856333 0.253667 0.119333 0.111333
2 0.748 0.24133300000000002 0.122667 0.164
2 0.9033329999999999 0.14 0.105333 0.105333
2 0.7783329999999999 0.133 0.144667 0.124667
2 0.576333 0.11766699999999997 0.143333 0.114
2 0.613333 0.21766700000000005 0.133333 0.136667
2 0.650667 0.34866699999999995 0.174667 0.168
2 0.517333 0.347 0.082667 0.086
2 0.483333 0.21966699999999995 0.134667 0.146
2 0.40833299999999995 0.30400000000000005 0.102 0.138667
2 0.827 0.909333 0.15 0.146667
2 0.838667 0.786333 0.134667 0.112667
2 0.858333 0.6819999999999999 0.092667 0.098667
2 0.742333 0.673667 0.142 0.151333
2 0.657333 0.885667 0.097333 0.096667
2 0.6353329999999999 0.767667 0.141333 0.136667
2 0.6186670000000001 0.6579999999999999 0.105333 0.094667
2 0.731333 0.867667 0.058667 0.078
2 0.521 0.753 0.118 0.126
2 0.501333 0.6453329999999999 0.112 0.092
2 0.15800000000000003 0.7216670000000001 0.101333 0.091333
2 0.259 0.7276670000000001 0.106 0.116667
2 0.07299999999999995 0.931 0.094 0.135333
2 0.36866699999999997 0.752333 0.136 0.144667
2 0.5473330000000001 0.879667 0.098667 0.120667
2 0.44799999999999995 0.881 0.1 0.120667
2 0.94 0.917 0.118667 0.158
2 0.949333 0.792 0.1 0.146667
2 0.943 0.688333 0.111333 0.123333
2 0.368333 0.852 0.09 0.084
2 0.28900000000000003 0.917 0.15 0.163333
3 0.951333 0.262667 0.092 0.130667
0 0.379 0.12766699999999997 0.088667 0.098
0 0.978 0.06699999999999995 0.042667 0.080667
2 0.924 0.052000000000000046 0.126667 0.104
3 0.781667 0.03633299999999995 0.138 0.072667
2 0.05833299999999997 0.16033299999999995 0.116667 0.094
2 0.05466700000000002 0.710333 0.109333 0.13
3 0.06033299999999997 0.819333 0.060667 0.06
2 0.17700000000000005 0.9319999999999999 0.138 0.134667
