2 0.372 0.118667 0.098667 0.097333
3 0.373 0.039333 0.07 0.058667
3 0.185 0.265 0.082 0.064667
2 0.400667 0.240667 0.144 0.116
2 0.643667 0.138667 0.108667 0.106667
2 0.767333 0.157333 0.161333 0.192
2 0.719333 0.270333 0.129333 0.118
2 0.567333 0.304333 0.12 0.122
2 0.661333 0.351 0.098667 0.112667
3 0.769333 0.384333 0.134667 0.115333
2 0.458667 0.34 0.098667 0.112
2 0.578333 0.443667 0.080667 0.078
3 0.286667 0.344 0.138667 0.132
2 0.124333 0.377 0.096667 0.088667
2 0.044333 0.495667 0.082 0.082
2 0.148667 0.476 0.124 0.112
2 0.359667 0.470667 0.079333 0.068
2 0.455 0.454667 0.094 0.077333
2 0.526333 0.547 0.092667 0.095333
2 0.418 0.553 0.124 0.111333
2 0.319667 0.555667 0.09 0.083333
2 0.203 0.596333 0.123333 0.122
2 0.340333 0.665 0.162 0.187333
2 0.484667 0.655333 0.134667 0.134667
2 0.517333 0.741333 0.169333 0.148
2 0.089 0.592 0.104667 0.1
2 0.144667 0.696333 0.162667 0.108667
2 0.134667 0.791333 0.129333 0.112
2 0.323667 0.848333 0.112667 0.135333
2 0.438333 0.84 0.114 0.137333
2 0.563333 0.913667 0.122667 0.151333
2 0.043667 0.060667 0.086 0.105333
0 0.280667 0.150333 0.037333 0.036667
0 0.478 0.181 0.057333 0.052667
0 0.582333 0.051 0.056667 0.068667
0 0.518667 0.222 0.076 0.077333
0 0.243333 0.184 0.032 0.030667
0 0.211 0.188 0.026 0.033333
0 0.118667 0.22 0.044 0.050667
0 0.027 0.268667 0.047333 0.037333
0 0.096667 0.300667 0.101333 0.098667
0 0.189 0.340667 0.082 0.1
0 0.633333 0.415 0.053333 0.048667
0 0.073 0.419 0.048667 0.058
0 0.283 0.489 0.043333 0.05
0 0.571 0.645333 0.039333 0.04
2 0.444667 0.935667 0.142667 0.128667
2 0.306333 0.944333 0.132667 0.111333
0 0.743333 0.834 0.056 0.070667
0 0.717 0.896667 0.042 0.04
0 0.926333 0.687 0.059333 0.07
0 0.761667 0.721 0.054 0.047333
0 0.778667 0.757333 0.029333 0.024
0 0.951 0.481 0.087333 0.082
0 0.962667 0.385333 0.069333 0.08
0 0.935 0.315 0.088667 0.074
0 0.922667 0.219667 0.086667 0.067333
