3 0.155333 0.153667 0.090667 0.080667
3 0.142667 0.05666700000000002 0.101333 0.101333
3 0.152333 0.264667 0.082 0.1
3 0.176333 0.39433300000000004 0.146 0.138
3 0.256667 0.268 0.129333 0.109333
2 0.253667 0.170667 0.123333 0.109333
2 0.248333 0.06999999999999995 0.120667 0.1
2 0.354 0.04566700000000001 0.090667 0.082
2 0.354667 0.12566699999999997 0.094667 0.086
2 0.358667 0.215333 0.086667 0.078667
2 0.451667 0.07266700000000004 0.094 0.1
3 0.460667 0.18700000000000006 0.090667 0.122
2 0.571333 0.271 0.089333 0.09
2 0.576667 0.13866699999999998 0.130667 0.16
2 0.676 0.20599999999999996 0.096 0.128
2 0.762333 0.12766699999999997 0.107333 0.147333
2 0.870667 0.17300000000000004 0.176 0.142
2 0.845667 0.05366700000000002 0.163333 0.107333
2 0.801 0.298667 0.126 0.129333
2 0.691333 0.33599999999999997 0.093333 0.101333
2 0.597667 0.369333 0.094 0.093333
3 0.836333 0.653667 0.108667 0.122
3 0.834 0.5263329999999999 0.130667 0.118
2 0.813 0.405 0.075333 0.086
2 0.918 0.40833299999999995 0.129333 0.118
2 0.945 0.513667 0.083333 0.082
3 0.941333 0.6086670000000001 0.109333 0.1
2 0.925333 0.7130000000000001 0.12 0.080667
3 0.542333 0.938667 0.152667 0.104
3 0.826 0.843 0.070667 0.074
0 0.249 0.638667 0.363333 0.424
0 0.438667 0.38233300000000003 0.401333 0.294
0 0.571 0.64 0.448667 0.456
2 0.584333 0.851 0.123333 0.079333
0 0.633333 0.890333 0.054667 0.056667
0 0.714667 0.841333 0.068 0.076
3 0.927333 0.824667 0.145333 0.136
3 0.823333 0.74 0.092 0.065333
2 0.969667 0.055332999999999966 0.060667 0.098667
3 0.973667 0.159667 0.052667 0.092667
2 0.917333 0.29700000000000004 0.150667 0.123333
0 0.705333 0.05500000000000005 0.08 0.066
2 0.625 0.042332999999999954 0.102 0.084667
2 0.061 0.13833300000000004 0.120667 0.134
2 0.063333 0.27533300000000005 0.125333 0.158667
