3 0.685667 0.671333 0.118 0.138667
3 0.717667 0.541667 0.084667 0.087333
2 0.826 0.844333 0.165333 0.151333
3 0.863 0.699333 0.122 0.108
2 0.807333 0.4 0.153333 0.134667
2 0.908333 0.5223329999999999 0.162 0.178
2 0.924333 0.32599999999999996 0.124667 0.12
2 0.802333 0.08233299999999999 0.120667 0.15
2 0.880333 0.08666700000000005 0.092667 0.122667
2 0.874667 0.18466700000000003 0.081333 0.070667
2 0.467667 0.097333 0.115333 0.132
2 0.571 0.06599999999999995 0.119333 0.110667
2 0.309667 0.13733300000000004 0.087333 0.104
2 0.269667 0.06999999999999995 0.091333 0.089333
2 0.193333 0.09699999999999998 0.072 0.087333
2 0.201 0.18666700000000003 0.120667 0.108
2 0.209333 0.268667 0.065333 0.061333
2 0.145 0.04566700000000001 0.083333 0.082
2 0.291333 0.259 0.090667 0.100667
2 0.09 0.29033299999999995 0.076 0.074
2 0.062333 0.347333 0.051333 0.057333
2 0.280667 0.416667 0.102667 0.109333
3 0.420333 0.46499999999999997 0.076667 0.087333
2 0.352667 0.45399999999999996 0.068 0.101333
2 0.337333 0.358333 0.106667 0.082
2 0.442 0.29833299999999996 0.089333 0.120667
3 0.583 0.26333300000000004 0.095333 0.097333
2 0.521667 0.336333 0.112667 0.118
2 0.375333 0.30500000000000005 0.046667 0.052667
2 0.297667 0.656 0.086 0.069333
2 0.288 0.72 0.066667 0.056
2 0.222667 0.721333 0.061333 0.072
2 0.278333 0.7703329999999999 0.111333 0.067333
2 0.312667 0.823667 0.102667 0.071333
2 0.27 0.971 0.092 0.051333
2 0.282333 0.902667 0.114 0.093333
2 0.212333 0.9123330000000001 0.040667 0.040667
3 0.105 0.863667 0.082 0.084667
2 0.142667 0.942333 0.106667 0.108667
2 0.203 0.848333 0.111333 0.084667
2 0.171333 0.766667 0.097333 0.090667
2 0.177 0.647667 0.114 0.114
2 0.090667 0.665667 0.072 0.083333
2 0.057333 0.613667 0.089333 0.079333
0 0.494 0.542333 0.090667 0.096667
0 0.215333 0.5640000000000001 0.093333 0.084
0 0.133667 0.544 0.084667 0.088
0 0.11 0.47 0.077333 0.057333
0 0.119 0.40800000000000003 0.079333 0.072
0 0.197667 0.473333 0.094 0.076
0 0.178333 0.405 0.060667 0.072667
0 0.312 0.562333 0.109333 0.112667
0 0.129667 0.738667 0.07 0.076
3 0.038333 0.539667 0.072667 0.075333
0 0.372667 0.705333 0.088 0.096
0 0.398 0.827333 0.102667 0.105333
0 0.405 0.921 0.096667 0.09
0 0.477667 0.905 0.07 0.076667
0 0.455667 0.775333 0.078 0.057333
0 0.406 0.534667 0.06 0.052
0 0.433667 0.558333 0.054 0.059333
0 0.466 0.614 0.046667 0.036
0 0.505 0.642667 0.091333 0.086667
0 0.562 0.683333 0.069333 0.045333
0 0.440667 0.384667 0.081333 0.058667
0 0.531333 0.45899999999999996 0.082667 0.083333
0 0.476667 0.442333 0.062667 0.087333
0 0.549667 0.742 0.055333 0.056
0 0.485 0.742667 0.048667 0.053333
0 0.700333 0.935 0.118 0.104667
0 0.631667 0.5449999999999999 0.082 0.07
0 0.654333 0.396 0.075333 0.069333
0 0.637333 0.452333 0.050667 0.039333
0 0.667 0.48166699999999996 0.064667 0.052667
0 0.671 0.328333 0.056667 0.064667
0 0.632 0.27233300000000005 0.042667 0.036667
0 0.762 0.34299999999999997 0.084 0.076667
0 0.955667 0.874 0.058 0.042667
0 0.935333 0.911333 0.046667 0.034667
0 0.956667 0.8200000000000001 0.06 0.061333
2 0.948 0.742667 0.104 0.124
2 0.851667 0.5946670000000001 0.094 0.094667
2 0.949667 0.621 0.086 0.063333
0 0.809667 0.6513329999999999 0.068667 0.046667
0 0.778 0.7086669999999999 0.065333 0.061333
0 0.778 0.581333 0.049333 0.044
0 0.814 0.49166699999999997 0.057333 0.059333
0 0.964667 0.444333 0.070667 0.062
2 0.955 0.12166699999999997 0.09 0.103333
2 0.931333 0.39533300000000005 0.101333 0.069333
0 0.914 0.020000000000000018 0.057333 0.04
0 0.870667 0.247 0.049333 0.044667
0 0.388333 0.20299999999999996 0.043333 0.052667
0 0.525333 0.23366699999999996 0.056 0.056667
0 0.101 0.11399999999999999 0.066 0.078667
0 0.044 0.08499999999999996 0.041333 0.046
0 0.133 0.345 0.078 0.054
2 0.055667 0.243 0.11 0.155333
2 0.034 0.14633300000000005 0.066667 0.080667
