2 0.40433300000000005 0.840667 0.146 0.158667
2 0.26733300000000004 0.841333 0.12 0.148
2 0.15400000000000003 0.852333 0.101333 0.140667
2 0.232333 0.709667 0.158 0.139333
2 0.100333 0.690667 0.107333 0.149333
3 0.07966700000000004 0.805667 0.083333 0.086
2 0.5736669999999999 0.746333 0.138 0.114
2 0.572333 0.855333 0.154 0.124
2 0.926333 0.805 0.126 0.151333
2 0.7783329999999999 0.769 0.160667 0.156667
2 0.788667 0.906333 0.168 0.118
2 0.771 0.646333 0.087333 0.091333
2 0.8140000000000001 0.557333 0.104 0.113333
2 0.891333 0.468333 0.134667 0.119333
2 0.858333 0.286667 0.115333 0.136
2 0.682667 0.449 0.08 0.088667
2 0.704 0.550667 0.101333 0.102667
2 0.616333 0.538667 0.082 0.076
2 0.5640000000000001 0.633333 0.098667 0.098667
2 0.447333 0.649 0.104 0.122
3 0.425667 0.495667 0.122 0.123333
2 0.351333 0.622667 0.081333 0.110667
2 0.25333300000000003 0.59 0.108 0.104
2 0.24733300000000003 0.496667 0.157333 0.101333
2 0.12366699999999997 0.498333 0.09 0.128667
2 0.23266699999999996 0.396667 0.164 0.098667
2 0.10399999999999998 0.383 0.101333 0.102
2 0.28633299999999995 0.296333 0.154 0.119333
2 0.16100000000000003 0.282333 0.104667 0.119333
2 0.09099999999999997 0.181 0.147333 0.094
2 0.166667 0.086 0.158667 0.154667
2 0.28633299999999995 0.112667 0.146 0.197333
2 0.41033299999999995 0.089333 0.111333 0.12
2 0.427667 0.219 0.11 0.120667
2 0.47866699999999995 0.319667 0.097333 0.083333
2 0.754333 0.253 0.082 0.083333
2 0.6313329999999999 0.240667 0.089333 0.094667
2 0.539667 0.099 0.124667 0.155333
2 0.5393330000000001 0.220333 0.072 0.082
2 0.6763330000000001 0.124 0.151333 0.149333
2 0.893667 0.086667 0.142 0.166667
2 0.764 0.059333 0.144 0.117333
2 0.772667 0.169333 0.052 0.065333
0 0.583 0.306 0.088667 0.089333
0 0.7763329999999999 0.426667 0.098 0.122667
0 0.573 0.407333 0.118 0.144
0 0.619333 0.443 0.04 0.056667
0 0.708 0.364667 0.06 0.052
3 0.494 0.393667 0.070667 0.084667
0 0.375 0.308333 0.058 0.082
3 0.92 0.568667 0.042667 0.037333
2 0.954667 0.653333 0.088 0.122667
0 0.699667 0.646667 0.082 0.093333
0 0.6679999999999999 0.726333 0.054667 0.052667
3 0.37266699999999997 0.716 0.098667 0.082667
0 0.486333 0.748333 0.064667 0.060667
0 0.629667 0.677667 0.040667 0.044667
2 0.975667 0.891 0.046 0.067333
3 0.955 0.960667 0.088667 0.078667
0 0.896333 0.894333 0.046 0.038
0 0.6930000000000001 0.877333 0.079333 0.102667
3 0.580333 0.954 0.103333 0.092
2 0.481333 0.946 0.102667 0.108
2 0.362333 0.948333 0.17 0.103333
2 0.23666699999999996 0.945667 0.125333 0.108667
2 0.10699999999999998 0.942 0.163333 0.116
0 0.20033299999999998 0.633667 0.075333 0.074
3 0.15600000000000003 0.589667 0.06 0.066
3 0.08199999999999996 0.583667 0.06 0.066
0 0.353 0.537 0.064667 0.068667
2 0.04566700000000001 0.468 0.091333 0.129333
3 0.030333000000000054 0.358333 0.060667 0.098
2 0.06433299999999997 0.283667 0.100667 0.095333
