2 0.917 0.099333 0.159333 0.161333
2 0.773 0.104 0.119333 0.134667
2 0.827333 0.197333 0.08 0.096
3 0.755 0.303333 0.144667 0.133333
2 0.724 0.21 0.088 0.101333
2 0.6723330000000001 0.091 0.112667 0.142
2 0.5676669999999999 0.111 0.103333 0.120667
2 0.6273329999999999 0.187333 0.061333 0.06
3 0.64 0.266667 0.094667 0.121333
3 0.534333 0.200667 0.114 0.105333
2 0.45999999999999996 0.114 0.096 0.121333
2 0.656333 0.384667 0.088667 0.098667
2 0.5489999999999999 0.313 0.112667 0.122
2 0.45799999999999996 0.329333 0.113333 0.098667
2 0.442333 0.227 0.083333 0.116667
2 0.36366699999999996 0.327 0.083333 0.088667
2 0.34266700000000005 0.221667 0.117333 0.139333
2 0.369333 0.116333 0.086667 0.095333
2 0.285667 0.049333 0.091333 0.089333
2 0.17666700000000002 0.095333 0.081333 0.069333
2 0.21499999999999997 0.165667 0.114 0.116667
2 0.137 0.211667 0.127333 0.124667
3 0.054332999999999965 0.265667 0.087333 0.083333
3 0.09166700000000005 0.352333 0.115333 0.114
3 0.17833299999999996 0.318667 0.087333 0.128
3 0.261 0.262667 0.086 0.101333
3 0.28 0.330667 0.094667 0.062667
2 0.318333 0.414333 0.120667 0.119333
3 0.41000000000000003 0.428 0.081333 0.096
2 0.501 0.391 0.106 0.067333
2 0.5163329999999999 0.471 0.108667 0.112667
2 0.602333 0.428667 0.083333 0.092
3 0.6 0.498 0.093333 0.08
2 0.7086669999999999 0.456333 0.106667 0.108667
2 0.43966700000000003 0.549333 0.111333 0.113333
2 0.46299999999999997 0.635333 0.118 0.074667
2 0.475333 0.694667 0.106667 0.073333
2 0.508 0.765333 0.086667 0.068
3 0.545667 0.839667 0.114 0.088667
3 0.42100000000000004 0.929333 0.087333 0.096
3 0.443333 0.807667 0.088 0.134
3 0.374 0.846333 0.096 0.111333
2 0.37166699999999997 0.615333 0.05 0.052
2 0.34766699999999995 0.557 0.084667 0.087333
3 0.32966700000000004 0.491667 0.11 0.084667
2 0.21566700000000005 0.455667 0.104667 0.120667
2 0.128 0.483667 0.090667 0.115333
2 0.04633299999999996 0.480667 0.082 0.134667
2 0.10166699999999995 0.577 0.079333 0.078
3 0.254667 0.55 0.073333 0.076
2 0.19266700000000003 0.577667 0.089333 0.115333
3 0.16633299999999995 0.69 0.122 0.132
3 0.05366700000000002 0.705667 0.094 0.11
3 0.23866699999999996 0.766667 0.108 0.106667
3 0.30233299999999996 0.688333 0.13 0.108667
3 0.350333 0.756333 0.098 0.094
2 0.392 0.684 0.06 0.064
3 0.28500000000000003 0.865333 0.104667 0.132
3 0.19133299999999998 0.854667 0.094667 0.105333
3 0.131 0.933333 0.092667 0.078667
3 0.11433300000000002 0.848 0.092667 0.125333
3 0.626 0.573667 0.082667 0.092667
2 0.5389999999999999 0.590333 0.087333 0.087333
2 0.558667 0.676333 0.073333 0.082
2 0.596333 0.755667 0.09 0.112667
3 0.665667 0.903667 0.087333 0.119333
3 0.6803330000000001 0.755667 0.114 0.126
2 0.657333 0.666 0.093333 0.1
3 0.7196670000000001 0.556667 0.104667 0.101333
3 0.747 0.65 0.108667 0.124
3 0.762333 0.779667 0.086 0.114
3 0.741333 0.897 0.105333 0.120667
2 0.823333 0.833333 0.102667 0.118667
2 0.852333 0.930667 0.136667 0.090667
2 0.924 0.833333 0.112 0.129333
3 0.881667 0.745333 0.142 0.094667
2 0.876667 0.654667 0.14 0.102667
2 0.853 0.559667 0.143333 0.120667
3 0.909667 0.489667 0.116667 0.078
2 0.928667 0.193 0.117333 0.088667
2 0.941333 0.281 0.116 0.128667
0 0.873333 0.409 0.142667 0.111333
2 0.872 0.319667 0.092 0.074
0 0.765 0.414333 0.067333 0.058
2 0.953667 0.572667 0.091333 0.152
0 0.8160000000000001 0.486333 0.046667 0.038
2 0.310667 0.137 0.093333 0.111333
0 0.21199999999999997 0.383667 0.070667 0.056667
2 0.10099999999999998 0.059 0.112667 0.116667
2 0.049000000000000044 0.172667 0.098 0.108
2 0.29633299999999996 0.610667 0.114 0.062667
0 0.12966699999999998 0.763333 0.052667 0.056
0 0.09366699999999994 0.971667 0.068667 0.056667
2 0.51 0.940333 0.148 0.119333
2 0.610333 0.952667 0.108667 0.094667
