2 0.068 0.753667 0.098667 0.111333
2 0.185667 0.916667 0.156667 0.157333
2 0.33 0.930667 0.132 0.126667
2 0.269333 0.775 0.093333 0.143333
2 0.388667 0.806 0.142667 0.161333
2 0.356 0.6803330000000001 0.161333 0.118
2 0.356 0.578333 0.1 0.094
2 0.124667 0.655667 0.148 0.120667
2 0.136667 0.528667 0.136 0.133333
2 0.243333 0.569333 0.122667 0.134667
2 0.134 0.25133300000000003 0.102667 0.109333
2 0.260667 0.30200000000000005 0.185333 0.173333
2 0.270667 0.17366700000000002 0.162667 0.126
2 0.386 0.10966699999999996 0.173333 0.179333
2 0.362333 0.49466699999999997 0.076667 0.065333
2 0.370667 0.43200000000000005 0.134667 0.070667
2 0.373 0.340333 0.148667 0.152667
2 0.444 0.601333 0.076 0.081333
2 0.488 0.521333 0.122667 0.1
2 0.488667 0.32699999999999996 0.14 0.196667
2 0.588667 0.33666700000000005 0.093333 0.144
2 0.514333 0.17433299999999996 0.136667 0.111333
2 0.521667 0.07966700000000004 0.120667 0.108667
2 0.585333 0.12566699999999997 0.069333 0.088667
2 0.592 0.22366699999999995 0.08 0.095333
2 0.678333 0.08199999999999996 0.147333 0.137333
2 0.682333 0.20766700000000005 0.106 0.139333
2 0.687 0.30400000000000005 0.09 0.070667
2 0.760333 0.23933300000000002 0.088667 0.094667
2 0.809 0.165667 0.114 0.147333
2 0.919 0.18066700000000002 0.120667 0.14
2 0.838 0.33799999999999997 0.174667 0.136
2 0.777667 0.465333 0.076667 0.088
2 0.873333 0.45699999999999996 0.124 0.112667
2 0.877 0.579 0.15 0.120667
2 0.662333 0.523667 0.148667 0.146
2 0.576 0.628667 0.204 0.197333
2 0.551667 0.827667 0.178 0.184667
2 0.581 0.95 0.083333 0.076
2 0.685667 0.937333 0.112667 0.106667
2 0.710667 0.812 0.157333 0.161333
2 0.790667 0.793667 0.113333 0.136667
2 0.764 0.6639999999999999 0.130667 0.134667
2 0.91 0.779333 0.122667 0.132
2 0.894667 0.6803330000000001 0.128 0.11
0 0.054667 0.86 0.094667 0.108
0 0.115333 0.8506670000000001 0.061333 0.076
2 0.039 0.5203329999999999 0.076667 0.095333
2 0.038333 0.644333 0.075333 0.147333
2 0.057667 0.440333 0.066 0.072667
2 0.066333 0.375 0.13 0.107333
2 0.155333 0.356 0.066667 0.066667
0 0.195667 0.424667 0.068667 0.062667
2 0.177667 0.77 0.135333 0.153333
0 0.789 0.933667 0.13 0.131333
2 0.926333 0.881667 0.147333 0.132667
3 0.952333 0.551667 0.092667 0.084667
2 0.858333 0.05666700000000002 0.228667 0.113333
2 0.254 0.40233300000000005 0.104 0.088667
3 0.153 0.156667 0.062 0.052
2 0.058 0.159667 0.104 0.083333
2 0.075 0.06866700000000003 0.148667 0.137333
