3 0.102333 0.281 0.087333 0.080667
2 0.085333 0.07933299999999999 0.105333 0.106667
2 0.198333 0.698 0.126 0.161333
2 0.238333 0.5589999999999999 0.079333 0.086
2 0.329667 0.843667 0.147333 0.178
2 0.362333 0.717333 0.092667 0.097333
2 0.46 0.759 0.125333 0.127333
0 0.412 0.6839999999999999 0.073333 0.069333
2 0.331 0.409667 0.139333 0.140667
2 0.375333 0.605 0.086667 0.078
3 0.458 0.628333 0.068 0.072667
2 0.441667 0.5203329999999999 0.182 0.144667
2 0.529 0.943 0.074 0.071333
3 0.559333 0.883333 0.076 0.090667
2 0.719 0.929667 0.148667 0.139333
2 0.613333 0.834667 0.132 0.137333
3 0.84 0.934667 0.088 0.114667
2 0.904667 0.906333 0.097333 0.094
2 0.854 0.833333 0.104 0.076
2 0.853667 0.757 0.09 0.074
2 0.927667 0.800667 0.076667 0.097333
2 0.755333 0.814667 0.104 0.089333
2 0.769667 0.7256670000000001 0.088667 0.083333
2 0.823667 0.679 0.116667 0.082
2 0.926 0.684667 0.104 0.106667
2 0.645333 0.675 0.098667 0.087333
2 0.608 0.581333 0.114667 0.122667
2 0.706 0.597 0.08 0.118
2 0.883 0.599333 0.098 0.077333
2 0.778667 0.5916669999999999 0.093333 0.118
2 0.835333 0.530667 0.094667 0.076
2 0.742 0.463333 0.138667 0.138667
2 0.892 0.428667 0.102667 0.094667
2 0.835 0.405667 0.114 0.09
2 0.851667 0.32966700000000004 0.124667 0.083333
2 0.954333 0.368333 0.091333 0.098
2 0.854667 0.26533300000000004 0.097333 0.062667
3 0.826 0.19933299999999998 0.088 0.077333
3 0.864333 0.14433300000000004 0.083333 0.074
2 0.790333 0.12666699999999997 0.083333 0.068
2 0.721667 0.08199999999999996 0.084667 0.093333
2 0.639333 0.11733300000000002 0.094667 0.117333
2 0.769333 0.28200000000000003 0.070667 0.096
3 0.702333 0.205333 0.148667 0.104
2 0.709667 0.315333 0.087333 0.134667
2 0.631667 0.371333 0.140667 0.105333
2 0.608667 0.28233299999999995 0.108 0.116667
2 0.519 0.39033300000000004 0.079333 0.087333
2 0.448333 0.407667 0.062 0.058
2 0.431 0.32999999999999996 0.114 0.108
2 0.514333 0.32166700000000004 0.07 0.055333
2 0.49 0.246 0.137333 0.101333
2 0.537 0.16133299999999995 0.118 0.098667
2 0.558 0.08899999999999997 0.085333 0.056667
2 0.556 0.033332999999999946 0.102667 0.054667
2 0.394667 0.19866700000000004 0.074667 0.070667
2 0.319 0.08966700000000005 0.118 0.147333
2 0.406667 0.09566699999999995 0.101333 0.120667
2 0.472667 0.11466699999999996 0.069333 0.064
0 0.325 0.664667 0.040667 0.050667
0 0.340667 0.509333 0.050667 0.056
0 0.398667 0.273 0.057333 0.058
0 0.346 0.310667 0.068 0.061333
0 0.487333 0.45566700000000004 0.081333 0.074
0 0.552333 0.495 0.063333 0.056667
0 0.534 0.640667 0.082667 0.064
0 0.506667 0.6950000000000001 0.078667 0.071333
2 0.59 0.744333 0.098667 0.083333
0 0.679333 0.742 0.078667 0.065333
0 0.630667 0.441333 0.089333 0.068
0 0.577333 0.43033299999999997 0.041333 0.048667
0 0.648 0.49166699999999997 0.056 0.054
0 0.541667 0.5513330000000001 0.083333 0.070667
0 0.318333 0.598 0.034 0.044
2 0.740667 0.661 0.058667 0.052667
2 0.957333 0.5223329999999999 0.085333 0.076667
2 0.956333 0.463333 0.087333 0.101333
0 0.199333 0.40733299999999995 0.065333 0.06
0 0.176333 0.46499999999999997 0.043333 0.042
0 0.208333 0.498 0.062 0.06
0 0.212 0.34199999999999997 0.056 0.070667
0 0.162333 0.28600000000000003 0.046 0.04
0 0.155 0.331333 0.040667 0.04
0 0.135 0.411667 0.039333 0.036667
0 0.112667 0.890667 0.045333 0.041333
0 0.08 0.920333 0.072 0.071333
0 0.041667 0.476 0.071333 0.082667
0 0.046333 0.40700000000000003 0.058 0.051333
0 0.091 0.40933299999999995 0.046 0.050667
0 0.077 0.5836669999999999 0.054 0.05
0 0.066667 0.5393330000000001 0.052 0.053333
0 0.063 0.6966669999999999 0.051333 0.049333
0 0.035667 0.661333 0.07 0.096
0 0.219333 0.950667 0.102667 0.094667
0 0.456667 0.927667 0.053333 0.046
0 0.461333 0.885667 0.050667 0.040667
0 0.462333 0.833 0.059333 0.056667
0 0.284333 0.7276670000000001 0.068667 0.060667
0 0.238 0.29933299999999996 0.048 0.037333
0 0.151333 0.562 0.082667 0.068
2 0.600333 0.948667 0.048667 0.061333
2 0.546333 0.81 0.042 0.045333
2 0.712 0.859667 0.098667 0.13
3 0.697333 0.021333000000000046 0.065333 0.042667
0 0.457 0.029667 0.060667 0.058
0 0.212 0.06166700000000003 0.04 0.035333
0 0.1 0.21199999999999997 0.049333 0.050667
