3 0.909 0.161667 0.124667 0.108667
3 0.793 0.16 0.082 0.089333
3 0.688333 0.110333 0.147333 0.147333
3 0.5533330000000001 0.124667 0.092 0.104
2 0.45266700000000004 0.102333 0.106667 0.143333
2 0.46799999999999997 0.222 0.076 0.096
2 0.37366699999999997 0.195 0.118 0.155333
2 0.12366699999999997 0.092 0.156667 0.172
2 0.23933300000000002 0.184 0.161333 0.169333
2 0.17900000000000005 0.283667 0.118 0.103333
3 0.05666700000000002 0.278 0.101333 0.092
2 0.31233299999999997 0.324667 0.084667 0.090667
2 0.40633300000000006 0.316333 0.106 0.084667
2 0.39 0.431667 0.129333 0.123333
3 0.509667 0.434 0.126 0.097333
2 0.536333 0.539333 0.151333 0.12
2 0.655667 0.564333 0.11 0.116667
2 0.777 0.583 0.139333 0.120667
2 0.886333 0.604333 0.115333 0.15
2 0.786 0.475667 0.126667 0.083333
2 0.07099999999999995 0.384333 0.118 0.107333
2 0.08866700000000005 0.851667 0.126667 0.158
2 0.20699999999999996 0.848 0.115333 0.132
2 0.314333 0.758 0.116667 0.129333
2 0.315333 0.889333 0.124 0.128
3 0.8180000000000001 0.051333 0.096 0.101333
3 0.932333 0.061667 0.128667 0.122
2 0.35266699999999995 0.102 0.081333 0.072
0 0.605 0.292667 0.298 0.256
3 0.736333 0.378333 0.092667 0.078
3 0.784 0.280667 0.089333 0.097333
3 0.827 0.390667 0.028667 0.034667
3 0.894333 0.291 0.138 0.142
2 0.954333 0.643333 0.09 0.153333
0 0.640667 0.796667 0.538667 0.406667
3 0.871 0.731 0.067333 0.063333
2 0.9390000000000001 0.864333 0.119333 0.271333
2 0.832 0.907333 0.101333 0.112
2 0.426667 0.957 0.096 0.086
3 0.33666700000000005 0.975667 0.072 0.048667
2 0.15133300000000005 0.948667 0.125333 0.102667
0 0.19599999999999995 0.578667 0.388 0.390667
3 0.06033299999999997 0.707333 0.120667 0.130667
2 0.375 0.641 0.152667 0.116667
2 0.22166699999999995 0.394667 0.160667 0.145333
0 0.11466699999999996 0.215667 0.073333 0.068667
3 0.049000000000000044 0.187667 0.068667 0.079333
