2 0.634 0.101667 0.161333 0.175333
2 0.146 0.123333 0.106667 0.109333
2 0.252333 0.157333 0.122 0.133333
2 0.361333 0.398 0.098667 0.101333
2 0.352 0.288 0.092 0.102667
2 0.437667 0.281333 0.092667 0.165333
2 0.555667 0.284333 0.154 0.176667
2 0.749333 0.092 0.089333 0.113333
1 0.942333 0.230333 0.086 0.123333
2 0.795333 0.184333 0.194667 0.174
2 0.716667 0.335 0.157333 0.155333
2 0.857667 0.347 0.172667 0.204667
2 0.908333 0.492 0.174 0.153333
2 0.725 0.461667 0.112667 0.108667
2 0.572667 0.427333 0.166667 0.157333
2 0.541 0.552333 0.15 0.151333
2 0.647 0.568667 0.082 0.105333
2 0.751333 0.576 0.134667 0.121333
2 0.913 0.605333 0.111333 0.098667
3 0.467333 0.727333 0.086667 0.096
2 0.562333 0.663667 0.09 0.092667
2 0.652667 0.659667 0.070667 0.087333
2 0.757 0.688333 0.120667 0.118
2 0.864 0.710667 0.096 0.134667
2 0.954333 0.703667 0.076667 0.087333
2 0.672667 0.792667 0.133333 0.145333
2 0.797667 0.803667 0.119333 0.123333
2 0.266 0.712333 0.116 0.11
2 0.140333 0.701667 0.135333 0.122
2 0.162333 0.595 0.123333 0.111333
2 0.325667 0.558 0.122 0.118667
2 0.227 0.491333 0.155333 0.148
2 0.136 0.373333 0.134667 0.154667
2 0.244333 0.367667 0.084667 0.095333
2 0.043667 0.456333 0.075333 0.082
2 0.123667 0.490667 0.071333 0.084
2 0.111667 0.224667 0.144667 0.152
2 0.244333 0.261 0.120667 0.11
0 0.059 0.121667 0.060667 0.064667
2 0.370667 0.197333 0.065333 0.081333
2 0.036333 0.347667 0.071333 0.119333
2 0.457667 0.395333 0.052667 0.048
0 0.271 0.634 0.05 0.048
0 0.106333 0.819 0.048667 0.072667
0 0.352 0.815667 0.064 0.056667
0 0.379 0.844 0.075333 0.072
0 0.442 0.857333 0.057333 0.064
0 0.586 0.954333 0.118667 0.091333
0 0.669 0.910333 0.108667 0.111333
3 0.877333 0.796333 0.058667 0.066
2 0.960333 0.340333 0.071333 0.106
0 0.858333 0.084667 0.079333 0.096
2 0.945 0.129 0.11 0.132667
