3 0.111333 0.742 0.065333 0.066667
3 0.170667 0.917333 0.093333 0.097333
3 0.187 0.763667 0.080667 0.09
3 0.181333 0.474667 0.1 0.104
3 0.254 0.509 0.065333 0.080667
2 0.344333 0.456667 0.118 0.106667
3 0.387667 0.494 0.056667 0.057333
2 0.477 0.395667 0.116667 0.115333
3 0.566667 0.444667 0.085333 0.092
3 0.639 0.399 0.056667 0.066
3 0.337667 0.347667 0.120667 0.108667
2 0.225 0.309 0.128667 0.116667
3 0.187 0.192 0.080667 0.1
3 0.285 0.215667 0.046 0.058
3 0.345 0.175667 0.055333 0.047333
2 0.248 0.122 0.069333 0.076
2 0.313667 0.106333 0.084667 0.084667
2 0.157667 0.076333 0.103333 0.084667
2 0.073667 0.121333 0.087333 0.092
2 0.25 0.059667 0.042667 0.046
2 0.411 0.058 0.087333 0.085333
3 0.45 0.190667 0.104 0.116
2 0.530667 0.191333 0.070667 0.070667
2 0.614667 0.248333 0.089333 0.098
3 0.602667 0.32 0.068 0.061333
2 0.718 0.453667 0.101333 0.112667
2 0.814 0.409 0.098667 0.119333
2 0.886 0.334333 0.124 0.104667
3 0.861333 0.268 0.101333 0.068
3 0.872667 0.19 0.1 0.073333
2 0.723667 0.232333 0.095333 0.108667
3 0.793 0.223333 0.051333 0.093333
2 0.702333 0.321667 0.088667 0.079333
3 0.941 0.106 0.114 0.141333
2 0.445333 0.316333 0.041333 0.040667
3 0.468 0.129667 0.045333 0.05
3 0.084667 0.933667 0.101333 0.132667
2 0.116333 0.030333 0.107333 0.059333
2 0.03 0.074333 0.057333 0.072667
2 0.042667 0.187667 0.084 0.131333
0 0.37 0.115333 0.046667 0.054667
0 0.449 0.029333 0.068667 0.056
0 0.123667 0.213667 0.079333 0.084667
0 0.138667 0.274333 0.062667 0.071333
0 0.375667 0.27 0.112667 0.110667
0 0.053 0.307333 0.084667 0.094667
0 0.112 0.351333 0.070667 0.077333
0 0.162667 0.343667 0.081333 0.075333
0 0.130333 0.427333 0.087333 0.096
0 0.242 0.409667 0.085333 0.083333
0 0.433 0.448 0.051333 0.068
0 0.539667 0.273 0.080667 0.091333
0 0.542 0.354333 0.070667 0.07
0 0.114667 0.492 0.062667 0.066667
0 0.052333 0.500333 0.044667 0.043333
0 0.295333 0.549333 0.061333 0.069333
0 0.345667 0.636667 0.099333 0.108
0 0.044667 0.668 0.084 0.090667
0 0.034 0.740333 0.064 0.067333
0 0.292333 0.740667 0.082 0.081333
0 0.322667 0.800667 0.113333 0.074667
0 0.377667 0.753333 0.043333 0.052
0 0.344 0.708667 0.066667 0.057333
0 0.046333 0.834333 0.058 0.080667
0 0.22 0.863 0.045333 0.051333
0 0.168333 0.827667 0.051333 0.046
0 0.226333 0.802333 0.039333 0.039333
0 0.231667 0.943333 0.039333 0.041333
0 0.258333 0.923333 0.035333 0.044
0 0.292 0.905667 0.048 0.07
0 0.351667 0.914333 0.039333 0.039333
0 0.325333 0.854667 0.053333 0.048
0 0.391333 0.844 0.029333 0.038667
0 0.579333 0.861333 0.334667 0.277333
0 0.843 0.92 0.231333 0.16
0 0.728 0.879667 0.048 0.05
0 0.935667 0.867333 0.036667 0.041333
0 0.897333 0.812333 0.041333 0.038
0 0.919 0.74 0.052667 0.038667
0 0.854667 0.7 0.058667 0.061333
0 0.959333 0.703 0.042667 0.046
0 0.916667 0.671 0.042667 0.052667
0 0.784 0.706333 0.036 0.038
0 0.718667 0.728667 0.032 0.028
0 0.691667 0.629333 0.087333 0.08
0 0.714667 0.543 0.061333 0.055333
0 0.775333 0.593333 0.061333 0.065333
0 0.827333 0.614333 0.046667 0.05
2 0.825 0.488333 0.038 0.047333
3 0.644 0.078 0.057333 0.076
2 0.518667 0.120667 0.037333 0.046667
0 0.626333 0.160667 0.054 0.061333
2 0.713333 0.073667 0.114667 0.144667
2 0.578333 0.076667 0.079333 0.102667
