2 0.097333 0.877667 0.097333 0.087333
2 0.077 0.776 0.152667 0.142667
2 0.091333 0.521667 0.178667 0.175333
2 0.095333 0.252 0.165333 0.172
2 0.108 0.12833300000000003 0.06 0.052667
2 0.275333 0.04400000000000004 0.136 0.088
2 0.239333 0.15000000000000002 0.125333 0.126667
2 0.244333 0.273 0.118 0.127333
3 0.250333 0.377 0.088667 0.072667
2 0.357333 0.17966700000000002 0.161333 0.144667
2 0.385 0.30600000000000005 0.122 0.128
3 0.371333 0.588667 0.141333 0.170667
2 0.373333 0.722333 0.078667 0.084667
2 0.237333 0.728 0.168 0.168
2 0.460333 0.878667 0.122 0.133333
2 0.455333 0.7376670000000001 0.126667 0.148667
2 0.491333 0.6146670000000001 0.101333 0.097333
2 0.470667 0.49166699999999997 0.134667 0.138
2 0.470333 0.36266699999999996 0.143333 0.132
2 0.473333 0.07199999999999995 0.154667 0.14
2 0.590667 0.07733299999999999 0.133333 0.136
2 0.551667 0.21599999999999997 0.178 0.136
2 0.600333 0.34366699999999994 0.139333 0.147333
2 0.597 0.511 0.143333 0.176667
2 0.723333 0.5263329999999999 0.137333 0.148667
2 0.728667 0.395667 0.134667 0.107333
2 0.728333 0.28 0.144667 0.136
3 0.703 0.17666700000000002 0.118 0.096
2 0.718667 0.06399999999999995 0.128 0.126667
3 0.833 0.12366699999999997 0.107333 0.087333
2 0.850667 0.22699999999999998 0.169333 0.124667
2 0.864333 0.36166699999999996 0.144667 0.144667
2 0.869667 0.5083329999999999 0.152667 0.131333
2 0.847667 0.732 0.203333 0.168
2 0.854667 0.876333 0.166667 0.118
2 0.710333 0.900667 0.144667 0.138667
2 0.696667 0.748 0.137333 0.164
2 0.679 0.625 0.074 0.048667
2 0.576 0.916 0.14 0.153333
2 0.574667 0.75 0.112 0.137333
3 0.253667 0.484 0.120667 0.108
3 0.244667 0.597 0.102667 0.09
2 0.849667 0.9646669999999999 0.160667 0.069333
2 0.323333 0.911667 0.204 0.174
3 0.838667 0.03733299999999995 0.133333 0.074667
3 0.961667 0.06533299999999997 0.076667 0.084
3 0.942333 0.5796669999999999 0.115333 0.126
