2 0.795 0.919667 0.160667 0.138
3 0.6819999999999999 0.891333 0.088 0.108
3 0.8376669999999999 0.821667 0.112667 0.114
3 0.724333 0.802333 0.122 0.111333
2 0.943667 0.709333 0.106 0.144
2 0.836333 0.6946669999999999 0.112667 0.142667
2 0.727 0.689333 0.111333 0.134667
3 0.599333 0.803667 0.125333 0.111333
2 0.47666699999999995 0.886333 0.165333 0.162
2 0.268 0.8546670000000001 0.154667 0.170667
2 0.15033300000000005 0.853 0.083333 0.115333
2 0.10966699999999996 0.712333 0.164667 0.180667
3 0.24766699999999997 0.733 0.088667 0.096667
3 0.372 0.765667 0.106667 0.09
3 0.47766699999999995 0.783667 0.115333 0.064667
2 0.379 0.671667 0.143333 0.114
2 0.501333 0.6823330000000001 0.118667 0.148667
2 0.613667 0.6803330000000001 0.118 0.147333
3 0.881 0.475333 0.119333 0.118667
3 0.788667 0.47666699999999995 0.073333 0.098667
3 0.6990000000000001 0.468333 0.116667 0.112667
2 0.6026670000000001 0.5553330000000001 0.145333 0.128
3 0.502 0.555667 0.066667 0.087333
2 0.394 0.535667 0.133333 0.180667
2 0.277 0.5453330000000001 0.106 0.156
2 0.16400000000000003 0.5123329999999999 0.134667 0.211333
2 0.05900000000000005 0.515 0.108667 0.191333
3 0.12866699999999998 0.313333 0.097333 0.092
3 0.16100000000000003 0.225333 0.123333 0.101333
2 0.06433299999999997 0.20233299999999999 0.078 0.096667
2 0.152667 0.101333 0.170667 0.166667
2 0.267667 0.17200000000000004 0.083333 0.092
2 0.365333 0.16833299999999995 0.112 0.104667
2 0.366 0.251667 0.094667 0.071333
2 0.340333 0.329333 0.140667 0.098667
2 0.275667 0.37933300000000003 0.163333 0.162667
2 0.48166699999999996 0.421667 0.187333 0.142
2 0.49466699999999997 0.322333 0.137333 0.120667
2 0.481333 0.16933299999999996 0.164 0.136
2 0.489 0.059667000000000026 0.154 0.116667
2 0.837333 0.07533299999999998 0.124 0.134667
2 0.623667 0.135 0.148667 0.135333
2 0.581333 0.255 0.102667 0.086
2 0.614 0.365 0.126667 0.15
2 0.702 0.25933300000000004 0.136 0.125333
2 0.845667 0.285667 0.148667 0.178
2 0.750667 0.366333 0.161333 0.119333
2 0.348 0.05400000000000005 0.097333 0.105333
2 0.9410000000000001 0.07033299999999998 0.116667 0.102
2 0.946667 0.842 0.105333 0.124
2 0.942667 0.19099999999999995 0.113333 0.140667
2 0.22699999999999998 0.05166700000000002 0.135333 0.103333
2 0.695667 0.060667000000000026 0.167333 0.121333
