2 0.808667 0.143 0.112 0.112667
2 0.819667 0.234 0.115333 0.094667
2 0.83 0.318 0.105333 0.106667
2 0.897667 0.391667 0.148667 0.115333
2 0.911333 0.523667 0.168 0.168667
2 0.913667 0.652 0.144667 0.125333
2 0.911333 0.790667 0.145333 0.133333
2 0.881667 0.917333 0.178 0.102667
2 0.771 0.809 0.092667 0.094
2 0.760667 0.686667 0.158667 0.141333
2 0.792667 0.548667 0.12 0.104
2 0.672667 0.592667 0.134667 0.130667
2 0.790667 0.436333 0.101333 0.115333
2 0.626 0.116667 0.117333 0.126667
2 0.519667 0.120667 0.11 0.126667
2 0.6799999999999999 0.188 0.128 0.138667
2 0.562 0.233333 0.105333 0.109333
2 0.7170000000000001 0.322333 0.126 0.146
2 0.617 0.326333 0.098 0.112667
2 0.517 0.364667 0.174 0.133333
2 0.549667 0.479333 0.086 0.096
2 0.6619999999999999 0.45 0.177333 0.157333
2 0.651 0.817333 0.124667 0.158667
2 0.5676669999999999 0.756333 0.147333 0.163333
2 0.526667 0.895333 0.132 0.128
2 0.547667 0.612 0.143333 0.166667
2 0.44966700000000004 0.536 0.136667 0.134667
2 0.378 0.438667 0.162667 0.168
2 0.27733300000000005 0.497667 0.061333 0.05
2 0.350333 0.611667 0.143333 0.111333
2 0.461333 0.694 0.129333 0.128
2 0.372 0.769333 0.133333 0.129333
2 0.39133300000000004 0.913 0.156 0.144667
2 0.300667 0.849333 0.1 0.113333
2 0.218333 0.849333 0.087333 0.092
2 0.23966699999999996 0.672333 0.114 0.112667
2 0.162667 0.718667 0.090667 0.108
2 0.08233299999999999 0.808333 0.164667 0.156667
2 0.207333 0.437667 0.126667 0.11
2 0.17600000000000005 0.545 0.174667 0.15
2 0.165667 0.343667 0.112667 0.086
2 0.16200000000000003 0.231333 0.169333 0.138667
2 0.144667 0.138333 0.14 0.119333
2 0.265 0.130667 0.247333 0.173333
2 0.30600000000000005 0.285333 0.126667 0.136
1 0.43966700000000003 0.237667 0.186 0.226
2 0.43000000000000005 0.063 0.133333 0.122
2 0.22599999999999998 0.044333 0.110667 0.082
2 0.897333 0.047667 0.128 0.094
2 0.917667 0.187 0.162 0.266
2 0.04133299999999995 0.218333 0.082667 0.126
2 0.6393329999999999 0.95 0.129333 0.1
2 0.06666700000000003 0.567 0.133333 0.163333
2 0.05366700000000002 0.096 0.107333 0.14
2 0.28533299999999995 0.958 0.092 0.084
