2 0.871667 0.209667 0.147333 0.148667
2 0.776 0.091 0.161333 0.132667
2 0.744 0.2 0.097333 0.106667
2 0.838667 0.347333 0.128 0.109333
2 0.813 0.441667 0.112667 0.09
2 0.792667 0.557 0.122667 0.126
2 0.742 0.795333 0.098667 0.1
3 0.869 0.936 0.103333 0.109333
2 0.7086669999999999 0.936333 0.042667 0.043333
2 0.609333 0.927667 0.056 0.059333
3 0.491 0.871 0.086 0.120667
2 0.40033300000000005 0.833333 0.143333 0.154667
2 0.379 0.950333 0.122 0.084667
2 0.259 0.855667 0.111333 0.11
2 0.11533300000000002 0.911667 0.137333 0.144667
3 0.14033300000000004 0.685667 0.118 0.122
2 0.13533300000000004 0.570667 0.101333 0.101333
3 0.23766699999999996 0.166 0.076667 0.072
2 0.45866700000000005 0.446667 0.126667 0.128
2 0.44199999999999995 0.550667 0.078667 0.08
2 0.33899999999999997 0.509667 0.115333 0.11
2 0.5529999999999999 0.055333 0.092667 0.098667
2 0.621333 0.256333 0.134667 0.127333
2 0.6106670000000001 0.390667 0.12 0.133333
2 0.633 0.147333 0.078 0.078667
0 0.43533299999999997 0.334667 0.1 0.108
0 0.243 0.567 0.083333 0.076667
0 0.434667 0.219 0.045333 0.043333
0 0.6293329999999999 0.827333 0.062667 0.064
0 0.926 0.497 0.117333 0.114
2 0.429667 0.059333 0.156667 0.117333
0 0.09566699999999995 0.308333 0.071333 0.055333
0 0.879333 0.662 0.081333 0.068
3 0.491 0.955667 0.108667 0.088667
3 0.04733299999999996 0.542667 0.094667 0.14
