1 0.826333 0.142 0.223333 0.264
1 0.7276670000000001 0.236667 0.140667 0.149333
2 0.6006670000000001 0.233 0.2 0.259333
2 0.524 0.297 0.102667 0.118
2 0.464333 0.090667 0.178 0.172
2 0.14633300000000005 0.128333 0.286 0.255333
1 0.264667 0.254667 0.174667 0.233333
2 0.41433299999999995 0.254667 0.180667 0.228
1 0.138 0.303 0.138667 0.175333
1 0.22899999999999998 0.430333 0.143333 0.148667
2 0.14733300000000005 0.433 0.076 0.092667
2 0.08333299999999999 0.444333 0.073333 0.084667
2 0.096333 0.545667 0.155333 0.107333
2 0.10333300000000001 0.649 0.130667 0.111333
2 0.11266699999999996 0.735 0.098667 0.091333
2 0.22766699999999995 0.737 0.143333 0.151333
2 0.309667 0.711667 0.071333 0.086
2 0.403667 0.714333 0.114 0.108667
2 0.45066700000000004 0.796333 0.105333 0.111333
2 0.513333 0.708 0.102667 0.109333
2 0.5796669999999999 0.813667 0.180667 0.192667
2 0.644333 0.689333 0.104667 0.097333
1 0.619333 0.612667 0.070667 0.066667
2 0.576333 0.520667 0.19 0.193333
2 0.449333 0.519 0.089333 0.092667
2 0.326333 0.524667 0.120667 0.142667
2 0.34166700000000005 0.408667 0.118 0.12
2 0.576333 0.403333 0.126 0.102667
2 0.45899999999999996 0.414333 0.139333 0.142
2 0.720333 0.503333 0.116667 0.136
1 0.804667 0.361 0.197333 0.182
2 0.838 0.496667 0.125333 0.129333
2 0.782333 0.69 0.232667 0.221333
2 0.736333 0.609333 0.118 0.101333
2 0.8526670000000001 0.799667 0.16 0.120667
2 0.749333 0.851333 0.146667 0.114667
3 0.516 0.922667 0.102667 0.105333
3 0.358333 0.855667 0.068667 0.080667
3 0.277667 0.901667 0.084667 0.083333
1 0.718 0.345333 0.101333 0.104
0 0.126 0.820333 0.084 0.078
0 0.212333 0.928333 0.058 0.059333
0 0.632667 0.097333 0.094667 0.090667
0 0.206333 0.518333 0.078 0.082
2 0.947667 0.104667 0.103333 0.208
2 0.952 0.387667 0.094667 0.192667
2 0.089333 0.922333 0.176 0.155333
2 0.825 0.940333 0.167333 0.115333
2 0.945 0.769667 0.096667 0.166
2 0.929667 0.647333 0.139333 0.122667
2 0.9359999999999999 0.534333 0.126667 0.139333
