2 0.067 0.068 0.115333 0.132
2 0.182667 0.065667 0.122667 0.122
2 0.335667 0.063667 0.15 0.120667
2 0.494333 0.069 0.148667 0.123333
2 0.713333 0.109333 0.174667 0.176
2 0.491 0.172 0.160667 0.134667
2 0.363 0.183667 0.111333 0.136667
2 0.261 0.166333 0.087333 0.102
2 0.169333 0.182333 0.101333 0.111333
2 0.079 0.183667 0.084667 0.096667
2 0.1 0.350333 0.109333 0.103333
2 0.135333 0.287333 0.072 0.062667
2 0.207 0.349 0.118 0.094
2 0.253667 0.292 0.052667 0.058667
2 0.304333 0.354667 0.074 0.066667
3 0.345333 0.301 0.094667 0.092667
2 0.453 0.305333 0.112667 0.104
3 0.575 0.388 0.095333 0.089333
2 0.145667 0.467 0.154 0.136667
2 0.291 0.458667 0.122 0.130667
2 0.406333 0.478 0.124667 0.138667
2 0.052667 0.548333 0.101333 0.084667
3 0.159 0.581 0.086 0.086
2 0.077667 0.659333 0.148667 0.126667
2 0.275667 0.795 0.083333 0.088667
2 0.270333 0.596333 0.186 0.178
2 0.322667 0.672667 0.102667 0.094667
2 0.402333 0.673 0.078 0.115333
2 0.500667 0.670667 0.136 0.190667
2 0.610333 0.718333 0.119333 0.108667
2 0.510333 0.807333 0.088667 0.082667
3 0.402 0.798333 0.1 0.084667
2 0.347 0.946 0.084667 0.1
2 0.648 0.225333 0.069333 0.058667
3 0.738333 0.243667 0.044667 0.052667
2 0.884667 0.213333 0.154667 0.101333
2 0.881 0.308 0.180667 0.101333
2 0.906 0.404 0.130667 0.14
2 0.775667 0.392667 0.142 0.137333
2 0.629333 0.473 0.198667 0.184667
2 0.798 0.526667 0.133333 0.125333
2 0.914667 0.549 0.105333 0.106
2 0.851333 0.636667 0.096 0.097333
2 0.748667 0.625667 0.090667 0.119333
2 0.656667 0.625333 0.132 0.128
2 0.769333 0.729333 0.132 0.102667
2 0.881667 0.735667 0.084667 0.092667
2 0.832667 0.838667 0.128 0.121333
2 0.568667 0.938667 0.092 0.098667
3 0.684667 0.939333 0.062667 0.058667
2 0.953333 0.744 0.093333 0.149333
2 0.188 0.918 0.2 0.164
3 0.054333 0.932 0.084667 0.085333
0 0.420667 0.89 0.073333 0.092
0 0.481 0.856333 0.068667 0.062
2 0.936333 0.937667 0.127333 0.124667
