2 0.6603330000000001 0.062 0.078 0.062667
2 0.687333 0.167 0.206667 0.147333
1 0.84 0.268667 0.161333 0.246667
1 0.710333 0.325 0.124667 0.151333
2 0.577333 0.326667 0.166667 0.236
2 0.398667 0.372 0.196 0.196
2 0.27 0.274667 0.138667 0.121333
2 0.39733300000000005 0.12 0.14 0.161333
2 0.23866699999999996 0.133667 0.170667 0.155333
2 0.136 0.394 0.229333 0.201333
2 0.16800000000000004 0.57 0.178667 0.174667
2 0.28300000000000003 0.652667 0.151333 0.137333
2 0.44566700000000004 0.667333 0.179333 0.169333
2 0.41033299999999995 0.536 0.13 0.14
3 0.31499999999999995 0.538 0.051333 0.066667
2 0.542333 0.513667 0.136667 0.140667
1 0.6699999999999999 0.471667 0.125333 0.120667
1 0.833333 0.466333 0.206667 0.171333
2 0.7276670000000001 0.617667 0.29 0.240667
2 0.834333 0.811 0.211333 0.23
2 0.605 0.826667 0.144667 0.158667
2 0.679333 0.744667 0.06 0.066667
2 0.43899999999999995 0.877 0.187333 0.214
2 0.29300000000000004 0.927 0.115333 0.114
2 0.08966700000000005 0.799 0.144667 0.167333
2 0.19566700000000004 0.781 0.092667 0.158
2 0.30200000000000005 0.785667 0.158667 0.156667
2 0.08866700000000005 0.932333 0.177333 0.134
2 0.222333 0.899667 0.043333 0.048667
2 0.873 0.640667 0.076667 0.085333
2 0.940333 0.468333 0.118 0.214
2 0.929 0.258333 0.140667 0.218
2 0.749667 0.905 0.226 0.19
2 0.5856669999999999 0.951667 0.11 0.096667
