2 0.6946669999999999 0.192333 0.14 0.136667
2 0.563 0.183333 0.143333 0.165333
2 0.41133299999999995 0.128 0.262667 0.206667
2 0.39533300000000005 0.234667 0.108 0.070667
2 0.40433300000000005 0.340333 0.159333 0.135333
2 0.527333 0.317333 0.064 0.061333
2 0.6783330000000001 0.330667 0.115333 0.112
2 0.751 0.448667 0.224667 0.276
2 0.900333 0.414333 0.198 0.316667
2 0.858 0.720333 0.261333 0.278
2 0.864 0.922667 0.241333 0.154667
1 0.731333 0.805667 0.128 0.218
1 0.620333 0.837333 0.191333 0.204
2 0.46466700000000005 0.931667 0.133333 0.136667
2 0.470333 0.809 0.116667 0.116667
1 0.515 0.670333 0.227333 0.186
1 0.531 0.485667 0.248667 0.222
1 0.34366699999999994 0.560333 0.218 0.239333
2 0.34566699999999995 0.725667 0.144667 0.144667
2 0.343333 0.848 0.112 0.12
2 0.20666700000000005 0.829 0.202667 0.156667
2 0.19599999999999995 0.932 0.096 0.068
1 0.20299999999999996 0.698 0.138 0.102667
1 0.17733299999999996 0.600667 0.158667 0.122667
2 0.06633299999999998 0.615333 0.108667 0.114667
2 0.125 0.182667 0.184667 0.222667
2 0.18866700000000003 0.48 0.169333 0.130667
1 0.250333 0.37 0.184667 0.164
2 0.258667 0.234667 0.145333 0.129333
2 0.06599999999999995 0.808333 0.132 0.204667
2 0.17633299999999996 0.050333 0.180667 0.099333
0 0.05266700000000002 0.497333 0.105333 0.082667
2 0.857667 0.123333 0.188667 0.245333
2 0.669 0.071 0.247333 0.140667
0 0.6663330000000001 0.66 0.092667 0.065333
2 0.03733299999999995 0.073667 0.074667 0.103333
