2 0.143 0.191333 0.112667 0.112
2 0.234 0.180333 0.094667 0.115333
2 0.318 0.17 0.106667 0.105333
2 0.391667 0.102333 0.115333 0.148667
2 0.523667 0.088667 0.168667 0.168
2 0.652 0.086333 0.125333 0.144667
2 0.790667 0.088667 0.133333 0.145333
2 0.917333 0.118333 0.102667 0.178
2 0.809 0.229 0.094 0.092667
2 0.686667 0.239333 0.141333 0.158667
2 0.548667 0.207333 0.104 0.12
2 0.592667 0.327333 0.130667 0.134667
2 0.436333 0.209333 0.115333 0.101333
2 0.116667 0.374 0.126667 0.117333
2 0.120667 0.480333 0.126667 0.11
2 0.188 0.32 0.138667 0.128
2 0.233333 0.438 0.109333 0.105333
2 0.322333 0.283 0.146 0.126
2 0.326333 0.383 0.112667 0.098
2 0.364667 0.483 0.133333 0.174
2 0.479333 0.450333 0.096 0.086
2 0.45 0.338 0.157333 0.177333
2 0.817333 0.349 0.158667 0.124667
2 0.756333 0.432333 0.163333 0.147333
2 0.895333 0.473333 0.128 0.132
2 0.612 0.452333 0.166667 0.143333
2 0.536 0.550333 0.134667 0.136667
2 0.438667 0.622 0.168 0.162667
2 0.497667 0.722667 0.05 0.061333
2 0.611667 0.649667 0.111333 0.143333
2 0.694 0.538667 0.128 0.129333
2 0.769333 0.628 0.129333 0.133333
2 0.913 0.608667 0.144667 0.156
2 0.849333 0.699333 0.113333 0.1
2 0.849333 0.781667 0.092 0.087333
2 0.672333 0.760333 0.112667 0.114
2 0.718667 0.837333 0.108 0.090667
2 0.808333 0.917667 0.156667 0.164667
2 0.437667 0.792667 0.11 0.126667
2 0.545 0.824 0.15 0.174667
2 0.343667 0.834333 0.086 0.112667
2 0.231333 0.838 0.138667 0.169333
2 0.138333 0.855333 0.119333 0.14
2 0.130667 0.735 0.173333 0.247333
2 0.285333 0.694 0.136 0.126667
1 0.237667 0.560333 0.226 0.186
2 0.063 0.57 0.122 0.133333
2 0.044333 0.774 0.082 0.110667
2 0.047667 0.102667 0.094 0.128
2 0.187 0.082333 0.266 0.162
2 0.218333 0.958667 0.126 0.082667
2 0.95 0.360667 0.1 0.129333
2 0.567 0.933333 0.163333 0.133333
2 0.096 0.946333 0.14 0.107333
2 0.958 0.714667 0.084 0.092
