0 0.807333 0.924667 0.096 0.097333
0 0.853 0.857333 0.052667 0.049333
0 0.876333 0.808333 0.068667 0.067333
0 0.954333 0.782 0.091333 0.133333
0 0.837 0.411667 0.108667 0.119333
0 0.780333 0.31699999999999995 0.128667 0.116667
0 0.682 0.336333 0.097333 0.086
0 0.803 0.21666700000000005 0.107333 0.093333
0 0.893 0.22899999999999998 0.108667 0.176667
0 0.579 0.29433299999999996 0.100667 0.11
0 0.669333 0.471 0.181333 0.199333
0 0.495333 0.05700000000000005 0.112 0.114
0 0.571667 0.101333 0.114 0.144
0 0.642 0.04966700000000002 0.153333 0.099333
0 0.482667 0.29833299999999996 0.090667 0.103333
0 0.053667 0.18000000000000005 0.106 0.128
0 0.959 0.36466699999999996 0.082 0.145333
0 0.330333 0.20499999999999996 0.15 0.206
0 0.369667 0.12066699999999997 0.052667 0.038667
0 0.402 0.19299999999999995 0.042667 0.042
0 0.416667 0.409667 0.122667 0.104667
0 0.171333 0.20099999999999996 0.168 0.198
0 0.196667 0.38 0.269333 0.196
0 0.517 0.635 0.416667 0.342
0 0.341333 0.729333 0.056 0.058667
0 0.346333 0.677667 0.074 0.047333
0 0.138333 0.595667 0.271333 0.311333
0 0.237 0.718667 0.075333 0.052
