2 0.854 0.142 0.168 0.166667
2 0.6863330000000001 0.132333 0.146 0.167333
2 0.545667 0.162 0.146 0.206667
2 0.262 0.067333 0.061333 0.066667
2 0.17866700000000002 0.176667 0.128 0.108
1 0.31233299999999997 0.185 0.148667 0.106
2 0.772 0.279 0.093333 0.120667
2 0.882333 0.412667 0.183333 0.164
2 0.741 0.405 0.080667 0.082
2 0.823 0.556667 0.175333 0.137333
2 0.7476670000000001 0.675 0.147333 0.184667
2 0.929333 0.800333 0.134667 0.17
2 0.606 0.711333 0.136 0.125333
2 0.6819999999999999 0.818333 0.154667 0.15
2 0.791 0.912667 0.160667 0.166667
2 0.536667 0.838333 0.136 0.154
2 0.41533299999999995 0.851667 0.101333 0.119333
2 0.30233299999999996 0.886 0.180667 0.16
2 0.091333 0.900667 0.182667 0.164
1 0.17100000000000004 0.735667 0.151333 0.19
2 0.32866700000000004 0.713667 0.197333 0.207333
2 0.486 0.694 0.132 0.14
2 0.6583330000000001 0.467 0.076667 0.075333
2 0.582667 0.580667 0.213333 0.169333
2 0.400667 0.555667 0.149333 0.147333
2 0.532 0.430333 0.170667 0.154
2 0.402 0.408667 0.102667 0.128
2 0.291667 0.475667 0.168667 0.183333
2 0.16500000000000004 0.501667 0.151333 0.152667
2 0.14100000000000001 0.323333 0.158 0.181333
2 0.30000000000000004 0.309333 0.181333 0.162667
2 0.509 0.283 0.160667 0.146
0 0.854333 0.665 0.067333 0.067333
0 0.411667 0.188 0.106 0.098667
2 0.055332999999999966 0.734667 0.110667 0.157333
2 0.04366700000000001 0.473333 0.087333 0.138667
2 0.038000000000000034 0.334 0.076 0.146667
2 0.13033300000000003 0.065667 0.186 0.13
2 0.937 0.564 0.124667 0.194667
2 0.353333 0.061 0.12 0.120667
2 0.08199999999999996 0.61 0.164 0.133333
2 0.512667 0.053 0.194667 0.104667
2 0.601333 0.934333 0.216 0.131333
3 0.05266700000000002 0.199667 0.105333 0.148667
