1 0.888667 0.258 0.138667 0.133333
1 0.911667 0.147667 0.148667 0.15
1 0.79 0.170333 0.102667 0.124667
1 0.656667 0.101333 0.177333 0.173333
1 0.645667 0.289 0.180667 0.238
1 0.785667 0.390333 0.242 0.238
1 0.896333 0.501333 0.184667 0.198667
1 0.883 0.657667 0.147333 0.132667
1 0.855 0.797333 0.180667 0.157333
2 0.9143330000000001 0.904333 0.143333 0.143333
1 0.748333 0.541667 0.106 0.102
1 0.706 0.663 0.196 0.15
2 0.685667 0.829333 0.155333 0.198667
2 0.554667 0.803333 0.137333 0.192
1 0.5900000000000001 0.535667 0.174667 0.216667
1 0.479333 0.434667 0.157333 0.168
1 0.485 0.267333 0.151333 0.18
1 0.452333 0.555667 0.103333 0.084667
1 0.43000000000000005 0.673667 0.230667 0.168667
1 0.40733299999999995 0.818 0.157333 0.154667
1 0.392 0.942667 0.142667 0.114667
1 0.25733300000000003 0.816 0.154667 0.236
1 0.315333 0.567 0.165333 0.184667
1 0.32466700000000004 0.389667 0.18 0.206
1 0.17033299999999996 0.52 0.160667 0.246667
1 0.11266699999999996 0.893667 0.214667 0.198
1 0.10733300000000001 0.378667 0.209333 0.194667
1 0.12066699999999997 0.255 0.166667 0.186
1 0.129 0.127333 0.188667 0.166667
1 0.31266700000000003 0.112333 0.273333 0.212667
1 0.25933300000000004 0.27 0.202667 0.202667
2 0.12433300000000003 0.748 0.126 0.141333
0 0.959667 0.318667 0.079333 0.153333
2 0.801667 0.057667 0.143333 0.111333
2 0.06666700000000003 0.605333 0.133333 0.24
2 0.9319999999999999 0.081 0.134667 0.154
