2 0.858 0.048667 0.105333 0.090667
2 0.8296669999999999 0.137667 0.082 0.084667
2 0.713333 0.116 0.133333 0.122667
2 0.700333 0.248 0.123333 0.136
2 0.778 0.518 0.076 0.098667
2 0.772667 0.421 0.076 0.076667
2 0.6863330000000001 0.530333 0.054 0.048667
3 0.702333 0.391 0.07 0.075333
2 0.553667 0.086667 0.158 0.130667
2 0.544 0.193667 0.108 0.122
2 0.603667 0.233333 0.094 0.101333
3 0.544667 0.296667 0.062667 0.064
2 0.5986670000000001 0.370333 0.065333 0.075333
2 0.535667 0.384 0.080667 0.094667
2 0.41200000000000003 0.35 0.141333 0.168
2 0.408667 0.22 0.145333 0.097333
2 0.41000000000000003 0.121 0.134667 0.123333
2 0.279667 0.073667 0.123333 0.126
2 0.25833300000000003 0.189667 0.151333 0.152667
2 0.302667 0.326333 0.097333 0.118
2 0.31966700000000003 0.449333 0.112667 0.109333
2 0.412667 0.501333 0.098667 0.098667
3 0.599667 0.499333 0.075333 0.061333
3 0.531333 0.482667 0.072 0.08
2 0.6890000000000001 0.639667 0.115333 0.111333
3 0.5776669999999999 0.623667 0.080667 0.079333
3 0.515667 0.582667 0.082 0.074667
2 0.528667 0.709 0.108 0.124667
2 0.41200000000000003 0.755667 0.133333 0.159333
2 0.31466700000000003 0.650333 0.142667 0.128667
2 0.13233300000000003 0.275333 0.187333 0.197333
2 0.10966699999999996 0.139 0.183333 0.128667
2 0.11766699999999997 0.037333 0.119333 0.062667
2 0.162667 0.620667 0.106667 0.106667
2 0.16133299999999995 0.710333 0.145333 0.080667
2 0.16700000000000004 0.805333 0.131333 0.101333
2 0.17400000000000004 0.920667 0.170667 0.129333
2 0.04833299999999996 0.817333 0.096667 0.094667
3 0.31399999999999995 0.893 0.088 0.071333
3 0.687333 0.897 0.118667 0.079333
3 0.777667 0.843667 0.159333 0.135333
2 0.916333 0.882667 0.119333 0.12
2 0.931333 0.743667 0.128 0.127333
3 0.931667 0.631333 0.091333 0.092
3 0.19866700000000004 0.487 0.077333 0.079333
3 0.04800000000000004 0.91 0.070667 0.088
3 0.04300000000000004 0.73 0.086 0.065333
3 0.7763329999999999 0.752 0.104667 0.090667
0 0.667333 0.756667 0.056 0.054667
0 0.09466699999999995 0.372667 0.085333 0.093333
0 0.820333 0.236 0.114 0.116
0 0.788333 0.344333 0.11 0.104667
3 0.04733299999999996 0.629667 0.094667 0.139333
