2 0.082333 0.736667 0.124667 0.110667
2 0.298333 0.837 0.156667 0.144667
2 0.205333 0.764667 0.109333 0.108
2 0.208 0.888 0.106667 0.128
2 0.395667 0.895667 0.115333 0.140667
2 0.512667 0.942667 0.105333 0.1
2 0.062333 0.851667 0.120667 0.118
2 0.129333 0.855667 0.038667 0.048667
2 0.227333 0.969333 0.073333 0.06
0 0.305667 0.736 0.094 0.104
0 0.652333 0.28200000000000003 0.123333 0.134667
2 0.054333 0.10199999999999998 0.107333 0.204
0 0.191333 0.678667 0.108 0.096
0 0.287667 0.6583330000000001 0.047333 0.038
0 0.805333 0.18600000000000005 0.165333 0.164
2 0.145333 0.09499999999999997 0.146667 0.19
