3 0.836667 0.121 0.158667 0.183333
2 0.692333 0.156 0.119333 0.146667
3 0.562667 0.162667 0.065333 0.069333
2 0.310667 0.073333 0.130667 0.14
2 0.19233299999999998 0.081 0.091333 0.103333
2 0.167667 0.213 0.15 0.152667
2 0.10366699999999995 0.361667 0.152667 0.152667
2 0.139 0.469667 0.082 0.083333
2 0.24233300000000002 0.437333 0.134 0.142667
2 0.24866699999999997 0.331 0.090667 0.080667
2 0.34866699999999995 0.308 0.112 0.109333
2 0.45666700000000005 0.293 0.132 0.146
2 0.592333 0.281667 0.158 0.146
2 0.815333 0.288 0.193333 0.156
2 0.657667 0.39 0.142 0.134667
2 0.768 0.394667 0.06 0.061333
2 0.777333 0.472333 0.097333 0.086
3 0.913667 0.478333 0.112667 0.124667
2 0.5429999999999999 0.422 0.082 0.101333
2 0.5640000000000001 0.501 0.090667 0.082
2 0.45566700000000004 0.52 0.115333 0.125333
2 0.663667 0.486 0.079333 0.062667
2 0.894667 0.858 0.137333 0.162667
2 0.761 0.871333 0.126 0.133333
2 0.741333 0.733667 0.132 0.152667
2 0.654333 0.619333 0.146 0.16
2 0.608 0.739667 0.144 0.195333
2 0.49666699999999997 0.752 0.125333 0.128
2 0.385667 0.772 0.086 0.093333
2 0.477 0.883667 0.119333 0.144667
2 0.615333 0.898333 0.162667 0.168667
2 0.371333 0.904667 0.092 0.105333
2 0.26133300000000004 0.927 0.129333 0.119333
2 0.13533300000000004 0.941333 0.136 0.117333
2 0.134 0.796333 0.12 0.188667
2 0.273 0.776333 0.160667 0.187333
2 0.447333 0.652667 0.173333 0.137333
2 0.305667 0.554667 0.154 0.125333
2 0.42800000000000005 0.175667 0.170667 0.147333
2 0.28433299999999995 0.196 0.083333 0.1
2 0.381667 0.421333 0.146 0.144
3 0.636 0.042 0.065333 0.072
2 0.720333 0.037 0.084667 0.071333
0 0.246 0.627333 0.062667 0.076
0 0.33766700000000005 0.631 0.047333 0.060667
0 0.321333 0.666 0.065333 0.054667
2 0.909 0.650667 0.180667 0.218667
2 0.036667000000000005 0.827667 0.073333 0.127333
2 0.05300000000000005 0.225333 0.103333 0.196
2 0.526 0.066667 0.168 0.125333
2 0.762333 0.959667 0.147333 0.080667
