2 0.083333 0.213333 0.126667 0.188
2 0.206333 0.215667 0.15 0.175333
2 0.276333 0.128 0.112667 0.102667
3 0.334 0.230333 0.097333 0.112667
2 0.088333 0.339333 0.086 0.086667
2 0.194667 0.349667 0.132 0.118
2 0.310333 0.342667 0.111333 0.098667
2 0.424333 0.255 0.094 0.087333
3 0.506333 0.181667 0.078 0.102
2 0.585333 0.057333 0.089333 0.113333
3 0.758667 0.156 0.068 0.074667
2 0.668667 0.132333 0.064 0.05
2 0.647667 0.253667 0.183333 0.179333
2 0.896 0.296333 0.170667 0.188667
2 0.832667 0.424 0.082667 0.08
2 0.855667 0.549667 0.179333 0.182
2 0.826333 0.671 0.146 0.152667
2 0.907 0.821 0.179333 0.147333
2 0.759 0.767 0.114 0.119333
2 0.814667 0.915 0.164 0.159333
2 0.623667 0.755333 0.11 0.090667
2 0.564333 0.848333 0.152667 0.148667
3 0.485333 0.732333 0.141333 0.111333
2 0.699333 0.667 0.113333 0.122
2 0.6 0.638667 0.132 0.124
2 0.502 0.628 0.077333 0.094667
2 0.655333 0.518667 0.165333 0.161333
2 0.696333 0.394 0.086 0.098667
2 0.558333 0.378 0.187333 0.174667
2 0.502333 0.274667 0.052667 0.045333
2 0.417333 0.368333 0.105333 0.122
2 0.175667 0.46 0.103333 0.1
2 0.077333 0.662 0.136 0.106667
3 0.173667 0.566667 0.062 0.068
2 0.239667 0.569667 0.083333 0.086
2 0.401667 0.490667 0.118 0.110667
2 0.524333 0.518333 0.122 0.111333
2 0.421 0.608 0.087333 0.106667
2 0.326667 0.583667 0.101333 0.119333
2 0.332667 0.705333 0.141333 0.124
2 0.152 0.758 0.141333 0.137333
2 0.040333 0.767667 0.074 0.079333
2 0.075 0.867667 0.079333 0.095333
2 0.196667 0.888 0.156 0.172
2 0.312667 0.903667 0.062667 0.084667
2 0.063 0.439 0.09 0.104667
0 0.784667 0.289 0.076 0.108667
0 0.404667 0.937667 0.052 0.05
0 0.419333 0.905 0.057333 0.052667
0 0.773667 0.435 0.039333 0.058
0 0.261 0.754 0.034 0.041333
2 0.903667 0.124667 0.192667 0.158667
2 0.945 0.711667 0.11 0.138
2 0.951 0.562 0.098 0.184
2 0.512333 0.945333 0.135333 0.109333
2 0.643667 0.957667 0.111333 0.076667
2 0.446 0.087333 0.168 0.173333
2 0.059 0.553667 0.116667 0.134
2 0.186 0.052 0.174667 0.102667
2 0.946333 0.928333 0.107333 0.143333
