3 0.823333 0.259 0.122667 0.114
3 0.848333 0.371 0.142 0.126
3 0.736 0.341 0.1 0.116667
3 0.7336670000000001 0.112333 0.087333 0.115333
2 0.64 0.069667 0.125333 0.09
2 0.646667 0.164667 0.102667 0.108
2 0.639667 0.329667 0.140667 0.142
3 0.649667 0.441 0.136667 0.111333
2 0.48866699999999996 0.502333 0.166667 0.155333
2 0.343333 0.486333 0.137333 0.154
3 0.51 0.354 0.134667 0.14
2 0.399 0.321 0.112667 0.126
2 0.24566699999999997 0.456333 0.083333 0.072667
2 0.13866699999999998 0.504333 0.094667 0.082
2 0.14533300000000005 0.397667 0.186667 0.168667
2 0.246 0.295 0.176 0.119333
2 0.276 0.169667 0.202667 0.123333
2 0.5163329999999999 0.064667 0.122 0.105333
2 0.511333 0.171333 0.14 0.130667
2 0.937667 0.463333 0.118 0.094667
3 0.852333 0.528 0.139333 0.134667
2 0.909333 0.916 0.158667 0.125333
3 0.8009999999999999 0.894667 0.067333 0.065333
2 0.832667 0.782333 0.136 0.116667
2 0.842333 0.655333 0.15 0.132
3 0.740667 0.569 0.090667 0.119333
2 0.630667 0.55 0.129333 0.118667
2 0.6126670000000001 0.663667 0.157333 0.112667
3 0.597667 0.774333 0.118 0.122
2 0.5836669999999999 0.907 0.135333 0.131333
2 0.45366700000000004 0.9 0.116667 0.134667
2 0.45899999999999996 0.744333 0.156667 0.159333
2 0.362 0.616 0.094667 0.097333
2 0.253667 0.618667 0.114 0.097333
2 0.11566699999999996 0.623667 0.159333 0.148667
2 0.20599999999999996 0.751 0.168 0.15
2 0.19199999999999995 0.879 0.126667 0.112667
2 0.17333299999999996 0.959333 0.161333 0.081333
2 0.05066700000000002 0.853667 0.101333 0.122
2 0.33099999999999996 0.854 0.154 0.173333
2 0.7130000000000001 0.798667 0.112667 0.118667
2 0.7146669999999999 0.933333 0.138667 0.126667
3 0.9359999999999999 0.302 0.064 0.050667
3 0.653 0.251 0.074 0.060667
3 0.25933300000000004 0.059 0.229333 0.116667
