2 0.807667 0.6946669999999999 0.136667 0.14
2 0.816667 0.563 0.165333 0.143333
2 0.872 0.41133299999999995 0.206667 0.262667
2 0.765333 0.39533300000000005 0.070667 0.108
2 0.659667 0.40433300000000005 0.135333 0.159333
2 0.682667 0.527333 0.061333 0.064
2 0.669333 0.6783330000000001 0.112 0.115333
2 0.5513330000000001 0.751 0.276 0.224667
2 0.5856669999999999 0.900333 0.316667 0.198
2 0.279667 0.858 0.278 0.261333
2 0.07733299999999999 0.864 0.154667 0.241333
1 0.19433299999999998 0.731333 0.218 0.128
1 0.162667 0.620333 0.204 0.191333
2 0.06833299999999998 0.46466700000000005 0.136667 0.133333
2 0.19099999999999995 0.470333 0.116667 0.116667
1 0.32966700000000004 0.515 0.186 0.227333
1 0.5143329999999999 0.531 0.222 0.248667
1 0.43966700000000003 0.34366699999999994 0.239333 0.218
2 0.27433300000000005 0.34566699999999995 0.144667 0.144667
2 0.15200000000000002 0.343333 0.12 0.112
2 0.17100000000000004 0.20666700000000005 0.156667 0.202667
2 0.06799999999999995 0.19599999999999995 0.068 0.096
1 0.30200000000000005 0.20299999999999996 0.102667 0.138
1 0.39933300000000005 0.17733299999999996 0.122667 0.158667
2 0.384667 0.06633299999999998 0.114667 0.108667
2 0.817333 0.125 0.222667 0.184667
2 0.52 0.18866700000000003 0.130667 0.169333
1 0.63 0.250333 0.164 0.184667
2 0.765333 0.258667 0.129333 0.145333
2 0.19166700000000003 0.06599999999999995 0.204667 0.132
2 0.949667 0.17633299999999996 0.099333 0.180667
0 0.502667 0.05266700000000002 0.082667 0.105333
2 0.876667 0.857667 0.245333 0.188667
2 0.929 0.669 0.140667 0.247333
0 0.33999999999999997 0.6663330000000001 0.065333 0.092667
2 0.926333 0.03733299999999995 0.103333 0.074667
