2 0.41800000000000004 0.12 0.101333 0.137333
2 0.321333 0.18300000000000005 0.1 0.106
2 0.27133300000000005 0.238 0.102667 0.104
2 0.20966700000000005 0.278667 0.084667 0.1
2 0.13466699999999998 0.34666699999999995 0.129333 0.130667
2 0.06533299999999997 0.39033300000000004 0.109333 0.112667
2 0.10533300000000001 0.23766699999999996 0.101333 0.112667
2 0.19033299999999997 0.15333300000000005 0.138 0.129333
0 0.414667 0.896 0.078667 0.089333
0 0.527333 0.915333 0.113333 0.105333
0 0.597667 0.867333 0.108667 0.108
0 0.503667 0.8049999999999999 0.108667 0.112667
0 0.577333 0.755667 0.084 0.091333
0 0.529 0.718 0.080667 0.085333
0 0.348 0.943 0.106667 0.112667
0 0.7296670000000001 0.692333 0.068667 0.071333
0 0.703667 0.555667 0.107333 0.123333
0 0.634333 0.636 0.13 0.138667
0 0.769 0.48566699999999996 0.039333 0.042
0 0.958 0.25733300000000003 0.081333 0.076
0 0.8993329999999999 0.31899999999999995 0.074667 0.078
0 0.8466670000000001 0.374333 0.073333 0.076667
0 0.919667 0.399667 0.086 0.098
0 0.838667 0.469333 0.08 0.081333
0 0.646667 0.760333 0.058667 0.064667
0 0.6990000000000001 0.817333 0.108667 0.102667
0 0.809667 0.619667 0.114 0.095333
0 0.904333 0.584333 0.072667 0.092667
0 0.963667 0.5680000000000001 0.071333 0.089333
0 0.874 0.7170000000000001 0.070667 0.079333
0 0.799333 0.85 0.094667 0.077333
0 0.681667 0.947333 0.11 0.104
0 0.7853330000000001 0.956333 0.098667 0.086
0 0.890667 0.921 0.078667 0.064667
0 0.959667 0.780667 0.079333 0.086667
0 0.876667 0.813 0.062667 0.071333
0 0.836667 0.536 0.058667 0.053333
0 0.96 0.685667 0.078667 0.078
0 0.974 0.46666700000000005 0.028 0.034667
0 0.909333 0.46299999999999997 0.022667 0.032667
2 0.28400000000000003 0.06666700000000003 0.170667 0.133333
2 0.11566699999999996 0.06266700000000003 0.147333 0.113333
0 0.491 0.059667000000000026 0.136667 0.119333
0 0.954 0.886 0.062667 0.074667
