3 0.914667 0.162333 0.097333 0.09
2 0.770667 0.258 0.072 0.066667
2 0.866333 0.377667 0.075333 0.076667
3 0.746 0.446667 0.062667 0.064
3 0.874333 0.583667 0.119333 0.115333
2 0.874667 0.725667 0.169333 0.158
2 0.735 0.601333 0.102 0.098667
2 0.630667 0.541667 0.165333 0.220667
2 0.477 0.525 0.151333 0.195333
3 0.488 0.391 0.062667 0.063333
2 0.5349999999999999 0.138333 0.11 0.116667
2 0.341333 0.581333 0.130667 0.144
2 0.255 0.452667 0.155333 0.126667
2 0.25633300000000003 0.300667 0.211333 0.174667
2 0.30133299999999996 0.162 0.166667 0.102667
2 0.30600000000000005 0.065333 0.101333 0.085333
2 0.10333300000000001 0.35 0.129333 0.196
0 0.470333 0.856 0.112667 0.117333
0 0.624 0.702333 0.157333 0.126
0 0.864 0.853333 0.076 0.065333
0 0.79 0.783333 0.081333 0.089333
0 0.717667 0.761333 0.095333 0.096
0 0.25733300000000003 0.967667 0.090667 0.062
0 0.310667 0.693667 0.113333 0.080667
0 0.272 0.751333 0.112 0.072
0 0.09999999999999998 0.671333 0.2 0.224
0 0.057667000000000024 0.89 0.115333 0.206667
0 0.861 0.934333 0.118 0.131333
0 0.530667 0.271667 0.070667 0.066
2 0.07266700000000004 0.073333 0.145333 0.14
2 0.06166700000000003 0.196667 0.123333 0.114667
3 0.964333 0.573667 0.07 0.126
