0 0.805333 0.101333 0.130667 0.141333
0 0.345 0.229 0.236667 0.252667
0 0.761 0.351667 0.07 0.068667
0 0.659667 0.766333 0.080667 0.075333
0 0.295667 0.668 0.104667 0.108
0 0.42933299999999996 0.753333 0.153333 0.18
0 0.47166699999999995 0.874667 0.120667 0.144
0 0.28600000000000003 0.791 0.134667 0.139333
0 0.323333 0.891333 0.126667 0.130667
0 0.18600000000000005 0.661 0.181333 0.164667
0 0.917333 0.314 0.162667 0.190667
0 0.5513330000000001 0.937333 0.141333 0.125333
0 0.626667 0.116 0.116 0.096
0 0.679333 0.227667 0.064 0.066
0 0.579 0.224 0.088667 0.092
0 0.599 0.295667 0.088667 0.079333
0 0.661333 0.318667 0.061333 0.049333
0 0.526667 0.086667 0.074667 0.077333
0 0.483333 0.151667 0.122667 0.13
0 0.884 0.552 0.072 0.048
0 0.19333299999999998 0.500333 0.168 0.156667
0 0.156667 0.38 0.165333 0.12
0 0.09766699999999995 0.261667 0.140667 0.120667
0 0.17166700000000001 0.812667 0.096667 0.144
0 0.07566700000000004 0.631667 0.151333 0.143333
0 0.05400000000000005 0.822667 0.108 0.122667
0 0.44966700000000004 0.605333 0.09 0.114667
0 0.525667 0.607667 0.062 0.063333
0 0.597333 0.669667 0.093333 0.080667
0 0.775 0.730333 0.042 0.040667
0 0.736333 0.723667 0.032667 0.039333
0 0.736333 0.773 0.064667 0.068667
0 0.861 0.813 0.062 0.056667
0 0.7953330000000001 0.560333 0.057333 0.068667
0 0.767667 0.660667 0.062 0.068
0 0.673667 0.673667 0.064667 0.076667
0 0.728333 0.592333 0.054 0.058
0 0.5429999999999999 0.331667 0.075333 0.058
0 0.07499999999999996 0.735 0.106 0.100667
