2 0.951333 0.142 0.090667 0.105333
2 0.862333 0.170333 0.084667 0.082
2 0.884 0.286667 0.122667 0.133333
2 0.752 0.299667 0.136 0.123333
2 0.482 0.222 0.098667 0.076
2 0.579 0.227333 0.076667 0.076
2 0.46966699999999995 0.313667 0.048667 0.054
3 0.609 0.297667 0.075333 0.07
2 0.913333 0.446333 0.130667 0.158
2 0.806333 0.456 0.122 0.108
2 0.766667 0.396333 0.101333 0.094
3 0.703333 0.455333 0.064 0.062667
2 0.629667 0.401333 0.075333 0.065333
2 0.616 0.464333 0.094667 0.080667
2 0.65 0.588 0.168 0.141333
2 0.78 0.591333 0.097333 0.145333
2 0.879 0.59 0.123333 0.134667
2 0.926333 0.720333 0.126 0.123333
2 0.810333 0.741667 0.152667 0.151333
2 0.673667 0.697333 0.118 0.097333
2 0.550667 0.680333 0.109333 0.112667
2 0.49866699999999997 0.587333 0.098667 0.098667
3 0.500667 0.400333 0.061333 0.075333
3 0.517333 0.468667 0.08 0.072
2 0.360333 0.311 0.111333 0.115333
3 0.37633300000000003 0.422333 0.079333 0.080667
3 0.41733299999999995 0.484333 0.074667 0.082
2 0.29100000000000004 0.471333 0.124667 0.108
2 0.24433300000000002 0.588 0.159333 0.133333
2 0.34966699999999995 0.685333 0.128667 0.142667
2 0.724667 0.867667 0.197333 0.187333
2 0.861 0.890333 0.128667 0.183333
2 0.962667 0.882333 0.062667 0.119333
2 0.37933300000000003 0.837333 0.106667 0.106667
2 0.289667 0.838667 0.080667 0.145333
2 0.19466700000000003 0.833 0.101333 0.131333
2 0.07933299999999999 0.826 0.129333 0.170667
2 0.18266700000000002 0.951667 0.094667 0.096667
3 0.10699999999999998 0.686 0.071333 0.088
3 0.10299999999999998 0.312667 0.079333 0.118667
3 0.15633300000000006 0.222333 0.135333 0.159333
2 0.11733300000000002 0.083667 0.12 0.119333
2 0.25633300000000003 0.068667 0.127333 0.128
3 0.36866699999999997 0.068333 0.092 0.091333
3 0.513 0.801333 0.079333 0.077333
3 0.08999999999999997 0.952 0.088 0.070667
3 0.27 0.957 0.065333 0.086
3 0.248 0.223667 0.090667 0.104667
0 0.24333300000000002 0.332667 0.054667 0.056
0 0.6273329999999999 0.905333 0.093333 0.085333
0 0.764 0.179667 0.116 0.114
0 0.655667 0.211667 0.104667 0.11
3 0.370333 0.952667 0.139333 0.094667
