2 0.119 0.888667 0.080667 0.073333
2 0.250667 0.906 0.116 0.125333
2 0.161667 0.677333 0.127333 0.134667
2 0.170667 0.573333 0.065333 0.057333
2 0.30600000000000005 0.76 0.072 0.089333
3 0.499 0.754667 0.086 0.072
2 0.906333 0.796333 0.055333 0.058
2 0.8029999999999999 0.610667 0.148667 0.14
2 0.660667 0.622 0.136 0.165333
2 0.819333 0.748333 0.165333 0.151333
2 0.546 0.522667 0.04 0.044
2 0.554333 0.422667 0.082 0.077333
2 0.6623330000000001 0.426 0.107333 0.137333
2 0.45499999999999996 0.445667 0.042 0.043333
2 0.38333300000000003 0.565667 0.168 0.119333
2 0.35666699999999996 0.453 0.170667 0.142
2 0.224333 0.474333 0.111333 0.15
2 0.08966700000000005 0.486333 0.160667 0.152667
2 0.287667 0.307333 0.143333 0.138667
2 0.43333299999999997 0.304 0.104 0.106667
2 0.286667 0.111 0.138667 0.148667
2 0.155667 0.176333 0.176667 0.182
2 0.41233299999999995 0.06 0.092667 0.094667
2 0.442333 0.171333 0.122 0.138667
2 0.649 0.123667 0.047333 0.064667
2 0.922667 0.070667 0.102667 0.098667
2 0.771 0.114333 0.079333 0.075333
2 0.886 0.375333 0.157333 0.12
2 0.888667 0.928667 0.06 0.065333
2 0.944333 0.713333 0.11 0.137333
0 0.682667 0.834667 0.036 0.044
0 0.743 0.262333 0.059333 0.054
0 0.791667 0.221667 0.048667 0.056667
0 0.742333 0.197667 0.047333 0.059333
0 0.701333 0.177333 0.044 0.049333
0 0.653667 0.217 0.039333 0.042
0 0.565333 0.480333 0.041333 0.040667
2 0.07099999999999995 0.086333 0.140667 0.171333
3 0.030333000000000054 0.879 0.060667 0.084667
3 0.952333 0.214 0.094 0.137333
2 0.963333 0.344667 0.072 0.132
2 0.937 0.493667 0.124667 0.167333
2 0.5573330000000001 0.074 0.162667 0.146667
2 0.047667000000000015 0.333 0.095333 0.194
