2 0.116 0.08 0.12 0.129333
2 0.065333 0.199 0.124 0.124667
2 0.279333 0.145333 0.190667 0.174667
3 0.313333 0.254 0.061333 0.068
3 0.043 0.336333 0.084667 0.116667
3 0.134 0.366333 0.110667 0.098
2 0.145667 0.500333 0.184667 0.158
3 0.093333 0.584 0.068 0.069333
2 0.121333 0.725 0.130667 0.151333
2 0.23 0.654 0.105333 0.104
2 0.173667 0.854333 0.135333 0.15
2 0.280667 0.886667 0.101333 0.125333
2 0.343 0.772 0.11 0.109333
3 0.266 0.519333 0.064 0.068
2 0.368333 0.569667 0.146 0.142
2 0.515333 0.595333 0.170667 0.173333
2 0.557667 0.697667 0.196667 0.163333
2 0.585 0.84 0.154 0.148
2 0.714667 0.884333 0.113333 0.151333
2 0.85 0.749667 0.076 0.09
2 0.883667 0.634 0.151333 0.136
2 0.721 0.733667 0.146 0.155333
2 0.657667 0.595333 0.134 0.132
2 0.771667 0.488667 0.191333 0.188
2 0.889 0.363667 0.162 0.171333
2 0.868667 0.231667 0.105333 0.104667
2 0.937667 0.115667 0.115333 0.127333
2 0.782667 0.118333 0.177333 0.188667
2 0.647667 0.178667 0.183333 0.278667
2 0.574333 0.298333 0.178 0.126
3 0.440667 0.26 0.1 0.102667
2 0.511333 0.427333 0.237333 0.190667
2 0.646 0.44 0.057333 0.078667
3 0.697333 0.365 0.070667 0.062
3 0.367333 0.429 0.058667 0.054
2 0.956 0.814667 0.088 0.086667
3 0.734333 0.232 0.058 0.070667
0 0.938667 0.739 0.084 0.071333
3 0.060333 0.864667 0.100667 0.133333
2 0.582 0.946333 0.250667 0.107333
3 0.946333 0.507 0.103333 0.166
3 0.031667 0.707 0.062 0.112667
3 0.052667 0.947333 0.104 0.105333
