2 0.049667 0.735333 0.095333 0.12
3 0.151667 0.873667 0.119333 0.120667
2 0.165667 0.739 0.139333 0.148667
3 0.169667 0.609 0.078 0.078
3 0.085 0.601 0.052667 0.05
3 0.077 0.519333 0.114 0.096
2 0.09 0.398667 0.14 0.121333
2 0.045667 0.264667 0.048667 0.058667
2 0.122 0.26633300000000004 0.098667 0.118
3 0.272 0.824333 0.068 0.07
3 0.211667 0.22999999999999998 0.086 0.092
2 0.198333 0.499 0.151333 0.15
3 0.230667 0.38133300000000003 0.069333 0.069333
2 0.407333 0.932333 0.125333 0.131333
3 0.401 0.8049999999999999 0.056667 0.044667
2 0.405333 0.705667 0.126667 0.112667
2 0.431333 0.6046670000000001 0.134667 0.133333
2 0.289 0.639667 0.15 0.122
2 0.318333 0.521333 0.119333 0.128
2 0.346333 0.39033300000000004 0.127333 0.126
2 0.365667 0.21266700000000005 0.163333 0.162667
2 0.401667 0.07699999999999996 0.139333 0.119333
2 0.527 0.145667 0.152667 0.143333
2 0.476 0.255667 0.162667 0.118
2 0.467 0.386 0.124667 0.16
2 0.461 0.493 0.148667 0.118
2 0.624 0.8280000000000001 0.233333 0.237333
2 0.527 0.7256670000000001 0.114 0.134
2 0.768667 0.703333 0.166667 0.156
3 0.849 0.786 0.052667 0.045333
2 0.907333 0.6473329999999999 0.149333 0.14
2 0.543333 0.5916669999999999 0.102667 0.107333
2 0.651 0.5700000000000001 0.123333 0.130667
2 0.788667 0.5429999999999999 0.14 0.146
2 0.663 0.432667 0.088667 0.092
2 0.599 0.36 0.166 0.198667
2 0.524333 0.035667000000000004 0.078 0.071333
3 0.698667 0.14633300000000005 0.102667 0.083333
2 0.712333 0.27433300000000005 0.120667 0.124667
2 0.793333 0.42033299999999996 0.166667 0.122
2 0.834667 0.29700000000000004 0.132 0.123333
2 0.832333 0.17533299999999996 0.160667 0.133333
2 0.861667 0.05666700000000002 0.136667 0.113333
1 0.924667 0.512667 0.142667 0.14
2 0.937667 0.29200000000000004 0.124667 0.126667
2 0.964 0.07333299999999998 0.072 0.102667
2 0.258 0.17133299999999996 0.105333 0.114667
2 0.272333 0.321333 0.074 0.089333
2 0.710333 0.05666700000000002 0.167333 0.113333
2 0.276 0.943 0.16 0.112667
2 0.936333 0.393 0.127333 0.114
2 0.954667 0.17800000000000005 0.090667 0.112
2 0.042333 0.86 0.080667 0.125333
