2 0.481 0.816667 0.194 0.214667
2 0.590667 0.756 0.125333 0.161333
2 0.49 0.65 0.190667 0.142667
3 0.508667 0.546 0.074667 0.073333
2 0.842 0.858333 0.092 0.082
3 0.724667 0.7783329999999999 0.062667 0.05
2 0.731667 0.624333 0.19 0.206
2 0.871 0.627667 0.116667 0.154
2 0.872 0.779 0.198667 0.143333
2 0.307333 0.679667 0.166667 0.191333
2 0.284333 0.838333 0.140667 0.122
3 0.295667 0.939333 0.112667 0.097333
2 0.14 0.834667 0.154667 0.137333
2 0.134667 0.667333 0.170667 0.228
2 0.811 0.957 0.095333 0.082
0 0.819667 0.408667 0.247333 0.229333
0 0.694333 0.270667 0.088667 0.086667
0 0.575333 0.484333 0.092 0.083333
0 0.101667 0.346333 0.202 0.220667
0 0.928667 0.093333 0.142667 0.144
0 0.863667 0.250333 0.091333 0.088667
0 0.16 0.119 0.202667 0.215333
0 0.421667 0.06866700000000003 0.091333 0.113333
0 0.512 0.05800000000000005 0.1 0.116
0 0.66 0.05466700000000002 0.065333 0.081333
0 0.759 0.07366700000000004 0.120667 0.119333
0 0.326333 0.207333 0.099333 0.096
0 0.968 0.22099999999999997 0.064 0.092667
2 0.132 0.946333 0.182667 0.106
2 0.948333 0.883 0.103333 0.108667
2 0.040667 0.677 0.08 0.206
