2 0.16733299999999995 0.648 0.102667 0.102667
2 0.30733299999999997 0.660667 0.130667 0.141333
2 0.24033300000000002 0.9103330000000001 0.128667 0.148667
2 0.525667 0.835 0.17 0.138
2 0.580667 0.7010000000000001 0.14 0.155333
2 0.43333299999999997 0.714333 0.152 0.176667
2 0.739 0.707667 0.182 0.186
3 0.879333 0.7106669999999999 0.096 0.108
2 0.767333 0.880667 0.150667 0.14
2 0.925 0.899667 0.143333 0.160667
3 0.730667 0.5696669999999999 0.093333 0.084667
2 0.593 0.554333 0.146 0.148667
2 0.43600000000000005 0.554333 0.154667 0.154
2 0.31233299999999997 0.5023329999999999 0.151333 0.191333
2 0.20066700000000004 0.489333 0.069333 0.070667
2 0.20899999999999996 0.399667 0.055333 0.060667
2 0.42233299999999996 0.40800000000000003 0.151333 0.177333
2 0.5589999999999999 0.42600000000000005 0.15 0.12
2 0.544333 0.283667 0.223333 0.164667
3 0.541667 0.18300000000000005 0.062 0.072667
2 0.6579999999999999 0.19566700000000004 0.101333 0.114
2 0.802667 0.22466699999999995 0.062667 0.086667
2 0.875 0.225333 0.082 0.076
2 0.772 0.06966700000000003 0.065333 0.082
2 0.900667 0.06633299999999998 0.046667 0.058
2 0.274 0.26133300000000004 0.102667 0.109333
3 0.257667 0.14700000000000002 0.180667 0.144667
2 0.287667 0.392 0.066 0.074667
0 0.408667 0.23733300000000002 0.06 0.058667
0 0.38833300000000004 0.17600000000000005 0.107333 0.109333
0 0.145667 0.375667 0.076667 0.088667
0 0.08966700000000005 0.345333 0.059333 0.074667
0 0.14933300000000005 0.277667 0.118667 0.116667
0 0.060667000000000026 0.382 0.038667 0.042667
0 0.15633300000000006 0.798 0.027333 0.034667
0 0.08866700000000005 0.444333 0.056 0.051333
0 0.06866700000000003 0.46866699999999994 0.033333 0.034667
0 0.20699999999999996 0.34266700000000005 0.052667 0.048
0 0.07933299999999999 0.12066699999999997 0.158667 0.164
2 0.43899999999999995 0.909667 0.211333 0.179333
3 0.31366700000000003 0.05466700000000002 0.152667 0.109333
3 0.46799999999999997 0.060667000000000026 0.164 0.117333
2 0.738 0.956333 0.210667 0.086
