2 0.831333 0.942333 0.077333 0.083333
2 0.927 0.8260000000000001 0.124667 0.113333
2 0.708333 0.857667 0.240667 0.247333
2 0.489333 0.933 0.130667 0.122
2 0.369333 0.9 0.057333 0.068
2 0.239 0.898333 0.143333 0.139333
2 0.15000000000000002 0.953333 0.065333 0.068
2 0.06166700000000003 0.856333 0.116667 0.114
2 0.14733300000000005 0.728667 0.132 0.210667
2 0.266667 0.736667 0.098667 0.201333
2 0.360333 0.765667 0.106 0.184667
2 0.490333 0.792667 0.159333 0.177333
2 0.911667 0.6823330000000001 0.15 0.184667
2 0.774 0.687667 0.133333 0.151333
2 0.6513329999999999 0.690333 0.14 0.187333
2 0.519333 0.647667 0.132 0.176667
2 0.381667 0.621 0.146 0.159333
2 0.446333 0.503 0.183333 0.154
3 0.609667 0.505667 0.159333 0.154
2 0.761 0.528 0.154 0.16
2 0.892333 0.5353330000000001 0.124667 0.134667
2 0.872667 0.15800000000000003 0.164 0.177333
2 0.7743329999999999 0.403667 0.119333 0.119333
2 0.7150000000000001 0.276 0.187333 0.153333
2 0.728667 0.135 0.136 0.140667
2 0.556667 0.12866699999999998 0.198667 0.2
2 0.44899999999999995 0.22999999999999998 0.123333 0.109333
2 0.655667 0.39933300000000005 0.123333 0.097333
3 0.554 0.383 0.070667 0.072667
2 0.432667 0.36566699999999996 0.125333 0.107333
2 0.31266700000000003 0.34766699999999995 0.134667 0.154
2 0.29500000000000004 0.205333 0.188667 0.166667
2 0.14300000000000002 0.220333 0.162 0.206
2 0.15833299999999995 0.45099999999999996 0.154 0.139333
2 0.12433300000000003 0.572667 0.172667 0.132
0 0.33499999999999996 0.12166699999999997 0.079333 0.079333
0 0.19099999999999995 0.34766699999999995 0.092667 0.099333
2 0.622 0.9299999999999999 0.150667 0.138667
2 0.06666700000000003 0.32666700000000004 0.133333 0.252
2 0.04066700000000001 0.16200000000000003 0.081333 0.101333
2 0.9319999999999999 0.30400000000000005 0.134667 0.168
2 0.945333 0.436667 0.108 0.149333
3 0.05900000000000005 0.951333 0.108667 0.096
