2 0.081333 0.134 0.122667 0.130667
2 0.206333 0.149667 0.152667 0.156667
2 0.359667 0.147 0.174 0.154
2 0.125667 0.260667 0.111333 0.104
2 0.262333 0.288 0.156667 0.197333
2 0.389667 0.270333 0.108667 0.143333
2 0.514 0.299 0.154667 0.206
2 0.621667 0.096667 0.108667 0.132
2 0.799 0.066667 0.232667 0.128
2 0.761 0.177667 0.182 0.176667
2 0.902667 0.221333 0.162667 0.158667
2 0.861333 0.37 0.168 0.166667
2 0.719 0.322 0.152667 0.129333
2 0.690333 0.460667 0.284667 0.296
2 0.859 0.61 0.194 0.161333
2 0.894333 0.765 0.19 0.156667
2 0.729 0.686667 0.120667 0.161333
2 0.616667 0.690333 0.093333 0.15
2 0.504333 0.673333 0.143333 0.168
2 0.459 0.572667 0.094 0.108
2 0.354 0.668 0.156 0.141333
2 0.360333 0.524667 0.219333 0.224
2 0.214 0.529667 0.090667 0.122
2 0.089333 0.493333 0.169333 0.136
2 0.090667 0.363667 0.170667 0.143333
2 0.124 0.63 0.216 0.186667
2 0.423667 0.774667 0.068667 0.062667
2 0.153667 0.904333 0.214 0.186
2 0.744333 0.901667 0.087333 0.120667
1 0.607667 0.203333 0.07 0.082667
0 0.207667 0.753 0.116667 0.116667
2 0.075 0.781 0.148667 0.176667
2 0.943333 0.511333 0.113333 0.173333
2 0.365667 0.909 0.146 0.182
2 0.548 0.897 0.221333 0.206
