2 0.918667 0.866 0.122667 0.130667
2 0.793667 0.850333 0.152667 0.156667
2 0.640333 0.853 0.174 0.154
2 0.874333 0.739333 0.111333 0.104
2 0.7376670000000001 0.712 0.156667 0.197333
2 0.610333 0.7296670000000001 0.108667 0.143333
2 0.486 0.7010000000000001 0.154667 0.206
2 0.37833300000000003 0.9033329999999999 0.108667 0.132
2 0.20099999999999996 0.933333 0.232667 0.128
2 0.239 0.822333 0.182 0.176667
2 0.097333 0.778667 0.162667 0.158667
2 0.13866699999999998 0.63 0.168 0.166667
2 0.281 0.6779999999999999 0.152667 0.129333
2 0.309667 0.5393330000000001 0.284667 0.296
2 0.14100000000000001 0.39 0.194 0.161333
2 0.10566699999999996 0.235 0.19 0.156667
2 0.271 0.313333 0.120667 0.161333
2 0.38333300000000003 0.309667 0.093333 0.15
2 0.49566699999999997 0.32666700000000004 0.143333 0.168
2 0.5409999999999999 0.42733299999999996 0.094 0.108
2 0.646 0.33199999999999996 0.156 0.141333
2 0.639667 0.475333 0.219333 0.224
2 0.786 0.470333 0.090667 0.122
2 0.910667 0.506667 0.169333 0.136
2 0.909333 0.636333 0.170667 0.143333
2 0.876 0.37 0.216 0.186667
2 0.576333 0.225333 0.068667 0.062667
2 0.846333 0.09566699999999995 0.214 0.186
2 0.255667 0.098333 0.087333 0.120667
1 0.39233300000000004 0.796667 0.07 0.082667
0 0.792333 0.247 0.116667 0.116667
2 0.925 0.21899999999999997 0.148667 0.176667
2 0.05666700000000002 0.48866699999999996 0.113333 0.173333
2 0.634333 0.09099999999999997 0.146 0.182
2 0.45199999999999996 0.10299999999999998 0.221333 0.206
