2 0.847667 0.126333 0.248667 0.204667
2 0.7376670000000001 0.252 0.123333 0.130667
1 0.867667 0.303333 0.222 0.158667
2 0.867667 0.429 0.188667 0.143333
2 0.877333 0.543333 0.086667 0.096
2 0.724333 0.388333 0.114 0.119333
2 0.6906669999999999 0.754333 0.070667 0.074
2 0.823333 0.77 0.158667 0.166667
2 0.940667 0.831333 0.098667 0.125333
2 0.8140000000000001 0.910333 0.170667 0.127333
2 0.5716669999999999 0.898667 0.158 0.162667
2 0.558667 0.768333 0.114667 0.118
2 0.7030000000000001 0.608333 0.043333 0.043333
2 0.564667 0.676667 0.094667 0.068
2 0.5820000000000001 0.570667 0.162667 0.14
2 0.591 0.407667 0.183333 0.196667
2 0.619667 0.308333 0.107333 0.095333
3 0.476 0.457667 0.069333 0.063333
2 0.486333 0.334667 0.104667 0.109333
2 0.494 0.234667 0.08 0.076
2 0.505667 0.118667 0.19 0.174667
2 0.640667 0.114333 0.104 0.114
2 0.424667 0.818 0.161333 0.170667
2 0.26 0.804333 0.224 0.21
2 0.292667 0.625667 0.213333 0.172667
2 0.119 0.703 0.136667 0.143333
2 0.160667 0.571667 0.113333 0.108667
2 0.06699999999999995 0.545 0.126 0.122
2 0.18433299999999997 0.425 0.152667 0.146
2 0.12733300000000003 0.338333 0.041333 0.05
2 0.31133299999999997 0.500333 0.062667 0.051333
2 0.33566700000000005 0.373 0.172667 0.178
2 0.251667 0.268667 0.184667 0.128
3 0.13933300000000004 0.214 0.065333 0.070667
2 0.263 0.168 0.143333 0.104
2 0.274 0.059667 0.129333 0.112667
2 0.15733299999999995 0.063333 0.088 0.092
2 0.44666700000000004 0.602667 0.036 0.034667
0 0.451333 0.694667 0.113333 0.081333
0 0.441333 0.647667 0.038667 0.026
2 0.13133300000000003 0.922667 0.262667 0.153333
2 0.07466700000000004 0.833 0.149333 0.183333
2 0.393667 0.941333 0.194 0.117333
2 0.9410000000000001 0.942333 0.116667 0.111333
2 0.642667 0.948333 0.173333 0.103333
