2 0.881 0.888667 0.080667 0.073333
2 0.749333 0.906 0.116 0.125333
2 0.838333 0.677333 0.127333 0.134667
2 0.829333 0.573333 0.065333 0.057333
2 0.694 0.76 0.072 0.089333
3 0.501 0.754667 0.086 0.072
2 0.093667 0.796333 0.055333 0.058
2 0.197 0.610667 0.148667 0.14
2 0.339333 0.622 0.136 0.165333
2 0.180667 0.748333 0.165333 0.151333
2 0.454 0.522667 0.04 0.044
2 0.445667 0.422667 0.082 0.077333
2 0.337667 0.426 0.107333 0.137333
2 0.545 0.445667 0.042 0.043333
2 0.616667 0.565667 0.168 0.119333
2 0.643333 0.453 0.170667 0.142
2 0.775667 0.474333 0.111333 0.15
2 0.910333 0.486333 0.160667 0.152667
2 0.712333 0.307333 0.143333 0.138667
2 0.566667 0.304 0.104 0.106667
2 0.713333 0.111 0.138667 0.148667
2 0.844333 0.176333 0.176667 0.182
2 0.587667 0.06 0.092667 0.094667
2 0.557667 0.171333 0.122 0.138667
2 0.351 0.123667 0.047333 0.064667
2 0.077333 0.070667 0.102667 0.098667
2 0.229 0.114333 0.079333 0.075333
2 0.114 0.375333 0.157333 0.12
2 0.111333 0.928667 0.06 0.065333
2 0.055667 0.713333 0.11 0.137333
0 0.317333 0.834667 0.036 0.044
0 0.257 0.262333 0.059333 0.054
0 0.208333 0.221667 0.048667 0.056667
0 0.257667 0.197667 0.047333 0.059333
0 0.298667 0.177333 0.044 0.049333
0 0.346333 0.217 0.039333 0.042
0 0.434667 0.480333 0.041333 0.040667
2 0.929 0.086333 0.140667 0.171333
3 0.969667 0.879 0.060667 0.084667
3 0.047667 0.214 0.094 0.137333
2 0.036667 0.344667 0.072 0.132
2 0.063 0.493667 0.124667 0.167333
2 0.442667 0.074 0.162667 0.146667
2 0.952333 0.333 0.095333 0.194
