3 0.449333 0.174 0.092 0.097333
2 0.609333 0.058 0.1 0.109333
2 0.713 0.048333 0.086 0.092667
2 0.832667 0.14 0.138667 0.134667
3 0.698667 0.154 0.114667 0.098667
2 0.542333 0.171333 0.083333 0.069333
3 0.424333 0.268 0.075333 0.070667
2 0.508333 0.266333 0.074 0.092667
3 0.633333 0.259333 0.137333 0.154667
3 0.745333 0.261 0.097333 0.118
3 0.856333 0.255 0.122 0.146
2 0.769 0.392 0.178 0.141333
2 0.539333 0.387 0.169333 0.148667
3 0.409667 0.384667 0.087333 0.104
3 0.297333 0.394 0.093333 0.098667
2 0.195333 0.390667 0.069333 0.069333
3 0.079 0.532333 0.118 0.080667
3 0.089 0.649 0.11 0.096667
3 0.198667 0.526667 0.118667 0.138667
3 0.316 0.526667 0.108 0.138667
3 0.432 0.533 0.124 0.138
2 0.551 0.546667 0.114 0.165333
2 0.679667 0.543 0.147333 0.184667
2 0.815333 0.542667 0.124 0.137333
2 0.885333 0.682 0.164 0.164
3 0.814 0.750667 0.112 0.117333
2 0.923 0.860667 0.154 0.161333
2 0.769667 0.859333 0.160667 0.118667
2 0.6 0.782667 0.145333 0.186667
2 0.699333 0.716667 0.16 0.174667
3 0.519333 0.672667 0.096 0.089333
2 0.111333 0.738667 0.064 0.061333
3 0.12 0.863333 0.108 0.094667
2 0.135333 0.957333 0.074667 0.064
3 0.192667 0.754667 0.074667 0.077333
3 0.3 0.780333 0.168 0.126
2 0.367667 0.835333 0.044667 0.072
3 0.393333 0.679333 0.129333 0.153333
2 0.264 0.663333 0.129333 0.134667
2 0.181333 0.655333 0.06 0.068
0 0.495333 0.755 0.084 0.091333
0 0.471667 0.84 0.13 0.116
0 0.303667 0.32 0.086 0.056
0 0.307 0.27 0.063333 0.050667
0 0.261 0.287333 0.067333 0.061333
0 0.029667 0.860333 0.052667 0.068667
0 0.040667 0.947667 0.074667 0.104667
3 0.260667 0.948333 0.141333 0.103333
