2 0.097 0.834667 0.146 0.154667
2 0.047 0.622 0.09 0.104
2 0.135333 0.661333 0.166667 0.129333
2 0.165 0.553667 0.156667 0.114
2 0.049667 0.513333 0.095333 0.105333
2 0.116333 0.41233299999999995 0.174 0.176667
2 0.149 0.27633300000000005 0.206 0.140667
2 0.142667 0.150667 0.134667 0.117333
2 0.279 0.19733299999999998 0.174 0.204
2 0.206 0.436667 0.102667 0.122667
2 0.371333 0.16733299999999995 0.108 0.117333
2 0.329333 0.31233299999999997 0.102667 0.126
2 0.331667 0.46199999999999997 0.146 0.166667
2 0.423 0.282667 0.082 0.069333
2 0.493667 0.11966699999999997 0.078 0.084667
2 0.533333 0.256 0.132 0.138667
3 0.513 0.36 0.083333 0.068
2 0.632333 0.32566700000000004 0.132667 0.119333
2 0.651 0.23266699999999996 0.09 0.077333
2 0.677333 0.09166700000000005 0.176 0.171333
2 0.807 0.09066700000000005 0.135333 0.181333
2 0.924 0.094333 0.138667 0.156667
3 0.894333 0.229333 0.120667 0.132
2 0.770667 0.21599999999999997 0.142667 0.122667
2 0.773333 0.34566699999999995 0.162667 0.154
2 0.878333 0.35066699999999995 0.086 0.082667
2 0.853333 0.47266699999999995 0.141333 0.133333
2 0.497333 0.481333 0.130667 0.141333
2 0.628 0.467333 0.136 0.122667
2 0.722667 0.517333 0.113333 0.105333
2 0.837 0.591 0.118 0.114
3 0.916667 0.702 0.101333 0.089333
2 0.869667 0.924333 0.114 0.124667
2 0.781667 0.8029999999999999 0.115333 0.084667
2 0.813 0.7006669999999999 0.075333 0.105333
3 0.889333 0.796333 0.069333 0.078
2 0.740667 0.907 0.144 0.123333
2 0.56 0.893 0.166667 0.138
2 0.647667 0.925667 0.136667 0.144667
2 0.594 0.761333 0.142667 0.132
2 0.597667 0.696333 0.094 0.086
2 0.715667 0.6946669999999999 0.127333 0.104
2 0.719667 0.609 0.124667 0.088667
2 0.604667 0.587 0.122667 0.111333
2 0.471333 0.610333 0.144 0.122
2 0.456667 0.732 0.152 0.142667
2 0.440667 0.8416669999999999 0.122667 0.120667
2 0.332333 0.625667 0.132667 0.136667
2 0.277667 0.6990000000000001 0.143333 0.116667
2 0.217 0.8049999999999999 0.124667 0.147333
2 0.335333 0.796333 0.136 0.158
2 0.307333 0.897667 0.158667 0.122
2 0.271333 0.06333299999999997 0.132 0.126667
2 0.413 0.06599999999999995 0.148667 0.132
2 0.076 0.946 0.106667 0.106667
2 0.179667 0.926667 0.17 0.145333
2 0.944333 0.6006670000000001 0.111333 0.148
2 0.959667 0.467333 0.080667 0.110667
2 0.957667 0.35166699999999995 0.084667 0.120667
2 0.044667 0.24533300000000002 0.088 0.168
