2 0.898 0.124667 0.092 0.112
3 0.6699999999999999 0.208 0.074667 0.096
2 0.525667 0.212333 0.147333 0.140667
2 0.45299999999999996 0.103333 0.182 0.174667
2 0.26033300000000004 0.105333 0.196667 0.201333
2 0.12433300000000003 0.102667 0.111333 0.165333
2 0.922667 0.321 0.072 0.078
2 0.838 0.485667 0.069333 0.079333
2 0.742333 0.489333 0.122 0.12
3 0.622 0.528667 0.101333 0.096
2 0.687 0.612667 0.111333 0.105333
2 0.799333 0.718 0.128 0.129333
2 0.760333 0.848 0.155333 0.132
3 0.773 0.951 0.152667 0.098
3 0.6603330000000001 0.852667 0.044667 0.062667
2 0.5549999999999999 0.881667 0.152667 0.138
2 0.581 0.743 0.155333 0.154
2 0.5353330000000001 0.661333 0.072 0.092
2 0.465333 0.754 0.076 0.093333
2 0.43899999999999995 0.654667 0.079333 0.074667
2 0.487 0.550333 0.132667 0.15
2 0.35666699999999996 0.547 0.130667 0.176667
2 0.25433300000000003 0.536667 0.112667 0.172
2 0.13966699999999999 0.557333 0.147333 0.138667
2 0.14300000000000002 0.683 0.120667 0.131333
2 0.272667 0.667 0.172 0.172667
2 0.19299999999999995 0.798333 0.087333 0.087333
2 0.309667 0.788 0.143333 0.144
2 0.39633300000000005 0.874 0.152667 0.18
2 0.229333 0.404667 0.106667 0.092
2 0.099333 0.427333 0.153333 0.137333
2 0.11399999999999999 0.292667 0.132 0.124
2 0.24033300000000002 0.281667 0.120667 0.131333
2 0.376667 0.281667 0.132 0.151333
2 0.5720000000000001 0.343667 0.132 0.152667
2 0.706333 0.351667 0.158 0.224667
2 0.873333 0.838333 0.053333 0.075333
0 0.057667000000000024 0.963667 0.056667 0.052667
2 0.923 0.697667 0.152667 0.164667
2 0.919667 0.559333 0.155333 0.161333
0 0.8356669999999999 0.341333 0.087333 0.088
2 0.938 0.455 0.122667 0.183333
3 0.04466700000000001 0.358667 0.089333 0.102667
3 0.947333 0.845667 0.104 0.143333
