2 0.059333 0.39233300000000004 0.101333 0.099333
2 0.129 0.462333 0.179333 0.154
2 0.111333 0.25333300000000003 0.2 0.202667
2 0.103 0.08899999999999997 0.15 0.143333
2 0.176333 0.136 0.112667 0.132
2 0.243 0.20199999999999996 0.115333 0.133333
2 0.242667 0.30900000000000005 0.104 0.099333
2 0.258667 0.07333299999999998 0.097333 0.137333
2 0.352333 0.08166700000000005 0.126 0.120667
2 0.344 0.19466700000000003 0.106667 0.134667
2 0.425333 0.17866700000000002 0.08 0.102667
2 0.376667 0.34366699999999994 0.122667 0.142
2 0.288 0.38 0.110667 0.102667
2 0.345667 0.485333 0.126 0.122667
2 0.242667 0.531333 0.101333 0.108
2 0.307333 0.6186670000000001 0.164 0.174667
2 0.419667 0.685 0.108667 0.118
2 0.474667 0.530667 0.162667 0.132
2 0.465333 0.407667 0.133333 0.15
2 0.572667 0.45399999999999996 0.136 0.137333
2 0.562 0.34666699999999995 0.101333 0.108
2 0.506 0.268667 0.156 0.130667
2 0.548333 0.17900000000000005 0.087333 0.09
2 0.646333 0.16600000000000004 0.108667 0.110667
2 0.788333 0.13566699999999998 0.154 0.116667
3 0.806 0.04300000000000004 0.113333 0.074
2 0.781667 0.24866699999999997 0.084667 0.098667
2 0.733667 0.30900000000000005 0.086 0.096667
2 0.652 0.343333 0.102667 0.134667
2 0.638 0.525 0.097333 0.120667
2 0.697667 0.577 0.072667 0.078
2 0.774 0.5449999999999999 0.12 0.139333
2 0.702667 0.44699999999999995 0.106667 0.118
2 0.793333 0.39633300000000005 0.1 0.122
2 0.889333 0.517333 0.128 0.156
2 0.922667 0.261667 0.146667 0.094
2 0.820667 0.878 0.098667 0.101333
2 0.877667 0.8160000000000001 0.118 0.102667
2 0.869667 0.723333 0.111333 0.096
2 0.817667 0.642667 0.112667 0.1
2 0.740667 0.685667 0.113333 0.119333
2 0.724 0.793 0.117333 0.112667
2 0.633 0.837 0.102 0.114
2 0.636333 0.7416670000000001 0.091333 0.076667
2 0.650667 0.6579999999999999 0.097333 0.101333
2 0.560667 0.665333 0.093333 0.104
2 0.512 0.774 0.132 0.130667
2 0.914 0.36266699999999996 0.164 0.165333
0 0.724333 0.902333 0.136667 0.131333
2 0.948333 0.644 0.103333 0.141333
2 0.932333 0.15533300000000005 0.135333 0.121333
2 0.927 0.05933299999999997 0.144667 0.118667
