2 0.245333 0.097667 0.136 0.17
2 0.382 0.117 0.142667 0.222
2 0.158333 0.203667 0.21 0.151333
3 0.179333 0.322667 0.168 0.125333
2 0.324333 0.324 0.088667 0.1
3 0.174667 0.483667 0.166667 0.196667
3 0.298 0.506 0.110667 0.194667
2 0.436 0.481667 0.16 0.195333
2 0.402 0.637 0.177333 0.151333
3 0.283333 0.746333 0.148 0.162
3 0.087333 0.838667 0.16 0.165333
2 0.515333 0.782333 0.226667 0.203333
2 0.821 0.91 0.19 0.18
2 0.938333 0.804333 0.122 0.111333
2 0.848667 0.697 0.134667 0.19
2 0.685333 0.684333 0.194667 0.218
2 0.850667 0.531 0.192 0.160667
3 0.623667 0.526333 0.198 0.182
2 0.880667 0.395333 0.190667 0.129333
2 0.642333 0.367 0.144667 0.127333
3 0.506667 0.363667 0.101333 0.095333
3 0.457667 0.234 0.155333 0.169333
3 0.593 0.243333 0.118 0.161333
3 0.701333 0.248333 0.112 0.179333
2 0.835333 0.247 0.156 0.192667
2 0.945333 0.262 0.109333 0.156
2 0.931667 0.132333 0.115333 0.111333
2 0.673 0.105333 0.175333 0.121333
3 0.517333 0.091 0.146667 0.143333
0 0.17 0.706 0.112 0.116
0 0.557333 0.910667 0.076 0.066667
0 0.282667 0.249667 0.062667 0.05
0 0.055667 0.47 0.11 0.156
2 0.949333 0.668333 0.101333 0.182
2 0.118667 0.083 0.129333 0.164667
2 0.953333 0.926 0.093333 0.142667
3 0.897333 0.051 0.122667 0.100667
3 0.045333 0.597 0.086667 0.127333
3 0.114333 0.945333 0.144667 0.109333
