2 0.062333 0.171333 0.118 0.205333
2 0.240333 0.072667 0.176667 0.144
2 0.190333 0.206667 0.179333 0.196
2 0.350667 0.226667 0.189333 0.174667
2 0.480333 0.133333 0.120667 0.129333
2 0.628667 0.102667 0.133333 0.126667
2 0.577667 0.259 0.21 0.219333
2 0.738333 0.26 0.15 0.264
2 0.887333 0.267 0.162667 0.236667
2 0.893 0.428667 0.148667 0.137333
2 0.621667 0.417667 0.106 0.104667
2 0.452 0.386 0.228 0.265333
2 0.303333 0.376 0.092 0.104
2 0.184 0.363 0.153333 0.152667
2 0.062333 0.342333 0.115333 0.147333
2 0.182667 0.533 0.153333 0.198
2 0.337 0.532333 0.178 0.211333
2 0.582667 0.557 0.164 0.15
2 0.732 0.569 0.16 0.21
2 0.857333 0.581667 0.133333 0.156667
2 0.954333 0.599 0.09 0.15
2 0.861333 0.743333 0.213333 0.177333
2 0.717333 0.858 0.172 0.148
2 0.827 0.868333 0.075333 0.083333
2 0.607667 0.925 0.086 0.111333
2 0.492333 0.928667 0.139333 0.134667
2 0.348667 0.903 0.142667 0.191333
2 0.651 0.700333 0.15 0.172667
2 0.494667 0.728667 0.165333 0.196
2 0.459667 0.561333 0.076667 0.072
2 0.261333 0.76 0.137333 0.156
2 0.117333 0.758333 0.153333 0.148667
2 0.101 0.656667 0.180667 0.145333
2 0.146333 0.872667 0.080667 0.08
3 0.251 0.874333 0.064667 0.080667
0 0.407333 0.665667 0.061333 0.072667
0 0.56 0.853 0.072 0.086
2 0.905 0.084333 0.19 0.167333
3 0.941333 0.887667 0.117333 0.179333
2 0.062 0.51 0.122667 0.2
2 0.738333 0.963667 0.131333 0.072667
