2 0.082 0.144333 0.148 0.218
2 0.353333 0.057333 0.092 0.102667
2 0.427 0.155333 0.106 0.129333
2 0.328333 0.169333 0.114 0.170667
1 0.229333 0.158667 0.098667 0.166667
2 0.582667 0.123333 0.150667 0.106667
2 0.734667 0.117333 0.14 0.133333
1 0.829333 0.137 0.109333 0.115333
2 0.947333 0.163667 0.098667 0.151333
2 0.859 0.217667 0.114 0.079333
2 0.827667 0.304 0.143333 0.134667
2 0.742333 0.232667 0.103333 0.1
1 0.641 0.245333 0.147333 0.134667
2 0.541667 0.195667 0.143333 0.123333
2 0.478 0.277 0.173333 0.147333
2 0.638667 0.339333 0.134667 0.1
1 0.752 0.396 0.193333 0.170667
1 0.641 0.502333 0.180667 0.146
1 0.572333 0.428333 0.128667 0.142
2 0.461 0.39 0.115333 0.112
2 0.372 0.341333 0.104 0.121333
2 0.267333 0.323333 0.125333 0.142667
2 0.085667 0.347667 0.152667 0.152667
2 0.185667 0.406667 0.15 0.148
2 0.275667 0.474 0.106 0.116
2 0.376333 0.462333 0.120667 0.123333
2 0.432667 0.549667 0.150667 0.135333
2 0.567333 0.636 0.213333 0.232
2 0.398667 0.648333 0.129333 0.11
2 0.318 0.563 0.090667 0.088667
1 0.194333 0.576 0.19 0.188
2 0.078667 0.519333 0.133333 0.129333
2 0.250667 0.764333 0.196 0.198
1 0.251 0.902 0.116667 0.1
2 0.389667 0.854333 0.147333 0.183333
2 0.477 0.744 0.15 0.137333
1 0.114667 0.801667 0.089333 0.139333
1 0.069667 0.899667 0.118 0.115333
1 0.913667 0.055333 0.172667 0.109333
2 0.06 0.787 0.118667 0.147333
2 0.234667 0.037333 0.141333 0.070667
2 0.526667 0.054 0.176 0.106667
0 0.96 0.871333 0.077333 0.082667
0 0.962667 0.953667 0.074667 0.092667
