2 0.9033329999999999 0.924667 0.125333 0.144
2 0.838333 0.84 0.108667 0.092
2 0.882667 0.750333 0.174667 0.198
2 0.749 0.755 0.114 0.155333
2 0.671 0.843333 0.154 0.168
2 0.529 0.844 0.151333 0.174667
2 0.634 0.718667 0.102667 0.101333
2 0.505 0.681667 0.15 0.155333
2 0.37633300000000003 0.683 0.131333 0.15
2 0.429667 0.5549999999999999 0.191333 0.152667
2 0.501667 0.46499999999999997 0.148667 0.124667
2 0.547667 0.38033300000000003 0.078 0.078
2 0.6493329999999999 0.382667 0.066667 0.069333
2 0.6986669999999999 0.499 0.142667 0.138
2 0.642333 0.591333 0.178 0.169333
2 0.890333 0.616333 0.128667 0.114
2 0.964 0.592333 0.068 0.083333
2 0.776667 0.6226670000000001 0.098667 0.101333
2 0.909 0.487333 0.111333 0.130667
2 0.811333 0.481333 0.101333 0.166667
3 0.909 0.378667 0.100667 0.094667
3 0.817333 0.286667 0.1 0.098667
2 0.706 0.279 0.1 0.119333
2 0.613333 0.26633300000000004 0.094667 0.106
2 0.763333 0.18566700000000003 0.130667 0.139333
2 0.894 0.167667 0.102667 0.114
2 0.819333 0.08133299999999999 0.096 0.1
2 0.614 0.136 0.201333 0.202667
2 0.494 0.247 0.136 0.144667
2 0.43899999999999995 0.356333 0.112667 0.155333
2 0.337333 0.361333 0.104 0.178667
2 0.37633300000000003 0.24566699999999997 0.079333 0.078
2 0.364333 0.12 0.116667 0.129333
3 0.255667 0.10799999999999998 0.107333 0.136
2 0.13966699999999999 0.08999999999999997 0.139333 0.158667
2 0.049000000000000044 0.207333 0.098 0.142667
2 0.166667 0.213333 0.129333 0.128
2 0.233333 0.349 0.132 0.143333
3 0.156667 0.35666699999999996 0.068 0.069333
2 0.11033300000000001 0.430667 0.114 0.104
2 0.09599999999999997 0.542 0.137333 0.109333
2 0.22299999999999998 0.536667 0.058 0.062667
2 0.18466700000000003 0.648 0.148 0.133333
3 0.07366700000000004 0.64 0.092667 0.094667
2 0.11599999999999999 0.771667 0.105333 0.15
2 0.250667 0.788667 0.182667 0.161333
2 0.331333 0.903 0.077333 0.079333
2 0.19666700000000004 0.904667 0.164 0.16
2 0.07766700000000004 0.903667 0.095333 0.127333
2 0.266667 0.452333 0.057333 0.078
2 0.702 0.949333 0.124 0.1
0 0.399 0.882333 0.022 0.026
0 0.429667 0.868 0.047333 0.041333
0 0.243 0.21999999999999997 0.035333 0.04
0 0.47466699999999995 0.09666699999999995 0.064 0.050667
0 0.49866699999999997 0.134 0.028 0.036
2 0.946333 0.10066699999999995 0.106 0.133333
2 0.956333 0.23099999999999998 0.086 0.11
2 0.979 0.5083329999999999 0.040667 0.086
2 0.020000000000000018 0.527333 0.04 0.077333
