2 0.873667 0.152333 0.204667 0.248667
2 0.748 0.262333 0.130667 0.123333
1 0.6966669999999999 0.132333 0.158667 0.222
2 0.571 0.132333 0.143333 0.188667
2 0.45666700000000005 0.122667 0.096 0.086667
2 0.611667 0.275667 0.119333 0.114
2 0.24566699999999997 0.309333 0.074 0.070667
2 0.22999999999999998 0.176667 0.166667 0.158667
2 0.168667 0.059333 0.125333 0.098667
2 0.08966700000000005 0.186 0.127333 0.170667
2 0.101333 0.428333 0.162667 0.158
2 0.23166699999999996 0.441333 0.118 0.114667
2 0.391667 0.297 0.043333 0.043333
2 0.323333 0.435333 0.068 0.094667
2 0.42933299999999996 0.418 0.14 0.162667
2 0.592333 0.409 0.196667 0.183333
2 0.691667 0.380333 0.095333 0.107333
3 0.542333 0.524 0.063333 0.069333
2 0.665333 0.513667 0.109333 0.104667
2 0.765333 0.506 0.076 0.08
2 0.881333 0.494333 0.174667 0.19
2 0.885667 0.359333 0.114 0.104
2 0.18200000000000005 0.575333 0.170667 0.161333
2 0.19566700000000004 0.74 0.21 0.224
2 0.374333 0.707333 0.172667 0.213333
2 0.29700000000000004 0.881 0.143333 0.136667
2 0.42833299999999996 0.839333 0.108667 0.113333
2 0.45499999999999996 0.933 0.122 0.126
2 0.575 0.815667 0.146 0.152667
2 0.661667 0.872667 0.05 0.041333
2 0.499667 0.688667 0.051333 0.062667
2 0.627 0.664333 0.178 0.172667
2 0.731333 0.748333 0.128 0.184667
3 0.786 0.860667 0.070667 0.065333
2 0.832 0.737 0.104 0.143333
2 0.940333 0.726 0.112667 0.129333
2 0.936667 0.842667 0.092 0.088
2 0.39733300000000005 0.553333 0.034667 0.036
0 0.30533299999999997 0.548667 0.081333 0.113333
0 0.352333 0.558667 0.026 0.038667
2 0.07733299999999999 0.868667 0.153333 0.262667
2 0.16700000000000004 0.925333 0.183333 0.149333
2 0.058667000000000025 0.606333 0.117333 0.194
2 0.057667000000000024 0.059 0.111333 0.116667
2 0.05166700000000002 0.357333 0.103333 0.173333
