2 0.548 0.922667 0.174667 0.142667
2 0.22699999999999998 0.915333 0.180667 0.165333
2 0.33399999999999996 0.825333 0.153333 0.196
2 0.447333 0.786667 0.101333 0.137333
2 0.540333 0.803667 0.115333 0.139333
2 0.662667 0.837 0.162667 0.172667
2 0.852 0.754 0.205333 0.169333
2 0.632 0.693333 0.132 0.129333
2 0.5263329999999999 0.665 0.112667 0.147333
2 0.405667 0.64 0.151333 0.161333
2 0.46466700000000005 0.534333 0.228 0.134
2 0.682667 0.599667 0.189333 0.183333
2 0.834667 0.606 0.145333 0.137333
1 0.853 0.48166699999999996 0.120667 0.122
1 0.736667 0.45799999999999996 0.128 0.136
2 0.626333 0.44899999999999995 0.118 0.138
2 0.501667 0.433667 0.148667 0.120667
2 0.527667 0.304667 0.151333 0.162667
2 0.656667 0.32466700000000004 0.129333 0.128
1 0.7763329999999999 0.353 0.143333 0.123333
2 0.897667 0.33866700000000005 0.119333 0.174667
1 0.786667 0.23166699999999996 0.166667 0.144667
1 0.630667 0.211333 0.193333 0.134667
1 0.762667 0.08999999999999997 0.16 0.169333
1 0.611 0.07533299999999998 0.176667 0.145333
2 0.806333 0.919333 0.119333 0.16
2 0.6966669999999999 0.954667 0.098667 0.089333
0 0.17033299999999996 0.170667 0.162 0.141333
0 0.15600000000000003 0.053332999999999964 0.166667 0.106667
2 0.944 0.625 0.110667 0.143333
2 0.953 0.49566699999999997 0.092667 0.144667
2 0.935667 0.19533299999999998 0.127333 0.170667
2 0.912667 0.06399999999999995 0.173333 0.126667
2 0.897667 0.954333 0.091333 0.09
