2 0.905 0.066667 0.180667 0.126667
2 0.9083330000000001 0.210333 0.182 0.180667
2 0.752333 0.192333 0.183333 0.188667
2 0.744333 0.075 0.114 0.107333
2 0.619333 0.130667 0.169333 0.206667
2 0.44366700000000003 0.125667 0.156667 0.147333
2 0.385667 0.223 0.103333 0.111333
3 0.46566700000000005 0.297333 0.040667 0.042667
2 0.13766699999999998 0.109 0.140667 0.13
2 0.23566699999999996 0.289667 0.114 0.108667
3 0.13633300000000004 0.240333 0.074 0.062
2 0.12533300000000003 0.348 0.148 0.12
2 0.246 0.461 0.062667 0.056667
3 0.13166699999999998 0.473667 0.142 0.126
3 0.11266699999999996 0.6 0.126667 0.114667
3 0.12833300000000003 0.710667 0.112667 0.105333
3 0.23833300000000002 0.772333 0.108667 0.098
3 0.24566699999999997 0.664667 0.119333 0.105333
3 0.230333 0.562 0.111333 0.094667
3 0.354333 0.784667 0.084667 0.078667
2 0.343333 0.889333 0.114667 0.133333
2 0.368333 0.607 0.076667 0.082
3 0.46566700000000005 0.519 0.076667 0.088667
2 0.38433300000000004 0.506333 0.096667 0.108667
2 0.470333 0.615667 0.067333 0.063333
2 0.466333 0.832667 0.094 0.108
2 0.601 0.384 0.155333 0.153333
2 0.578667 0.505 0.058667 0.055333
2 0.580333 0.603667 0.119333 0.124667
2 0.632667 0.682 0.130667 0.093333
2 0.562 0.745667 0.105333 0.084667
2 0.624667 0.784667 0.141333 0.112
2 0.584333 0.880333 0.099333 0.079333
3 0.778 0.844 0.096 0.094667
2 0.91 0.853333 0.157333 0.128
2 0.885667 0.741 0.122 0.100667
2 0.891333 0.646333 0.128 0.088667
2 0.898333 0.547 0.108667 0.112667
2 0.7456670000000001 0.391667 0.119333 0.098
2 0.757333 0.471667 0.076 0.058
2 0.7683329999999999 0.555 0.143333 0.108667
2 0.759333 0.659333 0.084 0.069333
2 0.767667 0.752333 0.114 0.088667
0 0.42900000000000005 0.748333 0.059333 0.07
0 0.895333 0.430333 0.093333 0.076667
0 0.08766700000000005 0.852 0.054 0.057333
2 0.13533300000000004 0.915333 0.18 0.169333
2 0.784 0.952667 0.121333 0.094667
2 0.914 0.961667 0.130667 0.076667
