2 0.08333299999999999 0.579333 0.142667 0.14
2 0.163667 0.493333 0.115333 0.098667
2 0.05900000000000005 0.45366700000000004 0.103333 0.116667
2 0.226333 0.45366700000000004 0.120667 0.116667
2 0.27233300000000005 0.38933300000000004 0.120667 0.098667
2 0.13366699999999998 0.376 0.15 0.130667
2 0.36666699999999997 0.334333 0.109333 0.13
2 0.43600000000000005 0.231333 0.154667 0.197333
2 0.231333 0.242 0.189333 0.209333
2 0.11033300000000001 0.15800000000000003 0.119333 0.110667
2 0.07499999999999996 0.24366699999999997 0.143333 0.148667
2 0.506 0.12033300000000002 0.1 0.119333
2 0.17833299999999996 0.10166699999999995 0.108667 0.098
2 0.28533299999999995 0.11833300000000002 0.108 0.09
2 0.357 0.07333299999999998 0.118 0.125333
0 0.975 0.442333 0.048667 0.060667
0 0.906333 0.45499999999999996 0.086 0.079333
0 0.853 0.521667 0.076667 0.079333
0 0.7969999999999999 0.575333 0.078 0.082667
0 0.873 0.604 0.086 0.1
0 0.722333 0.685667 0.046 0.047333
0 0.656667 0.764667 0.105333 0.121333
0 0.5856669999999999 0.842 0.13 0.144
0 0.683333 0.896 0.066667 0.074667
0 0.795667 0.675667 0.068667 0.086
0 0.527333 0.962667 0.090667 0.073333
0 0.823667 0.920333 0.076667 0.084667
0 0.8566670000000001 0.7893330000000001 0.074667 0.096
0 0.925333 0.773 0.1 0.092667
0 0.76 0.825667 0.116 0.092667
0 0.944667 0.5263329999999999 0.109333 0.096667
0 0.937667 0.603 0.060667 0.056667
0 0.923 0.675667 0.038 0.067333
0 0.945333 0.398 0.06 0.054667
2 0.5986670000000001 0.08533299999999999 0.168 0.170667
0 0.917 0.887667 0.086 0.079333
0 0.482 0.916667 0.072 0.08
0 0.7873330000000001 0.74 0.056 0.052
0 0.862333 0.669 0.034 0.031333
2 0.04633299999999996 0.093333 0.092667 0.101333
