1 0.192333 0.087333 0.094 0.068
1 0.322 0.085333 0.168 0.1
2 0.375667 0.215667 0.151333 0.196667
1 0.25 0.210333 0.112 0.214
2 0.148667 0.181 0.093333 0.172667
2 0.060333 0.156 0.116667 0.210667
1 0.529333 0.142 0.129333 0.122667
2 0.512667 0.260667 0.14 0.137333
2 0.638667 0.142667 0.101333 0.109333
1 0.669 0.052 0.119333 0.097333
2 0.721333 0.149 0.072 0.094
2 0.823 0.146333 0.136667 0.180667
2 0.937 0.153333 0.126 0.145333
1 0.897333 0.285667 0.165333 0.140667
2 0.743 0.272667 0.118 0.166667
1 0.629333 0.271333 0.106667 0.164
2 0.795 0.390667 0.155333 0.116
2 0.901667 0.520667 0.154 0.109333
2 0.895 0.633667 0.178 0.122
2 0.893333 0.821333 0.132 0.166667
2 0.731 0.504667 0.214 0.177333
2 0.746 0.620667 0.124 0.101333
2 0.769333 0.708 0.134667 0.098667
1 0.8 0.791333 0.101333 0.104
2 0.805 0.917667 0.147333 0.143333
2 0.673 0.922667 0.119333 0.133333
2 0.55 0.908 0.124 0.096
2 0.545 0.801 0.152667 0.146
1 0.684667 0.808667 0.121333 0.133333
1 0.631667 0.665667 0.148667 0.155333
2 0.515333 0.709333 0.098667 0.090667
2 0.525667 0.595333 0.144667 0.14
2 0.553333 0.510667 0.158667 0.137333
2 0.540333 0.398333 0.146 0.138
1 0.428333 0.386667 0.142 0.172
2 0.385667 0.459 0.147333 0.152667
1 0.414 0.598 0.088 0.101333
2 0.33 0.594667 0.094667 0.092
2 0.411667 0.687333 0.108667 0.096
1 0.395 0.797333 0.180667 0.133333
2 0.277333 0.781 0.097333 0.091333
1 0.300667 0.691333 0.12 0.098667
2 0.200333 0.671333 0.082 0.066667
2 0.183333 0.764 0.114667 0.130667
2 0.298 0.873333 0.122667 0.098667
2 0.189 0.874 0.092667 0.084
2 0.089667 0.881333 0.122 0.134667
2 0.087 0.759333 0.080667 0.096
2 0.207667 0.577 0.134 0.119333
2 0.121333 0.578333 0.066667 0.111333
2 0.052667 0.567 0.093333 0.111333
2 0.042333 0.451333 0.075333 0.096
2 0.109667 0.442667 0.082 0.112
2 0.187333 0.453667 0.093333 0.123333
2 0.268667 0.452 0.097333 0.148
2 0.180667 0.344333 0.137333 0.084667
2 0.096333 0.332667 0.19 0.156
2 0.335667 0.937333 0.191333 0.125333
2 0.93 0.407 0.133333 0.163333
