1 0.281667 0.717667 0.091333 0.083333
2 0.255667 0.825667 0.123333 0.122
1 0.10166699999999995 0.851333 0.202 0.145333
2 0.356 0.897333 0.098667 0.129333
1 0.140667 0.391667 0.093333 0.098
2 0.147667 0.290333 0.176667 0.118
2 0.17333299999999996 0.180667 0.205333 0.121333
2 0.17866700000000002 0.075 0.194667 0.128667
2 0.271 0.382667 0.19 0.2
1 0.399667 0.461667 0.139333 0.114
2 0.388 0.589667 0.14 0.15
2 0.54 0.8 0.130667 0.142667
2 0.475333 0.863333 0.114667 0.1
2 0.551667 0.580333 0.184667 0.212667
2 0.724 0.621333 0.068 0.064
2 0.812 0.809 0.144 0.17
2 0.736 0.931 0.169333 0.135333
2 0.723333 0.543 0.108 0.095333
2 0.821667 0.543333 0.088667 0.070667
2 0.862333 0.441 0.114 0.116667
2 0.744667 0.448667 0.124 0.098667
2 0.647 0.401667 0.114 0.151333
2 0.542667 0.390333 0.125333 0.151333
2 0.417667 0.243333 0.199333 0.162667
2 0.40933299999999995 0.119333 0.136 0.137333
2 0.543667 0.094 0.175333 0.177333
2 0.562 0.245667 0.141333 0.146
2 0.6703330000000001 0.283333 0.111333 0.101333
2 0.6699999999999999 0.188 0.104 0.105333
2 0.7913330000000001 0.121667 0.205333 0.180667
1 0.790667 0.252 0.14 0.108
2 0.778 0.355 0.137333 0.111333
2 0.900333 0.285333 0.09 0.102667
2 0.924667 0.159 0.144 0.15
0 0.950667 0.871 0.077333 0.060667
0 0.923333 0.792333 0.142667 0.116667
0 0.341333 0.128333 0.101333 0.107333
0 0.25433300000000003 0.597333 0.118 0.116
0 0.10966699999999996 0.520333 0.128667 0.13
0 0.12533300000000003 0.724333 0.218667 0.186
0 0.43500000000000005 0.707667 0.159333 0.128667
0 0.574667 0.695 0.110667 0.106
0 0.636333 0.811667 0.099333 0.123333
0 0.7110000000000001 0.714333 0.087333 0.083333
0 0.816333 0.652333 0.074 0.078
2 0.07599999999999996 0.952 0.152 0.093333
2 0.963333 0.702333 0.072 0.092667
2 0.046667000000000014 0.276667 0.093333 0.121333
2 0.048667000000000016 0.397667 0.097333 0.126
2 0.04800000000000004 0.164333 0.096 0.115333
2 0.226333 0.940667 0.160667 0.118667
2 0.504667 0.942333 0.22 0.115333
2 0.96 0.617333 0.078667 0.085333
2 0.941333 0.509 0.116 0.152667
