0 0.496 0.743 0.312 0.252667
0 0.44666700000000004 0.44899999999999995 0.181333 0.123333
0 0.895667 0.503667 0.055333 0.055333
0 0.841333 0.501667 0.050667 0.051333
0 0.762333 0.523667 0.112667 0.119333
0 0.656 0.5223329999999999 0.136 0.132667
0 0.556667 0.444333 0.084 0.080667
0 0.908667 0.11833300000000002 0.1 0.103333
0 0.838667 0.07933299999999999 0.070667 0.066667
0 0.825333 0.138 0.068 0.065333
0 0.7703329999999999 0.17466700000000002 0.072667 0.065333
0 0.8566670000000001 0.19933299999999998 0.08 0.077333
0 0.6553329999999999 0.16033299999999995 0.142667 0.160667
0 0.959333 0.26133300000000004 0.069333 0.057333
0 0.910667 0.43633299999999997 0.057333 0.067333
0 0.813333 0.5836669999999999 0.093333 0.088667
0 0.878 0.26633300000000004 0.072 0.063333
0 0.812 0.267 0.084 0.106
0 0.7106669999999999 0.278 0.128 0.137333
0 0.961 0.33666700000000005 0.076667 0.084
0 0.889 0.34566699999999995 0.074 0.100667
0 0.724 0.38933300000000004 0.057333 0.061333
0 0.693667 0.45499999999999996 0.087333 0.078
0 0.652333 0.40800000000000003 0.084667 0.074667
0 0.673333 0.35 0.098667 0.090667
0 0.567333 0.323333 0.138667 0.182667
0 0.462333 0.20299999999999996 0.238 0.27
0 0.842667 0.42333299999999996 0.08 0.106667
0 0.786333 0.377667 0.067333 0.078
0 0.779 0.43799999999999994 0.066 0.065333
0 0.7090000000000001 0.601667 0.086 0.087333
0 0.6553329999999999 0.6453329999999999 0.112 0.092
0 0.740333 0.11266699999999996 0.103333 0.074667
0 0.682667 0.08899999999999997 0.113333 0.108667
0 0.809667 0.724 0.13 0.206667
0 0.7216670000000001 0.725333 0.147333 0.178667
0 0.719333 0.862333 0.170667 0.11
0 0.611333 0.845667 0.065333 0.091333
0 0.913 0.7026669999999999 0.159333 0.161333
0 0.924667 0.8180000000000001 0.149333 0.144
0 0.738333 0.945667 0.162 0.107333
0 0.903 0.5473330000000001 0.03 0.025333
0 0.488 0.570667 0.250667 0.197333
0 0.9299999999999999 0.942 0.136 0.114667
2 0.06233299999999997 0.433667 0.124667 0.155333
0 0.523 0.04533299999999996 0.080667 0.086667
0 0.579 0.949 0.144667 0.100667
