2 0.795 0.080333 0.160667 0.138
3 0.6819999999999999 0.108667 0.088 0.108
3 0.8376669999999999 0.178333 0.112667 0.114
3 0.724333 0.197667 0.122 0.111333
2 0.943667 0.290667 0.106 0.144
2 0.836333 0.305333 0.112667 0.142667
2 0.727 0.310667 0.111333 0.134667
3 0.599333 0.196333 0.125333 0.111333
2 0.47666699999999995 0.113667 0.165333 0.162
2 0.268 0.145333 0.154667 0.170667
2 0.15033300000000005 0.147 0.083333 0.115333
2 0.10966699999999996 0.287667 0.164667 0.180667
3 0.24766699999999997 0.267 0.088667 0.096667
3 0.372 0.234333 0.106667 0.09
3 0.47766699999999995 0.216333 0.115333 0.064667
2 0.379 0.328333 0.143333 0.114
2 0.501333 0.317667 0.118667 0.148667
2 0.613667 0.319667 0.118 0.147333
3 0.881 0.524667 0.119333 0.118667
3 0.788667 0.523333 0.073333 0.098667
3 0.6990000000000001 0.531667 0.116667 0.112667
2 0.6026670000000001 0.444667 0.145333 0.128
3 0.502 0.444333 0.066667 0.087333
2 0.394 0.464333 0.133333 0.180667
2 0.277 0.454667 0.106 0.156
2 0.16400000000000003 0.487667 0.134667 0.211333
2 0.05900000000000005 0.485 0.108667 0.191333
3 0.12866699999999998 0.686667 0.097333 0.092
3 0.16100000000000003 0.774667 0.123333 0.101333
2 0.06433299999999997 0.797667 0.078 0.096667
2 0.152667 0.898667 0.170667 0.166667
2 0.267667 0.828 0.083333 0.092
2 0.365333 0.831667 0.112 0.104667
2 0.366 0.748333 0.094667 0.071333
2 0.340333 0.670667 0.140667 0.098667
2 0.275667 0.620667 0.163333 0.162667
2 0.48166699999999996 0.578333 0.187333 0.142
2 0.49466699999999997 0.677667 0.137333 0.120667
2 0.481333 0.830667 0.164 0.136
2 0.489 0.940333 0.154 0.116667
2 0.837333 0.924667 0.124 0.134667
2 0.623667 0.865 0.148667 0.135333
2 0.581333 0.745 0.102667 0.086
2 0.614 0.635 0.126667 0.15
2 0.702 0.740667 0.136 0.125333
2 0.845667 0.714333 0.148667 0.178
2 0.750667 0.633667 0.161333 0.119333
2 0.348 0.946 0.097333 0.105333
2 0.9410000000000001 0.929667 0.116667 0.102
2 0.946667 0.158 0.105333 0.124
2 0.942667 0.809 0.113333 0.140667
2 0.22699999999999998 0.948333 0.135333 0.103333
2 0.695667 0.939333 0.167333 0.121333
