2 0.157333 0.826333 0.156 0.156667
2 0.070667 0.645 0.132 0.160667
1 0.110667 0.44099999999999995 0.042667 0.042
2 0.408667 0.06233299999999997 0.097333 0.087333
2 0.388667 0.18466700000000003 0.126667 0.148
2 0.366333 0.335333 0.074 0.064
2 0.358 0.440333 0.126667 0.128667
2 0.465667 0.485333 0.096667 0.097333
2 0.446333 0.572333 0.058 0.048667
2 0.472333 0.38033300000000003 0.116667 0.112667
2 0.221667 0.669667 0.184667 0.154
2 0.208667 0.540333 0.125333 0.104667
2 0.505333 0.261 0.124 0.126
2 0.519667 0.14700000000000002 0.124667 0.115333
2 0.651 0.16600000000000004 0.143333 0.138667
2 0.631333 0.27033300000000005 0.132 0.078
2 0.626 0.36566699999999996 0.173333 0.119333
2 0.595 0.46399999999999997 0.119333 0.098667
2 0.733667 0.537667 0.17 0.184667
2 0.74 0.40633300000000006 0.06 0.060667
2 0.759333 0.27633300000000005 0.137333 0.123333
1 0.893333 0.19933299999999998 0.174667 0.136
2 0.893333 0.33666700000000005 0.210667 0.156
2 0.843 0.775667 0.243333 0.294
2 0.690333 0.798333 0.15 0.148667
2 0.687 0.919 0.156667 0.127333
2 0.526333 0.914 0.166 0.165333
2 0.367667 0.922333 0.192667 0.143333
2 0.379 0.8180000000000001 0.082 0.076
2 0.769 0.18566700000000003 0.068667 0.055333
2 0.5 0.680667 0.313333 0.332
2 0.198 0.29333299999999995 0.133333 0.090667
2 0.081 0.523667 0.079333 0.068667
2 0.178333 0.372 0.146 0.08
2 0.221 0.44866700000000004 0.155333 0.121333
2 0.257 0.21666700000000005 0.104667 0.093333
2 0.282667 0.28133300000000006 0.066667 0.048
2 0.226333 0.11666699999999997 0.119333 0.106667
2 0.315667 0.08599999999999997 0.088667 0.157333
2 0.048667 0.44399999999999995 0.072 0.08
0 0.522333 0.039000000000000035 0.102 0.078
0 0.838333 0.602333 0.095333 0.082
0 0.066667 0.17766700000000002 0.132 0.148667
2 0.908 0.941333 0.184 0.112
2 0.920333 0.508 0.159333 0.2
2 0.906333 0.046667000000000014 0.172667 0.093333
2 0.139 0.943667 0.198 0.108667
