2 0.149667 0.781 0.107333 0.114
2 0.054667 0.7030000000000001 0.108 0.112667
2 0.063667 0.562667 0.126 0.14
2 0.149667 0.617333 0.131333 0.156
2 0.262333 0.650667 0.146 0.133333
2 0.269667 0.763 0.142 0.108667
2 0.267 0.853333 0.114 0.102667
2 0.458667 0.861 0.138667 0.176667
2 0.595667 0.801333 0.156667 0.132
2 0.584333 0.691667 0.082 0.092667
2 0.784667 0.947667 0.134667 0.088667
2 0.822 0.813 0.24 0.211333
2 0.714333 0.695667 0.147333 0.112667
2 0.697333 0.596 0.133333 0.098667
2 0.820667 0.580333 0.113333 0.086
3 0.731667 0.483333 0.112667 0.118667
2 0.866333 0.43333299999999997 0.162 0.165333
3 0.859333 0.317333 0.062667 0.049333
2 0.911667 0.19799999999999995 0.142 0.192
2 0.82 0.07099999999999995 0.138667 0.11
2 0.756 0.322333 0.077333 0.112667
2 0.779333 0.20233299999999999 0.130667 0.147333
2 0.682 0.07666700000000004 0.152 0.153333
2 0.667667 0.21166700000000005 0.115333 0.108667
2 0.632333 0.32499999999999996 0.155333 0.120667
2 0.61 0.456333 0.144 0.139333
2 0.517667 0.5609999999999999 0.154 0.187333
2 0.387333 0.5736669999999999 0.126667 0.179333
2 0.422667 0.43100000000000005 0.22 0.116667
2 0.449667 0.31799999999999995 0.187333 0.109333
2 0.538667 0.16933299999999996 0.129333 0.16
2 0.431667 0.20366700000000004 0.107333 0.114
3 0.324667 0.17500000000000004 0.081333 0.062
2 0.309 0.248 0.086 0.077333
2 0.194667 0.08266700000000005 0.130667 0.130667
2 0.066333 0.14400000000000002 0.131333 0.1
2 0.073333 0.28833299999999995 0.142667 0.158
2 0.151 0.46766700000000005 0.095333 0.083333
2 0.242667 0.525 0.14 0.131333
2 0.167667 0.363333 0.126 0.138667
2 0.274 0.355333 0.146667 0.14
2 0.205333 0.23166699999999996 0.126667 0.112667
2 0.411333 0.758 0.053333 0.050667
0 0.898 0.677667 0.066667 0.051333
2 0.256 0.945333 0.146667 0.108
2 0.074667 0.909667 0.137333 0.155333
2 0.316333 0.06699999999999995 0.143333 0.127333
2 0.439667 0.06499999999999995 0.139333 0.123333
2 0.583667 0.933667 0.174 0.127333
