0 0.163667 0.213333 0.127333 0.124
0 0.31100000000000005 0.20299999999999996 0.104667 0.116667
0 0.351333 0.07233299999999998 0.108 0.098
0 0.313333 0.11099999999999999 0.078667 0.079333
0 0.19733299999999998 0.08533299999999999 0.185333 0.170667
0 0.462333 0.20033299999999998 0.136667 0.123333
0 0.392667 0.14300000000000002 0.069333 0.086
0 0.539667 0.08533299999999999 0.211333 0.170667
0 0.592667 0.23766699999999996 0.126667 0.143333
0 0.701333 0.10433300000000001 0.136 0.13
0 0.845667 0.08999999999999997 0.13 0.128
0 0.514 0.292667 0.089333 0.081333
0 0.44966700000000004 0.348 0.107333 0.106667
0 0.33766700000000005 0.40133300000000005 0.122 0.152
0 0.22299999999999998 0.440333 0.215333 0.192667
0 0.205333 0.308667 0.092 0.092
0 0.167667 0.583 0.100667 0.094
0 0.33899999999999997 0.553667 0.128667 0.112667
0 0.42333299999999996 0.495333 0.141333 0.114667
0 0.546 0.41233299999999995 0.145333 0.171333
0 0.6783330000000001 0.351333 0.127333 0.132
0 0.736333 0.40733299999999995 0.091333 0.096
0 0.778667 0.32366700000000004 0.076 0.079333
0 0.918333 0.20166700000000004 0.162 0.142
0 0.926667 0.31799999999999995 0.145333 0.096
0 0.8220000000000001 0.449333 0.113333 0.086667
0 0.792 0.530667 0.12 0.113333
0 0.529333 0.565 0.116 0.152667
0 0.708333 0.478333 0.084667 0.062
0 0.480333 0.754 0.143333 0.129333
0 0.365 0.908 0.13 0.148
0 0.224333 0.892333 0.171333 0.211333
0 0.06366700000000003 0.879667 0.127333 0.127333
0 0.13066699999999998 0.735333 0.133333 0.137333
0 0.296667 0.735333 0.094667 0.084
0 0.386 0.639667 0.088 0.071333
0 0.48166699999999996 0.603 0.103333 0.106
0 0.6703330000000001 0.830667 0.196667 0.182667
0 0.519 0.851667 0.091333 0.09
0 0.751333 0.7130000000000001 0.077333 0.087333
0 0.677333 0.679667 0.092 0.095333
0 0.877333 0.6723330000000001 0.210667 0.146
0 0.915333 0.518 0.132 0.138667
0 0.7723329999999999 0.632667 0.078 0.073333
0 0.638667 0.5680000000000001 0.104 0.134667
0 0.6453329999999999 0.47366699999999995 0.06 0.056667
0 0.41400000000000003 0.711333 0.074667 0.072
0 0.584667 0.747333 0.070667 0.117333
0 0.777 0.804333 0.112667 0.106
0 0.8180000000000001 0.929 0.094667 0.111333
0 0.681667 0.947 0.087333 0.083333
0 0.29800000000000004 0.30933299999999997 0.085333 0.070667
0 0.428667 0.404667 0.089333 0.064
0 0.708 0.550333 0.08 0.084667
0 0.932667 0.876333 0.133333 0.203333
0 0.905 0.783667 0.098 0.107333
0 0.08699999999999997 0.08899999999999997 0.174 0.176667
