1 0.887667 0.206 0.11 0.133333
1 0.939667 0.291333 0.108667 0.124
1 0.861667 0.387667 0.152667 0.122
2 0.922333 0.669333 0.146 0.132
2 0.804 0.476667 0.168 0.138667
2 0.719333 0.399 0.16 0.124667
1 0.754667 0.293333 0.094667 0.089333
1 0.769333 0.159 0.212 0.180667
2 0.6293329999999999 0.276 0.165333 0.154667
2 0.539667 0.163 0.158 0.139333
2 0.6106670000000001 0.062667 0.136 0.110667
0 0.24266699999999997 0.615 0.076 0.075333
0 0.17733299999999996 0.535 0.102667 0.095333
0 0.14633300000000005 0.606 0.092667 0.061333
0 0.08566700000000005 0.497667 0.099333 0.091333
0 0.04566700000000001 0.720333 0.091333 0.119333
0 0.452333 0.862667 0.112667 0.122667
0 0.369333 0.767333 0.150667 0.154667
0 0.27533300000000005 0.824667 0.114667 0.110667
0 0.363 0.926333 0.103333 0.118
0 0.5329999999999999 0.947 0.114 0.106
0 0.04800000000000004 0.427333 0.096 0.102667
0 0.319333 0.680667 0.049333 0.049333
0 0.24966699999999997 0.704333 0.119333 0.118
0 0.13433300000000004 0.832667 0.099333 0.092
0 0.15200000000000002 0.721 0.137333 0.166
0 0.24333300000000002 0.939333 0.102667 0.104
0 0.06299999999999994 0.554333 0.051333 0.032667
2 0.43999999999999995 0.089 0.222667 0.162
2 0.9390000000000001 0.523333 0.120667 0.133333
