2 0.138 0.933333 0.122667 0.124
2 0.057333 0.759667 0.094667 0.118
3 0.165667 0.809667 0.075333 0.059333
2 0.152333 0.702 0.151333 0.125333
2 0.067 0.581 0.052667 0.055333
3 0.161333 0.5800000000000001 0.133333 0.128
2 0.06 0.485333 0.094667 0.089333
3 0.054667 0.377 0.105333 0.103333
3 0.078 0.28533299999999995 0.108 0.08
2 0.195667 0.10866699999999996 0.171333 0.164
3 0.173333 0.45366700000000004 0.114667 0.114
2 0.313 0.48366699999999996 0.083333 0.083333
3 0.342667 0.15033300000000005 0.050667 0.052667
3 0.395333 0.090333 0.093333 0.115333
3 0.419 0.26233300000000004 0.082 0.082
2 0.429667 0.376667 0.122 0.132
3 0.434667 0.51 0.134667 0.134667
2 0.289333 0.572333 0.108 0.087333
3 0.284 0.6659999999999999 0.133333 0.1
3 0.276 0.771333 0.112 0.097333
2 0.283 0.866333 0.087333 0.084667
2 0.415667 0.869667 0.091333 0.087333
2 0.416333 0.744333 0.159333 0.156667
2 0.524667 0.848 0.114667 0.133333
2 0.431667 0.6186670000000001 0.084667 0.077333
2 0.554 0.06599999999999995 0.124 0.128
2 0.538667 0.32766700000000004 0.14 0.148667
3 0.544333 0.44299999999999995 0.068667 0.071333
2 0.546667 0.565333 0.098667 0.126667
3 0.537333 0.6910000000000001 0.042667 0.036667
3 0.64 0.787 0.054667 0.05
3 0.649667 0.720667 0.09 0.076
2 0.660667 0.45566700000000004 0.070667 0.084667
3 0.769667 0.849667 0.072667 0.103333
3 0.772 0.737333 0.129333 0.098667
2 0.850333 0.822333 0.083333 0.074
2 0.861 0.717333 0.046 0.050667
3 0.777333 0.6333329999999999 0.14 0.109333
3 0.781667 0.534 0.068667 0.061333
2 0.792 0.43400000000000005 0.18 0.117333
3 0.797667 0.30833299999999997 0.142 0.112667
2 0.913667 0.31799999999999995 0.104667 0.096
2 0.924667 0.41600000000000004 0.101333 0.092
3 0.894333 0.516 0.156667 0.12
3 0.878333 0.213333 0.158 0.102667
2 0.895667 0.12633300000000003 0.112667 0.071333
2 0.827333 0.07366700000000004 0.137333 0.120667
2 0.723333 0.07566700000000004 0.081333 0.072667
2 0.695 0.20899999999999996 0.208667 0.183333
0 0.707667 0.804 0.079333 0.101333
0 0.258333 0.346333 0.240667 0.275333
0 0.254667 0.19966700000000004 0.056 0.060667
2 0.640667 0.960667 0.128 0.077333
2 0.269667 0.935333 0.160667 0.128
