2 0.6723330000000001 0.186333 0.048667 0.05
2 0.5760000000000001 0.073333 0.1 0.113333
2 0.42900000000000005 0.085 0.151333 0.142
2 0.317333 0.098333 0.069333 0.098
2 0.18100000000000005 0.101 0.186 0.187333
2 0.13 0.234333 0.108 0.11
2 0.250667 0.239333 0.141333 0.172
2 0.379667 0.230667 0.152667 0.164
2 0.503333 0.220333 0.128 0.143333
2 0.899667 0.295 0.199333 0.239333
2 0.675 0.342333 0.228667 0.219333
2 0.532667 0.369 0.074667 0.076667
2 0.413667 0.378333 0.146 0.122
2 0.16133299999999995 0.413333 0.201333 0.168
2 0.12633300000000003 0.552667 0.095333 0.093333
2 0.263 0.550333 0.158 0.216667
2 0.42333299999999996 0.532333 0.170667 0.23
2 0.5569999999999999 0.508667 0.128667 0.136
2 0.854333 0.477 0.082 0.15
2 0.72 0.502 0.197333 0.169333
2 0.546333 0.652333 0.127333 0.123333
2 0.750667 0.646333 0.253333 0.158
2 0.926333 0.721 0.138 0.219333
2 0.834667 0.755 0.088 0.087333
2 0.706333 0.733 0.139333 0.123333
2 0.605 0.727333 0.058 0.076
2 0.40833299999999995 0.683667 0.104667 0.083333
2 0.27433300000000005 0.689667 0.086 0.082
2 0.096333 0.784333 0.122 0.126
2 0.10199999999999998 0.894333 0.144 0.143333
3 0.224333 0.749667 0.078 0.068667
2 0.32566700000000004 0.760667 0.127333 0.134667
2 0.347 0.908667 0.184667 0.172
2 0.470333 0.956333 0.086 0.087333
2 0.550667 0.865667 0.136 0.155333
2 0.751333 0.931333 0.112 0.132
2 0.829333 0.91 0.068 0.108
2 0.8993329999999999 0.901333 0.069333 0.104
2 0.6783330000000001 0.848 0.119333 0.132
2 0.7703329999999999 0.299667 0.084667 0.136667
2 0.21399999999999997 0.543 0.065333 0.108667
2 0.824667 0.094 0.228 0.18
