2 0.950667 0.254333 0.082667 0.083333
3 0.837333 0.256 0.129333 0.122667
3 0.7030000000000001 0.274667 0.120667 0.096
3 0.787667 0.474667 0.082 0.073333
3 0.881333 0.370333 0.094667 0.079333
3 0.961667 0.376 0.05 0.062667
3 0.882 0.473333 0.101333 0.101333
2 0.9666669999999999 0.470333 0.062667 0.087333
3 0.8506670000000001 0.576667 0.128 0.102667
2 0.858333 0.711 0.164667 0.156667
3 0.833333 0.828333 0.109333 0.080667
3 0.918333 0.922667 0.07 0.078667
2 0.813 0.927667 0.142 0.143333
3 0.72 0.816 0.054667 0.058667
3 0.637667 0.827 0.11 0.116667
2 0.641 0.924667 0.086 0.073333
3 0.534667 0.926 0.065333 0.073333
2 0.527333 0.829 0.1 0.115333
2 0.398667 0.813 0.157333 0.194
2 0.43766700000000003 0.946333 0.118 0.094
2 0.31566700000000003 0.926 0.126 0.148
2 0.18600000000000005 0.821 0.168 0.119333
2 0.17800000000000005 0.705333 0.198667 0.124
2 0.20133299999999998 0.608667 0.188 0.094667
2 0.17866700000000002 0.511 0.172 0.115333
2 0.053332999999999964 0.587333 0.094667 0.104
2 0.05066700000000002 0.493333 0.086667 0.097333
2 0.04733299999999996 0.375333 0.093333 0.12
2 0.06866700000000003 0.228 0.130667 0.128
2 0.17766700000000002 0.100667 0.143333 0.130667
2 0.31666700000000003 0.113 0.124 0.124667
2 0.19566700000000004 0.24 0.156667 0.137333
2 0.160667 0.383667 0.169333 0.17
2 0.342333 0.371 0.15 0.152667
2 0.24233300000000002 0.378 0.058 0.105333
2 0.43400000000000005 0.255 0.116 0.120667
2 0.5660000000000001 0.262333 0.146667 0.115333
3 0.527667 0.144333 0.051333 0.056667
2 0.627667 0.363667 0.095333 0.148667
3 0.5103329999999999 0.364 0.147333 0.136
2 0.5549999999999999 0.497667 0.122 0.139333
2 0.45266700000000004 0.492 0.096 0.138667
2 0.347 0.489667 0.123333 0.118
2 0.41233299999999995 0.580667 0.063333 0.077333
2 0.5449999999999999 0.664 0.200667 0.208
2 0.719 0.134333 0.054 0.067333
3 0.967333 0.709667 0.064 0.103333
2 0.10866699999999996 0.922667 0.158667 0.154667
0 0.6146670000000001 0.143667 0.122667 0.142
0 0.757667 0.316333 0.067333 0.072667
0 0.707333 0.356333 0.064 0.07
0 0.785 0.382333 0.051333 0.063333
0 0.599 0.444 0.088667 0.069333
2 0.9410000000000001 0.835667 0.115333 0.127333
2 0.044332999999999956 0.715667 0.088667 0.156667
3 0.957 0.586 0.080667 0.121333
