2 0.872333 0.87 0.215333 0.162667
2 0.782667 0.6990000000000001 0.192 0.187333
2 0.653667 0.8336669999999999 0.186 0.207333
2 0.507 0.838333 0.154 0.216667
1 0.384667 0.912667 0.104 0.098667
2 0.24433300000000002 0.894667 0.143333 0.145333
2 0.09466699999999995 0.891333 0.170667 0.202667
2 0.28033300000000005 0.775333 0.148667 0.152
2 0.39033300000000004 0.776667 0.112667 0.124
2 0.576333 0.622 0.220667 0.230667
2 0.726333 0.552333 0.198 0.147333
2 0.813 0.43433299999999997 0.155333 0.163333
2 0.41733299999999995 0.639 0.156 0.143333
2 0.655 0.422667 0.119333 0.129333
2 0.46799999999999997 0.512667 0.24 0.176
2 0.259667 0.609333 0.171333 0.169333
3 0.300667 0.500333 0.089333 0.074
2 0.128 0.587 0.229333 0.283333
2 0.16033299999999995 0.426667 0.144667 0.098667
2 0.07399999999999995 0.28833299999999995 0.148 0.203333
2 0.22966699999999995 0.30300000000000005 0.180667 0.187333
2 0.221333 0.15800000000000003 0.202667 0.177333
2 0.31100000000000005 0.10399999999999998 0.179333 0.2
2 0.44499999999999995 0.12666699999999997 0.116667 0.137333
1 0.560333 0.14933300000000005 0.103333 0.102667
1 0.695667 0.11833300000000002 0.19 0.202
2 0.8180000000000001 0.19299999999999995 0.181333 0.183333
2 0.926667 0.29500000000000004 0.098667 0.112667
2 0.804667 0.43733299999999997 0.166667 0.161333
2 0.618333 0.277667 0.151333 0.152667
2 0.534333 0.38233300000000003 0.15 0.171333
2 0.364333 0.33299999999999996 0.186 0.203333
2 0.833333 0.05800000000000005 0.152 0.113333
0 0.511667 0.27933300000000005 0.106 0.117333
2 0.930667 0.7006669999999999 0.137333 0.176
2 0.703667 0.9339999999999999 0.135333 0.126667
2 0.08333299999999999 0.05266700000000002 0.164 0.105333
2 0.937 0.450333 0.112667 0.214
2 0.953 0.591 0.092667 0.107333
