2 0.925333 0.141 0.142667 0.13
2 0.81 0.260333 0.178667 0.160667
2 0.904333 0.580667 0.126 0.124
1 0.897333 0.716667 0.16 0.145333
2 0.874667 0.832 0.122667 0.137333
2 0.878333 0.949333 0.112667 0.097333
1 0.758667 0.766667 0.137333 0.176
1 0.779667 0.626667 0.143333 0.134667
1 0.81 0.492333 0.162667 0.203333
2 0.676667 0.476667 0.14 0.137333
2 0.713667 0.353 0.158 0.179333
2 0.611667 0.151667 0.218 0.187333
1 0.5946670000000001 0.332667 0.206667 0.222667
1 0.47 0.239667 0.201333 0.222
2 0.45466700000000004 0.386 0.134667 0.109333
2 0.43766700000000003 0.473667 0.184667 0.156667
1 0.548667 0.584667 0.170667 0.242667
1 0.667 0.595667 0.126 0.154
2 0.637 0.723667 0.183333 0.187333
2 0.6683330000000001 0.897333 0.184667 0.173333
2 0.502 0.842333 0.201333 0.227333
2 0.368333 0.75 0.202 0.165333
2 0.398 0.603667 0.172 0.191333
2 0.35366699999999995 0.110333 0.122 0.139333
1 0.21899999999999997 0.180667 0.258 0.206667
2 0.096333 0.086 0.192667 0.134667
2 0.148667 0.342333 0.129333 0.144667
2 0.299667 0.307667 0.178 0.208667
2 0.30033299999999996 0.465333 0.162 0.14
2 0.26833300000000004 0.608333 0.135333 0.171333
2 0.22499999999999998 0.925 0.115333 0.146
2 0.12 0.655333 0.168 0.165333
1 0.13233300000000003 0.493333 0.248667 0.229333
2 0.04566700000000001 0.342 0.091333 0.108
0 0.774 0.887 0.128 0.106
0 0.6759999999999999 0.095333 0.049333 0.050667
2 0.10599999999999998 0.861667 0.209333 0.276667
2 0.909667 0.347 0.179333 0.272667
2 0.057667000000000024 0.215333 0.115333 0.164
2 0.5083329999999999 0.063 0.215333 0.124667
