2 0.933333 0.095 0.126667 0.180667
2 0.789667 0.091667 0.180667 0.182
2 0.807667 0.247667 0.188667 0.183333
2 0.925 0.255667 0.107333 0.114
2 0.869333 0.380667 0.206667 0.169333
2 0.874333 0.556333 0.147333 0.156667
2 0.777 0.614333 0.111333 0.103333
3 0.7026669999999999 0.534333 0.042667 0.040667
2 0.891 0.862333 0.13 0.140667
2 0.710333 0.764333 0.108667 0.114
3 0.759667 0.863667 0.062 0.074
2 0.652 0.874667 0.12 0.148
2 0.5389999999999999 0.754 0.056667 0.062667
3 0.5263329999999999 0.868333 0.126 0.142
3 0.4 0.887333 0.114667 0.126667
3 0.28933299999999995 0.871667 0.105333 0.112667
3 0.22766699999999995 0.761667 0.098 0.108667
3 0.335333 0.754333 0.105333 0.119333
3 0.43799999999999994 0.769667 0.094667 0.111333
3 0.215333 0.645667 0.078667 0.084667
2 0.11066699999999996 0.656667 0.133333 0.114667
2 0.393 0.631667 0.082 0.076667
3 0.481 0.534333 0.088667 0.076667
2 0.49366699999999997 0.615667 0.108667 0.096667
2 0.38433300000000004 0.529667 0.063333 0.067333
2 0.16733299999999995 0.533667 0.108 0.094
2 0.616 0.399 0.153333 0.155333
2 0.495 0.421333 0.055333 0.058667
2 0.39633300000000005 0.419667 0.124667 0.119333
2 0.31799999999999995 0.367333 0.093333 0.130667
2 0.25433300000000003 0.438 0.084667 0.105333
2 0.215333 0.375333 0.112 0.141333
2 0.11966699999999997 0.415667 0.079333 0.099333
3 0.15600000000000003 0.222 0.094667 0.096
2 0.146667 0.09 0.128 0.157333
2 0.259 0.114333 0.100667 0.122
2 0.35366699999999995 0.108667 0.088667 0.128
2 0.45299999999999996 0.101667 0.112667 0.108667
2 0.608333 0.254333 0.098 0.119333
2 0.5283329999999999 0.242667 0.058 0.076
2 0.44499999999999995 0.231667 0.108667 0.143333
2 0.34066700000000005 0.240667 0.069333 0.084
2 0.24766699999999997 0.232333 0.088667 0.114
0 0.251667 0.571 0.07 0.059333
0 0.5696669999999999 0.104667 0.076667 0.093333
0 0.14800000000000002 0.912333 0.057333 0.054
2 0.08466700000000005 0.864667 0.169333 0.18
2 0.04733299999999996 0.216 0.094667 0.121333
2 0.03833299999999995 0.086 0.076667 0.130667
