2 0.476333 0.929667 0.104667 0.087333
3 0.358333 0.925333 0.102 0.088
2 0.10633300000000001 0.883 0.094 0.106
2 0.17733299999999996 0.803667 0.064 0.114
3 0.27 0.826667 0.110667 0.126667
2 0.375 0.825 0.095333 0.118
2 0.475 0.825333 0.11 0.126667
3 0.43133299999999997 0.679 0.141333 0.155333
3 0.30000000000000004 0.685 0.142667 0.146
2 0.10899999999999999 0.687667 0.15 0.156667
2 0.13866699999999998 0.5453330000000001 0.070667 0.110667
2 0.05400000000000005 0.5163329999999999 0.101333 0.111333
2 0.245 0.565 0.139333 0.139333
2 0.371 0.44699999999999995 0.112667 0.116667
2 0.257667 0.42800000000000005 0.13 0.16
2 0.163667 0.43533299999999997 0.076667 0.098667
2 0.08066700000000004 0.42500000000000004 0.090667 0.082
2 0.09166700000000005 0.33499999999999996 0.11 0.115333
2 0.20666700000000005 0.33699999999999997 0.132 0.094
3 0.33666700000000005 0.33699999999999997 0.089333 0.088667
3 0.374333 0.24333300000000002 0.088667 0.134667
2 0.277 0.225333 0.103333 0.14
2 0.16400000000000003 0.22099999999999997 0.132 0.146
2 0.16733299999999995 0.09199999999999997 0.122667 0.137333
3 0.059667000000000026 0.11233300000000002 0.079333 0.078
2 0.287667 0.08299999999999996 0.120667 0.152667
3 0.416667 0.11633300000000002 0.14 0.119333
2 0.489 0.220333 0.143333 0.158
3 0.5820000000000001 0.13433300000000004 0.098667 0.132667
3 0.7 0.13233300000000003 0.098667 0.11
3 0.5143329999999999 0.329333 0.114 0.126667
2 0.472333 0.5349999999999999 0.115333 0.131333
3 0.589 0.565 0.123333 0.127333
3 0.5986670000000001 0.45199999999999996 0.165333 0.12
2 0.6859999999999999 0.5489999999999999 0.06 0.062
2 0.801333 0.5613330000000001 0.068 0.062667
3 0.876667 0.487333 0.101333 0.1
3 0.771 0.48366699999999996 0.054 0.062
3 0.737333 0.369333 0.070667 0.082667
3 0.7853330000000001 0.23199999999999998 0.085333 0.090667
3 0.630667 0.35166699999999995 0.142667 0.140667
3 0.654333 0.24766699999999997 0.046 0.048667
3 0.471333 0.44799999999999995 0.06 0.064
2 0.819667 0.378 0.064667 0.074667
2 0.047667000000000015 0.19399999999999995 0.095333 0.129333
