3 0.925 0.404667 0.064667 0.074667
2 0.8566670000000001 0.104667 0.096 0.108
2 0.948 0.083333 0.097333 0.134667
2 0.731333 0.113667 0.108 0.154
2 0.630333 0.137333 0.09 0.132
2 0.467333 0.144 0.144 0.16
2 0.382 0.068333 0.073333 0.086
2 0.249 0.091333 0.086 0.106667
2 0.326333 0.177333 0.128667 0.129333
2 0.231333 0.199 0.058667 0.100667
2 0.10466699999999995 0.211667 0.097333 0.111333
2 0.12666699999999997 0.100333 0.134667 0.119333
3 0.813667 0.330667 0.042 0.057333
2 0.623 0.227667 0.051333 0.052667
0 0.915333 0.267667 0.168 0.171333
0 0.675 0.308667 0.075333 0.081333
0 0.61 0.333667 0.076 0.087333
0 0.531333 0.311333 0.106667 0.104
0 0.43799999999999994 0.305333 0.081333 0.084
0 0.465333 0.370333 0.1 0.076667
0 0.372333 0.360667 0.058 0.064
0 0.368333 0.278333 0.086 0.067333
0 0.285667 0.311667 0.088667 0.088667
0 0.142667 0.404 0.108 0.098667
0 0.042332999999999954 0.462667 0.084667 0.078667
0 0.14533300000000005 0.515 0.114667 0.103333
0 0.28933299999999995 0.497 0.094667 0.078
0 0.32299999999999995 0.438333 0.071333 0.079333
0 0.37633300000000003 0.455667 0.079333 0.087333
0 0.64 0.446333 0.066667 0.074
0 0.681333 0.503 0.078667 0.080667
0 0.780667 0.498667 0.096 0.092
0 0.7066669999999999 0.373333 0.082667 0.062667
0 0.7833330000000001 0.409 0.08 0.092667
0 0.705667 0.439 0.082 0.07
0 0.902 0.537333 0.069333 0.073333
0 0.829333 0.554333 0.085333 0.064667
0 0.825 0.624 0.094 0.074667
0 0.738333 0.633333 0.098 0.1
0 0.42033299999999996 0.649 0.082 0.092667
0 0.43133299999999997 0.720667 0.138667 0.165333
0 0.638 0.958333 0.072 0.072667
0 0.22766699999999995 0.939333 0.058 0.064
0 0.42933299999999996 0.496 0.074667 0.076
0 0.392 0.551 0.093333 0.095333
0 0.30500000000000005 0.560333 0.072667 0.080667
0 0.06466700000000003 0.549667 0.082667 0.094
0 0.552 0.465 0.128 0.143333
0 0.494 0.432333 0.074667 0.084667
0 0.16300000000000003 0.288667 0.144667 0.133333
0 0.132 0.617667 0.078667 0.095333
0 0.14233300000000004 0.828333 0.168667 0.188667
0 0.11366699999999996 0.733667 0.115333 0.104667
0 0.04266700000000001 0.786667 0.085333 0.110667
0 0.33899999999999997 0.701667 0.080667 0.062
0 0.5880000000000001 0.671 0.226667 0.284667
0 0.696333 0.762 0.07 0.072
0 0.733333 0.720333 0.054667 0.058
0 0.834667 0.731667 0.141333 0.148667
0 0.259667 0.727 0.078 0.079333
0 0.253 0.595 0.096667 0.09
0 0.937333 0.675 0.044 0.055333
0 0.882 0.924333 0.058667 0.060667
0 0.07233299999999998 0.338 0.099333 0.113333
2 0.469333 0.036333 0.1 0.071333
2 0.61 0.050667 0.141333 0.1
0 0.729333 0.954667 0.108 0.090667
