2 0.933 0.064 0.111333 0.112
2 0.815333 0.096 0.137333 0.137333
2 0.781667 0.260333 0.124667 0.108667
2 0.673333 0.166 0.158667 0.186667
2 0.913667 0.307667 0.158 0.15
2 0.915667 0.444667 0.138 0.132
2 0.898333 0.592667 0.106 0.102667
2 0.850333 0.753667 0.187333 0.224667
2 0.818333 0.866667 0.071333 0.062667
2 0.717667 0.895 0.083333 0.088667
2 0.7296670000000001 0.708333 0.079333 0.098
2 0.760667 0.594667 0.122667 0.101333
2 0.767333 0.455667 0.166667 0.182
2 0.642 0.461333 0.093333 0.104
2 0.5549999999999999 0.461333 0.088667 0.093333
3 0.621 0.379 0.054 0.048667
2 0.624333 0.576 0.15 0.133333
2 0.617667 0.705 0.155333 0.139333
2 0.613 0.839333 0.179333 0.133333
2 0.46499999999999997 0.839 0.094 0.09
2 0.387667 0.704 0.087333 0.093333
2 0.487 0.707667 0.108667 0.13
2 0.501667 0.594333 0.074 0.09
2 0.402667 0.589667 0.064 0.075333
2 0.409667 0.469667 0.15 0.123333
2 0.5409999999999999 0.346667 0.080667 0.089333
2 0.548 0.249333 0.102667 0.108
2 0.45699999999999996 0.185333 0.154 0.166667
2 0.45499999999999996 0.062333 0.114 0.112667
2 0.289667 0.157333 0.180667 0.2
2 0.16833299999999995 0.139 0.087333 0.104667
2 0.18866700000000003 0.283333 0.138667 0.134667
2 0.30533299999999997 0.289667 0.069333 0.080667
3 0.29533299999999996 0.412333 0.088 0.096667
2 0.296667 0.55 0.138667 0.137333
2 0.42533299999999996 0.337667 0.16 0.143333
2 0.17033299999999996 0.503333 0.178 0.197333
2 0.15800000000000003 0.659 0.122667 0.116667
2 0.26633300000000004 0.675667 0.094 0.088667
2 0.263667 0.798 0.183333 0.161333
2 0.23566699999999996 0.915333 0.078 0.062667
2 0.12366699999999997 0.891667 0.184667 0.187333
2 0.12933300000000003 0.753333 0.076 0.066667
2 0.933333 0.173333 0.132 0.134667
3 0.575333 0.153333 0.054667 0.061333
2 0.597667 0.054 0.143333 0.104
2 0.802333 0.353333 0.07 0.064
2 0.06933299999999998 0.333667 0.138667 0.139333
2 0.03700000000000003 0.704333 0.074 0.146
3 0.931 0.897 0.136667 0.148667
2 0.599333 0.947333 0.162667 0.105333
2 0.431667 0.940333 0.179333 0.119333
2 0.059667000000000026 0.474333 0.119333 0.152667
2 0.05566700000000002 0.168 0.111333 0.164
2 0.17466700000000002 0.047667 0.138667 0.094
2 0.32499999999999996 0.045667 0.146 0.09
2 0.03533299999999995 0.714 0.070667 0.114667
2 0.961333 0.740333 0.076 0.127333
