2 0.931667 0.805667 0.112667 0.148667
1 0.944333 0.917667 0.092667 0.103333
2 0.849333 0.918333 0.108 0.135333
2 0.830667 0.785 0.101333 0.131333
2 0.749333 0.892333 0.092 0.116667
1 0.632 0.864 0.16 0.226667
2 0.733333 0.800333 0.124 0.107333
2 0.697333 0.687667 0.198667 0.187333
2 0.793667 0.634333 0.186 0.152667
2 0.606333 0.628667 0.15 0.156
2 0.773 0.516 0.119333 0.133333
2 0.6623330000000001 0.515667 0.11 0.118
2 0.861667 0.436667 0.144667 0.132
2 0.872 0.31466700000000003 0.096 0.128
2 0.948667 0.19533299999999998 0.078667 0.094667
2 0.873 0.18500000000000005 0.114 0.135333
2 0.8296669999999999 0.09466699999999995 0.155333 0.073333
2 0.7853330000000001 0.17966700000000002 0.089333 0.11
2 0.715333 0.162667 0.076 0.134667
1 0.570667 0.491333 0.109333 0.108
2 0.583333 0.39533300000000005 0.152 0.136
2 0.719 0.40633300000000006 0.114 0.111333
2 0.7783329999999999 0.30333299999999996 0.124667 0.137333
2 0.685333 0.287667 0.094667 0.112667
2 0.596 0.267 0.104 0.138
2 0.483333 0.26533300000000004 0.118667 0.137333
2 0.6453329999999999 0.16200000000000003 0.072 0.1
2 0.5916669999999999 0.13366699999999998 0.120667 0.120667
2 0.49166699999999997 0.13966699999999999 0.102 0.116667
2 0.42100000000000004 0.03733299999999995 0.106 0.074667
2 0.39033300000000004 0.135 0.123333 0.135333
2 0.268667 0.11833300000000002 0.128 0.146
2 0.16800000000000004 0.11833300000000002 0.085333 0.095333
2 0.057667000000000024 0.10399999999999998 0.108667 0.102667
2 0.08866700000000005 0.20033299999999998 0.134667 0.115333
2 0.18600000000000005 0.21666700000000005 0.101333 0.101333
2 0.271667 0.24133300000000002 0.080667 0.102667
2 0.363333 0.24933300000000003 0.102667 0.102667
2 0.39733300000000005 0.33666700000000005 0.142667 0.104
2 0.483333 0.5876669999999999 0.14 0.184667
2 0.40533300000000005 0.47266699999999995 0.190667 0.169333
2 0.20066700000000004 0.33399999999999996 0.136 0.110667
2 0.07799999999999996 0.310667 0.128 0.12
2 0.15800000000000003 0.445333 0.082667 0.088
2 0.266 0.43866700000000003 0.125333 0.189333
2 0.16933299999999996 0.5613330000000001 0.124 0.149333
2 0.272667 0.569333 0.117333 0.109333
2 0.374667 0.5760000000000001 0.094667 0.104
2 0.06000000000000005 0.654 0.092 0.116
1 0.13933300000000004 0.6493329999999999 0.077333 0.096
2 0.22199999999999998 0.6619999999999999 0.112 0.108
2 0.33866700000000005 0.666667 0.126667 0.12
2 0.475333 0.774667 0.125333 0.12
2 0.35466699999999995 0.782 0.110667 0.132
2 0.227333 0.7833330000000001 0.16 0.134667
1 0.06266700000000003 0.5433330000000001 0.118667 0.132
2 0.06933299999999998 0.751333 0.132 0.108
1 0.058667000000000025 0.854 0.105333 0.148
2 0.14400000000000002 0.875333 0.118667 0.161333
2 0.488 0.896 0.145333 0.168
1 0.347333 0.908667 0.125333 0.153333
1 0.23666699999999996 0.907333 0.098667 0.14
2 0.944 0.309667 0.110667 0.163333
2 0.07466700000000004 0.42933299999999996 0.149333 0.12
2 0.9390000000000001 0.626667 0.120667 0.205333
2 0.534333 0.04733299999999996 0.132667 0.094667
