0 0.897 0.187 0.178 0.174
0 0.806 0.252333 0.038667 0.03
0 0.787667 0.181667 0.071333 0.052667
0 0.947667 0.330667 0.051333 0.053333
0 0.893667 0.328333 0.056667 0.064667
0 0.7196670000000001 0.201667 0.068667 0.072667
0 0.5489999999999999 0.552667 0.060667 0.057333
0 0.42233299999999996 0.638333 0.094 0.095333
0 0.157667 0.301 0.084667 0.075333
0 0.42600000000000005 0.071333 0.12 0.106667
0 0.397 0.276667 0.051333 0.052
0 0.5816669999999999 0.177 0.084667 0.075333
0 0.517667 0.442667 0.066 0.061333
0 0.07033299999999998 0.295667 0.082 0.076667
0 0.096333 0.561667 0.048667 0.038
0 0.340333 0.275667 0.059333 0.058
0 0.595667 0.307667 0.052667 0.032667
0 0.667 0.715 0.052667 0.044667
0 0.6723330000000001 0.822333 0.11 0.107333
0 0.740333 0.595333 0.046 0.041333
0 0.6619999999999999 0.497333 0.081333 0.053333
0 0.7086669999999999 0.311333 0.048 0.044
0 0.757333 0.543 0.070667 0.063333
0 0.933 0.625667 0.080667 0.107333
0 0.272 0.292667 0.053333 0.042667
0 0.31100000000000005 0.325667 0.039333 0.032667
