2 0.08 0.884 0.129333 0.12
2 0.199 0.934667 0.124667 0.124
2 0.145333 0.720667 0.174667 0.190667
3 0.254 0.686667 0.068 0.061333
3 0.336333 0.957 0.116667 0.084667
3 0.366333 0.866 0.098 0.110667
2 0.500333 0.854333 0.158 0.184667
3 0.584 0.906667 0.069333 0.068
2 0.725 0.878667 0.151333 0.130667
2 0.654 0.77 0.104 0.105333
2 0.854333 0.826333 0.15 0.135333
2 0.886667 0.719333 0.125333 0.101333
2 0.772 0.657 0.109333 0.11
3 0.519333 0.734 0.068 0.064
2 0.569667 0.631667 0.142 0.146
2 0.595333 0.48466699999999996 0.173333 0.170667
2 0.697667 0.442333 0.163333 0.196667
2 0.84 0.41500000000000004 0.148 0.154
2 0.884333 0.28533299999999995 0.151333 0.113333
2 0.749667 0.15000000000000002 0.09 0.076
2 0.634 0.11633300000000002 0.136 0.151333
2 0.733667 0.279 0.155333 0.146
2 0.595333 0.342333 0.132 0.134
2 0.488667 0.228333 0.188 0.191333
2 0.363667 0.11099999999999999 0.171333 0.162
2 0.231667 0.13133300000000003 0.104667 0.105333
2 0.115667 0.06233299999999997 0.127333 0.115333
2 0.118333 0.217333 0.188667 0.177333
2 0.178667 0.352333 0.278667 0.183333
2 0.298333 0.425667 0.126 0.178
3 0.26 0.5593330000000001 0.102667 0.1
2 0.427333 0.48866699999999996 0.190667 0.237333
2 0.44 0.354 0.078667 0.057333
3 0.365 0.302667 0.062 0.070667
3 0.429 0.632667 0.054 0.058667
2 0.814667 0.04400000000000004 0.086667 0.088
3 0.232 0.265667 0.070667 0.058
0 0.739 0.06133299999999997 0.071333 0.084
3 0.864667 0.939667 0.133333 0.100667
2 0.946333 0.41800000000000004 0.107333 0.250667
3 0.507 0.05366700000000002 0.166 0.103333
3 0.707 0.968333 0.112667 0.062
3 0.947333 0.947333 0.105333 0.104
