2 0.850333 0.904333 0.138 0.159333
3 0.718333 0.869667 0.140667 0.154
2 0.547667 0.931333 0.079333 0.072
2 0.5593330000000001 0.833333 0.116 0.121333
2 0.44766700000000004 0.908667 0.107333 0.134667
2 0.36 0.873 0.088 0.088667
2 0.374667 0.79 0.089333 0.065333
3 0.45999999999999996 0.752333 0.137333 0.114
3 0.553667 0.704 0.072667 0.073333
2 0.471 0.307 0.126 0.140667
2 0.378 0.25 0.106667 0.104
2 0.49 0.133667 0.105333 0.118
2 0.611333 0.321333 0.137333 0.161333
2 0.6583330000000001 0.135333 0.184667 0.2
3 0.378667 0.451333 0.074667 0.057333
2 0.36566699999999996 0.550667 0.179333 0.133333
2 0.448333 0.637333 0.144667 0.137333
2 0.33699999999999997 0.679 0.127333 0.11
2 0.21699999999999997 0.854333 0.195333 0.156667
2 0.22966699999999995 0.712667 0.154 0.134667
2 0.10633300000000001 0.716 0.155333 0.125333
2 0.11166699999999996 0.614333 0.154 0.086
2 0.10766699999999996 0.516 0.152667 0.125333
2 0.12733300000000003 0.41 0.153333 0.104
2 0.242 0.475667 0.145333 0.124667
2 0.24 0.325667 0.122667 0.106
2 0.11633300000000002 0.316333 0.136667 0.083333
2 0.15300000000000002 0.238333 0.154 0.080667
2 0.15100000000000002 0.145667 0.163333 0.118
2 0.11199999999999999 0.060333 0.161333 0.108667
2 0.06266700000000003 0.181333 0.06 0.08
2 0.024666999999999994 0.581 0.049333 0.071333
0 0.8486670000000001 0.029667 0.054667 0.05
2 0.17833299999999996 0.032333 0.096667 0.062
0 0.721 0.256333 0.051333 0.052667
0 0.889 0.360667 0.102 0.094667
0 0.873 0.500333 0.072667 0.066
0 0.788 0.488 0.042667 0.030667
0 0.788333 0.403 0.023333 0.023333
0 0.902667 0.755 0.092 0.091333
0 0.866 0.434667 0.106667 0.061333
0 0.819 0.609 0.080667 0.075333
0 0.848 0.689 0.114667 0.091333
0 0.782 0.734333 0.066667 0.064667
0 0.65 0.592667 0.074667 0.077333
0 0.5183329999999999 0.474 0.051333 0.056
0 0.570333 0.562333 0.116667 0.136667
0 0.49066699999999996 0.525333 0.044 0.046667
0 0.682667 0.662333 0.082667 0.080667
0 0.720333 0.754667 0.075333 0.073333
0 0.7396670000000001 0.616 0.078 0.101333
0 0.746667 0.342667 0.094667 0.113333
0 0.365 0.343667 0.080667 0.086
0 0.623 0.651333 0.054 0.057333
0 0.752667 0.190667 0.073333 0.069333
0 0.46099999999999997 0.411 0.071333 0.072667
0 0.26833300000000004 0.127 0.082 0.09
0 0.29400000000000004 0.066333 0.101333 0.074
0 0.762667 0.096333 0.056 0.059333
0 0.544333 0.213 0.13 0.131333
0 0.652667 0.434667 0.074667 0.057333
0 0.729 0.807667 0.056667 0.038
0 0.924667 0.627333 0.024 0.029333
0 0.951667 0.672333 0.042 0.032667
0 0.7969999999999999 0.542667 0.040667 0.029333
0 0.677333 0.949667 0.094667 0.100667
