0 0.075333 0.807333 0.097333 0.096
0 0.142667 0.853 0.049333 0.052667
0 0.191667 0.876333 0.067333 0.068667
0 0.218 0.954333 0.133333 0.091333
0 0.588333 0.837 0.119333 0.108667
0 0.683 0.780333 0.116667 0.128667
0 0.663667 0.682 0.086 0.097333
0 0.783333 0.803 0.093333 0.107333
0 0.771 0.893 0.176667 0.108667
0 0.705667 0.579 0.11 0.100667
0 0.529 0.669333 0.199333 0.181333
0 0.943 0.495333 0.114 0.112
0 0.898667 0.571667 0.144 0.114
0 0.950333 0.642 0.099333 0.153333
0 0.701667 0.482667 0.103333 0.090667
0 0.82 0.053667 0.128 0.106
0 0.635333 0.959 0.145333 0.082
0 0.795 0.330333 0.206 0.15
0 0.879333 0.369667 0.038667 0.052667
0 0.807 0.402 0.042 0.042667
0 0.590333 0.416667 0.104667 0.122667
0 0.799 0.171333 0.198 0.168
0 0.62 0.196667 0.196 0.269333
0 0.365 0.517 0.342 0.416667
0 0.270667 0.341333 0.058667 0.056
0 0.322333 0.346333 0.047333 0.074
0 0.404333 0.138333 0.311333 0.271333
0 0.281333 0.237 0.052 0.075333
