2 0.822333 0.175 0.084667 0.082
2 0.821333 0.267 0.134667 0.115333
2 0.743333 0.116 0.124 0.138667
2 0.914 0.337 0.093333 0.091333
2 0.933 0.671333 0.124667 0.128
3 0.897667 0.757667 0.084667 0.05
2 0.773667 0.886 0.112667 0.109333
2 0.809333 0.697333 0.138667 0.178667
2 0.709333 0.778333 0.082667 0.075333
2 0.6863330000000001 0.704667 0.120667 0.138667
2 0.699667 0.573667 0.17 0.128667
2 0.819 0.582333 0.080667 0.083333
1 0.760667 0.430667 0.230667 0.234667
1 0.683 0.275 0.17 0.202
2 0.591333 0.129333 0.161333 0.176
1 0.5469999999999999 0.227333 0.155333 0.130667
2 0.521 0.336667 0.11 0.125333
1 0.576667 0.461667 0.206667 0.180667
2 0.590333 0.685667 0.120667 0.180667
2 0.538333 0.775667 0.183333 0.108667
2 0.469 0.698 0.152667 0.161333
2 0.482333 0.578 0.128667 0.129333
2 0.373333 0.591333 0.097333 0.1
2 0.36066699999999996 0.705333 0.12 0.134667
2 0.45199999999999996 0.919333 0.101333 0.134667
2 0.36066699999999996 0.932 0.102667 0.118667
2 0.27033300000000005 0.874333 0.072667 0.072667
2 0.162667 0.848 0.142667 0.18
2 0.07366700000000004 0.741667 0.084667 0.084667
2 0.08133299999999999 0.661667 0.130667 0.080667
2 0.08033299999999999 0.575333 0.158 0.085333
2 0.29400000000000004 0.588333 0.069333 0.080667
2 0.28500000000000003 0.678333 0.056667 0.078
2 0.404667 0.507333 0.137333 0.1
2 0.40733299999999995 0.409 0.168 0.106
2 0.406 0.304667 0.132 0.128
2 0.29233299999999995 0.425 0.083333 0.09
2 0.18799999999999994 0.426333 0.137333 0.115333
2 0.21566700000000005 0.312 0.184667 0.164
2 0.11299999999999999 0.258333 0.176667 0.148667
1 0.08566700000000005 0.107 0.13 0.198
1 0.208333 0.098 0.115333 0.186667
1 0.308667 0.211667 0.157333 0.152667
2 0.33266700000000005 0.074333 0.136 0.139333
2 0.464333 0.092333 0.154 0.163333
2 0.42600000000000005 0.204667 0.1 0.102667
2 0.663 0.044 0.126 0.086667
0 0.20233299999999999 0.549 0.123333 0.111333
0 0.04833299999999996 0.856667 0.096667 0.124
2 0.930667 0.565333 0.136 0.137333
2 0.933 0.425667 0.132667 0.17
0 0.5716669999999999 0.902 0.096667 0.105333
