2 0.859 0.925333 0.13 0.142667
2 0.7396670000000001 0.81 0.160667 0.178667
2 0.41933299999999996 0.904333 0.124 0.126
1 0.28333299999999995 0.897333 0.145333 0.16
2 0.16800000000000004 0.874667 0.137333 0.122667
2 0.05066700000000002 0.878333 0.097333 0.112667
1 0.233333 0.758667 0.176 0.137333
1 0.373333 0.779667 0.134667 0.143333
1 0.507667 0.81 0.203333 0.162667
2 0.523333 0.676667 0.137333 0.14
2 0.647 0.713667 0.179333 0.158
2 0.848333 0.611667 0.187333 0.218
1 0.667333 0.5946670000000001 0.222667 0.206667
1 0.760333 0.47 0.222 0.201333
2 0.614 0.45466700000000004 0.109333 0.134667
2 0.5263329999999999 0.43766700000000003 0.156667 0.184667
1 0.41533299999999995 0.548667 0.242667 0.170667
1 0.40433300000000005 0.667 0.154 0.126
2 0.27633300000000005 0.637 0.187333 0.183333
2 0.10266699999999995 0.6683330000000001 0.173333 0.184667
2 0.157667 0.502 0.227333 0.201333
2 0.25 0.368333 0.165333 0.202
2 0.39633300000000005 0.398 0.191333 0.172
2 0.889667 0.35366699999999995 0.139333 0.122
1 0.819333 0.21899999999999997 0.206667 0.258
2 0.914 0.096333 0.134667 0.192667
2 0.657667 0.148667 0.144667 0.129333
2 0.692333 0.299667 0.208667 0.178
2 0.534667 0.30033299999999996 0.14 0.162
2 0.391667 0.26833300000000004 0.171333 0.135333
2 0.07499999999999996 0.22499999999999998 0.146 0.115333
2 0.34466699999999995 0.12 0.165333 0.168
1 0.506667 0.13233300000000003 0.229333 0.248667
2 0.6579999999999999 0.04566700000000001 0.108 0.091333
0 0.11299999999999999 0.774 0.106 0.128
0 0.904667 0.6759999999999999 0.050667 0.049333
2 0.13833300000000004 0.10599999999999998 0.276667 0.209333
2 0.653 0.909667 0.272667 0.179333
2 0.784667 0.057667000000000024 0.164 0.115333
2 0.937 0.5083329999999999 0.124667 0.215333
