3 0.162333 0.085333 0.09 0.097333
2 0.258 0.229333 0.066667 0.072
2 0.377667 0.133667 0.076667 0.075333
3 0.446667 0.254 0.064 0.062667
3 0.583667 0.125667 0.115333 0.119333
2 0.725667 0.125333 0.158 0.169333
2 0.601333 0.265 0.098667 0.102
2 0.541667 0.369333 0.220667 0.165333
2 0.525 0.523 0.195333 0.151333
3 0.391 0.512 0.063333 0.062667
2 0.138333 0.465 0.116667 0.11
2 0.581333 0.658667 0.144 0.130667
2 0.452667 0.745 0.126667 0.155333
2 0.300667 0.743667 0.174667 0.211333
2 0.162 0.698667 0.102667 0.166667
2 0.065333 0.694 0.085333 0.101333
2 0.35 0.896667 0.196 0.129333
0 0.856 0.529667 0.117333 0.112667
0 0.702333 0.376 0.126 0.157333
0 0.853333 0.136 0.065333 0.076
0 0.783333 0.21 0.089333 0.081333
0 0.761333 0.282333 0.096 0.095333
0 0.967667 0.742667 0.062 0.090667
0 0.693667 0.689333 0.080667 0.113333
0 0.751333 0.728 0.072 0.112
0 0.671333 0.9 0.224 0.2
0 0.89 0.942333 0.206667 0.115333
0 0.934333 0.139 0.131333 0.118
0 0.271667 0.469333 0.066 0.070667
2 0.073333 0.927333 0.14 0.145333
2 0.196667 0.938333 0.114667 0.123333
3 0.573667 0.035667 0.126 0.07
