2 0.911667 0.124333 0.147333 0.15
2 0.509 0.051667 0.078 0.091333
3 0.349333 0.061 0.077333 0.084667
2 0.255667 0.08 0.092667 0.104
3 0.603333 0.046333 0.064 0.086
3 0.626333 0.151333 0.095333 0.096
2 0.527667 0.159333 0.095333 0.101333
2 0.623333 0.252 0.132 0.105333
3 0.43400000000000005 0.274 0.053333 0.064
3 0.893667 0.244333 0.05 0.048667
2 0.10599999999999998 0.204667 0.102667 0.089333
3 0.131 0.296333 0.152667 0.144667
2 0.613 0.369 0.155333 0.126
3 0.500667 0.381 0.097333 0.106
3 0.37366699999999997 0.397667 0.148667 0.155333
2 0.24733300000000003 0.418 0.104 0.104
2 0.575 0.5 0.128667 0.134667
2 0.46599999999999997 0.486333 0.102667 0.116667
2 0.314333 0.522 0.119333 0.112
2 0.20266700000000004 0.525333 0.104 0.102667
2 0.118 0.608667 0.098667 0.086667
2 0.06866700000000003 0.721 0.092 0.086
3 0.17333299999999996 0.705333 0.101333 0.101333
3 0.20399999999999996 0.620667 0.073333 0.093333
2 0.29233299999999995 0.630333 0.122 0.126
2 0.42333299999999996 0.606667 0.134667 0.124
2 0.373 0.699 0.106 0.063333
2 0.294667 0.812333 0.170667 0.151333
2 0.357333 0.916333 0.064 0.068667
2 0.916333 0.354333 0.082 0.078
2 0.938 0.473333 0.066667 0.104
2 0.8316669999999999 0.456333 0.154 0.151333
2 0.757667 0.565667 0.106 0.099333
3 0.72 0.470667 0.058667 0.070667
2 0.878667 0.644333 0.133333 0.120667
2 0.9299999999999999 0.761333 0.128 0.138667
2 0.818667 0.774667 0.128 0.148
2 0.7006669999999999 0.672 0.174667 0.16
2 0.587 0.673333 0.086 0.112
2 0.493333 0.697 0.098667 0.09
2 0.517333 0.798 0.144 0.132
2 0.5163329999999999 0.907333 0.148667 0.12
2 0.645667 0.880333 0.115333 0.107333
2 0.678667 0.801 0.169333 0.104667
2 0.744333 0.885 0.079333 0.088667
2 0.8376669999999999 0.906667 0.11 0.124
2 0.930667 0.879667 0.090667 0.111333
3 0.11733300000000002 0.526 0.072 0.058667
2 0.965667 0.647333 0.067333 0.096
0 0.777333 0.102667 0.081333 0.090667
2 0.13033300000000003 0.94 0.168667 0.12
2 0.05600000000000005 0.832333 0.112 0.143333
3 0.688 0.045667 0.088 0.09
