2 0.245667 0.9299999999999999 0.174 0.136
2 0.256667 0.796333 0.170667 0.152667
2 0.150333 0.702 0.17 0.161333
2 0.174 0.5680000000000001 0.064 0.06
2 0.083333 0.225333 0.134667 0.138667
2 0.096 0.07033299999999998 0.161333 0.140667
2 0.200333 0.23199999999999998 0.191333 0.173333
2 0.181667 0.363 0.156667 0.114
2 0.19 0.46599999999999997 0.112 0.1
2 0.280333 0.575 0.156667 0.151333
2 0.305333 0.44799999999999995 0.129333 0.1
2 0.341667 0.341333 0.160667 0.14
2 0.359333 0.21099999999999997 0.132 0.120667
2 0.381 0.09566699999999995 0.119333 0.115333
2 0.534333 0.09099999999999997 0.174 0.163333
2 0.509333 0.259 0.14 0.188667
2 0.455333 0.407667 0.065333 0.060667
2 0.461 0.516 0.148667 0.138667
2 0.429 0.675667 0.176667 0.172667
2 0.572667 0.621 0.142667 0.15
2 0.412 0.826333 0.137333 0.140667
3 0.385333 0.931 0.088 0.076667
2 0.530333 0.947333 0.151333 0.104
2 0.571667 0.787 0.187333 0.186
2 0.696 0.9033329999999999 0.138667 0.177333
2 0.825333 0.917333 0.125333 0.153333
2 0.711333 0.777667 0.092 0.079333
2 0.733 0.642333 0.180667 0.226
2 0.843333 0.726333 0.138667 0.146
2 0.929333 0.800667 0.133333 0.128
3 0.866333 0.587 0.123333 0.122
3 0.819333 0.5103329999999999 0.096 0.088667
2 0.935667 0.481 0.115333 0.088667
2 0.863667 0.31599999999999995 0.138 0.156
2 0.769 0.26133300000000004 0.176667 0.137333
2 0.824333 0.17100000000000004 0.21 0.124667
2 0.786 0.101333 0.129333 0.070667
2 0.892333 0.05933299999999997 0.164667 0.118667
3 0.140333 0.844 0.07 0.076
0 0.577667 0.458333 0.060667 0.07
0 0.635333 0.19433299999999998 0.050667 0.048667
0 0.606 0.40033300000000005 0.068 0.055333
0 0.639333 0.23866699999999996 0.053333 0.048
0 0.682667 0.20866700000000005 0.042667 0.049333
2 0.064 0.833 0.126667 0.224667
2 0.946333 0.626 0.107333 0.157333
2 0.936333 0.37733300000000003 0.123333 0.129333
2 0.067 0.476333 0.132667 0.178
