0 0.332667 0.345333 0.084 0.076
0 0.264333 0.411333 0.126 0.121333
0 0.357667 0.453 0.075333 0.082
0 0.453 0.487333 0.116667 0.144
0 0.536 0.559333 0.053333 0.082667
0 0.324333 0.175667 0.059333 0.051333
0 0.251667 0.196 0.086 0.092
0 0.155 0.266333 0.047333 0.060667
0 0.425 0.135667 0.184667 0.174
0 0.588333 0.066667 0.108667 0.085333
0 0.682333 0.682333 0.212667 0.17
0 0.816667 0.585333 0.186667 0.206667
0 0.927 0.618 0.047333 0.06
0 0.891333 0.465667 0.216 0.186
0 0.083667 0.201333 0.062 0.068
0 0.164667 0.748667 0.110667 0.084
0 0.845333 0.81 0.154667 0.126667
