2 0.938 0.339667 0.062667 0.078
2 0.833 0.312667 0.147333 0.206667
1 0.731333 0.16 0.246667 0.161333
1 0.675 0.289667 0.151333 0.124667
2 0.673333 0.422667 0.236 0.166667
2 0.628 0.601333 0.196 0.196
2 0.725333 0.73 0.121333 0.138667
2 0.88 0.602667 0.161333 0.14
2 0.866333 0.761333 0.155333 0.170667
2 0.606 0.864 0.201333 0.229333
2 0.43000000000000005 0.832 0.174667 0.178667
2 0.347333 0.717 0.137333 0.151333
2 0.33266700000000005 0.554333 0.169333 0.179333
2 0.46399999999999997 0.589667 0.14 0.13
3 0.46199999999999997 0.685 0.066667 0.051333
2 0.486333 0.457667 0.140667 0.136667
1 0.5283329999999999 0.33 0.120667 0.125333
1 0.533667 0.166667 0.171333 0.206667
2 0.38233300000000003 0.272333 0.240667 0.29
2 0.18899999999999995 0.165667 0.23 0.211333
2 0.17333299999999996 0.395 0.158667 0.144667
2 0.25533300000000003 0.320667 0.066667 0.06
2 0.123 0.561 0.214 0.187333
2 0.07299999999999995 0.707 0.114 0.115333
2 0.20099999999999996 0.910333 0.167333 0.144667
2 0.21899999999999997 0.804333 0.158 0.092667
2 0.214333 0.698 0.156667 0.158667
2 0.06766700000000003 0.911333 0.134 0.177333
2 0.100333 0.777667 0.048667 0.043333
2 0.359333 0.127 0.085333 0.076667
2 0.531667 0.059667 0.214 0.118
2 0.7416670000000001 0.071 0.218 0.140667
2 0.09499999999999997 0.250333 0.19 0.226
2 0.04833299999999996 0.414333 0.096667 0.11
