2 0.510667 0.880667 0.092 0.093333
2 0.956333 0.229667 0.086 0.078
2 0.851667 0.123 0.115333 0.119333
2 0.820333 0.205667 0.044667 0.048667
2 0.726667 0.141667 0.142667 0.19
2 0.598 0.073 0.136 0.142
2 0.383 0.117 0.142 0.151333
2 0.47866699999999995 0.47 0.058667 0.064
2 0.448333 0.711333 0.124667 0.129333
2 0.21266700000000005 0.836333 0.076 0.079333
2 0.23366699999999996 0.636 0.154 0.109333
2 0.238 0.497333 0.162667 0.16
2 0.09699999999999998 0.587333 0.142 0.129333
2 0.11233300000000002 0.721667 0.086 0.080667
0 0.902 0.645 0.032 0.024667
0 0.869 0.677667 0.056667 0.036667
0 0.86 0.727 0.048 0.043333
0 0.906667 0.756667 0.101333 0.109333
0 0.962 0.822 0.037333 0.04
0 0.921333 0.703 0.029333 0.056667
0 0.980333 0.643333 0.038 0.038667
0 0.965667 0.713667 0.067333 0.106
0 0.7853330000000001 0.879 0.058667 0.07
0 0.77 0.703333 0.074667 0.096
0 0.540333 0.620333 0.043333 0.035333
0 0.547667 0.652 0.031333 0.032
0 0.750667 0.927 0.062667 0.060667
0 0.335333 0.781667 0.053333 0.047333
0 0.138 0.339667 0.105333 0.103333
0 0.08766700000000005 0.460667 0.074 0.08
0 0.12766699999999997 0.153667 0.05 0.036667
0 0.313333 0.184667 0.068 0.057333
0 0.499667 0.221 0.088667 0.086
0 0.6639999999999999 0.324333 0.086667 0.078
0 0.808667 0.372 0.06 0.064
2 0.9299999999999999 0.358 0.042667 0.037333
0 0.724333 0.555333 0.100667 0.084
0 0.810667 0.530333 0.073333 0.076667
0 0.823333 0.301333 0.108 0.102667
0 0.401667 0.838333 0.066 0.064667
0 0.45266700000000004 0.444333 0.104 0.096667
0 0.207333 0.943 0.141333 0.114
0 0.300667 0.318333 0.061333 0.07
0 0.357333 0.642667 0.074667 0.074667
3 0.19633299999999998 0.056667 0.168667 0.112
3 0.060667000000000026 0.078667 0.121333 0.141333
3 0.06466700000000003 0.365667 0.129333 0.17
