2 0.929333 0.862667 0.098667 0.124
2 0.8069999999999999 0.850333 0.156667 0.156667
2 0.6763330000000001 0.827333 0.107333 0.105333
2 0.492333 0.919333 0.091333 0.136
2 0.40633300000000006 0.907333 0.091333 0.142667
2 0.34566699999999995 0.900333 0.046 0.104667
2 0.233333 0.879333 0.16 0.137333
2 0.906667 0.7336670000000001 0.168 0.154
2 0.713333 0.69 0.174667 0.161333
2 0.579 0.683 0.151333 0.144667
2 0.44299999999999995 0.7663329999999999 0.198 0.17
2 0.245 0.738333 0.116667 0.116667
2 0.13333300000000003 0.7336670000000001 0.101333 0.104667
2 0.14300000000000002 0.626667 0.120667 0.126667
2 0.24633300000000002 0.631667 0.083333 0.094
2 0.35966699999999996 0.665667 0.154 0.138
2 0.884 0.5836669999999999 0.084 0.079333
2 0.714 0.580667 0.096 0.093333
2 0.7873330000000001 0.599 0.057333 0.062
2 0.589 0.564333 0.146 0.107333
3 0.474 0.553667 0.069333 0.072667
2 0.34166700000000005 0.542 0.138 0.129333
3 0.24933300000000003 0.528 0.069333 0.068
2 0.16400000000000003 0.489333 0.096 0.090667
2 0.09466699999999995 0.528667 0.062667 0.077333
2 0.817333 0.499 0.146667 0.118
2 0.694333 0.47866699999999995 0.115333 0.110667
2 0.582667 0.45166700000000004 0.12 0.123333
3 0.485333 0.43500000000000005 0.092 0.107333
2 0.36366699999999996 0.435667 0.09 0.075333
2 0.16100000000000003 0.372 0.156667 0.136
2 0.31299999999999994 0.346333 0.178 0.154
2 0.694333 0.385 0.123333 0.098
2 0.818333 0.387667 0.115333 0.11
2 0.924333 0.392667 0.119333 0.110667
2 0.887 0.30933299999999997 0.088667 0.072
2 0.789667 0.30533299999999997 0.094 0.105333
2 0.626333 0.303667 0.154 0.147333
2 0.509667 0.281667 0.095333 0.116667
2 0.04366700000000001 0.24766699999999997 0.072667 0.079333
2 0.14933300000000005 0.16900000000000004 0.097333 0.103333
2 0.217333 0.23366699999999996 0.08 0.079333
2 0.291667 0.19199999999999995 0.120667 0.129333
2 0.362333 0.16633299999999995 0.087333 0.108667
2 0.224333 0.13166699999999998 0.086 0.106
2 0.47266699999999995 0.163667 0.164 0.155333
2 0.562333 0.19599999999999995 0.087333 0.101333
2 0.6493329999999999 0.18933299999999997 0.094667 0.106667
2 0.736 0.17966700000000002 0.076 0.123333
2 0.828333 0.19633299999999998 0.108667 0.112667
2 0.917333 0.19633299999999998 0.08 0.09
2 0.875667 0.07333299999999998 0.15 0.125333
2 0.659667 0.06966700000000003 0.118 0.107333
1 0.45699999999999996 0.06133299999999997 0.075333 0.084
2 0.619 0.925 0.158 0.148667
2 0.057667000000000024 0.14400000000000002 0.115333 0.126667
0 0.09799999999999998 0.954333 0.062667 0.066
3 0.9390000000000001 0.502 0.120667 0.164
2 0.741 0.966333 0.076667 0.066
2 0.056332999999999966 0.46566700000000005 0.112667 0.204667
2 0.362 0.06366700000000003 0.114667 0.127333
