0 0.892 0.900667 0.129333 0.116
0 0.816333 0.7743329999999999 0.066 0.092667
0 0.7146669999999999 0.7436670000000001 0.141333 0.162
0 0.6226670000000001 0.855 0.229333 0.184667
0 0.41533299999999995 0.789667 0.129333 0.11
0 0.479333 0.669667 0.168 0.163333
0 0.317333 0.733333 0.174667 0.164
0 0.525667 0.555667 0.127333 0.123333
0 0.39433300000000004 0.884 0.123333 0.129333
0 0.231333 0.894333 0.18 0.206
0 0.16900000000000004 0.7783329999999999 0.143333 0.111333
0 0.17033299999999996 0.6413329999999999 0.212667 0.173333
0 0.371333 0.592667 0.166667 0.129333
0 0.590667 0.404 0.157333 0.165333
0 0.31999999999999995 0.278 0.186667 0.209333
0 0.454333 0.265667 0.122 0.187333
0 0.594 0.262 0.165333 0.181333
0 0.716 0.253667 0.122667 0.152667
0 0.826333 0.261667 0.123333 0.131333
0 0.943 0.32399999999999995 0.112667 0.172
0 0.91 0.382667 0.094667 0.092
0 0.751 0.385 0.147333 0.123333
0 0.462333 0.464333 0.142 0.164667
0 0.322333 0.48466699999999996 0.158 0.165333
0 0.22366699999999995 0.382 0.104667 0.146667
0 0.09066700000000005 0.391667 0.181333 0.167333
0 0.945 0.473 0.108667 0.087333
0 0.829333 0.486 0.153333 0.173333
0 0.648667 0.521 0.205333 0.198
0 0.08399999999999996 0.5429999999999999 0.168 0.136667
