2 0.18333299999999997 0.612667 0.076 0.072
2 0.604333 0.380333 0.046 0.046
3 0.719333 0.466667 0.096 0.098667
2 0.890333 0.069 0.048667 0.056667
2 0.8546670000000001 0.159333 0.141333 0.090667
2 0.938 0.283667 0.094667 0.142
2 0.823667 0.283667 0.154 0.15
2 0.866 0.452667 0.146667 0.132
2 0.8506670000000001 0.581 0.116 0.096667
2 0.784 0.674 0.138667 0.153333
2 0.6553329999999999 0.680667 0.104 0.136
2 0.536 0.664 0.132 0.136
2 0.906 0.813333 0.138667 0.165333
2 0.9666669999999999 0.894667 0.054667 0.064
3 0.845 0.891333 0.094 0.101333
3 0.769 0.802667 0.116667 0.096
3 0.758333 0.888667 0.071333 0.073333
3 0.680667 0.791333 0.06 0.070667
2 0.645667 0.888333 0.140667 0.187333
3 0.538667 0.896 0.06 0.069333
2 0.487 0.813 0.119333 0.142
2 0.373 0.915667 0.124667 0.155333
3 0.263667 0.939 0.087333 0.114
2 0.11533300000000002 0.938667 0.098667 0.104
0 0.328333 0.519333 0.091333 0.089333
0 0.24266699999999997 0.455 0.076 0.075333
0 0.11033300000000001 0.421 0.086 0.072667
0 0.095333 0.313 0.06 0.048667
0 0.033332999999999946 0.156 0.065333 0.073333
0 0.30133299999999996 0.150333 0.064 0.058
0 0.351333 0.068 0.097333 0.108
0 0.28333299999999995 0.101 0.056 0.05
0 0.544 0.362333 0.056 0.074
0 0.604333 0.325 0.058 0.079333
0 0.484 0.364333 0.042667 0.046
0 0.03833299999999995 0.353 0.076667 0.099333
0 0.087333 0.254 0.056 0.068
0 0.21566700000000005 0.101 0.075333 0.072667
0 0.13433300000000004 0.073333 0.108667 0.104
0 0.29733299999999996 0.2 0.052 0.041333
0 0.23366699999999996 0.173 0.056667 0.036667
0 0.43100000000000005 0.036667 0.072667 0.072
0 0.15533300000000005 0.366667 0.049333 0.046667
0 0.11833300000000002 0.175 0.043333 0.035333
0 0.10166699999999995 0.213667 0.058 0.046
0 0.28533299999999995 0.050667 0.057333 0.052
0 0.34366699999999994 0.141333 0.03 0.033333
0 0.28733299999999995 0.273667 0.044 0.051333
0 0.544 0.207667 0.074667 0.068667
0 0.614 0.236333 0.072 0.067333
0 0.583333 0.278 0.048 0.044
0 0.33299999999999996 0.371667 0.048667 0.062
0 0.301667 0.441667 0.031333 0.031333
0 0.22499999999999998 0.333 0.092667 0.064667
