2 0.145667 0.584333 0.09 0.116667
2 0.228333 0.5800000000000001 0.088667 0.174667
2 0.304667 0.589 0.110667 0.187333
2 0.42 0.572333 0.128 0.159333
2 0.374 0.698 0.116 0.133333
2 0.477 0.696 0.111333 0.170667
2 0.467 0.84 0.194 0.137333
2 0.569667 0.722 0.088667 0.104
2 0.589667 0.6126670000000001 0.118 0.129333
2 0.658667 0.675 0.102667 0.112667
2 0.641333 0.795 0.137333 0.122
2 0.749667 0.9390000000000001 0.084667 0.076667
2 0.750333 0.840333 0.114 0.120667
2 0.768667 0.727 0.128 0.108667
2 0.846667 0.817333 0.162667 0.144
2 0.935 0.892333 0.111333 0.122
2 0.291667 0.762333 0.118 0.115333
2 0.271 0.862667 0.155333 0.132
3 0.191333 0.761 0.106667 0.095333
2 0.131333 0.6859999999999999 0.101333 0.088
2 0.087667 0.805333 0.155333 0.162667
2 0.147667 0.902 0.094 0.102667
2 0.053333 0.9123330000000001 0.092 0.123333
2 0.581667 0.9299999999999999 0.104667 0.133333
3 0.506667 0.606333 0.045333 0.052667
2 0.063667 0.6006670000000001 0.126 0.121333
3 0.044 0.700333 0.086667 0.086
0 0.255 0.432667 0.015333 0.02
0 0.340333 0.445333 0.023333 0.021333
0 0.297667 0.44266700000000003 0.03 0.026667
2 0.253333 0.959667 0.148 0.078
2 0.330333 0.062000000000000055 0.103333 0.124
2 0.274333 0.07733299999999999 0.088667 0.154667
0 0.755333 0.652667 0.138667 0.116
0 0.871333 0.707667 0.117333 0.079333
2 0.167667 0.07866700000000004 0.187333 0.149333
2 0.549 0.07666700000000004 0.162 0.153333
2 0.414333 0.07666700000000004 0.144667 0.148
