2 0.112 0.942333 0.204 0.111333
2 0.126 0.817333 0.226667 0.172
2 0.266333 0.769333 0.098 0.112
2 0.135 0.661333 0.247333 0.170667
2 0.122333 0.485333 0.214 0.174667
2 0.176667 0.28133300000000006 0.210667 0.2
1 0.078 0.17266700000000001 0.141333 0.1
2 0.199667 0.13066699999999998 0.148667 0.126667
2 0.310333 0.21799999999999997 0.119333 0.109333
2 0.371333 0.12166699999999997 0.089333 0.086
2 0.467667 0.09699999999999998 0.104667 0.11
2 0.442 0.18466700000000003 0.12 0.081333
2 0.410667 0.30633299999999997 0.201333 0.183333
2 0.407333 0.442333 0.186667 0.160667
2 0.402333 0.564333 0.107333 0.088667
2 0.370667 0.701333 0.196 0.170667
2 0.465 0.836333 0.207333 0.115333
2 0.523 0.7316670000000001 0.148667 0.120667
2 0.538 0.630667 0.105333 0.090667
2 0.530333 0.514 0.156667 0.162667
2 0.556333 0.39233300000000004 0.115333 0.091333
2 0.575333 0.27 0.156 0.192
2 0.599 0.089333 0.166 0.178667
2 0.715667 0.22199999999999998 0.144667 0.165333
2 0.850333 0.23733300000000002 0.206 0.198667
2 0.81 0.402667 0.166667 0.145333
3 0.792667 0.512667 0.070667 0.068
2 0.671333 0.52 0.2 0.225333
2 0.756667 0.732667 0.248 0.208
2 0.882333 0.677667 0.080667 0.09
2 0.736333 0.909333 0.214 0.166667
2 0.603 0.783 0.083333 0.084667
2 0.322 0.8993329999999999 0.176 0.197333
2 0.231 0.06533299999999997 0.172667 0.128
2 0.275 0.566667 0.047333 0.053333
2 0.899 0.896667 0.194 0.205333
2 0.944333 0.42833299999999996 0.111333 0.162
2 0.799667 0.09699999999999998 0.25 0.194
2 0.584667 0.927 0.142667 0.144667
2 0.051 0.31233299999999997 0.100667 0.212667
2 0.46 0.941333 0.148 0.116
