2 0.914667 0.138 0.122667 0.158667
2 0.777 0.165 0.155333 0.218
2 0.5716669999999999 0.143667 0.275333 0.286
2 0.355333 0.086667 0.141333 0.148
2 0.33566700000000005 0.199667 0.052667 0.056667
2 0.19699999999999995 0.224 0.118 0.117333
2 0.06299999999999994 0.235667 0.086 0.107333
3 0.30700000000000005 0.322667 0.084667 0.1
2 0.41233299999999995 0.294333 0.154 0.172667
2 0.5820000000000001 0.354667 0.221333 0.169333
1 0.8296669999999999 0.297667 0.211333 0.163333
2 0.937 0.422 0.122 0.157333
1 0.8 0.454667 0.201333 0.177333
2 0.847667 0.587333 0.116667 0.126667
2 0.822667 0.686333 0.197333 0.191333
2 0.7006669999999999 0.750333 0.18 0.214
2 0.854 0.806333 0.109333 0.082
2 0.6066670000000001 0.586667 0.201333 0.172
2 0.584667 0.487667 0.204 0.147333
1 0.42000000000000004 0.432333 0.110667 0.122
2 0.31299999999999994 0.44 0.119333 0.137333
2 0.23566699999999996 0.456 0.052667 0.064
2 0.44099999999999995 0.549667 0.147333 0.151333
1 0.30600000000000005 0.572667 0.166667 0.133333
2 0.137 0.454 0.122 0.157333
2 0.456333 0.664333 0.094 0.091333
1 0.5263329999999999 0.774667 0.187333 0.204
2 0.494333 0.897333 0.19 0.138667
2 0.36666699999999997 0.724667 0.142667 0.173333
2 0.24033300000000002 0.697 0.123333 0.184667
1 0.11333300000000002 0.715667 0.158667 0.227333
2 0.7050000000000001 0.325333 0.056667 0.074667
0 0.17733299999999996 0.298667 0.044 0.058667
2 0.942667 0.637333 0.113333 0.242667
2 0.861 0.91 0.227333 0.18
2 0.19466700000000003 0.896 0.309333 0.208
2 0.04733299999999996 0.472 0.094667 0.196
3 0.04066700000000001 0.118667 0.081333 0.154667
