2 0.168667 0.057667 0.077333 0.083333
2 0.073 0.174 0.124667 0.113333
2 0.291667 0.142333 0.240667 0.247333
2 0.510667 0.067 0.130667 0.122
2 0.630667 0.1 0.057333 0.068
2 0.761 0.101667 0.143333 0.139333
2 0.85 0.046667 0.065333 0.068
2 0.938333 0.143667 0.116667 0.114
2 0.852667 0.271333 0.132 0.210667
2 0.733333 0.263333 0.098667 0.201333
2 0.639667 0.234333 0.106 0.184667
2 0.509667 0.207333 0.159333 0.177333
2 0.088333 0.317667 0.15 0.184667
2 0.226 0.312333 0.133333 0.151333
2 0.348667 0.309667 0.14 0.187333
2 0.480667 0.352333 0.132 0.176667
2 0.618333 0.379 0.146 0.159333
2 0.553667 0.497 0.183333 0.154
3 0.390333 0.494333 0.159333 0.154
2 0.239 0.472 0.154 0.16
2 0.107667 0.464667 0.124667 0.134667
2 0.127333 0.842 0.164 0.177333
2 0.225667 0.596333 0.119333 0.119333
2 0.285 0.724 0.187333 0.153333
2 0.271333 0.865 0.136 0.140667
2 0.443333 0.871333 0.198667 0.2
2 0.551 0.77 0.123333 0.109333
2 0.344333 0.600667 0.123333 0.097333
3 0.446 0.617 0.070667 0.072667
2 0.567333 0.634333 0.125333 0.107333
2 0.687333 0.652333 0.134667 0.154
2 0.705 0.794667 0.188667 0.166667
2 0.857 0.779667 0.162 0.206
2 0.841667 0.549 0.154 0.139333
2 0.875667 0.427333 0.172667 0.132
0 0.665 0.878333 0.079333 0.079333
0 0.809 0.652333 0.092667 0.099333
2 0.378 0.07 0.150667 0.138667
2 0.933333 0.673333 0.133333 0.252
2 0.959333 0.838 0.081333 0.101333
2 0.068 0.696 0.134667 0.168
2 0.054667 0.563333 0.108 0.149333
3 0.941 0.048667 0.108667 0.096
