2 0.889333 0.283333 0.098667 0.112
2 0.9083330000000001 0.442333 0.115333 0.111333
2 0.89 0.688333 0.130667 0.116667
2 0.874 0.827 0.178667 0.152667
2 0.776 0.681333 0.146667 0.130667
2 0.789 0.576333 0.115333 0.079333
2 0.7070000000000001 0.544333 0.084667 0.087333
2 0.715667 0.450667 0.107333 0.102667
2 0.8009999999999999 0.481667 0.111333 0.115333
2 0.781667 0.378333 0.155333 0.111333
2 0.792667 0.275667 0.153333 0.106
2 0.799667 0.192333 0.119333 0.083333
2 0.819667 0.103667 0.159333 0.111333
2 0.717667 0.150667 0.075333 0.108
2 0.631667 0.182 0.127333 0.157333
2 0.618333 0.308333 0.107333 0.084667
2 0.621 0.402333 0.126 0.116667
2 0.605 0.509 0.119333 0.096667
2 0.6066670000000001 0.618 0.164 0.124
2 0.581 0.730667 0.126 0.124
2 0.701667 0.786 0.151333 0.165333
2 0.5816669999999999 0.915333 0.152667 0.157333
2 0.45799999999999996 0.877333 0.138667 0.128
2 0.468333 0.773 0.087333 0.088667
2 0.499667 0.543333 0.106 0.104
2 0.40933299999999995 0.509667 0.089333 0.11
2 0.501 0.442333 0.103333 0.114
2 0.5223329999999999 0.314667 0.11 0.128
2 0.527333 0.201667 0.141333 0.118
2 0.535667 0.090333 0.15 0.115333
2 0.423667 0.077 0.087333 0.127333
2 0.36266699999999996 0.047 0.070667 0.082
2 0.41700000000000004 0.194 0.098 0.105333
2 0.42433299999999996 0.312667 0.119333 0.134667
2 0.32599999999999996 0.225667 0.113333 0.124667
1 0.323333 0.321667 0.130667 0.086
2 0.33366700000000005 0.401667 0.148667 0.079333
2 0.30933299999999997 0.492667 0.136 0.097333
2 0.401667 0.616667 0.071333 0.081333
2 0.30733299999999997 0.589333 0.204 0.097333
2 0.274667 0.678333 0.161333 0.083333
2 0.27833300000000005 0.792 0.187333 0.132
2 0.39333300000000004 0.736333 0.137333 0.112667
2 0.35 0.924333 0.101333 0.139333
2 0.258667 0.913333 0.118667 0.164
2 0.138 0.864 0.165333 0.129333
2 0.126 0.763667 0.141333 0.082
2 0.121 0.672333 0.151333 0.095333
2 0.13366699999999998 0.587 0.131333 0.086
2 0.144667 0.492333 0.173333 0.096667
2 0.16233299999999995 0.393667 0.180667 0.111333
2 0.17333299999999996 0.287667 0.166667 0.112667
2 0.18166700000000002 0.204667 0.127333 0.094667
2 0.211333 0.111333 0.162667 0.101333
2 0.20799999999999996 0.038 0.097333 0.064
1 0.11066699999999996 0.049 0.092 0.083333
2 0.07533299999999998 0.149333 0.134667 0.146667
0 0.918333 0.043333 0.106 0.085333
0 0.894333 0.090333 0.058 0.088667
2 0.758667 0.037 0.157333 0.072667
2 0.05566700000000002 0.341333 0.111333 0.165333
2 0.12633300000000003 0.954 0.167333 0.089333
2 0.814333 0.947667 0.160667 0.104667
