2 0.902333 0.245333 0.17 0.136
2 0.883 0.382 0.222 0.142667
2 0.796333 0.158333 0.151333 0.21
3 0.677333 0.179333 0.125333 0.168
2 0.6759999999999999 0.324333 0.1 0.088667
3 0.5163329999999999 0.174667 0.196667 0.166667
3 0.494 0.298 0.194667 0.110667
2 0.5183329999999999 0.436 0.195333 0.16
2 0.363 0.402 0.151333 0.177333
3 0.253667 0.283333 0.162 0.148
3 0.16133299999999995 0.087333 0.165333 0.16
2 0.21766700000000005 0.515333 0.203333 0.226667
2 0.08999999999999997 0.821 0.18 0.19
2 0.19566700000000004 0.938333 0.111333 0.122
2 0.30300000000000005 0.848667 0.19 0.134667
2 0.31566700000000003 0.685333 0.218 0.194667
2 0.469 0.850667 0.160667 0.192
3 0.47366699999999995 0.623667 0.182 0.198
2 0.6046670000000001 0.880667 0.129333 0.190667
2 0.633 0.642333 0.127333 0.144667
3 0.636333 0.506667 0.095333 0.101333
3 0.766 0.457667 0.169333 0.155333
3 0.756667 0.593 0.161333 0.118
3 0.751667 0.701333 0.179333 0.112
2 0.753 0.835333 0.192667 0.156
2 0.738 0.945333 0.156 0.109333
2 0.867667 0.931667 0.111333 0.115333
2 0.894667 0.673 0.121333 0.175333
3 0.909 0.517333 0.143333 0.146667
0 0.29400000000000004 0.17 0.116 0.112
0 0.089333 0.557333 0.066667 0.076
0 0.750333 0.282667 0.05 0.062667
0 0.53 0.055667 0.156 0.11
2 0.33166700000000005 0.949333 0.182 0.101333
2 0.917 0.118667 0.164667 0.129333
2 0.07399999999999995 0.953333 0.142667 0.093333
3 0.949 0.897333 0.100667 0.122667
3 0.403 0.045333 0.127333 0.086667
3 0.05466700000000002 0.114333 0.109333 0.144667
