0 0.917667 0.360333 0.162 0.167333
0 0.761 0.452333 0.172667 0.187333
0 0.593 0.458 0.159333 0.128
0 0.5720000000000001 0.195667 0.134667 0.134
0 0.6006670000000001 0.325333 0.169333 0.186667
0 0.469333 0.319 0.113333 0.140667
0 0.390667 0.231 0.146667 0.168667
0 0.41200000000000003 0.394333 0.094667 0.122
0 0.41733299999999995 0.742667 0.162667 0.14
0 0.18066700000000002 0.569 0.169333 0.167333
0 0.939333 0.769 0.12 0.118
0 0.867333 0.676333 0.110667 0.166
0 0.756333 0.694667 0.131333 0.208
0 0.657667 0.599333 0.126 0.109333
0 0.7663329999999999 0.881333 0.244667 0.237333
0 0.618 0.725 0.174667 0.166
0 0.502667 0.812 0.1 0.094667
0 0.629667 0.855 0.146 0.122
0 0.532333 0.584667 0.171333 0.189333
0 0.263667 0.412667 0.187333 0.173333
0 0.12533300000000003 0.441667 0.102667 0.139333
0 0.10333300000000001 0.304333 0.132 0.171333
0 0.23666699999999996 0.265 0.2 0.172667
0 0.31266700000000003 0.893333 0.174667 0.202667
0 0.389 0.575333 0.146 0.232
0 0.30033299999999996 0.623 0.111333 0.131333
0 0.509333 0.926 0.288 0.148
0 0.20333299999999999 0.82 0.193333 0.212
0 0.25133300000000003 0.084 0.230667 0.166667
0 0.07833299999999999 0.086667 0.156667 0.172
0 0.758667 0.291 0.174667 0.187333
0 0.828333 0.176 0.187333 0.205333
