2 0.859 0.872333 0.214 0.251333
2 0.6639999999999999 0.879 0.196 0.214
2 0.502 0.834333 0.074667 0.083333
2 0.384 0.829 0.172 0.214
2 0.253667 0.8160000000000001 0.122 0.197333
2 0.16100000000000003 0.89 0.079333 0.092
2 0.15333300000000005 0.667 0.164 0.182
2 0.07133299999999998 0.634333 0.069333 0.083333
2 0.458333 0.702333 0.126 0.114
2 0.606333 0.649667 0.078 0.072667
2 0.552 0.590667 0.169333 0.170667
2 0.404 0.5760000000000001 0.126667 0.169333
2 0.29533299999999996 0.5549999999999999 0.1 0.142
2 0.19866700000000004 0.542 0.106667 0.124
2 0.26033300000000004 0.431667 0.127333 0.122
2 0.159667 0.41200000000000003 0.095333 0.133333
2 0.06533299999999997 0.43300000000000005 0.109333 0.160667
2 0.06033299999999997 0.276667 0.116667 0.154667
2 0.20199999999999996 0.287667 0.166667 0.19
2 0.09166700000000005 0.12966699999999998 0.154 0.154
2 0.243 0.158667 0.143333 0.148
2 0.349333 0.20166700000000004 0.069333 0.082
2 0.382667 0.08033299999999999 0.12 0.147333
2 0.46866699999999994 0.19933299999999998 0.156 0.164
2 0.404667 0.33299999999999996 0.130667 0.152667
2 0.48266699999999996 0.452333 0.161333 0.152667
2 0.562333 0.337333 0.148667 0.166667
2 0.659 0.364333 0.044667 0.059333
2 0.9319999999999999 0.344 0.101333 0.105333
2 0.626333 0.20499999999999996 0.148667 0.188667
2 0.5223329999999999 0.07533299999999998 0.123333 0.137333
2 0.659 0.06766700000000003 0.139333 0.124667
2 0.791667 0.21066700000000005 0.195333 0.172
2 0.791667 0.36966699999999997 0.174 0.171333
2 0.873 0.498 0.144667 0.133333
2 0.724667 0.511 0.165333 0.214
2 0.884 0.621 0.108 0.120667
2 0.914 0.162667 0.106667 0.124
2 0.793667 0.088333 0.144667 0.119333
0 0.56 0.736 0.073333 0.096
0 0.34966699999999995 0.45399999999999996 0.062 0.058667
3 0.430667 0.943 0.141333 0.112667
2 0.20233299999999999 0.05666700000000002 0.242 0.113333
2 0.05666700000000002 0.891333 0.113333 0.130667
