2 0.579333 0.916667 0.14 0.142667
2 0.493333 0.836333 0.098667 0.115333
2 0.45366700000000004 0.941 0.116667 0.103333
2 0.45366700000000004 0.773667 0.116667 0.120667
2 0.38933300000000004 0.727667 0.098667 0.120667
2 0.376 0.866333 0.130667 0.15
2 0.334333 0.633333 0.13 0.109333
2 0.231333 0.564 0.197333 0.154667
2 0.242 0.768667 0.209333 0.189333
2 0.15800000000000003 0.889667 0.110667 0.119333
2 0.24366699999999997 0.925 0.148667 0.143333
2 0.12033300000000002 0.494 0.119333 0.1
2 0.10166699999999995 0.821667 0.098 0.108667
2 0.11833300000000002 0.714667 0.09 0.108
2 0.07333299999999998 0.643 0.125333 0.118
0 0.442333 0.025 0.060667 0.048667
0 0.45499999999999996 0.093667 0.079333 0.086
0 0.521667 0.147 0.079333 0.076667
0 0.575333 0.203 0.082667 0.078
0 0.604 0.127 0.1 0.086
0 0.685667 0.277667 0.047333 0.046
0 0.764667 0.343333 0.121333 0.105333
0 0.842 0.414333 0.144 0.13
0 0.896 0.316667 0.074667 0.066667
0 0.675667 0.204333 0.086 0.068667
0 0.962667 0.472667 0.073333 0.090667
0 0.920333 0.176333 0.084667 0.076667
0 0.7893330000000001 0.143333 0.096 0.074667
0 0.773 0.074667 0.092667 0.1
0 0.825667 0.24 0.092667 0.116
0 0.5263329999999999 0.055333 0.096667 0.109333
0 0.603 0.062333 0.056667 0.060667
0 0.675667 0.077 0.067333 0.038
0 0.398 0.054667 0.054667 0.06
2 0.08533299999999999 0.401333 0.170667 0.168
0 0.887667 0.083 0.079333 0.086
0 0.916667 0.518 0.08 0.072
0 0.74 0.212667 0.052 0.056
0 0.669 0.137667 0.031333 0.034
2 0.093333 0.953667 0.101333 0.092667
