2 0.828667 0.062333 0.205333 0.118
2 0.927333 0.240333 0.144 0.176667
2 0.7933330000000001 0.190333 0.196 0.179333
2 0.773333 0.350667 0.174667 0.189333
2 0.866667 0.480333 0.129333 0.120667
2 0.897333 0.628667 0.126667 0.133333
2 0.741 0.577667 0.219333 0.21
2 0.74 0.738333 0.264 0.15
2 0.733 0.887333 0.236667 0.162667
2 0.571333 0.893 0.137333 0.148667
2 0.582333 0.621667 0.104667 0.106
2 0.614 0.452 0.265333 0.228
2 0.624 0.303333 0.104 0.092
2 0.637 0.184 0.152667 0.153333
2 0.657667 0.062333 0.147333 0.115333
2 0.46699999999999997 0.182667 0.198 0.153333
2 0.46766700000000005 0.337 0.211333 0.178
2 0.44299999999999995 0.582667 0.15 0.164
2 0.43100000000000005 0.732 0.21 0.16
2 0.41833299999999995 0.857333 0.156667 0.133333
2 0.401 0.954333 0.15 0.09
2 0.256667 0.861333 0.177333 0.213333
2 0.14200000000000002 0.717333 0.148 0.172
2 0.13166699999999998 0.827 0.083333 0.075333
2 0.07499999999999996 0.607667 0.111333 0.086
2 0.07133299999999998 0.492333 0.134667 0.139333
2 0.09699999999999998 0.348667 0.191333 0.142667
2 0.299667 0.651 0.172667 0.15
2 0.27133300000000005 0.494667 0.196 0.165333
2 0.43866700000000003 0.459667 0.072 0.076667
2 0.24 0.261333 0.156 0.137333
2 0.24166699999999997 0.117333 0.148667 0.153333
2 0.343333 0.101 0.145333 0.180667
2 0.12733300000000003 0.146333 0.08 0.080667
3 0.12566699999999997 0.251 0.080667 0.064667
0 0.334333 0.407333 0.072667 0.061333
0 0.14700000000000002 0.56 0.086 0.072
2 0.915667 0.905 0.167333 0.19
3 0.11233300000000002 0.941333 0.179333 0.117333
2 0.49 0.062 0.2 0.122667
2 0.03633299999999995 0.738333 0.072667 0.131333
