2 0.285333 0.09799999999999998 0.102667 0.125333
2 0.599 0.503667 0.078 0.088667
2 0.820667 0.516667 0.104 0.126667
2 0.711667 0.515333 0.144667 0.176
2 0.608667 0.867333 0.146667 0.158667
2 0.620667 0.720667 0.157333 0.137333
2 0.654333 0.634 0.114 0.089333
2 0.755333 0.6373329999999999 0.096 0.093333
2 0.754 0.717333 0.106667 0.089333
2 0.729333 0.809667 0.130667 0.104667
2 0.702667 0.884 0.062667 0.066667
2 0.798333 0.900667 0.120667 0.117333
2 0.818667 0.8029999999999999 0.069333 0.082
2 0.878667 0.891667 0.06 0.074
3 0.94 0.904667 0.057333 0.061333
2 0.884333 0.8089999999999999 0.084667 0.091333
2 0.875667 0.720333 0.086 0.080667
3 0.866333 0.637667 0.082 0.076667
2 0.422333 0.07033299999999998 0.056667 0.060667
2 0.957667 0.736 0.084667 0.156
2 0.859 0.965333 0.082 0.066667
0 0.429667 0.7763329999999999 0.176667 0.136667
0 0.196 0.927 0.082667 0.095333
0 0.122333 0.873333 0.124667 0.145333
0 0.134667 0.744333 0.154667 0.126
0 0.192667 0.809667 0.089333 0.107333
0 0.286 0.851667 0.149333 0.202
0 0.399667 0.919333 0.175333 0.158667
0 0.431 0.6679999999999999 0.164667 0.162667
0 0.768667 0.392667 0.118667 0.136
0 0.467 0.478 0.183333 0.216
0 0.078333 0.43033299999999997 0.155333 0.226
0 0.118667 0.607 0.161333 0.172667
0 0.319 0.638333 0.179333 0.200667
0 0.258333 0.48966699999999996 0.251333 0.184667
0 0.206333 0.629 0.088667 0.087333
0 0.509333 0.931 0.1 0.119333
2 0.950667 0.544 0.098667 0.166667
2 0.544667 0.08166700000000005 0.188 0.163333
2 0.114 0.094333 0.084 0.106
2 0.749667 0.07433299999999998 0.158 0.148667
2 0.231333 0.03600000000000003 0.062667 0.061333
2 0.152667 0.05400000000000005 0.154667 0.108
