2 0.548 0.077333 0.174667 0.142667
2 0.22699999999999998 0.084667 0.180667 0.165333
2 0.33399999999999996 0.174667 0.153333 0.196
2 0.447333 0.213333 0.101333 0.137333
2 0.540333 0.196333 0.115333 0.139333
2 0.662667 0.163 0.162667 0.172667
2 0.852 0.246 0.205333 0.169333
2 0.632 0.306667 0.132 0.129333
2 0.5263329999999999 0.335 0.112667 0.147333
2 0.405667 0.36 0.151333 0.161333
2 0.46466700000000005 0.465667 0.228 0.134
2 0.682667 0.400333 0.189333 0.183333
2 0.834667 0.394 0.145333 0.137333
1 0.853 0.518333 0.120667 0.122
1 0.736667 0.542 0.128 0.136
2 0.626333 0.551 0.118 0.138
2 0.501667 0.566333 0.148667 0.120667
2 0.527667 0.695333 0.151333 0.162667
2 0.656667 0.675333 0.129333 0.128
1 0.7763329999999999 0.647 0.143333 0.123333
2 0.897667 0.661333 0.119333 0.174667
1 0.786667 0.768333 0.166667 0.144667
1 0.630667 0.788667 0.193333 0.134667
1 0.762667 0.91 0.16 0.169333
1 0.611 0.924667 0.176667 0.145333
2 0.806333 0.080667 0.119333 0.16
2 0.6966669999999999 0.045333 0.098667 0.089333
0 0.17033299999999996 0.829333 0.162 0.141333
0 0.15600000000000003 0.946667 0.166667 0.106667
2 0.944 0.375 0.110667 0.143333
2 0.953 0.504333 0.092667 0.144667
2 0.935667 0.804667 0.127333 0.170667
2 0.912667 0.936 0.173333 0.126667
2 0.897667 0.045667 0.091333 0.09
