2 0.786667 0.083333 0.188 0.126667
2 0.784333 0.206333 0.175333 0.15
2 0.872 0.276333 0.102667 0.112667
3 0.769667 0.334 0.112667 0.097333
2 0.660667 0.088333 0.086667 0.086
2 0.650333 0.194667 0.118 0.132
2 0.657333 0.310333 0.098667 0.111333
2 0.745 0.424333 0.087333 0.094
3 0.818333 0.506333 0.102 0.078
2 0.942667 0.585333 0.113333 0.089333
3 0.844 0.758667 0.074667 0.068
2 0.867667 0.668667 0.05 0.064
2 0.746333 0.647667 0.179333 0.183333
2 0.703667 0.896 0.188667 0.170667
2 0.5760000000000001 0.832667 0.08 0.082667
2 0.450333 0.855667 0.182 0.179333
2 0.32899999999999996 0.826333 0.152667 0.146
2 0.17900000000000005 0.907 0.147333 0.179333
2 0.23299999999999998 0.759 0.119333 0.114
2 0.08499999999999996 0.814667 0.159333 0.164
2 0.24466699999999997 0.623667 0.090667 0.11
2 0.151667 0.564333 0.148667 0.152667
3 0.267667 0.485333 0.111333 0.141333
2 0.33299999999999996 0.699333 0.122 0.113333
2 0.361333 0.6 0.124 0.132
2 0.372 0.502 0.094667 0.077333
2 0.481333 0.655333 0.161333 0.165333
2 0.606 0.696333 0.098667 0.086
2 0.622 0.558333 0.174667 0.187333
2 0.725333 0.502333 0.045333 0.052667
2 0.631667 0.417333 0.122 0.105333
2 0.54 0.175667 0.1 0.103333
2 0.33799999999999997 0.077333 0.106667 0.136
3 0.43333299999999997 0.173667 0.068 0.062
2 0.43033299999999997 0.239667 0.086 0.083333
2 0.509333 0.401667 0.110667 0.118
2 0.48166699999999996 0.524333 0.111333 0.122
2 0.392 0.421 0.106667 0.087333
2 0.41633299999999995 0.326667 0.119333 0.101333
2 0.294667 0.332667 0.124 0.141333
2 0.242 0.152 0.137333 0.141333
2 0.232333 0.040333 0.079333 0.074
2 0.13233300000000003 0.075 0.095333 0.079333
2 0.11199999999999999 0.196667 0.172 0.156
2 0.096333 0.312667 0.084667 0.062667
2 0.5609999999999999 0.063 0.104667 0.09
0 0.7110000000000001 0.784667 0.108667 0.076
0 0.06233299999999997 0.404667 0.05 0.052
0 0.09499999999999997 0.419333 0.052667 0.057333
0 0.565 0.773667 0.058 0.039333
0 0.246 0.261 0.041333 0.034
2 0.875333 0.903667 0.158667 0.192667
2 0.28833299999999995 0.945 0.138 0.11
2 0.43799999999999994 0.951 0.184 0.098
2 0.05466700000000002 0.512333 0.109333 0.135333
2 0.042332999999999954 0.643667 0.076667 0.111333
2 0.912667 0.446 0.173333 0.168
2 0.446333 0.059 0.134 0.116667
2 0.948 0.186 0.102667 0.174667
2 0.07166700000000004 0.946333 0.143333 0.107333
