2 0.489333 0.11933300000000002 0.092 0.093333
2 0.043667 0.7703329999999999 0.086 0.078
2 0.148333 0.877 0.115333 0.119333
2 0.179667 0.794333 0.044667 0.048667
2 0.273333 0.858333 0.142667 0.19
2 0.402 0.927 0.136 0.142
2 0.617 0.883 0.142 0.151333
2 0.521333 0.53 0.058667 0.064
2 0.551667 0.288667 0.124667 0.129333
2 0.787333 0.163667 0.076 0.079333
2 0.766333 0.364 0.154 0.109333
2 0.762 0.502667 0.162667 0.16
2 0.903 0.412667 0.142 0.129333
2 0.887667 0.27833300000000005 0.086 0.080667
0 0.098 0.355 0.032 0.024667
0 0.131 0.322333 0.056667 0.036667
0 0.14 0.273 0.048 0.043333
0 0.093333 0.24333300000000002 0.101333 0.109333
0 0.038 0.17800000000000005 0.037333 0.04
0 0.078667 0.29700000000000004 0.029333 0.056667
0 0.019667 0.35666699999999996 0.038 0.038667
0 0.034333 0.28633299999999995 0.067333 0.106
0 0.214667 0.121 0.058667 0.07
0 0.23 0.296667 0.074667 0.096
0 0.459667 0.379667 0.043333 0.035333
0 0.452333 0.348 0.031333 0.032
0 0.249333 0.07299999999999995 0.062667 0.060667
0 0.664667 0.218333 0.053333 0.047333
0 0.862 0.6603330000000001 0.105333 0.103333
0 0.912333 0.5393330000000001 0.074 0.08
0 0.872333 0.846333 0.05 0.036667
0 0.686667 0.815333 0.068 0.057333
0 0.500333 0.779 0.088667 0.086
0 0.336 0.675667 0.086667 0.078
0 0.191333 0.628 0.06 0.064
2 0.07 0.642 0.042667 0.037333
0 0.275667 0.44466700000000003 0.100667 0.084
0 0.189333 0.46966699999999995 0.073333 0.076667
0 0.176667 0.6986669999999999 0.108 0.102667
0 0.598333 0.161667 0.066 0.064667
0 0.547333 0.555667 0.104 0.096667
0 0.792667 0.05700000000000005 0.141333 0.114
0 0.699333 0.681667 0.061333 0.07
0 0.642667 0.357333 0.074667 0.074667
3 0.803667 0.943333 0.168667 0.112
3 0.939333 0.921333 0.121333 0.141333
3 0.935333 0.634333 0.129333 0.17
