2 0.06133299999999997 0.564667 0.122667 0.125333
2 0.040000000000000036 0.7 0.08 0.088
2 0.07499999999999996 0.771333 0.138 0.138667
2 0.11099999999999999 0.849 0.092667 0.086
2 0.213333 0.751 0.166667 0.138
2 0.25333300000000003 0.831667 0.105333 0.104667
2 0.30900000000000005 0.931667 0.116667 0.112667
0 0.962 0.177667 0.06 0.072667
0 0.964 0.04 0.054667 0.078667
0 0.897 0.114 0.09 0.072
0 0.599667 0.074667 0.087333 0.094667
0 0.6823330000000001 0.317333 0.088667 0.093333
0 0.513667 0.096333 0.084667 0.082
0 0.459333 0.123667 0.089333 0.079333
0 0.42600000000000005 0.19 0.110667 0.090667
0 0.595333 0.683667 0.114667 0.095333
0 0.959333 0.526333 0.064 0.083333
0 0.924333 0.747 0.098 0.079333
0 0.959333 0.867333 0.065333 0.096
0 0.575 0.537 0.108667 0.119333
0 0.965333 0.041667 0.052 0.080667
0 0.6393329999999999 0.160333 0.152 0.096667
0 0.152667 0.653 0.129333 0.127333
0 0.05700000000000005 0.923 0.023333 0.035333
0 0.776667 0.549333 0.082667 0.113333
0 0.758 0.755 0.148 0.134
0 0.79 0.905333 0.228 0.168
0 0.679667 0.494333 0.128667 0.116667
0 0.861667 0.150333 0.072667 0.084667
0 0.765333 0.154333 0.130667 0.114
0 0.863333 0.237 0.12 0.084667
0 0.713667 0.080333 0.139333 0.115333
0 0.788 0.296667 0.098667 0.090667
0 0.5413330000000001 0.312333 0.2 0.206
0 0.85 0.469667 0.086667 0.079333
0 0.979333 0.354 0.04 0.065333
0 0.9053329999999999 0.354 0.144 0.152
0 0.25833300000000003 0.078667 0.128667 0.156
0 0.86 0.594333 0.105333 0.095333
2 0.17866700000000002 0.941333 0.162667 0.117333
2 0.08333299999999999 0.956667 0.082667 0.086667
