2 0.924 0.819333 0.130667 0.136
1 0.809667 0.925333 0.156667 0.145333
1 0.681667 0.917 0.154 0.159333
1 0.726333 0.799667 0.248667 0.158
2 0.911667 0.671 0.078 0.09
1 0.8029999999999999 0.659333 0.148667 0.169333
1 0.862 0.5433330000000001 0.194667 0.170667
1 0.636333 0.636333 0.212667 0.179333
1 0.673667 0.49566699999999997 0.19 0.15
1 0.802667 0.365 0.178667 0.239333
1 0.666667 0.345333 0.112 0.197333
2 0.5429999999999999 0.355 0.131333 0.191333
1 0.417667 0.33566700000000005 0.187333 0.236667
1 0.42800000000000005 0.5836669999999999 0.268 0.271333
1 0.489 0.744 0.184667 0.178667
1 0.513667 0.892667 0.204667 0.18
2 0.277 0.928 0.127333 0.14
1 0.314333 0.7803329999999999 0.186 0.211333
2 0.12033300000000002 0.912667 0.180667 0.16
2 0.166667 0.7763329999999999 0.170667 0.175333
2 0.19566700000000004 0.632333 0.174 0.138
1 0.221333 0.5183329999999999 0.172 0.159333
1 0.07899999999999996 0.504 0.148667 0.164
2 0.19299999999999995 0.370333 0.212667 0.155333
2 0.05033299999999996 0.363333 0.100667 0.117333
2 0.278667 0.274667 0.164 0.174667
2 0.091333 0.23833300000000002 0.168 0.147333
2 0.13833300000000004 0.11199999999999999 0.155333 0.174667
2 0.38833300000000004 0.151667 0.147333 0.151333
1 0.556 0.17600000000000005 0.194667 0.161333
1 0.767333 0.11099999999999999 0.136 0.152667
2 0.887 0.13933300000000004 0.119333 0.173333
2 0.05900000000000005 0.744 0.118 0.208
2 0.916333 0.41133299999999995 0.166 0.212
0 0.726667 0.219333 0.118667 0.109333
2 0.41600000000000004 0.9339999999999999 0.182667 0.130667
2 0.24433300000000002 0.07966700000000004 0.176667 0.159333
2 0.542333 0.05166700000000002 0.216667 0.103333
2 0.379667 0.04533299999999996 0.128667 0.090667
