3 0.925 0.595333 0.064667 0.074667
2 0.8566670000000001 0.895333 0.096 0.108
2 0.948 0.916667 0.097333 0.134667
2 0.731333 0.886333 0.108 0.154
2 0.630333 0.862667 0.09 0.132
2 0.467333 0.856 0.144 0.16
2 0.382 0.931667 0.073333 0.086
2 0.249 0.908667 0.086 0.106667
2 0.326333 0.822667 0.128667 0.129333
2 0.231333 0.8009999999999999 0.058667 0.100667
2 0.10466699999999995 0.788333 0.097333 0.111333
2 0.12666699999999997 0.899667 0.134667 0.119333
3 0.813667 0.669333 0.042 0.057333
2 0.623 0.7723329999999999 0.051333 0.052667
0 0.915333 0.732333 0.168 0.171333
0 0.675 0.691333 0.075333 0.081333
0 0.61 0.6663330000000001 0.076 0.087333
0 0.531333 0.6886669999999999 0.106667 0.104
0 0.43799999999999994 0.6946669999999999 0.081333 0.084
0 0.465333 0.629667 0.1 0.076667
0 0.372333 0.6393329999999999 0.058 0.064
0 0.368333 0.7216670000000001 0.086 0.067333
0 0.285667 0.688333 0.088667 0.088667
0 0.142667 0.596 0.108 0.098667
0 0.042332999999999954 0.5373330000000001 0.084667 0.078667
0 0.14533300000000005 0.485 0.114667 0.103333
0 0.28933299999999995 0.503 0.094667 0.078
0 0.32299999999999995 0.561667 0.071333 0.079333
0 0.37633300000000003 0.544333 0.079333 0.087333
0 0.64 0.553667 0.066667 0.074
0 0.681333 0.497 0.078667 0.080667
0 0.780667 0.501333 0.096 0.092
0 0.7066669999999999 0.626667 0.082667 0.062667
0 0.7833330000000001 0.591 0.08 0.092667
0 0.705667 0.5609999999999999 0.082 0.07
0 0.902 0.46266700000000005 0.069333 0.073333
0 0.829333 0.44566700000000004 0.085333 0.064667
0 0.825 0.376 0.094 0.074667
0 0.738333 0.36666699999999997 0.098 0.1
0 0.42033299999999996 0.351 0.082 0.092667
0 0.43133299999999997 0.27933300000000005 0.138667 0.165333
0 0.638 0.04166700000000001 0.072 0.072667
0 0.22766699999999995 0.060667000000000026 0.058 0.064
0 0.42933299999999996 0.504 0.074667 0.076
0 0.392 0.44899999999999995 0.093333 0.095333
0 0.30500000000000005 0.43966700000000003 0.072667 0.080667
0 0.06466700000000003 0.450333 0.082667 0.094
0 0.552 0.5349999999999999 0.128 0.143333
0 0.494 0.5676669999999999 0.074667 0.084667
0 0.16300000000000003 0.711333 0.144667 0.133333
0 0.132 0.38233300000000003 0.078667 0.095333
0 0.14233300000000004 0.17166700000000001 0.168667 0.188667
0 0.11366699999999996 0.26633300000000004 0.115333 0.104667
0 0.04266700000000001 0.213333 0.085333 0.110667
0 0.33899999999999997 0.29833299999999996 0.080667 0.062
0 0.5880000000000001 0.32899999999999996 0.226667 0.284667
0 0.696333 0.238 0.07 0.072
0 0.733333 0.279667 0.054667 0.058
0 0.834667 0.26833300000000004 0.141333 0.148667
0 0.259667 0.273 0.078 0.079333
0 0.253 0.405 0.096667 0.09
0 0.937333 0.32499999999999996 0.044 0.055333
0 0.882 0.07566700000000004 0.058667 0.060667
0 0.07233299999999998 0.6619999999999999 0.099333 0.113333
2 0.469333 0.963667 0.1 0.071333
2 0.61 0.949333 0.141333 0.1
0 0.729333 0.04533299999999996 0.108 0.090667
