3 0.228333 0.097 0.122 0.118
2 0.401333 0.065 0.090667 0.098
3 0.336333 0.146333 0.115333 0.091333
2 0.437667 0.229 0.115333 0.154
2 0.317333 0.238 0.133333 0.133333
2 0.200667 0.212667 0.105333 0.1
3 0.081333 0.209333 0.108 0.104
3 0.057333 0.318 0.1 0.096
3 0.168667 0.321667 0.136 0.118
2 0.4 0.352667 0.16 0.132
2 0.27 0.470333 0.172 0.151333
3 0.423 0.486667 0.152667 0.138667
3 0.546 0.484333 0.101333 0.095333
2 0.706333 0.515 0.114 0.115333
2 0.864333 0.534333 0.083333 0.09
2 0.729667 0.666333 0.047333 0.051333
2 0.596 0.665 0.057333 0.056667
3 0.596333 0.751333 0.116667 0.098667
3 0.723 0.766 0.106 0.1
3 0.906333 0.904667 0.139333 0.128
3 0.790333 0.884333 0.095333 0.123333
3 0.493667 0.94 0.052667 0.042667
2 0.401667 0.915 0.084667 0.098
2 0.296667 0.908 0.1 0.118667
3 0.219333 0.907333 0.073333 0.082667
2 0.107667 0.801 0.116667 0.11
2 0.094667 0.696333 0.104 0.091333
2 0.349667 0.708667 0.122 0.097333
2 0.286333 0.625333 0.168667 0.130667
2 0.149333 0.576333 0.169333 0.151333
3 0.017667 0.208333 0.034 0.059333
3 0.271 0.347333 0.074 0.097333
2 0.923667 0.793667 0.152667 0.172667
3 0.203 0.712 0.075333 0.101333
0 0.115333 0.130333 0.037333 0.043333
0 0.545333 0.275 0.086667 0.072667
0 0.735667 0.307 0.054 0.054
0 0.618667 0.45 0.058667 0.056
0 0.81 0.422333 0.049333 0.078
0 0.532667 0.719 0.050667 0.059333
0 0.809667 0.737 0.064667 0.071333
0 0.683 0.661667 0.036667 0.043333
0 0.693667 0.429333 0.046 0.054667
0 0.645667 0.417 0.028667 0.040667
0 0.689333 0.375667 0.086667 0.074
0 0.782333 0.073667 0.154 0.146
0 0.913333 0.100667 0.169333 0.198667
3 0.052 0.885 0.102667 0.11
