2 0.083 0.644667 0.162 0.162667
2 0.089333 0.5349999999999999 0.086667 0.082
2 0.112333 0.41900000000000004 0.182 0.15
2 0.072667 0.08199999999999996 0.122667 0.126667
2 0.188 0.19533299999999998 0.138667 0.133333
2 0.217 0.07866700000000004 0.163333 0.138667
2 0.253667 0.47966699999999995 0.11 0.108667
2 0.228667 0.5856669999999999 0.134667 0.116667
2 0.220667 0.710333 0.137333 0.144667
3 0.231667 0.961 0.082 0.071333
2 0.375 0.943667 0.115333 0.103333
2 0.473333 0.938333 0.096 0.111333
2 0.336 0.836667 0.14 0.125333
3 0.368333 0.738 0.080667 0.064
2 0.350667 0.638333 0.136 0.15
2 0.454 0.832 0.090667 0.090667
2 0.569 0.8240000000000001 0.087333 0.064
2 0.585 0.718667 0.122 0.136
2 0.474 0.670667 0.117333 0.126667
2 0.470667 0.562333 0.201333 0.112667
2 0.36 0.488 0.110667 0.133333
2 0.381333 0.366 0.101333 0.108
2 0.381667 0.262 0.128667 0.1
2 0.39 0.13766699999999998 0.176 0.143333
2 0.538 0.10166699999999995 0.128 0.115333
2 0.622667 0.20999999999999996 0.133333 0.134667
3 0.504667 0.22766699999999995 0.094667 0.095333
2 0.491333 0.330333 0.124 0.120667
2 0.605667 0.358333 0.116667 0.143333
2 0.49 0.44599999999999995 0.148 0.137333
2 0.631 0.49466699999999997 0.119333 0.165333
3 0.703 0.24166699999999997 0.058 0.062
3 0.703 0.131 0.083333 0.083333
2 0.704333 0.04833299999999996 0.052667 0.048667
2 0.800333 0.17000000000000004 0.106 0.1
2 0.947 0.20599999999999996 0.062 0.054667
2 0.812 0.32099999999999995 0.14 0.143333
2 0.736667 0.40700000000000003 0.125333 0.128667
2 0.820667 0.46599999999999997 0.090667 0.089333
2 0.719333 0.5409999999999999 0.126667 0.124667
2 0.826 0.615 0.132 0.154
3 0.929667 0.574667 0.127333 0.134667
2 0.945333 0.326333 0.101333 0.071333
2 0.935667 0.436667 0.128667 0.138667
2 0.900333 0.778667 0.086 0.097333
3 0.883333 0.892333 0.065333 0.07
2 0.758333 0.942333 0.082 0.083333
2 0.812 0.812 0.098667 0.094667
2 0.712 0.723333 0.134667 0.134667
2 0.688 0.846333 0.144 0.114
2 0.632333 0.9339999999999999 0.134 0.110667
3 0.933333 0.08433299999999999 0.129333 0.162
2 0.035333 0.14700000000000002 0.062667 0.096667
