2 0.791667 0.916 0.131333 0.130667
2 0.6699999999999999 0.928 0.110667 0.124
2 0.538333 0.901667 0.142 0.184667
2 0.41533299999999995 0.912667 0.106667 0.129333
2 0.29100000000000004 0.897 0.078 0.086
2 0.16900000000000004 0.874667 0.152667 0.166667
2 0.35066699999999995 0.765 0.249333 0.208667
2 0.146667 0.728667 0.161333 0.136
2 0.42233299999999996 0.6373329999999999 0.123333 0.097333
2 0.31200000000000006 0.593333 0.130667 0.114667
2 0.15700000000000003 0.611 0.174 0.119333
2 0.17633299999999996 0.484333 0.174 0.160667
2 0.31799999999999995 0.49466699999999997 0.109333 0.096
2 0.34166700000000005 0.399 0.135333 0.115333
2 0.21666700000000005 0.37066699999999997 0.134667 0.105333
2 0.058667000000000025 0.24366699999999997 0.117333 0.139333
3 0.15400000000000003 0.249 0.073333 0.107333
2 0.23566699999999996 0.24833300000000003 0.119333 0.124667
2 0.21999999999999997 0.142667 0.097333 0.094667
2 0.33399999999999996 0.15033300000000005 0.130667 0.120667
2 0.31499999999999995 0.05266700000000002 0.096667 0.102667
2 0.35066699999999995 0.27933300000000005 0.125333 0.126667
2 0.522667 0.30100000000000005 0.094667 0.088667
2 0.618 0.328333 0.048 0.046
2 0.548667 0.19166700000000003 0.162667 0.148667
3 0.43799999999999994 0.18566700000000003 0.061333 0.07
3 0.589333 0.08333299999999999 0.077333 0.08
3 0.659 0.21566700000000005 0.072667 0.091333
2 0.706 0.086333 0.133333 0.156667
2 0.858333 0.08399999999999996 0.162 0.133333
2 0.864333 0.22966699999999995 0.15 0.146
2 0.739 0.225333 0.082 0.090667
2 0.730667 0.32899999999999996 0.129333 0.119333
2 0.605333 0.429667 0.129333 0.123333
2 0.7416670000000001 0.45866700000000005 0.140667 0.145333
2 0.852 0.387667 0.130667 0.159333
2 0.814667 0.6293329999999999 0.097333 0.104
3 0.745333 0.569 0.072 0.063333
2 0.6763330000000001 0.648 0.064667 0.069333
2 0.746333 0.6623330000000001 0.044667 0.047333
2 0.746 0.784333 0.137333 0.167333
2 0.605 0.755333 0.144667 0.194667
3 0.856333 0.778 0.091333 0.088
3 0.432667 0.534333 0.08 0.088667
2 0.546667 0.5509999999999999 0.133333 0.139333
3 0.444333 0.28900000000000003 0.056667 0.084667
2 0.458333 0.06299999999999994 0.167333 0.126
2 0.256667 0.759 0.076 0.123333
2 0.977 0.6639999999999999 0.044667 0.062667
0 0.10066699999999995 0.361333 0.110667 0.16
2 0.958333 0.389 0.082 0.126
2 0.946 0.246 0.106667 0.146667
2 0.958333 0.796333 0.082 0.134
