2 0.144667 0.754333 0.141333 0.154
2 0.08 0.64 0.137333 0.129333
2 0.151 0.532 0.143333 0.129333
2 0.172 0.412667 0.109333 0.104
2 0.291333 0.499333 0.109333 0.108
3 0.256667 0.6493329999999999 0.073333 0.077333
2 0.253 0.766667 0.058 0.062667
2 0.374667 0.625 0.088 0.076667
2 0.39 0.516667 0.114667 0.124
3 0.49 0.632667 0.106667 0.1
3 0.556 0.513333 0.077333 0.074667
3 0.618667 0.5680000000000001 0.072 0.076
2 0.695 0.644667 0.183333 0.168
2 0.812667 0.73 0.136 0.133333
2 0.787667 0.843667 0.111333 0.114
2 0.642 0.849333 0.125333 0.144
3 0.485 0.843333 0.075333 0.068
3 0.493667 0.735 0.080667 0.082
2 0.547667 0.855667 0.044667 0.051333
3 0.892667 0.856 0.112 0.094667
2 0.892667 0.945667 0.132 0.09
2 0.926 0.663 0.137333 0.116667
3 0.927333 0.762333 0.098667 0.079333
3 0.831 0.528 0.072667 0.065333
3 0.841667 0.447333 0.118 0.090667
3 0.839333 0.351333 0.164 0.104
2 0.942667 0.32266700000000004 0.065333 0.061333
2 0.754667 0.26733300000000004 0.064 0.069333
2 0.860667 0.252 0.134667 0.089333
2 0.869333 0.170667 0.070667 0.068
2 0.884333 0.08333299999999999 0.128667 0.096
2 0.780333 0.05700000000000005 0.126 0.104667
3 0.654667 0.07066700000000004 0.136 0.090667
2 0.650333 0.17166700000000001 0.180667 0.119333
2 0.628333 0.289667 0.124667 0.119333
3 0.633667 0.423667 0.106 0.123333
2 0.529333 0.41400000000000003 0.105333 0.065333
3 0.534333 0.32766700000000004 0.115333 0.123333
3 0.469 0.08099999999999996 0.126 0.114
2 0.346 0.16133299999999995 0.102667 0.096
2 0.424333 0.270667 0.15 0.190667
2 0.299 0.303667 0.127333 0.15
2 0.189333 0.264667 0.074667 0.074667
2 0.097667 0.29633299999999996 0.147333 0.119333
2 0.112 0.18000000000000005 0.168 0.108
2 0.134333 0.06666700000000003 0.184667 0.114667
3 0.166 0.643667 0.044 0.039333
3 0.231333 0.480333 0.048 0.042
0 0.247333 0.862667 0.074667 0.084
0 0.180333 0.891667 0.063333 0.067333
0 0.038333 0.760667 0.056667 0.064
0 0.382667 0.6950000000000001 0.089333 0.076667
0 0.315 0.659 0.043333 0.043333
0 0.76 0.417667 0.085333 0.094
0 0.256 0.214333 0.08 0.079333
2 0.938667 0.523 0.122667 0.164667
0 0.946667 0.15100000000000002 0.081333 0.096667
0 0.066 0.893 0.077333 0.075333
0 0.342667 0.751 0.058667 0.063333
0 0.703667 0.310667 0.052667 0.042667
0 0.700333 0.36666699999999997 0.056667 0.054667
0 0.400667 0.10699999999999998 0.049333 0.058
3 0.457667 0.946 0.107333 0.106667
3 0.547667 0.955 0.076667 0.088667
3 0.769667 0.966 0.060667 0.062667
3 0.108 0.966 0.106667 0.062667
