2 0.376 0.154667 0.133333 0.138667
2 0.502333 0.170667 0.116667 0.134667
2 0.650667 0.200333 0.169333 0.188667
2 0.101333 0.14 0.190667 0.148
3 0.785 0.205333 0.115333 0.14
2 0.822333 0.320333 0.182 0.115333
2 0.818 0.424 0.126667 0.12
2 0.707 0.411667 0.084667 0.080667
2 0.702 0.522 0.166667 0.129333
2 0.827667 0.535 0.115333 0.111333
2 0.594333 0.431 0.107333 0.116667
2 0.481333 0.465667 0.161333 0.216667
2 0.418 0.540333 0.145333 0.15
2 0.338333 0.458 0.124667 0.109333
2 0.428 0.308667 0.162667 0.153333
2 0.197333 0.675667 0.197333 0.15
3 0.392667 0.667 0.133333 0.144667
3 0.707667 0.681 0.203333 0.186
2 0.925 0.776667 0.148667 0.172
2 0.245 0.819333 0.247333 0.170667
1 0.537333 0.799 0.126667 0.139333
2 0.690333 0.817 0.131333 0.103333
2 0.721 0.927333 0.182 0.145333
2 0.417333 0.800667 0.102667 0.130667
3 0.888 0.207667 0.093333 0.100667
3 0.930667 0.064333 0.104 0.124667
2 0.453333 0.053333 0.142667 0.105333
2 0.161667 0.935 0.116667 0.13
3 0.554667 0.934 0.129333 0.130667
2 0.416667 0.934333 0.129333 0.131333
2 0.560333 0.297667 0.116667 0.114
0 0.544333 0.671333 0.094 0.113333
0 0.844667 0.652333 0.08 0.095333
2 0.061333 0.888 0.114667 0.224
2 0.915333 0.912 0.162667 0.176
3 0.940333 0.468667 0.115333 0.218667
3 0.950333 0.319333 0.095333 0.141333
3 0.724 0.06 0.126667 0.118667
3 0.832333 0.053 0.094 0.104667
2 0.595667 0.076 0.146 0.150667
2 0.220333 0.052 0.148667 0.102667
