2 0.12 0.867667 0.092 0.083333
2 0.119333 0.7476670000000001 0.165333 0.15
2 0.133667 0.617333 0.180667 0.130667
2 0.122333 0.482 0.180667 0.134667
2 0.074667 0.269667 0.142667 0.115333
2 0.084667 0.08599999999999997 0.129333 0.154667
2 0.184333 0.136 0.128667 0.173333
2 0.162667 0.33599999999999997 0.1 0.168
2 0.261 0.944667 0.112667 0.101333
2 0.296333 0.751333 0.188667 0.190667
2 0.270333 0.6006670000000001 0.118 0.122667
2 0.273333 0.483333 0.106667 0.106667
2 0.275667 0.34366699999999994 0.147333 0.158
1 0.279 0.22266699999999995 0.192667 0.136
1 0.306667 0.11433300000000002 0.154667 0.144667
2 0.39 0.295667 0.085333 0.076667
2 0.434667 0.17566700000000002 0.101333 0.136667
2 0.511333 0.23633300000000002 0.136 0.120667
2 0.506667 0.37066699999999997 0.148 0.157333
2 0.395333 0.44466700000000003 0.170667 0.196
2 0.381 0.565333 0.124667 0.124
2 0.554667 0.913 0.166667 0.155333
2 0.398333 0.809667 0.074 0.068667
3 0.448 0.7146669999999999 0.068 0.064
2 0.557333 0.7833330000000001 0.172 0.154667
2 0.575667 0.652 0.080667 0.064
2 0.574667 0.583333 0.106667 0.088
2 0.593333 0.49166699999999997 0.136 0.102
2 0.629667 0.36466699999999996 0.15 0.174667
2 0.717 0.388667 0.072667 0.062667
2 0.679333 0.18200000000000005 0.172 0.196
2 0.573 0.09366699999999994 0.151333 0.172667
2 0.824667 0.15533300000000005 0.145333 0.170667
2 0.941333 0.10766699999999996 0.114667 0.127333
2 0.926333 0.233333 0.146 0.126667
2 0.860667 0.35066699999999995 0.165333 0.094667
2 0.881667 0.454333 0.143333 0.143333
2 0.761333 0.430667 0.125333 0.106667
2 0.738667 0.55 0.157333 0.168
2 0.862333 0.5796669999999999 0.146 0.116667
2 0.829 0.683333 0.154 0.112
2 0.818 0.78 0.132 0.097333
2 0.693667 0.919667 0.116667 0.120667
2 0.697667 0.786333 0.127333 0.146
2 0.796667 0.881333 0.102667 0.088
2 0.905333 0.901 0.189333 0.195333
0 0.724333 0.300667 0.074 0.078667
0 0.774667 0.24866699999999997 0.073333 0.086667
0 0.818667 0.30100000000000005 0.081333 0.074
0 0.465 0.614 0.092667 0.114667
0 0.161667 0.24966699999999997 0.066 0.076667
2 0.492 0.05600000000000005 0.114667 0.101333
2 0.950667 0.647667 0.098667 0.128667
2 0.944333 0.794 0.111333 0.162667
