2 0.831333 0.057667 0.077333 0.083333
2 0.927 0.174 0.124667 0.113333
2 0.708333 0.142333 0.240667 0.247333
2 0.489333 0.067 0.130667 0.122
2 0.369333 0.1 0.057333 0.068
2 0.239 0.101667 0.143333 0.139333
2 0.15000000000000002 0.046667 0.065333 0.068
2 0.06166700000000003 0.143667 0.116667 0.114
2 0.14733300000000005 0.271333 0.132 0.210667
2 0.266667 0.263333 0.098667 0.201333
2 0.360333 0.234333 0.106 0.184667
2 0.490333 0.207333 0.159333 0.177333
2 0.911667 0.317667 0.15 0.184667
2 0.774 0.312333 0.133333 0.151333
2 0.6513329999999999 0.309667 0.14 0.187333
2 0.519333 0.352333 0.132 0.176667
2 0.381667 0.379 0.146 0.159333
2 0.446333 0.497 0.183333 0.154
3 0.609667 0.494333 0.159333 0.154
2 0.761 0.472 0.154 0.16
2 0.892333 0.464667 0.124667 0.134667
2 0.872667 0.842 0.164 0.177333
2 0.7743329999999999 0.596333 0.119333 0.119333
2 0.7150000000000001 0.724 0.187333 0.153333
2 0.728667 0.865 0.136 0.140667
2 0.556667 0.871333 0.198667 0.2
2 0.44899999999999995 0.77 0.123333 0.109333
2 0.655667 0.600667 0.123333 0.097333
3 0.554 0.617 0.070667 0.072667
2 0.432667 0.634333 0.125333 0.107333
2 0.31266700000000003 0.652333 0.134667 0.154
2 0.29500000000000004 0.794667 0.188667 0.166667
2 0.14300000000000002 0.779667 0.162 0.206
2 0.15833299999999995 0.549 0.154 0.139333
2 0.12433300000000003 0.427333 0.172667 0.132
0 0.33499999999999996 0.878333 0.079333 0.079333
0 0.19099999999999995 0.652333 0.092667 0.099333
2 0.622 0.07 0.150667 0.138667
2 0.06666700000000003 0.673333 0.133333 0.252
2 0.04066700000000001 0.838 0.081333 0.101333
2 0.9319999999999999 0.696 0.134667 0.168
2 0.945333 0.563333 0.108 0.149333
3 0.05900000000000005 0.048667 0.108667 0.096
