2 0.30900000000000005 0.28600000000000003 0.142 0.130667
2 0.31499999999999995 0.18533299999999997 0.115333 0.101333
2 0.20966700000000005 0.16000000000000003 0.098 0.098667
2 0.10633300000000001 0.119 0.106 0.103333
2 0.22066699999999995 0.06000000000000005 0.124 0.109333
2 0.34366699999999994 0.08666700000000005 0.124667 0.165333
1 0.46199999999999997 0.08433299999999999 0.138667 0.158
2 0.5756669999999999 0.11566699999999996 0.080667 0.128667
2 0.6783330000000001 0.11299999999999999 0.122 0.123333
2 0.803667 0.12433300000000003 0.116667 0.183333
2 0.922 0.13933300000000004 0.132 0.196
2 0.959667 0.261667 0.068667 0.082
2 0.718667 0.237 0.125333 0.119333
2 0.611 0.22899999999999998 0.151333 0.122
2 0.474333 0.233333 0.175333 0.168
3 0.548 0.31966700000000003 0.092 0.082
2 0.632333 0.33166700000000005 0.086 0.088667
2 0.746667 0.32066700000000004 0.125333 0.130667
2 0.879667 0.32166700000000004 0.147333 0.180667
2 0.904 0.456333 0.109333 0.114
2 0.8180000000000001 0.544667 0.178667 0.165333
2 0.9319999999999999 0.606 0.129333 0.190667
1 0.7763329999999999 0.635667 0.095333 0.139333
2 0.695333 0.45266700000000004 0.202667 0.164
2 0.675 0.604333 0.104667 0.148667
2 0.572667 0.615667 0.097333 0.126
2 0.478 0.618333 0.132 0.164667
2 0.36066699999999996 0.591333 0.1 0.128
2 0.49166699999999997 0.486333 0.112667 0.128667
2 0.5896669999999999 0.51 0.091333 0.104
2 0.489 0.393 0.126 0.116667
2 0.19166700000000003 0.5740000000000001 0.151333 0.106667
2 0.07133299999999998 0.586333 0.094667 0.112667
2 0.19933299999999998 0.704 0.177333 0.156
2 0.061000000000000054 0.7070000000000001 0.112667 0.148667
2 0.17166700000000001 0.847 0.124667 0.147333
1 0.05566700000000002 0.846333 0.11 0.146
2 0.269667 0.823333 0.079333 0.130667
2 0.364333 0.823333 0.088667 0.205333
2 0.45199999999999996 0.837 0.074667 0.160667
2 0.541667 0.842667 0.092667 0.172
2 0.679667 0.753667 0.211333 0.139333
2 0.638 0.882333 0.128 0.159333
2 0.748 0.875333 0.1 0.124
2 0.882667 0.775333 0.153333 0.165333
2 0.845 0.900333 0.080667 0.123333
2 0.923333 0.900333 0.098667 0.131333
0 0.22466699999999995 0.374667 0.449333 0.404
2 0.972 0.799667 0.054667 0.11
2 0.971667 0.350333 0.055333 0.112667
2 0.04600000000000004 0.04300000000000004 0.092 0.084667
2 0.10233300000000001 0.951333 0.182 0.096
