2 0.855667 0.082 0.218 0.148
2 0.942667 0.353333 0.102667 0.092
2 0.8446670000000001 0.427 0.129333 0.106
2 0.830667 0.328333 0.170667 0.114
1 0.841333 0.229333 0.166667 0.098667
2 0.876667 0.582667 0.106667 0.150667
2 0.882667 0.734667 0.133333 0.14
1 0.863 0.829333 0.115333 0.109333
2 0.836333 0.947333 0.151333 0.098667
2 0.782333 0.859 0.079333 0.114
2 0.696 0.827667 0.134667 0.143333
2 0.767333 0.742333 0.1 0.103333
1 0.754667 0.641 0.134667 0.147333
2 0.804333 0.541667 0.123333 0.143333
2 0.723 0.478 0.147333 0.173333
2 0.660667 0.638667 0.1 0.134667
1 0.604 0.752 0.170667 0.193333
1 0.49766699999999997 0.641 0.146 0.180667
1 0.5716669999999999 0.572333 0.142 0.128667
2 0.61 0.461 0.112 0.115333
2 0.658667 0.372 0.121333 0.104
2 0.676667 0.267333 0.142667 0.125333
2 0.652333 0.085667 0.152667 0.152667
2 0.593333 0.185667 0.148 0.15
2 0.526 0.275667 0.116 0.106
2 0.537667 0.376333 0.123333 0.120667
2 0.450333 0.432667 0.135333 0.150667
2 0.364 0.567333 0.232 0.213333
2 0.35166699999999995 0.398667 0.11 0.129333
2 0.43700000000000006 0.318 0.088667 0.090667
1 0.42400000000000004 0.194333 0.188 0.19
2 0.48066699999999996 0.078667 0.129333 0.133333
2 0.23566699999999996 0.250667 0.198 0.196
1 0.09799999999999998 0.251 0.1 0.116667
2 0.145667 0.389667 0.183333 0.147333
2 0.256 0.477 0.137333 0.15
1 0.19833299999999998 0.114667 0.139333 0.089333
1 0.100333 0.069667 0.115333 0.118
1 0.944667 0.913667 0.109333 0.172667
2 0.21299999999999997 0.06 0.147333 0.118667
2 0.962667 0.234667 0.070667 0.141333
2 0.946 0.526667 0.106667 0.176
0 0.12866699999999998 0.96 0.082667 0.077333
0 0.04633299999999996 0.962667 0.092667 0.074667
