2 0.931667 0.194333 0.112667 0.148667
1 0.944333 0.082333 0.092667 0.103333
2 0.849333 0.081667 0.108 0.135333
2 0.830667 0.215 0.101333 0.131333
2 0.749333 0.107667 0.092 0.116667
1 0.632 0.136 0.16 0.226667
2 0.733333 0.199667 0.124 0.107333
2 0.697333 0.312333 0.198667 0.187333
2 0.793667 0.365667 0.186 0.152667
2 0.606333 0.371333 0.15 0.156
2 0.773 0.484 0.119333 0.133333
2 0.6623330000000001 0.484333 0.11 0.118
2 0.861667 0.563333 0.144667 0.132
2 0.872 0.685333 0.096 0.128
2 0.948667 0.804667 0.078667 0.094667
2 0.873 0.815 0.114 0.135333
2 0.8296669999999999 0.905333 0.155333 0.073333
2 0.7853330000000001 0.820333 0.089333 0.11
2 0.715333 0.837333 0.076 0.134667
1 0.570667 0.508667 0.109333 0.108
2 0.583333 0.604667 0.152 0.136
2 0.719 0.593667 0.114 0.111333
2 0.7783329999999999 0.696667 0.124667 0.137333
2 0.685333 0.712333 0.094667 0.112667
2 0.596 0.733 0.104 0.138
2 0.483333 0.734667 0.118667 0.137333
2 0.6453329999999999 0.838 0.072 0.1
2 0.5916669999999999 0.866333 0.120667 0.120667
2 0.49166699999999997 0.860333 0.102 0.116667
2 0.42100000000000004 0.962667 0.106 0.074667
2 0.39033300000000004 0.865 0.123333 0.135333
2 0.268667 0.881667 0.128 0.146
2 0.16800000000000004 0.881667 0.085333 0.095333
2 0.057667000000000024 0.896 0.108667 0.102667
2 0.08866700000000005 0.799667 0.134667 0.115333
2 0.18600000000000005 0.783333 0.101333 0.101333
2 0.271667 0.758667 0.080667 0.102667
2 0.363333 0.750667 0.102667 0.102667
2 0.39733300000000005 0.663333 0.142667 0.104
2 0.483333 0.412333 0.14 0.184667
2 0.40533300000000005 0.527333 0.190667 0.169333
2 0.20066700000000004 0.666 0.136 0.110667
2 0.07799999999999996 0.689333 0.128 0.12
2 0.15800000000000003 0.554667 0.082667 0.088
2 0.266 0.561333 0.125333 0.189333
2 0.16933299999999996 0.438667 0.124 0.149333
2 0.272667 0.430667 0.117333 0.109333
2 0.374667 0.424 0.094667 0.104
2 0.06000000000000005 0.346 0.092 0.116
1 0.13933300000000004 0.350667 0.077333 0.096
2 0.22199999999999998 0.338 0.112 0.108
2 0.33866700000000005 0.333333 0.126667 0.12
2 0.475333 0.225333 0.125333 0.12
2 0.35466699999999995 0.218 0.110667 0.132
2 0.227333 0.216667 0.16 0.134667
1 0.06266700000000003 0.456667 0.118667 0.132
2 0.06933299999999998 0.248667 0.132 0.108
1 0.058667000000000025 0.146 0.105333 0.148
2 0.14400000000000002 0.124667 0.118667 0.161333
2 0.488 0.104 0.145333 0.168
1 0.347333 0.091333 0.125333 0.153333
1 0.23666699999999996 0.092667 0.098667 0.14
2 0.944 0.690333 0.110667 0.163333
2 0.07466700000000004 0.570667 0.149333 0.12
2 0.9390000000000001 0.373333 0.120667 0.205333
2 0.534333 0.952667 0.132667 0.094667
