2 0.917667 0.082 0.152667 0.137333
2 0.896 0.211 0.190667 0.148667
2 0.874 0.358333 0.206667 0.164667
2 0.767 0.164 0.095333 0.104
2 0.642667 0.075667 0.202667 0.144667
2 0.654333 0.239 0.154 0.182
2 0.735 0.412 0.154 0.164
2 0.853333 0.608333 0.132 0.164667
2 0.7316670000000001 0.554333 0.147333 0.154
2 0.782333 0.816667 0.174 0.181333
2 0.913333 0.868667 0.169333 0.228
2 0.779333 0.936667 0.098667 0.094667
2 0.642667 0.937667 0.116 0.123333
2 0.580667 0.760667 0.106667 0.105333
2 0.594 0.590333 0.146667 0.140667
2 0.616333 0.447333 0.175333 0.173333
2 0.481333 0.268667 0.194667 0.2
1 0.477333 0.105667 0.136 0.126
1 0.33699999999999997 0.159 0.142 0.155333
1 0.33099999999999996 0.317333 0.207333 0.161333
2 0.45299999999999996 0.482 0.151333 0.201333
2 0.448333 0.648 0.186 0.153333
2 0.40700000000000003 0.838333 0.084667 0.088667
2 0.274667 0.828333 0.156 0.147333
2 0.30533299999999997 0.717333 0.108 0.110667
2 0.10766699999999996 0.887667 0.183333 0.192667
2 0.14933300000000005 0.756333 0.102667 0.072667
2 0.10999999999999999 0.622333 0.157333 0.246
2 0.296667 0.597333 0.169333 0.201333
1 0.313333 0.447333 0.133333 0.121333
2 0.158667 0.358333 0.173333 0.195333
1 0.18600000000000005 0.194 0.166667 0.138667
1 0.22866699999999995 0.071667 0.156 0.124667
1 0.08033299999999999 0.096 0.15 0.173333
2 0.06799999999999995 0.287 0.136 0.200667
0 0.04300000000000004 0.947 0.068667 0.068667
0 0.737 0.667333 0.143333 0.117333
0 0.758667 0.283 0.061333 0.067333
2 0.909667 0.47 0.179333 0.172
2 0.944 0.646 0.110667 0.176
2 0.385667 0.942 0.174 0.109333
2 0.232333 0.950667 0.15 0.098667
