2 0.061667 0.134 0.116667 0.130667
2 0.196 0.165667 0.106667 0.144667
2 0.305667 0.161667 0.11 0.116667
2 0.427 0.087 0.106 0.123333
2 0.537 0.117 0.114 0.122
2 0.878 0.116333 0.165333 0.171333
2 0.738333 0.224667 0.155333 0.157333
2 0.573667 0.242667 0.174 0.206667
2 0.434667 0.204667 0.129333 0.130667
2 0.261 0.279667 0.159333 0.152667
2 0.366667 0.337 0.142667 0.156667
2 0.431333 0.448333 0.053333 0.051333
2 0.338333 0.44 0.083333 0.101333
1 0.505333 0.373333 0.164 0.18
2 0.559667 0.469667 0.074 0.075333
2 0.645333 0.350333 0.1 0.088667
2 0.770667 0.392 0.16 0.166667
2 0.766 0.493667 0.105333 0.088667
2 0.641667 0.465667 0.092667 0.106
3 0.230667 0.418333 0.129333 0.119333
2 0.110333 0.375667 0.111333 0.119333
2 0.15 0.532333 0.168 0.160667
2 0.278 0.556667 0.096 0.134667
2 0.248 0.650333 0.061333 0.060667
3 0.376333 0.66 0.071333 0.069333
2 0.399667 0.549 0.15 0.15
3 0.595667 0.582333 0.118 0.106
2 0.710333 0.586667 0.111333 0.108
2 0.894667 0.737333 0.2 0.221333
2 0.916667 0.890667 0.16 0.144
2 0.756333 0.851 0.152667 0.146
2 0.621667 0.921 0.116667 0.152667
2 0.519333 0.939 0.104 0.116667
2 0.414 0.920333 0.093333 0.112667
2 0.597333 0.698333 0.109333 0.115333
2 0.479333 0.662 0.124 0.16
2 0.507333 0.811 0.181333 0.158
2 0.283333 0.902667 0.142667 0.165333
2 0.165333 0.804 0.242667 0.196
2 0.114 0.662333 0.16 0.120667
2 0.152 0.904333 0.086667 0.076667
0 0.370333 0.721667 0.096667 0.092667
0 0.751333 0.713333 0.108 0.098667
0 0.931667 0.619 0.068667 0.064667
0 0.066333 0.245667 0.086 0.094
0 0.808 0.603667 0.082667 0.086
2 0.923333 0.394 0.153333 0.186667
2 0.941 0.253667 0.111333 0.131333
2 0.296 0.056 0.158667 0.110667
2 0.148 0.051333 0.141333 0.094667
2 0.750333 0.936333 0.166 0.127333
2 0.053 0.490333 0.104667 0.156667
2 0.047 0.896667 0.092667 0.129333
