3 0.818333 0.081 0.102 0.15
2 0.897333 0.079333 0.068 0.076
3 0.892 0.3 0.085333 0.096
2 0.882667 0.223667 0.069333 0.064667
3 0.802333 0.325 0.091333 0.104667
3 0.878 0.388333 0.093333 0.075333
2 0.877333 0.455667 0.105333 0.059333
2 0.869 0.524333 0.122 0.078
3 0.870333 0.598667 0.078 0.068
2 0.800333 0.559667 0.087333 0.095333
2 0.934333 0.728 0.100667 0.065333
2 0.930333 0.844 0.119333 0.138667
2 0.811333 0.937333 0.112 0.093333
3 0.751667 0.831333 0.074 0.056
2 0.6966669999999999 0.431667 0.069333 0.051333
2 0.7216670000000001 0.519 0.152667 0.119333
2 0.705333 0.159 0.141333 0.152667
3 0.621 0.141667 0.092667 0.112667
2 0.564333 0.089667 0.054 0.060667
3 0.540667 0.270667 0.142667 0.126667
3 0.5393330000000001 0.372 0.109333 0.101333
3 0.527667 0.478 0.116667 0.126667
3 0.601667 0.549333 0.128667 0.144
3 0.599667 0.673 0.13 0.106
3 0.6823330000000001 0.726333 0.076667 0.074
2 0.6759999999999999 0.923667 0.138667 0.143333
2 0.43300000000000005 0.582 0.106 0.098667
3 0.43433299999999997 0.675333 0.108667 0.098667
2 0.299667 0.539667 0.17 0.13
3 0.29833299999999996 0.641 0.114 0.075333
2 0.292667 0.727 0.144 0.091333
2 0.274 0.806333 0.126667 0.078
2 0.18700000000000006 0.852667 0.083333 0.093333
2 0.253 0.899333 0.138 0.1
2 0.406 0.89 0.093333 0.065333
2 0.41700000000000004 0.806667 0.107333 0.101333
2 0.43300000000000005 0.357 0.103333 0.118
3 0.431667 0.460667 0.091333 0.097333
3 0.32299999999999995 0.427667 0.111333 0.115333
3 0.32399999999999995 0.314333 0.132 0.114
3 0.15733299999999995 0.419333 0.106667 0.129333
3 0.23966699999999996 0.438333 0.055333 0.044667
3 0.06233299999999997 0.347667 0.086 0.086
3 0.16000000000000003 0.604 0.101333 0.073333
3 0.20033299999999998 0.730667 0.064667 0.062667
3 0.11066699999999996 0.78 0.128 0.144
3 0.18566700000000003 0.271333 0.063333 0.061333
2 0.23966699999999996 0.103667 0.122 0.158
2 0.352 0.136667 0.098667 0.133333
2 0.452333 0.193667 0.136667 0.155333
2 0.968667 0.301667 0.061333 0.066
2 0.961667 0.188667 0.075333 0.077333
3 0.6779999999999999 0.343667 0.073333 0.063333
2 0.07699999999999996 0.236667 0.154 0.134667
0 0.896333 0.154667 0.055333 0.058667
0 0.7933330000000001 0.747333 0.112 0.112
0 0.603333 0.759667 0.06 0.060667
0 0.5740000000000001 0.924667 0.088 0.085333
2 0.06466700000000003 0.123 0.129333 0.115333
2 0.15533300000000005 0.059 0.149333 0.116667
3 0.05366700000000002 0.523667 0.107333 0.124667
3 0.05666700000000002 0.643667 0.093333 0.131333
2 0.396 0.958667 0.129333 0.082667
2 0.957333 0.500333 0.084 0.179333
2 0.960333 0.643667 0.078 0.111333
