2 0.8029999999999999 0.937 0.082 0.072667
2 0.11166699999999996 0.943 0.100667 0.103333
2 0.08099999999999996 0.708333 0.095333 0.086
3 0.14400000000000002 0.570667 0.097333 0.097333
3 0.254 0.368333 0.101333 0.076667
3 0.11933300000000002 0.337333 0.129333 0.130667
3 0.25733300000000003 0.272667 0.149333 0.129333
2 0.441333 0.21299999999999997 0.152 0.151333
3 0.40700000000000003 0.10499999999999998 0.074 0.086
3 0.33666700000000005 0.18833299999999997 0.072 0.086
3 0.20266700000000004 0.17933299999999996 0.065333 0.065333
2 0.10633300000000001 0.165667 0.119333 0.123333
3 0.627 0.11833300000000002 0.106 0.107333
3 0.627667 0.034667 0.095333 0.069333
3 0.5756669999999999 0.369 0.15 0.152667
3 0.655667 0.25333300000000003 0.148667 0.134667
2 0.75 0.142667 0.118667 0.130667
3 0.862333 0.15233300000000005 0.115333 0.127333
2 0.893 0.05933299999999997 0.126 0.094667
2 0.904667 0.262 0.130667 0.108
2 0.87 0.38 0.158667 0.138667
2 0.756 0.485 0.094667 0.092667
2 0.757667 0.588333 0.088667 0.091333
2 0.843667 0.614333 0.088667 0.09
2 0.712333 0.683 0.054 0.052667
2 0.06699999999999995 0.826333 0.134 0.135333
0 0.6643330000000001 0.7853330000000001 0.059333 0.065333
0 0.394667 0.709667 0.410667 0.404667
0 0.19933299999999998 0.705333 0.054667 0.066667
0 0.521667 0.426667 0.05 0.056
0 0.45066700000000004 0.355333 0.08 0.070667
0 0.460333 0.30600000000000005 0.067333 0.037333
0 0.08899999999999997 0.46799999999999997 0.080667 0.078667
0 0.04733299999999996 0.5676669999999999 0.094667 0.112667
0 0.025000000000000022 0.6473329999999999 0.05 0.045333
0 0.542667 0.17733299999999996 0.052 0.058667
0 0.406667 0.944667 0.08 0.072
0 0.952667 0.41200000000000003 0.061333 0.066667
0 0.296667 0.11599999999999999 0.138667 0.161333
0 0.20366700000000004 0.10633300000000001 0.055333 0.078
0 0.135 0.07833299999999999 0.047333 0.076667
0 0.15333300000000005 0.23666699999999996 0.061333 0.061333
2 0.954333 0.168667 0.09 0.113333
2 0.945333 0.5183329999999999 0.108 0.114
2 0.935333 0.621333 0.128 0.126667
