2 0.888667 0.119 0.073333 0.080667
2 0.906 0.250667 0.125333 0.116
2 0.677333 0.161667 0.134667 0.127333
2 0.573333 0.170667 0.057333 0.065333
2 0.76 0.30600000000000005 0.089333 0.072
3 0.754667 0.499 0.072 0.086
2 0.796333 0.906333 0.058 0.055333
2 0.610667 0.8029999999999999 0.14 0.148667
2 0.622 0.660667 0.165333 0.136
2 0.748333 0.819333 0.151333 0.165333
2 0.522667 0.546 0.044 0.04
2 0.422667 0.554333 0.077333 0.082
2 0.426 0.6623330000000001 0.137333 0.107333
2 0.445667 0.45499999999999996 0.043333 0.042
2 0.565667 0.38333300000000003 0.119333 0.168
2 0.453 0.35666699999999996 0.142 0.170667
2 0.474333 0.224333 0.15 0.111333
2 0.486333 0.08966700000000005 0.152667 0.160667
2 0.307333 0.287667 0.138667 0.143333
2 0.304 0.43333299999999997 0.106667 0.104
2 0.111 0.286667 0.148667 0.138667
2 0.176333 0.155667 0.182 0.176667
2 0.06 0.41233299999999995 0.094667 0.092667
2 0.171333 0.442333 0.138667 0.122
2 0.123667 0.649 0.064667 0.047333
2 0.070667 0.922667 0.098667 0.102667
2 0.114333 0.771 0.075333 0.079333
2 0.375333 0.886 0.12 0.157333
2 0.928667 0.888667 0.065333 0.06
2 0.713333 0.944333 0.137333 0.11
0 0.834667 0.682667 0.044 0.036
0 0.262333 0.743 0.054 0.059333
0 0.221667 0.791667 0.056667 0.048667
0 0.197667 0.742333 0.059333 0.047333
0 0.177333 0.701333 0.049333 0.044
0 0.217 0.653667 0.042 0.039333
0 0.480333 0.565333 0.040667 0.041333
2 0.086333 0.07099999999999995 0.171333 0.140667
3 0.879 0.030333000000000054 0.084667 0.060667
3 0.214 0.952333 0.137333 0.094
2 0.344667 0.963333 0.132 0.072
2 0.493667 0.937 0.167333 0.124667
2 0.074 0.5573330000000001 0.146667 0.162667
2 0.333 0.047667000000000015 0.194 0.095333
