2 0.933333 0.905 0.126667 0.180667
2 0.789667 0.9083330000000001 0.180667 0.182
2 0.807667 0.752333 0.188667 0.183333
2 0.925 0.744333 0.107333 0.114
2 0.869333 0.619333 0.206667 0.169333
2 0.874333 0.44366700000000003 0.147333 0.156667
2 0.777 0.385667 0.111333 0.103333
3 0.7026669999999999 0.46566700000000005 0.042667 0.040667
2 0.891 0.13766699999999998 0.13 0.140667
2 0.710333 0.23566699999999996 0.108667 0.114
3 0.759667 0.13633300000000004 0.062 0.074
2 0.652 0.12533300000000003 0.12 0.148
2 0.5389999999999999 0.246 0.056667 0.062667
3 0.5263329999999999 0.13166699999999998 0.126 0.142
3 0.4 0.11266699999999996 0.114667 0.126667
3 0.28933299999999995 0.12833300000000003 0.105333 0.112667
3 0.22766699999999995 0.23833300000000002 0.098 0.108667
3 0.335333 0.24566699999999997 0.105333 0.119333
3 0.43799999999999994 0.230333 0.094667 0.111333
3 0.215333 0.354333 0.078667 0.084667
2 0.11066699999999996 0.343333 0.133333 0.114667
2 0.393 0.368333 0.082 0.076667
3 0.481 0.46566700000000005 0.088667 0.076667
2 0.49366699999999997 0.38433300000000004 0.108667 0.096667
2 0.38433300000000004 0.470333 0.063333 0.067333
2 0.16733299999999995 0.466333 0.108 0.094
2 0.616 0.601 0.153333 0.155333
2 0.495 0.578667 0.055333 0.058667
2 0.39633300000000005 0.580333 0.124667 0.119333
2 0.31799999999999995 0.632667 0.093333 0.130667
2 0.25433300000000003 0.562 0.084667 0.105333
2 0.215333 0.624667 0.112 0.141333
2 0.11966699999999997 0.584333 0.079333 0.099333
3 0.15600000000000003 0.778 0.094667 0.096
2 0.146667 0.91 0.128 0.157333
2 0.259 0.885667 0.100667 0.122
2 0.35366699999999995 0.891333 0.088667 0.128
2 0.45299999999999996 0.898333 0.112667 0.108667
2 0.608333 0.7456670000000001 0.098 0.119333
2 0.5283329999999999 0.757333 0.058 0.076
2 0.44499999999999995 0.7683329999999999 0.108667 0.143333
2 0.34066700000000005 0.759333 0.069333 0.084
2 0.24766699999999997 0.767667 0.088667 0.114
0 0.251667 0.42900000000000005 0.07 0.059333
0 0.5696669999999999 0.895333 0.076667 0.093333
0 0.14800000000000002 0.08766700000000005 0.057333 0.054
2 0.08466700000000005 0.13533300000000004 0.169333 0.18
2 0.04733299999999996 0.784 0.094667 0.121333
2 0.03833299999999995 0.914 0.076667 0.130667
