2 0.09566699999999995 0.149667 0.159333 0.138
3 0.13033300000000003 0.281667 0.154 0.140667
2 0.06866700000000003 0.452333 0.072 0.079333
2 0.166667 0.440667 0.121333 0.116
2 0.091333 0.552333 0.134667 0.107333
2 0.127 0.64 0.088667 0.088
2 0.20999999999999996 0.625333 0.065333 0.089333
3 0.24766699999999997 0.54 0.114 0.137333
3 0.29600000000000004 0.446333 0.073333 0.072667
2 0.6930000000000001 0.529 0.140667 0.126
2 0.75 0.622 0.104 0.106667
2 0.866333 0.51 0.118 0.105333
2 0.678667 0.388667 0.161333 0.137333
2 0.864667 0.341667 0.2 0.184667
3 0.548667 0.621333 0.057333 0.074667
2 0.449333 0.634333 0.133333 0.179333
2 0.36266699999999996 0.551667 0.137333 0.144667
2 0.32099999999999995 0.663 0.11 0.127333
2 0.145667 0.783 0.156667 0.195333
2 0.28733299999999995 0.770333 0.134667 0.154
2 0.28400000000000003 0.893667 0.125333 0.155333
2 0.385667 0.888333 0.086 0.154
2 0.484 0.892333 0.125333 0.152667
2 0.5900000000000001 0.872667 0.104 0.153333
2 0.5243329999999999 0.758 0.124667 0.145333
2 0.6743330000000001 0.76 0.106 0.122667
2 0.683667 0.883667 0.083333 0.136667
2 0.761667 0.847 0.080667 0.154
2 0.854333 0.849 0.118 0.163333
2 0.939667 0.888 0.108667 0.161333
2 0.818667 0.937333 0.08 0.06
2 0.41900000000000004 0.975333 0.071333 0.049333
0 0.970333 0.151333 0.05 0.054667
2 0.967667 0.821667 0.062 0.096667
0 0.7436670000000001 0.279 0.052667 0.051333
0 0.6393329999999999 0.111 0.094667 0.102
0 0.499667 0.127 0.066 0.072667
0 0.512 0.212 0.030667 0.042667
0 0.597 0.211667 0.023333 0.023333
0 0.245 0.097333 0.091333 0.092
0 0.565333 0.134 0.061333 0.106667
0 0.391 0.181 0.075333 0.080667
0 0.31100000000000005 0.152 0.091333 0.114667
0 0.265667 0.218 0.064667 0.066667
0 0.40733299999999995 0.35 0.077333 0.074667
0 0.526 0.481667 0.056 0.051333
0 0.43766700000000003 0.429667 0.136667 0.116667
0 0.47466699999999995 0.509333 0.046667 0.044
0 0.33766700000000005 0.317333 0.080667 0.082667
0 0.24533300000000002 0.279667 0.073333 0.075333
0 0.384 0.260333 0.101333 0.078
0 0.657333 0.253333 0.113333 0.094667
0 0.656333 0.635 0.086 0.080667
0 0.34866699999999995 0.377 0.057333 0.054
0 0.809333 0.247333 0.069333 0.073333
0 0.589 0.539 0.072667 0.071333
0 0.873 0.731667 0.09 0.082
0 0.933667 0.706 0.074 0.101333
0 0.903667 0.237333 0.059333 0.056
0 0.787 0.455667 0.131333 0.13
0 0.565333 0.347333 0.057333 0.074667
0 0.19233299999999998 0.271 0.038 0.056667
0 0.37266699999999997 0.075333 0.029333 0.024
0 0.32766700000000004 0.048333 0.032667 0.042
0 0.457333 0.203 0.029333 0.040667
0 0.05033299999999996 0.322667 0.100667 0.094667
