2 0.797667 0.119 0.146 0.116667
1 0.924333 0.154 0.15 0.16
2 0.912 0.312333 0.158667 0.146
2 0.796333 0.235333 0.176667 0.174667
3 0.752333 0.371 0.091333 0.092667
2 0.666667 0.327 0.098667 0.108667
2 0.6453329999999999 0.446333 0.125333 0.122
3 0.736667 0.489 0.098667 0.082
2 0.8220000000000001 0.542333 0.097333 0.096667
2 0.923667 0.620333 0.148667 0.116667
3 0.902333 0.73 0.116667 0.105333
2 0.862333 0.937 0.078 0.058
2 0.775333 0.867333 0.081333 0.086667
2 0.784333 0.758333 0.088667 0.092667
2 0.799667 0.636333 0.083333 0.084667
2 0.527333 0.472 0.094667 0.078667
2 0.544 0.377 0.130667 0.106
2 0.538 0.243 0.16 0.154
2 0.428667 0.314 0.102667 0.101333
3 0.441333 0.189333 0.036 0.030667
2 0.580333 0.105 0.178 0.15
2 0.33666700000000005 0.063667 0.137333 0.118
2 0.33366700000000005 0.193 0.164667 0.138
2 0.21399999999999997 0.155667 0.106667 0.120667
3 0.09966699999999995 0.145667 0.119333 0.118
2 0.210333 0.284667 0.118 0.126667
2 0.07466700000000004 0.276667 0.138667 0.137333
3 0.091333 0.410333 0.122667 0.083333
3 0.20233299999999999 0.412333 0.055333 0.054
3 0.30700000000000005 0.428 0.082 0.070667
3 0.42333299999999996 0.417333 0.056 0.056
3 0.405667 0.512 0.079333 0.074667
3 0.19233299999999998 0.496 0.116667 0.106667
2 0.14833300000000005 0.618333 0.106 0.120667
3 0.264 0.63 0.126667 0.141333
2 0.301667 0.520667 0.104667 0.093333
2 0.17200000000000004 0.747333 0.102667 0.104
2 0.07599999999999996 0.784 0.108 0.1
2 0.363 0.898667 0.087333 0.093333
2 0.38833300000000004 0.809667 0.052667 0.051333
2 0.38033300000000003 0.718667 0.119333 0.125333
2 0.40033300000000005 0.607 0.146 0.118
2 0.508667 0.633333 0.093333 0.085333
2 0.499333 0.746 0.133333 0.142667
2 0.606333 0.785667 0.078 0.078
2 0.586333 0.902333 0.11 0.122
2 0.46966699999999995 0.923 0.104667 0.13
2 0.613 0.668667 0.082 0.064
0 0.857 0.851 0.078 0.104667
0 0.03866700000000001 0.689667 0.076 0.086
2 0.9299999999999999 0.056333 0.138667 0.111333
2 0.626667 0.047 0.186667 0.088667
2 0.47266699999999995 0.06 0.14 0.118667
0 0.706333 0.816333 0.055333 0.062
0 0.7006669999999999 0.867667 0.061333 0.060667
0 0.256 0.756333 0.057333 0.074
2 0.205333 0.048 0.162667 0.094667
2 0.06366700000000003 0.516333 0.127333 0.139333
