2 0.314333 0.843333 0.147333 0.134667
2 0.30900000000000005 0.726667 0.132667 0.109333
3 0.339333 0.646 0.128 0.106667
2 0.46799999999999997 0.619667 0.134667 0.104667
2 0.47966699999999995 0.714333 0.147333 0.126
2 0.816667 0.892667 0.065333 0.074667
2 0.6819999999999999 0.742 0.157333 0.152
2 0.808333 0.725333 0.11 0.112
2 0.843 0.631 0.118 0.112667
2 0.711667 0.632667 0.160667 0.130667
2 0.800667 0.498333 0.169333 0.158
2 0.610333 0.499667 0.180667 0.196667
2 0.478333 0.510667 0.116667 0.108
2 0.266667 0.489333 0.04 0.04
3 0.294667 0.385 0.070667 0.082
2 0.05700000000000005 0.28500000000000003 0.082 0.09
2 0.07566700000000004 0.170667 0.07 0.064
2 0.19033299999999997 0.158667 0.192667 0.18
2 0.21866699999999994 0.262 0.105333 0.125333
3 0.30133299999999996 0.28300000000000003 0.081333 0.086
2 0.403667 0.29833299999999996 0.116667 0.108667
2 0.616 0.26433300000000004 0.169333 0.115333
2 0.5640000000000001 0.374667 0.134667 0.122667
2 0.45499999999999996 0.39333300000000004 0.083333 0.088
2 0.6763330000000001 0.386667 0.071333 0.065333
2 0.882333 0.394667 0.147333 0.101333
2 0.806333 0.276667 0.183333 0.170667
2 0.941667 0.29400000000000004 0.115333 0.133333
2 0.821667 0.10599999999999998 0.083333 0.096
2 0.7196670000000001 0.11699999999999999 0.151333 0.162
3 0.45766700000000005 0.14 0.188667 0.192
2 0.9359999999999999 0.500333 0.121333 0.140667
0 0.49666699999999997 0.930333 0.073333 0.088667
0 0.414667 0.971 0.058667 0.056667
2 0.933 0.13233300000000003 0.132667 0.164667
