1 0.112333 0.206 0.11 0.133333
1 0.060333 0.291333 0.108667 0.124
1 0.138333 0.387667 0.152667 0.122
2 0.077667 0.669333 0.146 0.132
2 0.196 0.476667 0.168 0.138667
2 0.280667 0.399 0.16 0.124667
1 0.245333 0.293333 0.094667 0.089333
1 0.230667 0.159 0.212 0.180667
2 0.370667 0.276 0.165333 0.154667
2 0.460333 0.163 0.158 0.139333
2 0.389333 0.062667 0.136 0.110667
0 0.757333 0.615 0.076 0.075333
0 0.822667 0.535 0.102667 0.095333
0 0.853667 0.606 0.092667 0.061333
0 0.914333 0.497667 0.099333 0.091333
0 0.954333 0.720333 0.091333 0.119333
0 0.547667 0.862667 0.112667 0.122667
0 0.630667 0.767333 0.150667 0.154667
0 0.724667 0.824667 0.114667 0.110667
0 0.637 0.926333 0.103333 0.118
0 0.467 0.947 0.114 0.106
0 0.952 0.427333 0.096 0.102667
0 0.680667 0.680667 0.049333 0.049333
0 0.750333 0.704333 0.119333 0.118
0 0.865667 0.832667 0.099333 0.092
0 0.848 0.721 0.137333 0.166
0 0.756667 0.939333 0.102667 0.104
0 0.937 0.554333 0.051333 0.032667
2 0.56 0.089 0.222667 0.162
2 0.061 0.523333 0.120667 0.133333
