2 0.624 0.154667 0.133333 0.138667
2 0.49766699999999997 0.170667 0.116667 0.134667
2 0.349333 0.200333 0.169333 0.188667
2 0.898667 0.14 0.190667 0.148
3 0.21499999999999997 0.205333 0.115333 0.14
2 0.17766700000000002 0.320333 0.182 0.115333
2 0.18200000000000005 0.424 0.126667 0.12
2 0.29300000000000004 0.411667 0.084667 0.080667
2 0.29800000000000004 0.522 0.166667 0.129333
2 0.17233299999999996 0.535 0.115333 0.111333
2 0.405667 0.431 0.107333 0.116667
2 0.518667 0.465667 0.161333 0.216667
2 0.5820000000000001 0.540333 0.145333 0.15
2 0.661667 0.458 0.124667 0.109333
2 0.5720000000000001 0.308667 0.162667 0.153333
2 0.802667 0.675667 0.197333 0.15
3 0.607333 0.667 0.133333 0.144667
3 0.29233299999999995 0.681 0.203333 0.186
2 0.07499999999999996 0.776667 0.148667 0.172
2 0.755 0.819333 0.247333 0.170667
1 0.46266700000000005 0.799 0.126667 0.139333
2 0.309667 0.817 0.131333 0.103333
2 0.279 0.927333 0.182 0.145333
2 0.582667 0.800667 0.102667 0.130667
3 0.11199999999999999 0.207667 0.093333 0.100667
3 0.06933299999999998 0.064333 0.104 0.124667
2 0.546667 0.053333 0.142667 0.105333
2 0.838333 0.935 0.116667 0.13
3 0.445333 0.934 0.129333 0.130667
2 0.583333 0.934333 0.129333 0.131333
2 0.43966700000000003 0.297667 0.116667 0.114
0 0.45566700000000004 0.671333 0.094 0.113333
0 0.15533300000000005 0.652333 0.08 0.095333
2 0.938667 0.888 0.114667 0.224
2 0.08466700000000005 0.912 0.162667 0.176
3 0.059667000000000026 0.468667 0.115333 0.218667
3 0.04966700000000002 0.319333 0.095333 0.141333
3 0.276 0.06 0.126667 0.118667
3 0.167667 0.053 0.094 0.104667
2 0.40433300000000005 0.076 0.146 0.150667
2 0.779667 0.052 0.148667 0.102667
