2 0.082333 0.918 0.152667 0.137333
2 0.104 0.789 0.190667 0.148667
2 0.126 0.641667 0.206667 0.164667
2 0.233 0.836 0.095333 0.104
2 0.357333 0.924333 0.202667 0.144667
2 0.345667 0.761 0.154 0.182
2 0.265 0.5880000000000001 0.154 0.164
2 0.146667 0.391667 0.132 0.164667
2 0.268333 0.44566700000000004 0.147333 0.154
2 0.217667 0.18333299999999997 0.174 0.181333
2 0.086667 0.13133300000000003 0.169333 0.228
2 0.220667 0.06333299999999997 0.098667 0.094667
2 0.357333 0.06233299999999997 0.116 0.123333
2 0.419333 0.23933300000000002 0.106667 0.105333
2 0.406 0.409667 0.146667 0.140667
2 0.383667 0.552667 0.175333 0.173333
2 0.518667 0.731333 0.194667 0.2
1 0.522667 0.894333 0.136 0.126
1 0.663 0.841 0.142 0.155333
1 0.669 0.682667 0.207333 0.161333
2 0.547 0.518 0.151333 0.201333
2 0.551667 0.352 0.186 0.153333
2 0.593 0.161667 0.084667 0.088667
2 0.725333 0.17166700000000001 0.156 0.147333
2 0.694667 0.282667 0.108 0.110667
2 0.892333 0.11233300000000002 0.183333 0.192667
2 0.850667 0.24366699999999997 0.102667 0.072667
2 0.89 0.377667 0.157333 0.246
2 0.703333 0.402667 0.169333 0.201333
1 0.686667 0.552667 0.133333 0.121333
2 0.841333 0.641667 0.173333 0.195333
1 0.814 0.806 0.166667 0.138667
1 0.771333 0.928333 0.156 0.124667
1 0.919667 0.904 0.15 0.173333
2 0.932 0.7130000000000001 0.136 0.200667
0 0.957 0.05300000000000005 0.068667 0.068667
0 0.263 0.33266700000000005 0.143333 0.117333
0 0.241333 0.7170000000000001 0.061333 0.067333
2 0.090333 0.53 0.179333 0.172
2 0.056 0.354 0.110667 0.176
2 0.614333 0.05800000000000005 0.174 0.109333
2 0.767667 0.04933299999999996 0.15 0.098667
