2 0.584333 0.854333 0.116667 0.09
2 0.5800000000000001 0.771667 0.174667 0.088667
2 0.589 0.695333 0.187333 0.110667
2 0.572333 0.5800000000000001 0.159333 0.128
2 0.698 0.626 0.133333 0.116
2 0.696 0.523 0.170667 0.111333
2 0.84 0.5329999999999999 0.137333 0.194
2 0.722 0.43033299999999997 0.104 0.088667
2 0.6126670000000001 0.41033299999999995 0.129333 0.118
2 0.675 0.341333 0.112667 0.102667
2 0.795 0.35866699999999996 0.122 0.137333
2 0.9390000000000001 0.250333 0.076667 0.084667
2 0.840333 0.24966699999999997 0.120667 0.114
2 0.727 0.231333 0.108667 0.128
2 0.817333 0.15333300000000005 0.144 0.162667
2 0.892333 0.06499999999999995 0.122 0.111333
2 0.762333 0.708333 0.115333 0.118
2 0.862667 0.729 0.132 0.155333
3 0.761 0.808667 0.095333 0.106667
2 0.6859999999999999 0.868667 0.088 0.101333
2 0.805333 0.9123330000000001 0.162667 0.155333
2 0.902 0.852333 0.102667 0.094
2 0.9123330000000001 0.946667 0.123333 0.092
2 0.9299999999999999 0.41833299999999995 0.133333 0.104667
3 0.606333 0.493333 0.052667 0.045333
2 0.6006670000000001 0.936333 0.121333 0.126
3 0.700333 0.956 0.086 0.086667
0 0.432667 0.745 0.02 0.015333
0 0.445333 0.659667 0.021333 0.023333
0 0.44266700000000003 0.702333 0.026667 0.03
2 0.959667 0.746667 0.078 0.148
2 0.062000000000000055 0.669667 0.124 0.103333
2 0.07733299999999999 0.7256670000000001 0.154667 0.088667
0 0.652667 0.24466699999999997 0.116 0.138667
0 0.707667 0.12866699999999998 0.079333 0.117333
2 0.07866700000000004 0.832333 0.149333 0.187333
2 0.07666700000000004 0.45099999999999996 0.153333 0.162
2 0.07666700000000004 0.5856669999999999 0.148 0.144667
