1 0.11133300000000002 0.258 0.138667 0.133333
1 0.088333 0.147667 0.148667 0.15
1 0.20999999999999996 0.170333 0.102667 0.124667
1 0.343333 0.101333 0.177333 0.173333
1 0.354333 0.289 0.180667 0.238
1 0.214333 0.390333 0.242 0.238
1 0.10366699999999995 0.501333 0.184667 0.198667
1 0.11699999999999999 0.657667 0.147333 0.132667
1 0.14500000000000002 0.797333 0.180667 0.157333
2 0.08566700000000005 0.904333 0.143333 0.143333
1 0.251667 0.541667 0.106 0.102
1 0.29400000000000004 0.663 0.196 0.15
2 0.314333 0.829333 0.155333 0.198667
2 0.445333 0.803333 0.137333 0.192
1 0.41000000000000003 0.535667 0.174667 0.216667
1 0.520667 0.434667 0.157333 0.168
1 0.515 0.267333 0.151333 0.18
1 0.547667 0.555667 0.103333 0.084667
1 0.5700000000000001 0.673667 0.230667 0.168667
1 0.592667 0.818 0.157333 0.154667
1 0.608 0.942667 0.142667 0.114667
1 0.742667 0.816 0.154667 0.236
1 0.684667 0.567 0.165333 0.184667
1 0.675333 0.389667 0.18 0.206
1 0.8296669999999999 0.52 0.160667 0.246667
1 0.887333 0.893667 0.214667 0.198
1 0.892667 0.378667 0.209333 0.194667
1 0.879333 0.255 0.166667 0.186
1 0.871 0.127333 0.188667 0.166667
1 0.687333 0.112333 0.273333 0.212667
1 0.740667 0.27 0.202667 0.202667
2 0.875667 0.748 0.126 0.141333
0 0.04033299999999995 0.318667 0.079333 0.153333
2 0.19833299999999998 0.057667 0.143333 0.111333
2 0.933333 0.605333 0.133333 0.24
2 0.06799999999999995 0.081 0.134667 0.154
