2 0.088333 0.124333 0.147333 0.15
2 0.491 0.051667 0.078 0.091333
3 0.650667 0.061 0.077333 0.084667
2 0.744333 0.08 0.092667 0.104
3 0.396667 0.046333 0.064 0.086
3 0.373667 0.151333 0.095333 0.096
2 0.472333 0.159333 0.095333 0.101333
2 0.376667 0.252 0.132 0.105333
3 0.566 0.274 0.053333 0.064
3 0.106333 0.244333 0.05 0.048667
2 0.894 0.204667 0.102667 0.089333
3 0.869 0.296333 0.152667 0.144667
2 0.387 0.369 0.155333 0.126
3 0.499333 0.381 0.097333 0.106
3 0.626333 0.397667 0.148667 0.155333
2 0.752667 0.418 0.104 0.104
2 0.425 0.5 0.128667 0.134667
2 0.534 0.486333 0.102667 0.116667
2 0.685667 0.522 0.119333 0.112
2 0.797333 0.525333 0.104 0.102667
2 0.882 0.608667 0.098667 0.086667
2 0.931333 0.721 0.092 0.086
3 0.826667 0.705333 0.101333 0.101333
3 0.796 0.620667 0.073333 0.093333
2 0.707667 0.630333 0.122 0.126
2 0.576667 0.606667 0.134667 0.124
2 0.627 0.699 0.106 0.063333
2 0.705333 0.812333 0.170667 0.151333
2 0.642667 0.916333 0.064 0.068667
2 0.083667 0.354333 0.082 0.078
2 0.062 0.473333 0.066667 0.104
2 0.168333 0.456333 0.154 0.151333
2 0.242333 0.565667 0.106 0.099333
3 0.28 0.470667 0.058667 0.070667
2 0.121333 0.644333 0.133333 0.120667
2 0.07 0.761333 0.128 0.138667
2 0.181333 0.774667 0.128 0.148
2 0.299333 0.672 0.174667 0.16
2 0.413 0.673333 0.086 0.112
2 0.506667 0.697 0.098667 0.09
2 0.482667 0.798 0.144 0.132
2 0.483667 0.907333 0.148667 0.12
2 0.354333 0.880333 0.115333 0.107333
2 0.321333 0.801 0.169333 0.104667
2 0.255667 0.885 0.079333 0.088667
2 0.162333 0.906667 0.11 0.124
2 0.069333 0.879667 0.090667 0.111333
3 0.882667 0.526 0.072 0.058667
2 0.034333 0.647333 0.067333 0.096
0 0.222667 0.102667 0.081333 0.090667
2 0.869667 0.94 0.168667 0.12
2 0.944 0.832333 0.112 0.143333
3 0.312 0.045667 0.088 0.09
