2 0.691 0.714 0.142 0.130667
2 0.685 0.814667 0.115333 0.101333
2 0.790333 0.84 0.098 0.098667
2 0.893667 0.881 0.106 0.103333
2 0.779333 0.94 0.124 0.109333
2 0.656333 0.913333 0.124667 0.165333
1 0.538 0.915667 0.138667 0.158
2 0.424333 0.884333 0.080667 0.128667
2 0.321667 0.887 0.122 0.123333
2 0.196333 0.875667 0.116667 0.183333
2 0.078 0.860667 0.132 0.196
2 0.040333 0.738333 0.068667 0.082
2 0.281333 0.763 0.125333 0.119333
2 0.389 0.771 0.151333 0.122
2 0.525667 0.766667 0.175333 0.168
3 0.452 0.680333 0.092 0.082
2 0.367667 0.668333 0.086 0.088667
2 0.253333 0.679333 0.125333 0.130667
2 0.120333 0.678333 0.147333 0.180667
2 0.096 0.543667 0.109333 0.114
2 0.182 0.455333 0.178667 0.165333
2 0.068 0.394 0.129333 0.190667
1 0.223667 0.364333 0.095333 0.139333
2 0.304667 0.547333 0.202667 0.164
2 0.325 0.395667 0.104667 0.148667
2 0.427333 0.384333 0.097333 0.126
2 0.522 0.381667 0.132 0.164667
2 0.639333 0.408667 0.1 0.128
2 0.508333 0.513667 0.112667 0.128667
2 0.410333 0.49 0.091333 0.104
2 0.511 0.607 0.126 0.116667
2 0.808333 0.426 0.151333 0.106667
2 0.928667 0.413667 0.094667 0.112667
2 0.800667 0.296 0.177333 0.156
2 0.939 0.293 0.112667 0.148667
2 0.828333 0.153 0.124667 0.147333
1 0.944333 0.153667 0.11 0.146
2 0.730333 0.176667 0.079333 0.130667
2 0.635667 0.176667 0.088667 0.205333
2 0.548 0.163 0.074667 0.160667
2 0.458333 0.157333 0.092667 0.172
2 0.320333 0.246333 0.211333 0.139333
2 0.362 0.117667 0.128 0.159333
2 0.252 0.124667 0.1 0.124
2 0.117333 0.224667 0.153333 0.165333
2 0.155 0.099667 0.080667 0.123333
2 0.076667 0.099667 0.098667 0.131333
0 0.775333 0.625333 0.449333 0.404
2 0.028 0.200333 0.054667 0.11
2 0.028333 0.649667 0.055333 0.112667
2 0.954 0.957 0.092 0.084667
2 0.897667 0.048667 0.182 0.096
