2 0.898333 0.274333 0.172667 0.167333
1 0.846 0.091667 0.134667 0.179333
1 0.6970000000000001 0.089333 0.186 0.164
1 0.676667 0.235 0.126667 0.118
1 0.652 0.377667 0.132 0.154
1 0.792 0.320667 0.206667 0.162667
1 0.7913330000000001 0.475667 0.222667 0.172667
1 0.876 0.555667 0.149333 0.138
2 0.834333 0.713333 0.139333 0.128
2 0.7316670000000001 0.647667 0.178 0.186
2 0.619333 0.781 0.236 0.216667
2 0.585 0.935 0.176667 0.13
2 0.433667 0.835 0.171333 0.212667
2 0.29733299999999996 0.837667 0.137333 0.115333
2 0.35 0.672667 0.268 0.197333
2 0.161667 0.851333 0.148667 0.165333
2 0.17433299999999996 0.707667 0.119333 0.136667
2 0.214333 0.557667 0.176667 0.163333
2 0.08033299999999999 0.610667 0.116667 0.102667
2 0.362333 0.566 0.114 0.102667
2 0.358 0.439333 0.2 0.169333
2 0.229333 0.427333 0.096 0.1
2 0.269667 0.251667 0.138 0.187333
2 0.17933299999999996 0.163 0.173333 0.15
2 0.15633300000000006 0.303 0.15 0.146
1 0.39533300000000005 0.284667 0.138667 0.154667
1 0.406 0.092333 0.157333 0.183333
1 0.5393330000000001 0.093 0.14 0.162
2 0.521 0.230333 0.176667 0.146
1 0.512667 0.379 0.176 0.215333
1 0.48866699999999996 0.576667 0.130667 0.170667
1 0.626 0.540667 0.161333 0.2
2 0.897 0.872333 0.202 0.232667
1 0.954667 0.76 0.074667 0.057333
2 0.794333 0.803333 0.072667 0.081333
0 0.35466699999999995 0.189667 0.098667 0.134
0 0.8029999999999999 0.946 0.078 0.070667
2 0.928 0.101 0.142667 0.199333
2 0.05566700000000002 0.875 0.103333 0.19
2 0.04933299999999996 0.133667 0.098667 0.182
