2 0.21 0.958 0.1 0.081333
2 0.078333 0.715333 0.152667 0.232
2 0.101 0.550667 0.118 0.113333
1 0.216333 0.804 0.220667 0.193333
2 0.325333 0.902667 0.244 0.188
2 0.390667 0.756 0.122667 0.097333
2 0.394333 0.643 0.123333 0.118
1 0.233667 0.632667 0.188667 0.164
2 0.127667 0.391 0.176667 0.175333
2 0.067 0.264667 0.108667 0.1
2 0.187333 0.11266699999999996 0.196 0.198667
2 0.357333 0.11166699999999996 0.133333 0.122
2 0.31 0.22699999999999998 0.166667 0.163333
2 0.288333 0.355 0.154 0.116667
1 0.263667 0.48466699999999996 0.187333 0.162667
2 0.518 0.889667 0.161333 0.164667
1 0.428667 0.523667 0.134667 0.120667
1 0.449667 0.391667 0.176667 0.135333
2 0.435667 0.273667 0.143333 0.115333
2 0.470667 0.13466699999999998 0.170667 0.201333
1 0.624667 0.19666700000000004 0.118667 0.102667
2 0.599 0.33099999999999996 0.175333 0.178
2 0.569 0.525 0.179333 0.192667
1 0.536 0.724667 0.184 0.212
1 0.704 0.6583330000000001 0.162667 0.195333
2 0.785333 0.784 0.105333 0.094667
1 0.729667 0.475 0.142 0.156667
2 0.74 0.32699999999999996 0.126667 0.13
2 0.766667 0.18133299999999997 0.168 0.169333
2 0.894667 0.23266699999999996 0.164 0.138667
2 0.878 0.389 0.194667 0.156667
2 0.86 0.525 0.164 0.138
2 0.864333 0.681667 0.186 0.184667
2 0.93 0.798333 0.137333 0.154
2 0.104667 0.949667 0.112 0.099333
2 0.648 0.915 0.233333 0.168667
2 0.069667 0.07066700000000004 0.131333 0.141333
2 0.621333 0.08499999999999996 0.24 0.17
2 0.817333 0.05466700000000002 0.168 0.109333
2 0.928333 0.10833300000000001 0.143333 0.183333
