2 0.101667 0.7256670000000001 0.172667 0.167333
1 0.154 0.9083330000000001 0.134667 0.179333
1 0.303 0.910667 0.186 0.164
1 0.323333 0.765 0.126667 0.118
1 0.348 0.622333 0.132 0.154
1 0.208 0.679333 0.206667 0.162667
1 0.208667 0.5243329999999999 0.222667 0.172667
1 0.124 0.444333 0.149333 0.138
2 0.165667 0.286667 0.139333 0.128
2 0.268333 0.352333 0.178 0.186
2 0.380667 0.21899999999999997 0.236 0.216667
2 0.415 0.06499999999999995 0.176667 0.13
2 0.566333 0.16500000000000004 0.171333 0.212667
2 0.702667 0.16233299999999995 0.137333 0.115333
2 0.65 0.327333 0.268 0.197333
2 0.838333 0.148667 0.148667 0.165333
2 0.825667 0.29233299999999995 0.119333 0.136667
2 0.785667 0.442333 0.176667 0.163333
2 0.919667 0.38933300000000004 0.116667 0.102667
2 0.637667 0.43400000000000005 0.114 0.102667
2 0.642 0.560667 0.2 0.169333
2 0.770667 0.572667 0.096 0.1
2 0.730333 0.748333 0.138 0.187333
2 0.820667 0.837 0.173333 0.15
2 0.843667 0.6970000000000001 0.15 0.146
1 0.604667 0.715333 0.138667 0.154667
1 0.594 0.907667 0.157333 0.183333
1 0.460667 0.907 0.14 0.162
2 0.479 0.769667 0.176667 0.146
1 0.487333 0.621 0.176 0.215333
1 0.511333 0.42333299999999996 0.130667 0.170667
1 0.374 0.459333 0.161333 0.2
2 0.103 0.12766699999999997 0.202 0.232667
1 0.045333 0.24 0.074667 0.057333
2 0.205667 0.19666700000000004 0.072667 0.081333
0 0.645333 0.810333 0.098667 0.134
0 0.197 0.05400000000000005 0.078 0.070667
2 0.072 0.899 0.142667 0.199333
2 0.944333 0.125 0.103333 0.19
2 0.950667 0.866333 0.098667 0.182
