2 0.054333 0.095333 0.107333 0.16
2 0.174333 0.111333 0.13 0.138667
2 0.309333 0.115 0.133333 0.179333
2 0.429 0.126667 0.112667 0.133333
2 0.690333 0.183 0.074 0.087333
2 0.812333 0.164333 0.112667 0.114
2 0.130333 0.236 0.151333 0.170667
2 0.278 0.258667 0.14 0.136
2 0.092333 0.368333 0.124667 0.127333
2 0.371 0.389667 0.151333 0.151333
2 0.484667 0.236333 0.188 0.200667
2 0.624 0.264333 0.1 0.13
2 0.731 0.288667 0.116667 0.14
3 0.677667 0.426 0.112667 0.109333
2 0.802 0.434667 0.128 0.137333
2 0.516 0.395667 0.136 0.120667
2 0.796 0.576 0.129333 0.134667
2 0.923667 0.572333 0.123333 0.114
3 0.850667 0.695667 0.1 0.092667
3 0.957 0.847333 0.048667 0.069333
2 0.882 0.922667 0.078667 0.072
2 0.772333 0.910333 0.095333 0.086
3 0.752 0.802333 0.102667 0.118
2 0.653667 0.897667 0.078 0.075333
2 0.560333 0.887667 0.083333 0.083333
2 0.643667 0.794667 0.108667 0.125333
3 0.714 0.673333 0.068 0.076
2 0.589333 0.662333 0.130667 0.118
3 0.551333 0.750333 0.045333 0.058
3 0.458333 0.756 0.11 0.122667
2 0.340667 0.888667 0.133333 0.162667
2 0.203333 0.865 0.158667 0.131333
2 0.07 0.856 0.130667 0.128
2 0.074333 0.749667 0.134 0.102
2 0.205667 0.752333 0.118 0.11
2 0.323 0.757333 0.139333 0.138667
2 0.349333 0.648333 0.1 0.11
2 0.225667 0.620667 0.158 0.168
2 0.077667 0.622667 0.148667 0.158667
2 0.072 0.481667 0.132 0.112667
2 0.198333 0.501333 0.118 0.137333
3 0.325667 0.510333 0.122 0.116667
3 0.455 0.521 0.072667 0.080667
0 0.873667 0.84 0.111333 0.086667
0 0.899 0.397667 0.083333 0.088667
2 0.540333 0.049333 0.095333 0.097333
2 0.731667 0.071333 0.174 0.141333
2 0.882 0.059333 0.133333 0.117333
2 0.049667 0.951 0.098 0.098
2 0.951667 0.720333 0.096667 0.143333
2 0.929333 0.310667 0.141333 0.154667
2 0.947667 0.18 0.104667 0.117333
