3 0.820667 0.086333 0.101333 0.091333
2 0.695333 0.085 0.130667 0.139333
2 0.5636669999999999 0.115667 0.123333 0.172667
2 0.44866700000000004 0.13 0.096 0.132
2 0.30700000000000005 0.137333 0.120667 0.129333
2 0.17300000000000004 0.151333 0.083333 0.101333
2 0.27933300000000005 0.260333 0.165333 0.180667
2 0.14100000000000001 0.273 0.119333 0.148667
2 0.16433299999999995 0.406 0.15 0.136
2 0.28600000000000003 0.521333 0.198667 0.228
1 0.13733300000000004 0.542667 0.162667 0.188
2 0.314333 0.385 0.147333 0.155333
2 0.44866700000000004 0.363333 0.106667 0.132
2 0.45466700000000004 0.492 0.128 0.130667
2 0.48 0.631 0.130667 0.142
2 0.351333 0.642 0.14 0.141333
2 0.20066700000000004 0.693 0.138667 0.146
2 0.06833299999999998 0.699667 0.136667 0.159333
2 0.06533299999999997 0.838667 0.129333 0.145333
2 0.20466700000000004 0.922333 0.158667 0.147333
2 0.33099999999999996 0.915667 0.088667 0.083333
2 0.44666700000000004 0.902333 0.105333 0.112667
2 0.317333 0.789 0.138667 0.15
2 0.472 0.775333 0.165333 0.161333
2 0.5720000000000001 0.896333 0.137333 0.186
2 0.6986669999999999 0.864333 0.106667 0.147333
2 0.819333 0.853333 0.129333 0.138667
2 0.887 0.707 0.212667 0.238
2 0.736 0.605333 0.106667 0.104
2 0.605667 0.620333 0.118 0.164667
2 0.654 0.470333 0.168 0.148667
2 0.798 0.537333 0.058667 0.073333
3 0.916 0.558667 0.086667 0.094667
2 0.763 0.459667 0.058 0.054
2 0.558333 0.358333 0.104667 0.151333
2 0.538 0.238 0.125333 0.102667
2 0.674667 0.216667 0.101333 0.132
2 0.796 0.203 0.093333 0.091333
2 0.878667 0.437667 0.102667 0.114
2 0.927667 0.164333 0.138 0.122
2 0.648 0.339333 0.092 0.108
2 0.761333 0.331 0.132 0.136667
2 0.03633299999999995 0.558333 0.072667 0.122
3 0.06666700000000003 0.945333 0.133333 0.109333
0 0.668667 0.715 0.053333 0.058
0 0.18100000000000005 0.788 0.059333 0.053333
2 0.913 0.312 0.172667 0.154667
2 0.11333300000000002 0.062333 0.153333 0.123333
2 0.23966699999999996 0.074 0.120667 0.146667
2 0.04533299999999996 0.287333 0.090667 0.154667
2 0.044332999999999956 0.423333 0.084667 0.144
2 0.963 0.421333 0.068667 0.094667
2 0.768667 0.955667 0.134667 0.088667
