1 0.271667 0.414667 0.15 0.194667
1 0.12633300000000003 0.502667 0.220667 0.202667
2 0.13133300000000003 0.352333 0.161333 0.111333
2 0.18133299999999997 0.26333300000000004 0.2 0.130667
2 0.19866700000000004 0.143667 0.098667 0.118
2 0.08666700000000005 0.14733300000000005 0.138667 0.165333
1 0.552667 0.161667 0.245333 0.254
2 0.366 0.22399999999999998 0.156 0.133333
1 0.373 0.09199999999999997 0.142 0.168
1 0.627667 0.05833299999999997 0.116667 0.116667
2 0.500667 0.300667 0.098667 0.121333
0 0.17566700000000002 0.623333 0.107333 0.096
0 0.047667000000000015 0.272 0.092667 0.12
0 0.288667 0.14100000000000001 0.078667 0.106
0 0.37166699999999997 0.304667 0.132667 0.118667
0 0.40033300000000005 0.41933299999999996 0.154 0.165333
0 0.680667 0.899667 0.113333 0.106
0 0.864 0.691667 0.114667 0.122
