2 0.123 0.201667 0.152667 0.160667
2 0.252667 0.244 0.124 0.142667
2 0.112 0.367667 0.2 0.238
2 0.393333 0.23 0.101333 0.104
2 0.378333 0.107333 0.142 0.210667
2 0.543 0.126 0.226 0.212
2 0.508333 0.253 0.118 0.114
2 0.656333 0.279667 0.136667 0.158
2 0.757 0.162333 0.079333 0.087333
2 0.789667 0.286333 0.147333 0.15
2 0.814 0.394 0.068 0.076
2 0.864667 0.511333 0.18 0.174667
2 0.743 0.514333 0.082 0.086
2 0.902667 0.669 0.126667 0.146
2 0.782 0.671333 0.14 0.161333
2 0.684667 0.618333 0.126667 0.111333
2 0.641667 0.514333 0.118 0.114
2 0.541667 0.507 0.068667 0.083333
2 0.514333 0.395 0.083333 0.111333
2 0.368667 0.369 0.189333 0.174
2 0.412 0.515 0.138667 0.143333
2 0.281667 0.488 0.148667 0.156
2 0.291667 0.597333 0.102 0.097333
1 0.198667 0.571 0.124 0.144667
2 0.082667 0.568 0.164 0.146667
2 0.103667 0.703333 0.191333 0.174667
2 0.233333 0.717667 0.093333 0.107333
2 0.364 0.713 0.173333 0.186
2 0.423 0.826667 0.178 0.161333
2 0.208667 0.858667 0.157333 0.186667
2 0.064667 0.878667 0.125333 0.168
2 0.533333 0.816 0.078667 0.082667
2 0.608667 0.741333 0.149333 0.138667
2 0.814667 0.856667 0.142667 0.142667
2 0.528667 0.922667 0.096 0.090667
2 0.505667 0.599333 0.059333 0.066667
2 0.921333 0.852 0.157333 0.201333
0 0.653 0.406333 0.066 0.075333
2 0.157 0.079 0.239333 0.156667
2 0.939333 0.413333 0.121333 0.176
2 0.412667 0.937333 0.130667 0.125333
2 0.297 0.934333 0.160667 0.131333
