2 0.11933300000000002 0.510667 0.093333 0.092
2 0.7703329999999999 0.956333 0.078 0.086
2 0.877 0.851667 0.119333 0.115333
2 0.794333 0.820333 0.048667 0.044667
2 0.858333 0.726667 0.19 0.142667
2 0.927 0.598 0.142 0.136
2 0.883 0.383 0.151333 0.142
2 0.53 0.47866699999999995 0.064 0.058667
2 0.288667 0.448333 0.129333 0.124667
2 0.163667 0.21266700000000005 0.079333 0.076
2 0.364 0.23366699999999996 0.109333 0.154
2 0.502667 0.238 0.16 0.162667
2 0.412667 0.09699999999999998 0.129333 0.142
2 0.27833300000000005 0.11233300000000002 0.080667 0.086
0 0.355 0.902 0.024667 0.032
0 0.322333 0.869 0.036667 0.056667
0 0.273 0.86 0.043333 0.048
0 0.24333300000000002 0.906667 0.109333 0.101333
0 0.17800000000000005 0.962 0.04 0.037333
0 0.29700000000000004 0.921333 0.056667 0.029333
0 0.35666699999999996 0.980333 0.038667 0.038
0 0.28633299999999995 0.965667 0.106 0.067333
0 0.121 0.7853330000000001 0.07 0.058667
0 0.296667 0.77 0.096 0.074667
0 0.379667 0.540333 0.035333 0.043333
0 0.348 0.547667 0.032 0.031333
0 0.07299999999999995 0.750667 0.060667 0.062667
0 0.218333 0.335333 0.047333 0.053333
0 0.6603330000000001 0.138 0.103333 0.105333
0 0.5393330000000001 0.08766700000000005 0.08 0.074
0 0.846333 0.12766699999999997 0.036667 0.05
0 0.815333 0.313333 0.057333 0.068
0 0.779 0.499667 0.086 0.088667
0 0.675667 0.6639999999999999 0.078 0.086667
0 0.628 0.808667 0.064 0.06
2 0.642 0.9299999999999999 0.037333 0.042667
0 0.44466700000000003 0.724333 0.084 0.100667
0 0.46966699999999995 0.810667 0.076667 0.073333
0 0.6986669999999999 0.823333 0.102667 0.108
0 0.161667 0.401667 0.064667 0.066
0 0.555667 0.45266700000000004 0.096667 0.104
0 0.05700000000000005 0.207333 0.114 0.141333
0 0.681667 0.300667 0.07 0.061333
0 0.357333 0.357333 0.074667 0.074667
3 0.943333 0.19633299999999998 0.112 0.168667
3 0.921333 0.060667000000000026 0.141333 0.121333
3 0.634333 0.06466700000000003 0.17 0.129333
