2 0.880667 0.489333 0.093333 0.092
2 0.229667 0.043667 0.078 0.086
2 0.123 0.148333 0.119333 0.115333
2 0.205667 0.179667 0.048667 0.044667
2 0.141667 0.273333 0.19 0.142667
2 0.073 0.402 0.142 0.136
2 0.117 0.617 0.151333 0.142
2 0.47 0.521333 0.064 0.058667
2 0.711333 0.551667 0.129333 0.124667
2 0.836333 0.787333 0.079333 0.076
2 0.636 0.766333 0.109333 0.154
2 0.497333 0.762 0.16 0.162667
2 0.587333 0.903 0.129333 0.142
2 0.721667 0.887667 0.080667 0.086
0 0.645 0.098 0.024667 0.032
0 0.677667 0.131 0.036667 0.056667
0 0.727 0.14 0.043333 0.048
0 0.756667 0.093333 0.109333 0.101333
0 0.822 0.038 0.04 0.037333
0 0.703 0.078667 0.056667 0.029333
0 0.643333 0.019667 0.038667 0.038
0 0.713667 0.034333 0.106 0.067333
0 0.879 0.214667 0.07 0.058667
0 0.703333 0.23 0.096 0.074667
0 0.620333 0.459667 0.035333 0.043333
0 0.652 0.452333 0.032 0.031333
0 0.927 0.249333 0.060667 0.062667
0 0.781667 0.664667 0.047333 0.053333
0 0.339667 0.862 0.103333 0.105333
0 0.460667 0.912333 0.08 0.074
0 0.153667 0.872333 0.036667 0.05
0 0.184667 0.686667 0.057333 0.068
0 0.221 0.500333 0.086 0.088667
0 0.324333 0.336 0.078 0.086667
0 0.372 0.191333 0.064 0.06
2 0.358 0.07 0.037333 0.042667
0 0.555333 0.275667 0.084 0.100667
0 0.530333 0.189333 0.076667 0.073333
0 0.301333 0.176667 0.102667 0.108
0 0.838333 0.598333 0.064667 0.066
0 0.444333 0.547333 0.096667 0.104
0 0.943 0.792667 0.114 0.141333
0 0.318333 0.699333 0.07 0.061333
0 0.642667 0.642667 0.074667 0.074667
3 0.056667 0.803667 0.112 0.168667
3 0.078667 0.939333 0.141333 0.121333
3 0.365667 0.935333 0.17 0.129333
