1 0.717667 0.718333 0.083333 0.091333
2 0.825667 0.744333 0.122 0.123333
1 0.851333 0.898333 0.145333 0.202
2 0.897333 0.644 0.129333 0.098667
1 0.391667 0.859333 0.098 0.093333
2 0.290333 0.852333 0.118 0.176667
2 0.180667 0.826667 0.121333 0.205333
2 0.075 0.821333 0.128667 0.194667
2 0.382667 0.729 0.2 0.19
1 0.461667 0.600333 0.114 0.139333
2 0.589667 0.612 0.15 0.14
2 0.8 0.46 0.142667 0.130667
2 0.863333 0.524667 0.1 0.114667
2 0.580333 0.448333 0.212667 0.184667
2 0.621333 0.276 0.064 0.068
2 0.809 0.188 0.17 0.144
2 0.931 0.264 0.135333 0.169333
2 0.543 0.276667 0.095333 0.108
2 0.543333 0.178333 0.070667 0.088667
2 0.441 0.137667 0.116667 0.114
2 0.448667 0.255333 0.098667 0.124
2 0.401667 0.353 0.151333 0.114
2 0.390333 0.457333 0.151333 0.125333
2 0.243333 0.582333 0.162667 0.199333
2 0.119333 0.590667 0.137333 0.136
2 0.094 0.456333 0.177333 0.175333
2 0.245667 0.438 0.146 0.141333
2 0.283333 0.329667 0.101333 0.111333
2 0.188 0.33 0.105333 0.104
2 0.121667 0.208667 0.180667 0.205333
1 0.252 0.209333 0.108 0.14
2 0.355 0.222 0.111333 0.137333
2 0.285333 0.099667 0.102667 0.09
2 0.159 0.075333 0.15 0.144
0 0.871 0.049333 0.060667 0.077333
0 0.792333 0.076667 0.116667 0.142667
0 0.128333 0.658667 0.107333 0.101333
0 0.597333 0.745667 0.116 0.118
0 0.520333 0.890333 0.13 0.128667
0 0.724333 0.874667 0.186 0.218667
0 0.707667 0.565 0.128667 0.159333
0 0.695 0.425333 0.106 0.110667
0 0.811667 0.363667 0.123333 0.099333
0 0.714333 0.289 0.083333 0.087333
0 0.652333 0.183667 0.078 0.074
2 0.952 0.924 0.093333 0.152
2 0.702333 0.036667 0.092667 0.072
2 0.276667 0.953333 0.121333 0.093333
2 0.397667 0.951333 0.126 0.097333
2 0.164333 0.952 0.115333 0.096
2 0.940667 0.773667 0.118667 0.160667
2 0.942333 0.495333 0.115333 0.22
2 0.617333 0.04 0.085333 0.078667
2 0.509 0.058667 0.152667 0.116
