2 0.900667 0.208 0.18 0.154667
3 0.94 0.347667 0.104 0.111333
3 0.836 0.335667 0.101333 0.112667
3 0.92 0.465667 0.072 0.078
2 0.805667 0.674667 0.09 0.081333
2 0.710333 0.692 0.106 0.1
2 0.675667 0.944 0.094 0.089333
2 0.755333 0.921667 0.073333 0.087333
3 0.775667 0.817 0.080667 0.075333
2 0.889333 0.794333 0.094667 0.123333
3 0.756667 0.156 0.065333 0.056
3 0.732667 0.260333 0.102667 0.147333
3 0.634667 0.251 0.096 0.118
3 0.583333 0.174 0.085333 0.082667
3 0.47666699999999995 0.176 0.132 0.129333
3 0.46799999999999997 0.268333 0.114667 0.111333
2 0.373 0.288333 0.088667 0.112667
2 0.255 0.135667 0.180667 0.143333
2 0.132 0.200667 0.098667 0.136
2 0.04166700000000001 0.166333 0.076667 0.09
2 0.266667 0.230333 0.170667 0.074
2 0.21866699999999994 0.306 0.197333 0.138667
2 0.330333 0.385 0.154 0.124667
3 0.49566699999999997 0.477667 0.059333 0.056667
2 0.544333 0.569667 0.059333 0.047333
2 0.121 0.418333 0.087333 0.075333
2 0.18333299999999997 0.603333 0.152 0.161333
2 0.28333299999999995 0.486667 0.168 0.161333
2 0.38133300000000003 0.589 0.144 0.152667
3 0.5549999999999999 0.7 0.108667 0.134667
3 0.451333 0.700333 0.106667 0.142
3 0.35366699999999995 0.743 0.111333 0.151333
2 0.256 0.751 0.105333 0.115333
2 0.265 0.828667 0.084667 0.070667
2 0.092333 0.773333 0.167333 0.178667
2 0.135 0.892667 0.148667 0.145333
2 0.582667 0.946333 0.097333 0.107333
0 0.563333 0.343667 0.066667 0.072667
0 0.724667 0.493667 0.301333 0.300667
0 0.45099999999999996 0.594333 0.064667 0.071333
0 0.47066699999999995 0.425333 0.028 0.032
0 0.775667 0.749 0.047333 0.059333
0 0.91 0.91 0.046667 0.056
0 0.944333 0.876667 0.040667 0.030667
2 0.471 0.937667 0.13 0.124667
2 0.04500000000000004 0.608667 0.09 0.076
2 0.03733299999999995 0.533667 0.074667 0.092667
2 0.036667000000000005 0.464 0.073333 0.070667
0 0.88 0.712 0.077333 0.084
0 0.667333 0.858667 0.076 0.062667
3 0.955 0.697333 0.088667 0.130667
3 0.03300000000000003 0.918667 0.066 0.124
3 0.925667 0.056 0.123333 0.110667
3 0.966 0.540333 0.062667 0.131333
