1 0.888667 0.258 0.138667 0.133333
1 0.911667 0.147667 0.148667 0.15
1 0.79 0.17033299999999996 0.102667 0.124667
1 0.656667 0.101333 0.177333 0.173333
1 0.645667 0.28900000000000003 0.180667 0.238
1 0.785667 0.39033300000000004 0.242 0.238
1 0.896333 0.501333 0.184667 0.198667
1 0.883 0.657667 0.147333 0.132667
1 0.855 0.797333 0.180667 0.157333
2 0.914333 0.904333 0.143333 0.143333
1 0.748333 0.541667 0.106 0.102
1 0.706 0.663 0.196 0.15
2 0.685667 0.829333 0.155333 0.198667
2 0.554667 0.803333 0.137333 0.192
1 0.59 0.535667 0.174667 0.216667
1 0.479333 0.434667 0.157333 0.168
1 0.485 0.26733300000000004 0.151333 0.18
1 0.452333 0.555667 0.103333 0.084667
1 0.43 0.673667 0.230667 0.168667
1 0.407333 0.8180000000000001 0.157333 0.154667
1 0.392 0.942667 0.142667 0.114667
1 0.257333 0.8160000000000001 0.154667 0.236
1 0.315333 0.567 0.165333 0.184667
1 0.324667 0.389667 0.18 0.206
1 0.170333 0.52 0.160667 0.246667
1 0.112667 0.893667 0.214667 0.198
1 0.107333 0.378667 0.209333 0.194667
1 0.120667 0.255 0.166667 0.186
1 0.129 0.12733300000000003 0.188667 0.166667
1 0.312667 0.11233300000000002 0.273333 0.212667
1 0.259333 0.27 0.202667 0.202667
2 0.124333 0.748 0.126 0.141333
0 0.959667 0.31866700000000003 0.079333 0.153333
2 0.801667 0.057667000000000024 0.143333 0.111333
2 0.066667 0.605333 0.133333 0.24
2 0.932 0.08099999999999996 0.134667 0.154
