2 0.873 0.7126669999999999 0.224667 0.170667
2 0.6603330000000001 0.673333 0.172667 0.161333
1 0.937667 0.474333 0.115333 0.15
2 0.790333 0.44499999999999995 0.204667 0.220667
2 0.85 0.580333 0.173333 0.131333
2 0.6970000000000001 0.531333 0.11 0.136
2 0.5640000000000001 0.586333 0.157333 0.174
2 0.478 0.5553330000000001 0.070667 0.072
2 0.465333 0.69 0.16 0.169333
2 0.34299999999999997 0.653667 0.131333 0.142
2 0.23199999999999998 0.853 0.078667 0.092667
2 0.12 0.957333 0.074667 0.076
2 0.37166699999999997 0.886333 0.122 0.143333
2 0.10433300000000001 0.530667 0.179333 0.168
2 0.262 0.533667 0.128 0.151333
2 0.255667 0.28500000000000003 0.148667 0.151333
2 0.14433300000000004 0.276667 0.040667 0.04
2 0.39533300000000005 0.17466700000000002 0.133333 0.113333
2 0.45299999999999996 0.27733300000000005 0.218 0.172
2 0.43899999999999995 0.43633299999999997 0.156667 0.159333
2 0.603 0.433667 0.182 0.151333
2 0.834 0.22666699999999995 0.216 0.188
2 0.941667 0.06966700000000003 0.112667 0.138
2 0.368 0.06433299999999997 0.045333 0.046
2 0.610333 0.798333 0.158 0.127333
2 0.808 0.07199999999999995 0.169333 0.144
0 0.624667 0.879667 0.084 0.066
0 0.503333 0.834 0.076 0.084
0 0.24133300000000002 0.73 0.037333 0.052
0 0.8069999999999999 0.862667 0.038 0.046667
0 0.759333 0.894333 0.06 0.052667
2 0.08599999999999997 0.348333 0.172 0.202
2 0.603 0.11666699999999997 0.264667 0.233333
2 0.909 0.841333 0.180667 0.188
2 0.24966699999999997 0.04533299999999996 0.135333 0.090667
2 0.099333 0.032332999999999945 0.088 0.064667
2 0.05566700000000002 0.14 0.111333 0.189333
2 0.05466700000000002 0.646 0.109333 0.130667
2 0.921 0.936333 0.156667 0.123333
2 0.914 0.32699999999999996 0.170667 0.158
