2 0.929333 0.137333 0.098667 0.124
2 0.8069999999999999 0.149667 0.156667 0.156667
2 0.6763330000000001 0.172667 0.107333 0.105333
2 0.492333 0.080667 0.091333 0.136
2 0.40633300000000006 0.092667 0.091333 0.142667
2 0.34566699999999995 0.099667 0.046 0.104667
2 0.233333 0.120667 0.16 0.137333
2 0.906667 0.266333 0.168 0.154
2 0.713333 0.31 0.174667 0.161333
2 0.579 0.317 0.151333 0.144667
2 0.44299999999999995 0.233667 0.198 0.17
2 0.245 0.261667 0.116667 0.116667
2 0.13333300000000003 0.266333 0.101333 0.104667
2 0.14300000000000002 0.373333 0.120667 0.126667
2 0.24633300000000002 0.368333 0.083333 0.094
2 0.35966699999999996 0.334333 0.154 0.138
2 0.884 0.416333 0.084 0.079333
2 0.714 0.419333 0.096 0.093333
2 0.7873330000000001 0.401 0.057333 0.062
2 0.589 0.435667 0.146 0.107333
3 0.474 0.446333 0.069333 0.072667
2 0.34166700000000005 0.458 0.138 0.129333
3 0.24933300000000003 0.472 0.069333 0.068
2 0.16400000000000003 0.510667 0.096 0.090667
2 0.09466699999999995 0.471333 0.062667 0.077333
2 0.817333 0.501 0.146667 0.118
2 0.694333 0.521333 0.115333 0.110667
2 0.582667 0.548333 0.12 0.123333
3 0.485333 0.565 0.092 0.107333
2 0.36366699999999996 0.564333 0.09 0.075333
2 0.16100000000000003 0.628 0.156667 0.136
2 0.31299999999999994 0.653667 0.178 0.154
2 0.694333 0.615 0.123333 0.098
2 0.818333 0.612333 0.115333 0.11
2 0.924333 0.607333 0.119333 0.110667
2 0.887 0.690667 0.088667 0.072
2 0.789667 0.694667 0.094 0.105333
2 0.626333 0.696333 0.154 0.147333
2 0.509667 0.718333 0.095333 0.116667
2 0.04366700000000001 0.752333 0.072667 0.079333
2 0.14933300000000005 0.831 0.097333 0.103333
2 0.217333 0.766333 0.08 0.079333
2 0.291667 0.808 0.120667 0.129333
2 0.362333 0.833667 0.087333 0.108667
2 0.224333 0.868333 0.086 0.106
2 0.47266699999999995 0.836333 0.164 0.155333
2 0.562333 0.804 0.087333 0.101333
2 0.6493329999999999 0.810667 0.094667 0.106667
2 0.736 0.820333 0.076 0.123333
2 0.828333 0.803667 0.108667 0.112667
2 0.917333 0.803667 0.08 0.09
2 0.875667 0.926667 0.15 0.125333
2 0.659667 0.930333 0.118 0.107333
1 0.45699999999999996 0.938667 0.075333 0.084
2 0.619 0.075 0.158 0.148667
2 0.057667000000000024 0.856 0.115333 0.126667
0 0.09799999999999998 0.045667 0.062667 0.066
3 0.9390000000000001 0.498 0.120667 0.164
2 0.741 0.033667 0.076667 0.066
2 0.056332999999999966 0.534333 0.112667 0.204667
2 0.362 0.936333 0.114667 0.127333
