2 0.938333 0.866 0.116667 0.130667
2 0.804 0.834333 0.106667 0.144667
2 0.694333 0.838333 0.11 0.116667
2 0.573 0.913 0.106 0.123333
2 0.46299999999999997 0.883 0.114 0.122
2 0.122 0.883667 0.165333 0.171333
2 0.261667 0.775333 0.155333 0.157333
2 0.42633299999999996 0.757333 0.174 0.206667
2 0.565333 0.7953330000000001 0.129333 0.130667
2 0.739 0.720333 0.159333 0.152667
2 0.6333329999999999 0.663 0.142667 0.156667
2 0.568667 0.551667 0.053333 0.051333
2 0.661667 0.56 0.083333 0.101333
1 0.49466699999999997 0.626667 0.164 0.18
2 0.440333 0.5303329999999999 0.074 0.075333
2 0.35466699999999995 0.649667 0.1 0.088667
2 0.229333 0.608 0.16 0.166667
2 0.23399999999999999 0.5063329999999999 0.105333 0.088667
2 0.358333 0.534333 0.092667 0.106
3 0.769333 0.5816669999999999 0.129333 0.119333
2 0.889667 0.624333 0.111333 0.119333
2 0.85 0.46766700000000005 0.168 0.160667
2 0.722 0.443333 0.096 0.134667
2 0.752 0.34966699999999995 0.061333 0.060667
3 0.623667 0.33999999999999997 0.071333 0.069333
2 0.600333 0.45099999999999996 0.15 0.15
3 0.40433300000000005 0.417667 0.118 0.106
2 0.289667 0.41333299999999995 0.111333 0.108
2 0.10533300000000001 0.262667 0.2 0.221333
2 0.08333299999999999 0.10933300000000001 0.16 0.144
2 0.24366699999999997 0.14900000000000002 0.152667 0.146
2 0.37833300000000003 0.07899999999999996 0.116667 0.152667
2 0.48066699999999996 0.061000000000000054 0.104 0.116667
2 0.5860000000000001 0.07966700000000004 0.093333 0.112667
2 0.402667 0.301667 0.109333 0.115333
2 0.520667 0.33799999999999997 0.124 0.16
2 0.49266699999999997 0.18899999999999995 0.181333 0.158
2 0.7166669999999999 0.097333 0.142667 0.165333
2 0.834667 0.19599999999999995 0.242667 0.196
2 0.886 0.33766700000000005 0.16 0.120667
2 0.848 0.09566699999999995 0.086667 0.076667
0 0.629667 0.27833300000000005 0.096667 0.092667
0 0.24866699999999997 0.286667 0.108 0.098667
0 0.06833299999999998 0.381 0.068667 0.064667
0 0.933667 0.754333 0.086 0.094
0 0.19199999999999995 0.39633300000000005 0.082667 0.086
2 0.07666700000000004 0.606 0.153333 0.186667
2 0.05900000000000005 0.746333 0.111333 0.131333
2 0.704 0.944 0.158667 0.110667
2 0.852 0.948667 0.141333 0.094667
2 0.24966699999999997 0.06366700000000003 0.166 0.127333
2 0.947 0.509667 0.104667 0.156667
2 0.953 0.10333300000000001 0.092667 0.129333
