2 0.942333 0.112 0.111333 0.204
2 0.817333 0.126 0.172 0.226667
2 0.769333 0.266333 0.112 0.098
2 0.661333 0.135 0.170667 0.247333
2 0.485333 0.122333 0.174667 0.214
2 0.28133300000000006 0.176667 0.2 0.210667
1 0.17266700000000001 0.078 0.1 0.141333
2 0.13066699999999998 0.199667 0.126667 0.148667
2 0.21799999999999997 0.310333 0.109333 0.119333
2 0.12166699999999997 0.371333 0.086 0.089333
2 0.09699999999999998 0.467667 0.11 0.104667
2 0.18466700000000003 0.442 0.081333 0.12
2 0.30633299999999997 0.410667 0.183333 0.201333
2 0.442333 0.407333 0.160667 0.186667
2 0.564333 0.402333 0.088667 0.107333
2 0.701333 0.370667 0.170667 0.196
2 0.836333 0.465 0.115333 0.207333
2 0.7316670000000001 0.523 0.120667 0.148667
2 0.630667 0.538 0.090667 0.105333
2 0.514 0.530333 0.162667 0.156667
2 0.39233300000000004 0.556333 0.091333 0.115333
2 0.27 0.575333 0.192 0.156
2 0.089333 0.599 0.178667 0.166
2 0.22199999999999998 0.715667 0.165333 0.144667
2 0.23733300000000002 0.850333 0.198667 0.206
2 0.402667 0.81 0.145333 0.166667
3 0.512667 0.792667 0.068 0.070667
2 0.52 0.671333 0.225333 0.2
2 0.732667 0.756667 0.208 0.248
2 0.677667 0.882333 0.09 0.080667
2 0.909333 0.736333 0.166667 0.214
2 0.783 0.603 0.084667 0.083333
2 0.8993329999999999 0.322 0.197333 0.176
2 0.06533299999999997 0.231 0.128 0.172667
2 0.566667 0.275 0.053333 0.047333
2 0.896667 0.899 0.205333 0.194
2 0.42833299999999996 0.944333 0.162 0.111333
2 0.09699999999999998 0.799667 0.194 0.25
2 0.927 0.584667 0.144667 0.142667
2 0.31233299999999997 0.051 0.212667 0.100667
2 0.941333 0.46 0.116 0.148
