2 0.147333 0.901 0.136 0.116667
2 0.229333 0.836667 0.094667 0.094667
2 0.349333 0.866667 0.166667 0.16
2 0.353333 0.735333 0.158667 0.133333
2 0.474 0.7026669999999999 0.144 0.165333
2 0.477333 0.852 0.137333 0.141333
2 0.609667 0.838 0.112667 0.108
2 0.686333 0.876333 0.083333 0.102
2 0.606667 0.708 0.134667 0.165333
2 0.702333 0.666667 0.151333 0.152
2 0.788667 0.930667 0.101333 0.090667
2 0.810667 0.855667 0.134667 0.123333
2 0.896333 0.950667 0.108667 0.092
2 0.936667 0.769333 0.1 0.124
2 0.811667 0.7476670000000001 0.142 0.114
2 0.940667 0.642333 0.110667 0.13
2 0.825333 0.621333 0.136 0.136
2 0.942 0.534667 0.102667 0.106667
2 0.845667 0.496333 0.148667 0.119333
3 0.937333 0.431667 0.090667 0.082
3 0.857333 0.391 0.116 0.106
3 0.938667 0.326333 0.062667 0.062
2 0.958 0.21266700000000005 0.062667 0.070667
2 0.876 0.20899999999999996 0.121333 0.136667
2 0.131667 0.772667 0.162 0.130667
2 0.049667 0.72 0.092667 0.092
2 0.063 0.626333 0.086 0.095333
2 0.167 0.626333 0.196667 0.202
2 0.075 0.5063329999999999 0.115333 0.119333
2 0.083667 0.389 0.086 0.076667
2 0.300333 0.5986670000000001 0.163333 0.190667
2 0.318667 0.48466699999999996 0.064 0.068
2 0.403667 0.554333 0.054 0.046
2 0.415667 0.464333 0.139333 0.144667
2 0.517 0.5063329999999999 0.072667 0.080667
2 0.636667 0.548667 0.169333 0.124
2 0.615667 0.43333299999999997 0.139333 0.109333
2 0.734333 0.44999999999999996 0.107333 0.145333
2 0.731667 0.355 0.09 0.080667
3 0.638 0.34299999999999997 0.097333 0.071333
2 0.548333 0.311667 0.09 0.106
2 0.754667 0.27333300000000005 0.110667 0.098667
2 0.769 0.166667 0.079333 0.098667
2 0.676 0.20066700000000004 0.109333 0.182667
2 0.687333 0.042332999999999954 0.073333 0.072667
2 0.562667 0.19366700000000003 0.130667 0.136667
2 0.499667 0.07266700000000004 0.154 0.145333
2 0.371667 0.22999999999999998 0.151333 0.202667
3 0.468333 0.24666699999999997 0.086 0.097333
2 0.231667 0.160667 0.135333 0.136
2 0.129667 0.05700000000000005 0.111333 0.095333
2 0.112 0.17700000000000005 0.106667 0.124667
2 0.220333 0.265667 0.120667 0.116667
2 0.209 0.37833300000000003 0.114 0.114
2 0.565667 0.928333 0.263333 0.142
3 0.048333 0.834333 0.095333 0.115333
3 0.270333 0.04066700000000001 0.095333 0.081333
0 0.263667 0.47966699999999995 0.055333 0.067333
0 0.842333 0.121 0.071333 0.080667
