2 0.126333 0.152333 0.204667 0.248667
2 0.252 0.262333 0.130667 0.123333
1 0.303333 0.132333 0.158667 0.222
2 0.429 0.132333 0.143333 0.188667
2 0.543333 0.122667 0.096 0.086667
2 0.388333 0.275667 0.119333 0.114
2 0.754333 0.309333 0.074 0.070667
2 0.77 0.176667 0.166667 0.158667
2 0.831333 0.059333 0.125333 0.098667
2 0.910333 0.186 0.127333 0.170667
2 0.898667 0.428333 0.162667 0.158
2 0.768333 0.441333 0.118 0.114667
2 0.608333 0.297 0.043333 0.043333
2 0.676667 0.435333 0.068 0.094667
2 0.570667 0.418 0.14 0.162667
2 0.407667 0.409 0.196667 0.183333
2 0.308333 0.380333 0.095333 0.107333
3 0.457667 0.524 0.063333 0.069333
2 0.334667 0.513667 0.109333 0.104667
2 0.234667 0.506 0.076 0.08
2 0.118667 0.494333 0.174667 0.19
2 0.114333 0.359333 0.114 0.104
2 0.818 0.575333 0.170667 0.161333
2 0.804333 0.74 0.21 0.224
2 0.625667 0.707333 0.172667 0.213333
2 0.703 0.881 0.143333 0.136667
2 0.571667 0.839333 0.108667 0.113333
2 0.545 0.933 0.122 0.126
2 0.425 0.815667 0.146 0.152667
2 0.338333 0.872667 0.05 0.041333
2 0.500333 0.688667 0.051333 0.062667
2 0.373 0.664333 0.178 0.172667
2 0.268667 0.748333 0.128 0.184667
3 0.214 0.860667 0.070667 0.065333
2 0.168 0.737 0.104 0.143333
2 0.059667 0.726 0.112667 0.129333
2 0.063333 0.842667 0.092 0.088
2 0.602667 0.553333 0.034667 0.036
0 0.694667 0.548667 0.081333 0.113333
0 0.647667 0.558667 0.026 0.038667
2 0.922667 0.868667 0.153333 0.262667
2 0.833 0.925333 0.183333 0.149333
2 0.941333 0.606333 0.117333 0.194
2 0.942333 0.059 0.111333 0.116667
2 0.948333 0.357333 0.103333 0.173333
