2 0.862 0.085333 0.158667 0.122667
2 0.835 0.223 0.218 0.155333
2 0.856333 0.428333 0.286 0.275333
2 0.913333 0.644667 0.148 0.141333
2 0.800333 0.664333 0.056667 0.052667
2 0.776 0.803 0.117333 0.118
2 0.764333 0.937 0.107333 0.086
3 0.677333 0.693 0.1 0.084667
2 0.705667 0.587667 0.172667 0.154
2 0.6453329999999999 0.418 0.169333 0.221333
1 0.702333 0.170333 0.163333 0.211333
2 0.5780000000000001 0.063 0.157333 0.122
1 0.5453330000000001 0.2 0.177333 0.201333
2 0.412667 0.152333 0.126667 0.116667
2 0.31366700000000003 0.177333 0.191333 0.197333
2 0.24966699999999997 0.299333 0.214 0.18
2 0.19366700000000003 0.146 0.082 0.109333
2 0.41333299999999995 0.393333 0.172 0.201333
2 0.5123329999999999 0.415333 0.147333 0.204
1 0.5676669999999999 0.58 0.122 0.110667
2 0.56 0.687 0.137333 0.119333
2 0.544 0.764333 0.064 0.052667
2 0.450333 0.559 0.151333 0.147333
1 0.42733299999999996 0.694 0.133333 0.166667
2 0.546 0.863 0.157333 0.122
2 0.33566700000000005 0.543667 0.091333 0.094
1 0.225333 0.473667 0.204 0.187333
2 0.10266699999999995 0.505667 0.138667 0.19
2 0.27533300000000005 0.633333 0.173333 0.142667
2 0.30300000000000005 0.759667 0.184667 0.123333
1 0.28433299999999995 0.886667 0.227333 0.158667
2 0.674667 0.295 0.074667 0.056667
0 0.701333 0.822667 0.058667 0.044
2 0.36266699999999996 0.057333 0.242667 0.113333
2 0.08999999999999997 0.139 0.18 0.227333
2 0.10399999999999998 0.805333 0.208 0.309333
2 0.528 0.952667 0.196 0.094667
3 0.881333 0.959333 0.154667 0.081333
