3 0.085333 0.8376669999999999 0.097333 0.09
2 0.229333 0.742 0.072 0.066667
2 0.133667 0.622333 0.075333 0.076667
3 0.254 0.5533330000000001 0.062667 0.064
3 0.125667 0.41633299999999995 0.119333 0.115333
2 0.125333 0.27433300000000005 0.169333 0.158
2 0.265 0.398667 0.102 0.098667
2 0.369333 0.458333 0.165333 0.220667
2 0.523 0.475 0.151333 0.195333
3 0.512 0.609 0.062667 0.063333
2 0.465 0.861667 0.11 0.116667
2 0.658667 0.418667 0.130667 0.144
2 0.745 0.5473330000000001 0.155333 0.126667
2 0.743667 0.699333 0.211333 0.174667
2 0.698667 0.838 0.166667 0.102667
2 0.694 0.934667 0.101333 0.085333
2 0.896667 0.65 0.129333 0.196
0 0.529667 0.14400000000000002 0.112667 0.117333
0 0.376 0.297667 0.157333 0.126
0 0.136 0.146667 0.076 0.065333
0 0.21 0.21666700000000005 0.081333 0.089333
0 0.282333 0.23866699999999996 0.095333 0.096
0 0.742667 0.032332999999999945 0.090667 0.062
0 0.689333 0.30633299999999997 0.113333 0.080667
0 0.728 0.24866699999999997 0.112 0.072
0 0.9 0.32866700000000004 0.2 0.224
0 0.942333 0.10999999999999999 0.115333 0.206667
0 0.139 0.06566700000000003 0.118 0.131333
0 0.469333 0.728333 0.070667 0.066
2 0.927333 0.926667 0.145333 0.14
2 0.938333 0.803333 0.123333 0.114667
3 0.035667 0.42633299999999996 0.07 0.126
