2 0.5700000000000001 0.904667 0.065333 0.066667
2 0.44399999999999995 0.950667 0.061333 0.056
2 0.32866700000000004 0.818 0.077333 0.076
2 0.22466699999999995 0.819333 0.113333 0.096
2 0.226333 0.714667 0.116667 0.097333
2 0.100333 0.546333 0.11 0.088667
2 0.11233300000000002 0.644333 0.083333 0.082
3 0.10666699999999996 0.784667 0.110667 0.121333
3 0.07599999999999996 0.922333 0.144 0.146
2 0.22566699999999995 0.937 0.156667 0.124667
2 0.44799999999999995 0.84 0.04 0.042667
0 0.693667 0.478667 0.096667 0.097333
0 0.634667 0.519667 0.038667 0.034
0 0.6186670000000001 0.556333 0.037333 0.032667
0 0.540667 0.545 0.1 0.092667
0 0.613 0.451667 0.104667 0.098
0 0.751 0.651 0.042 0.051333
0 0.48 0.591333 0.066667 0.04
0 0.48266699999999996 0.642 0.090667 0.070667
0 0.535667 0.705333 0.131333 0.133333
0 0.611 0.186 0.351333 0.282667
0 0.48966699999999996 0.473667 0.052667 0.075333
0 0.42800000000000005 0.384667 0.072 0.101333
0 0.27 0.601 0.154667 0.163333
0 0.538333 0.829 0.047333 0.046
0 0.6970000000000001 0.765333 0.044667 0.04
0 0.34466699999999995 0.296 0.025333 0.025333
0 0.948667 0.780667 0.045333 0.050667
0 0.38433300000000004 0.271667 0.064667 0.076667
0 0.797667 0.880333 0.054 0.059333
0 0.767 0.932333 0.042 0.047333
0 0.601667 0.370333 0.132667 0.059333
0 0.513 0.341333 0.119333 0.078667
