2 0.850333 0.219 0.107333 0.114
2 0.945333 0.297 0.108 0.112667
2 0.936333 0.437333 0.126 0.14
2 0.850333 0.382667 0.131333 0.156
2 0.7376670000000001 0.349333 0.146 0.133333
2 0.730333 0.237 0.142 0.108667
2 0.733 0.146667 0.114 0.102667
2 0.5413330000000001 0.139 0.138667 0.176667
2 0.40433300000000005 0.198667 0.156667 0.132
2 0.415667 0.308333 0.082 0.092667
2 0.215333 0.052333 0.134667 0.088667
2 0.17800000000000005 0.187 0.24 0.211333
2 0.285667 0.304333 0.147333 0.112667
2 0.302667 0.404 0.133333 0.098667
2 0.17933299999999996 0.419667 0.113333 0.086
3 0.26833300000000004 0.516667 0.112667 0.118667
2 0.13366699999999998 0.566667 0.162 0.165333
3 0.140667 0.682667 0.062667 0.049333
2 0.088333 0.802 0.142 0.192
2 0.18000000000000005 0.929 0.138667 0.11
2 0.244 0.677667 0.077333 0.112667
2 0.22066699999999995 0.797667 0.130667 0.147333
2 0.31799999999999995 0.923333 0.152 0.153333
2 0.332333 0.788333 0.115333 0.108667
2 0.36766699999999997 0.675 0.155333 0.120667
2 0.39 0.543667 0.144 0.139333
2 0.482333 0.439 0.154 0.187333
2 0.6126670000000001 0.426333 0.126667 0.179333
2 0.577333 0.569 0.22 0.116667
2 0.550333 0.682 0.187333 0.109333
2 0.461333 0.830667 0.129333 0.16
2 0.568333 0.796333 0.107333 0.114
3 0.675333 0.825 0.081333 0.062
2 0.6910000000000001 0.752 0.086 0.077333
2 0.805333 0.917333 0.130667 0.130667
2 0.933667 0.856 0.131333 0.1
2 0.926667 0.711667 0.142667 0.158
2 0.849 0.532333 0.095333 0.083333
2 0.757333 0.475 0.14 0.131333
2 0.832333 0.636667 0.126 0.138667
2 0.726 0.644667 0.146667 0.14
2 0.794667 0.768333 0.126667 0.112667
2 0.588667 0.242 0.053333 0.050667
0 0.10199999999999998 0.322333 0.066667 0.051333
2 0.744 0.054667 0.146667 0.108
2 0.925333 0.090333 0.137333 0.155333
2 0.683667 0.933 0.143333 0.127333
2 0.560333 0.935 0.139333 0.123333
2 0.41633299999999995 0.066333 0.174 0.127333
