2 0.07 0.245667 0.136 0.174
2 0.203667 0.256667 0.152667 0.170667
2 0.298 0.150333 0.161333 0.17
2 0.432 0.174 0.06 0.064
2 0.774667 0.083333 0.138667 0.134667
2 0.929667 0.096 0.140667 0.161333
2 0.768 0.200333 0.173333 0.191333
2 0.637 0.181667 0.114 0.156667
2 0.534 0.19 0.1 0.112
2 0.425 0.280333 0.151333 0.156667
2 0.552 0.305333 0.1 0.129333
2 0.658667 0.341667 0.14 0.160667
2 0.789 0.359333 0.120667 0.132
2 0.904333 0.381 0.115333 0.119333
2 0.909 0.534333 0.163333 0.174
2 0.741 0.509333 0.188667 0.14
2 0.592333 0.455333 0.060667 0.065333
2 0.484 0.461 0.138667 0.148667
2 0.324333 0.429 0.172667 0.176667
2 0.379 0.572667 0.15 0.142667
2 0.173667 0.412 0.140667 0.137333
3 0.069 0.385333 0.076667 0.088
2 0.052667 0.530333 0.104 0.151333
2 0.213 0.571667 0.186 0.187333
2 0.096667 0.696 0.177333 0.138667
2 0.082667 0.825333 0.153333 0.125333
2 0.222333 0.711333 0.079333 0.092
2 0.357667 0.733 0.226 0.180667
2 0.273667 0.843333 0.146 0.138667
2 0.199333 0.929333 0.128 0.133333
3 0.413 0.866333 0.122 0.123333
3 0.489667 0.819333 0.088667 0.096
2 0.519 0.935667 0.088667 0.115333
2 0.684 0.863667 0.156 0.138
2 0.738667 0.769 0.137333 0.176667
2 0.829 0.824333 0.124667 0.21
2 0.898667 0.786 0.070667 0.129333
2 0.940667 0.892333 0.118667 0.164667
3 0.156 0.140333 0.076 0.07
0 0.541667 0.577667 0.07 0.060667
0 0.805667 0.635333 0.048667 0.050667
0 0.599667 0.606 0.055333 0.068
0 0.761333 0.639333 0.048 0.053333
0 0.791333 0.682667 0.049333 0.042667
2 0.167 0.064 0.224667 0.126667
2 0.374 0.946333 0.157333 0.107333
2 0.622667 0.936333 0.129333 0.123333
2 0.523667 0.067 0.178 0.132667
