3 0.33599999999999997 0.878333 0.133333 0.155333
2 0.23633300000000002 0.729667 0.156667 0.144667
2 0.127 0.835 0.118 0.087333
3 0.11266699999999996 0.942 0.124 0.101333
2 0.126 0.741667 0.097333 0.115333
3 0.16433299999999995 0.632 0.056667 0.042667
3 0.16433299999999995 0.533667 0.09 0.082
3 0.161667 0.423667 0.115333 0.115333
3 0.274 0.344 0.104 0.105333
3 0.363 0.388333 0.079333 0.083333
3 0.34666699999999995 0.583333 0.102667 0.098667
3 0.44599999999999995 0.796333 0.101333 0.088667
3 0.44966700000000004 0.700667 0.080667 0.105333
2 0.5393330000000001 0.714667 0.096 0.108
2 0.541667 0.614333 0.082 0.080667
3 0.5573330000000001 0.530667 0.068 0.062667
3 0.45166700000000004 0.573667 0.087333 0.071333
3 0.45466700000000004 0.482 0.106667 0.109333
2 0.45566700000000004 0.374333 0.087333 0.075333
2 0.255667 0.194667 0.11 0.14
3 0.160667 0.141667 0.105333 0.123333
3 0.27133300000000005 0.078 0.101333 0.098667
3 0.37733300000000003 0.062667 0.092 0.093333
2 0.372 0.176333 0.097333 0.118
2 0.47266699999999995 0.257667 0.162667 0.158
2 0.487333 0.13 0.130667 0.089333
3 0.6759999999999999 0.198667 0.089333 0.096
3 0.781 0.115333 0.123333 0.121333
3 0.872667 0.175667 0.101333 0.114
2 0.853 0.053333 0.179333 0.105333
2 0.796667 0.316 0.2 0.153333
2 0.867 0.466667 0.148667 0.121333
2 0.758333 0.576667 0.148667 0.129333
2 0.7336670000000001 0.687667 0.095333 0.092667
2 0.7146669999999999 0.840333 0.094667 0.095333
3 0.642667 0.699333 0.108 0.133333
3 0.661333 0.399333 0.078667 0.1
3 0.657667 0.497333 0.052667 0.054667
2 0.5573330000000001 0.423 0.126667 0.139333
3 0.7456670000000001 0.429333 0.078 0.073333
3 0.36366699999999996 0.293667 0.064667 0.076667
0 0.507 0.911 0.079333 0.099333
0 0.749667 0.959333 0.094 0.081333
0 0.614 0.958667 0.074667 0.08
0 0.5966670000000001 0.876 0.085333 0.090667
0 0.16633299999999995 0.329667 0.068667 0.058
0 0.06899999999999995 0.227 0.080667 0.072667
0 0.09399999999999997 0.291 0.06 0.064667
0 0.886333 0.835667 0.066 0.072667
0 0.853 0.870333 0.043333 0.038
0 0.832 0.779333 0.06 0.088
3 0.18500000000000005 0.043 0.099333 0.084667
3 0.47566699999999995 0.046 0.115333 0.090667
3 0.05366700000000002 0.557333 0.107333 0.096
