2 0.070667 0.169 0.14 0.154
2 0.220333 0.192 0.080667 0.074667
2 0.150667 0.286 0.094667 0.093333
2 0.275 0.295333 0.140667 0.170667
2 0.185333 0.401 0.1 0.092667
2 0.396 0.293 0.098667 0.148667
2 0.496667 0.199 0.164 0.122
2 0.490333 0.313333 0.143333 0.134667
2 0.655 0.215667 0.180667 0.214
3 0.791333 0.239667 0.104 0.120667
2 0.794333 0.095 0.182 0.158
2 0.578 0.432333 0.168 0.206
2 0.421333 0.443667 0.169333 0.155333
2 0.123 0.545667 0.114 0.126
2 0.253333 0.547 0.166667 0.259333
2 0.389 0.574 0.151333 0.138667
2 0.152667 0.678667 0.165333 0.134667
2 0.040333 0.636 0.076667 0.093333
2 0.362667 0.897 0.170667 0.195333
2 0.341667 0.686667 0.120667 0.094667
3 0.457667 0.683667 0.060667 0.058
2 0.597 0.849 0.154 0.152667
2 0.855667 0.873 0.082 0.082
2 0.748667 0.737 0.190667 0.179333
2 0.710333 0.575667 0.194 0.183333
2 0.864 0.604 0.154667 0.16
2 0.917667 0.753333 0.147333 0.169333
2 0.787 0.444 0.178 0.157333
2 0.930667 0.463 0.134667 0.172667
2 0.944 0.110333 0.112 0.178
0 0.736667 0.355667 0.108 0.091333
0 0.823333 0.343333 0.085333 0.066667
0 0.6 0.689 0.150667 0.104667
0 0.711 0.849667 0.087333 0.086
0 0.53 0.934667 0.08 0.074667
2 0.169333 0.882333 0.216 0.235333
2 0.042667 0.278667 0.084 0.117333
2 0.638667 0.935333 0.190667 0.129333
3 0.767 0.935333 0.136667 0.129333
2 0.954333 0.902333 0.091333 0.131333
2 0.934333 0.339 0.131333 0.148667
3 0.071 0.049667 0.140667 0.09
