2 0.059667 0.158 0.11 0.173333
2 0.170333 0.162333 0.122 0.182
2 0.094667 0.282333 0.126667 0.103333
2 0.295333 0.189333 0.128 0.141333
2 0.360333 0.068667 0.152667 0.128
2 0.229667 0.058667 0.111333 0.110667
2 0.496333 0.074 0.15 0.108
2 0.4 0.191333 0.088 0.106667
2 0.512 0.194667 0.133333 0.172
2 0.645333 0.098333 0.130667 0.115333
2 0.755333 0.104 0.101333 0.126667
2 0.875 0.125333 0.138 0.194667
2 0.922333 0.264 0.112667 0.097333
2 0.743 0.211667 0.107333 0.108667
2 0.621333 0.229 0.130667 0.174
2 0.220667 0.310333 0.134667 0.111333
2 0.418667 0.311 0.138667 0.115333
2 0.534333 0.350333 0.114 0.124667
2 0.85 0.342 0.081333 0.128
2 0.707 0.355333 0.207333 0.188
2 0.782 0.460667 0.178667 0.132
1 0.747333 0.568333 0.178667 0.147333
1 0.929667 0.563 0.140667 0.134
2 0.827 0.82 0.119333 0.166667
2 0.692333 0.799667 0.142 0.154
2 0.712333 0.931667 0.146 0.128667
2 0.847333 0.924 0.104 0.097333
2 0.582667 0.901 0.110667 0.115333
2 0.465 0.903 0.115333 0.124667
1 0.559667 0.786667 0.162 0.130667
1 0.591667 0.671333 0.148667 0.158667
2 0.617333 0.548333 0.12 0.123333
2 0.507 0.561667 0.112667 0.15
1 0.451333 0.662333 0.137333 0.154
2 0.437333 0.782333 0.129333 0.111333
1 0.327667 0.651667 0.156667 0.219333
2 0.556 0.456 0.102667 0.105333
2 0.428333 0.461333 0.183333 0.197333
2 0.269 0.444667 0.15 0.208
2 0.098 0.406667 0.177333 0.148
2 0.102667 0.533667 0.193333 0.124667
2 0.114667 0.642667 0.166667 0.104
2 0.061333 0.789 0.101333 0.114
2 0.225667 0.758667 0.247333 0.194667
2 0.173 0.901 0.114 0.11
2 0.263667 0.889 0.084667 0.114
2 0.345 0.858 0.111333 0.124
2 0.943333 0.840667 0.113333 0.205333
0 0.786667 0.685333 0.197333 0.169333
2 0.940667 0.697 0.118667 0.166
2 0.945667 0.370667 0.092667 0.172
