2 0.141 0.127667 0.214 0.251333
2 0.336 0.121 0.196 0.214
2 0.498 0.165667 0.074667 0.083333
2 0.616 0.171 0.172 0.214
2 0.746333 0.184 0.122 0.197333
2 0.839 0.11 0.079333 0.092
2 0.846667 0.333 0.164 0.182
2 0.928667 0.365667 0.069333 0.083333
2 0.541667 0.297667 0.126 0.114
2 0.393667 0.350333 0.078 0.072667
2 0.448 0.409333 0.169333 0.170667
2 0.596 0.424 0.126667 0.169333
2 0.704667 0.445 0.1 0.142
2 0.801333 0.458 0.106667 0.124
2 0.739667 0.568333 0.127333 0.122
2 0.840333 0.588 0.095333 0.133333
2 0.934667 0.567 0.109333 0.160667
2 0.939667 0.723333 0.116667 0.154667
2 0.798 0.712333 0.166667 0.19
2 0.908333 0.870333 0.154 0.154
2 0.757 0.841333 0.143333 0.148
2 0.650667 0.798333 0.069333 0.082
2 0.617333 0.919667 0.12 0.147333
2 0.531333 0.800667 0.156 0.164
2 0.595333 0.667 0.130667 0.152667
2 0.517333 0.547667 0.161333 0.152667
2 0.437667 0.662667 0.148667 0.166667
2 0.341 0.635667 0.044667 0.059333
2 0.068 0.656 0.101333 0.105333
2 0.373667 0.795 0.148667 0.188667
2 0.477667 0.924667 0.123333 0.137333
2 0.341 0.932333 0.139333 0.124667
2 0.208333 0.789333 0.195333 0.172
2 0.208333 0.630333 0.174 0.171333
2 0.127 0.502 0.144667 0.133333
2 0.275333 0.489 0.165333 0.214
2 0.116 0.379 0.108 0.120667
2 0.086 0.837333 0.106667 0.124
2 0.206333 0.911667 0.144667 0.119333
0 0.44 0.264 0.073333 0.096
0 0.650333 0.546 0.062 0.058667
3 0.569333 0.057 0.141333 0.112667
2 0.797667 0.943333 0.242 0.113333
2 0.943333 0.108667 0.113333 0.130667
