2 0.929667 0.523667 0.087333 0.104667
3 0.925333 0.641667 0.088 0.102
2 0.883 0.893667 0.106 0.094
2 0.803667 0.822667 0.114 0.064
3 0.826667 0.73 0.126667 0.110667
2 0.825 0.625 0.118 0.095333
2 0.825333 0.525 0.126667 0.11
3 0.679 0.568667 0.155333 0.141333
3 0.685 0.7 0.146 0.142667
2 0.687667 0.891 0.156667 0.15
2 0.5453330000000001 0.861333 0.110667 0.070667
2 0.5163329999999999 0.946 0.111333 0.101333
2 0.565 0.755 0.139333 0.139333
2 0.44699999999999995 0.629 0.116667 0.112667
2 0.42800000000000005 0.742333 0.16 0.13
2 0.43533299999999997 0.836333 0.098667 0.076667
2 0.42500000000000004 0.919333 0.082 0.090667
2 0.33499999999999996 0.908333 0.115333 0.11
2 0.33699999999999997 0.793333 0.094 0.132
3 0.33699999999999997 0.663333 0.088667 0.089333
3 0.24333300000000002 0.625667 0.134667 0.088667
2 0.225333 0.723 0.14 0.103333
2 0.22099999999999997 0.836 0.146 0.132
2 0.09199999999999997 0.832667 0.137333 0.122667
3 0.11233300000000002 0.940333 0.078 0.079333
2 0.08299999999999996 0.712333 0.152667 0.120667
3 0.11633300000000002 0.583333 0.119333 0.14
2 0.220333 0.511 0.158 0.143333
3 0.13433300000000004 0.418 0.132667 0.098667
3 0.13233300000000003 0.3 0.11 0.098667
3 0.329333 0.485667 0.126667 0.114
2 0.5349999999999999 0.527667 0.131333 0.115333
3 0.565 0.411 0.127333 0.123333
3 0.45199999999999996 0.401333 0.12 0.165333
2 0.5489999999999999 0.314 0.062 0.06
2 0.5613330000000001 0.198667 0.062667 0.068
3 0.487333 0.123333 0.1 0.101333
3 0.48366699999999996 0.229 0.062 0.054
3 0.369333 0.262667 0.082667 0.070667
3 0.23199999999999998 0.214667 0.090667 0.085333
3 0.35166699999999995 0.369333 0.140667 0.142667
3 0.24766699999999997 0.345667 0.048667 0.046
3 0.44799999999999995 0.528667 0.064 0.06
2 0.378 0.180333 0.074667 0.064667
2 0.19399999999999995 0.952333 0.129333 0.095333
