3 0.07899999999999996 0.783667 0.087333 0.09
2 0.06566700000000003 0.891 0.114 0.119333
2 0.170667 0.8029999999999999 0.109333 0.107333
2 0.168667 0.904667 0.089333 0.106667
2 0.26333300000000004 0.919 0.102667 0.116667
2 0.26933300000000004 0.811667 0.104 0.115333
2 0.36166699999999996 0.906667 0.094 0.136
3 0.349 0.815667 0.052667 0.062
2 0.46066700000000005 0.906 0.1 0.129333
2 0.540333 0.914667 0.079333 0.130667
2 0.5736669999999999 0.828667 0.104667 0.156
2 0.628 0.934333 0.096 0.122
2 0.678667 0.8566670000000001 0.1 0.110667
3 0.445333 0.810667 0.056 0.077333
2 0.961667 0.859667 0.075333 0.122
0 0.762333 0.736667 0.074 0.074667
0 0.743 0.48866699999999996 0.075333 0.057333
0 0.7030000000000001 0.554333 0.067333 0.055333
0 0.713667 0.6643330000000001 0.095333 0.091333
0 0.41600000000000004 0.741333 0.048 0.042667
0 0.73 0.29000000000000004 0.073333 0.082667
0 0.446333 0.6393329999999999 0.108667 0.124
0 0.598 0.611333 0.077333 0.061333
0 0.617 0.5493330000000001 0.083333 0.070667
0 0.813 0.5656669999999999 0.087333 0.094
0 0.558667 0.6719999999999999 0.074667 0.089333
0 0.521 0.712333 0.071333 0.078
0 0.14433300000000004 0.45966700000000005 0.100667 0.096667
0 0.513333 0.5223329999999999 0.082667 0.078
0 0.508667 0.45566700000000004 0.064 0.062
0 0.31899999999999995 0.526667 0.05 0.045333
0 0.433667 0.42500000000000004 0.13 0.112667
0 0.23766699999999996 0.283667 0.091333 0.096667
0 0.18366700000000002 0.207333 0.118 0.110667
0 0.18666700000000003 0.143667 0.046667 0.051333
0 0.582667 0.08033299999999999 0.072 0.083333
0 0.503667 0.05366700000000002 0.051333 0.058
0 0.451333 0.04400000000000004 0.058667 0.082667
0 0.525 0.11933300000000002 0.071333 0.06
0 0.329333 0.6890000000000001 0.042667 0.055333
0 0.942333 0.538333 0.114 0.124667
0 0.940667 0.376 0.081333 0.085333
0 0.955333 0.44566700000000004 0.070667 0.075333
0 0.8316669999999999 0.385 0.171333 0.182
0 0.34266700000000005 0.08399999999999996 0.116 0.130667
0 0.24866699999999997 0.14500000000000002 0.076 0.09
0 0.858 0.13033300000000003 0.062667 0.091333
0 0.29500000000000004 0.48 0.035333 0.037333
0 0.17900000000000005 0.33866700000000005 0.074 0.090667
0 0.538 0.232333 0.062667 0.094
0 0.620333 0.18233299999999997 0.05 0.052667
0 0.452333 0.19966700000000004 0.048667 0.051333
0 0.414667 0.152667 0.070667 0.076
0 0.30500000000000005 0.626 0.059333 0.048
0 0.31200000000000006 0.436667 0.038667 0.04
0 0.24133300000000002 0.45766700000000005 0.077333 0.076667
0 0.093333 0.558333 0.096 0.076667
0 0.15433300000000005 0.629667 0.052667 0.055333
0 0.24733300000000003 0.734667 0.037333 0.033333
0 0.10266699999999995 0.656 0.070667 0.052
0 0.12466699999999997 0.6926669999999999 0.028 0.024
0 0.586333 0.476333 0.051333 0.056667
0 0.563333 0.44466700000000003 0.037333 0.04
0 0.15933299999999995 0.728 0.054667 0.050667
0 0.424667 0.5123329999999999 0.04 0.042
0 0.031667 0.14900000000000002 0.063333 0.062
0 0.5263329999999999 0.39033300000000004 0.040667 0.047333
0 0.24333300000000002 0.705333 0.030667 0.025333
0 0.5303329999999999 0.595667 0.039333 0.039333
0 0.6206670000000001 0.484333 0.029333 0.03
0 0.478333 0.764 0.047333 0.04
0 0.359 0.758333 0.032667 0.028667
2 0.767333 0.938 0.145333 0.122667
2 0.9103330000000001 0.935667 0.178 0.123333
