2 0.102 0.124667 0.092 0.112
3 0.33 0.208 0.074667 0.096
2 0.474333 0.212333 0.147333 0.140667
2 0.547 0.103333 0.182 0.174667
2 0.739667 0.105333 0.196667 0.201333
2 0.875667 0.102667 0.111333 0.165333
2 0.077333 0.321 0.072 0.078
2 0.162 0.485667 0.069333 0.079333
2 0.257667 0.489333 0.122 0.12
3 0.378 0.528667 0.101333 0.096
2 0.313 0.612667 0.111333 0.105333
2 0.200667 0.718 0.128 0.129333
2 0.239667 0.848 0.155333 0.132
3 0.227 0.951 0.152667 0.098
3 0.339667 0.852667 0.044667 0.062667
2 0.445 0.881667 0.152667 0.138
2 0.419 0.743 0.155333 0.154
2 0.464667 0.661333 0.072 0.092
2 0.534667 0.754 0.076 0.093333
2 0.561 0.654667 0.079333 0.074667
2 0.513 0.550333 0.132667 0.15
2 0.643333 0.547 0.130667 0.176667
2 0.745667 0.536667 0.112667 0.172
2 0.860333 0.557333 0.147333 0.138667
2 0.857 0.683 0.120667 0.131333
2 0.727333 0.667 0.172 0.172667
2 0.807 0.798333 0.087333 0.087333
2 0.690333 0.788 0.143333 0.144
2 0.603667 0.874 0.152667 0.18
2 0.770667 0.404667 0.106667 0.092
2 0.900667 0.427333 0.153333 0.137333
2 0.886 0.292667 0.132 0.124
2 0.759667 0.281667 0.120667 0.131333
2 0.623333 0.281667 0.132 0.151333
2 0.428 0.343667 0.132 0.152667
2 0.293667 0.351667 0.158 0.224667
2 0.126667 0.838333 0.053333 0.075333
0 0.942333 0.963667 0.056667 0.052667
2 0.077 0.697667 0.152667 0.164667
2 0.080333 0.559333 0.155333 0.161333
0 0.164333 0.341333 0.087333 0.088
2 0.062 0.455 0.122667 0.183333
3 0.955333 0.358667 0.089333 0.102667
3 0.052667 0.845667 0.104 0.143333
