2 0.845667 0.911333 0.186 0.165333
1 0.699667 0.929 0.13 0.115333
2 0.819 0.772 0.17 0.14
1 0.685667 0.772 0.116667 0.126667
1 0.776667 0.641667 0.137333 0.162
1 0.569 0.808333 0.294 0.318
2 0.31499999999999995 0.834667 0.211333 0.212
2 0.17466700000000002 0.775667 0.089333 0.096667
2 0.299667 0.685667 0.163333 0.119333
1 0.11766699999999997 0.640667 0.194 0.185333
1 0.12533300000000003 0.498667 0.201333 0.132
1 0.093333 0.359333 0.14 0.133333
1 0.24033300000000002 0.310333 0.246 0.224667
2 0.32299999999999995 0.102667 0.178 0.190667
2 0.20566700000000004 0.100667 0.076667 0.102667
2 0.08166700000000005 0.1 0.163333 0.198667
2 0.5469999999999999 0.104333 0.286 0.206
1 0.488333 0.252 0.224667 0.158667
1 0.372 0.415333 0.202667 0.188
2 0.40133300000000005 0.571 0.133333 0.151333
2 0.548667 0.654333 0.096 0.082
1 0.5413330000000001 0.514 0.136 0.162667
1 0.667 0.568667 0.179333 0.241333
1 0.912667 0.595667 0.170667 0.187333
1 0.884 0.351333 0.166667 0.185333
1 0.7216670000000001 0.392333 0.208667 0.23
1 0.836333 0.234 0.120667 0.117333
1 0.7236670000000001 0.198667 0.184667 0.193333
1 0.809333 0.099 0.130667 0.114
1 0.274667 0.548667 0.138667 0.162667
1 0.537667 0.366333 0.140667 0.151333
0 0.10999999999999999 0.247333 0.092 0.081333
2 0.927 0.086 0.144667 0.170667
