2 0.902 0.285333 0.125333 0.102667
2 0.496333 0.599 0.088667 0.078
2 0.483333 0.820667 0.126667 0.104
2 0.484667 0.711667 0.176 0.144667
2 0.132667 0.608667 0.158667 0.146667
2 0.279333 0.620667 0.137333 0.157333
2 0.366 0.654333 0.089333 0.114
2 0.362667 0.755333 0.093333 0.096
2 0.282667 0.754 0.089333 0.106667
2 0.190333 0.729333 0.104667 0.130667
2 0.116 0.702667 0.066667 0.062667
2 0.099333 0.798333 0.117333 0.120667
2 0.197 0.818667 0.082 0.069333
2 0.108333 0.878667 0.074 0.06
3 0.095333 0.94 0.061333 0.057333
2 0.191 0.884333 0.091333 0.084667
2 0.279667 0.875667 0.080667 0.086
3 0.362333 0.866333 0.076667 0.082
2 0.929667 0.422333 0.060667 0.056667
2 0.264 0.957667 0.156 0.084667
2 0.034667 0.859 0.066667 0.082
0 0.223667 0.429667 0.136667 0.176667
0 0.073 0.196 0.095333 0.082667
0 0.126667 0.122333 0.145333 0.124667
0 0.255667 0.134667 0.126 0.154667
0 0.190333 0.192667 0.107333 0.089333
0 0.148333 0.286 0.202 0.149333
0 0.080667 0.399667 0.158667 0.175333
0 0.332 0.431 0.162667 0.164667
0 0.607333 0.768667 0.136 0.118667
0 0.522 0.467 0.216 0.183333
0 0.569667 0.078333 0.226 0.155333
0 0.393 0.118667 0.172667 0.161333
0 0.361667 0.319 0.200667 0.179333
0 0.510333 0.258333 0.184667 0.251333
0 0.371 0.206333 0.087333 0.088667
0 0.069 0.509333 0.119333 0.1
2 0.456 0.950667 0.166667 0.098667
2 0.918333 0.544667 0.163333 0.188
2 0.905667 0.114 0.106 0.084
2 0.925667 0.749667 0.148667 0.158
2 0.964 0.231333 0.061333 0.062667
2 0.946 0.152667 0.108 0.154667
