2 0.725667 0.842333 0.047333 0.047333
2 0.852 0.802 0.133333 0.153333
2 0.935333 0.895667 0.105333 0.084667
0 0.206667 0.07899999999999996 0.192 0.155333
0 0.094 0.20666700000000005 0.138667 0.118667
0 0.220667 0.754 0.101333 0.105333
0 0.136667 0.754 0.098667 0.094667
0 0.112 0.6413329999999999 0.141333 0.162667
0 0.183667 0.635667 0.099333 0.115333
0 0.262333 0.5740000000000001 0.182 0.181333
0 0.288333 0.788333 0.074 0.088667
0 0.385333 0.406667 0.182667 0.166667
0 0.372333 0.314333 0.087333 0.058
0 0.366667 0.24366699999999997 0.133333 0.094
0 0.409 0.538 0.122 0.096
0 0.394333 0.612 0.068667 0.053333
0 0.455 0.6046670000000001 0.052667 0.06
0 0.378667 0.14900000000000002 0.109333 0.092667
0 0.490667 0.150667 0.114667 0.137333
0 0.491333 0.469 0.12 0.095333
0 0.421 0.692 0.144667 0.130667
0 0.524 0.673333 0.096 0.152
0 0.614 0.485333 0.128 0.132
0 0.685 0.388 0.078 0.077333
0 0.514 0.236 0.070667 0.062667
0 0.580667 0.056332999999999966 0.146667 0.112667
0 0.093667 0.867333 0.186 0.134667
0 0.53 0.361 0.125333 0.127333
0 0.616333 0.38333300000000003 0.062 0.08
0 0.951333 0.052000000000000046 0.065333 0.06
0 0.612 0.313333 0.045333 0.057333
0 0.745667 0.29533299999999996 0.144667 0.152
0 0.661667 0.300667 0.056667 0.089333
0 0.639 0.16133299999999995 0.175333 0.250667
0 0.777333 0.127 0.104 0.164667
0 0.275333 0.941667 0.077333 0.088667
0 0.211667 0.921 0.071333 0.095333
0 0.346 0.879667 0.132 0.147333
0 0.410667 0.876333 0.270667 0.246
0 0.619333 0.502667 0.145333 0.185333
0 0.502667 0.5509999999999999 0.078667 0.068667
0 0.079333 0.31033299999999997 0.156 0.131333
0 0.810333 0.18600000000000005 0.039333 0.049333
0 0.885 0.04200000000000004 0.067333 0.052
2 0.854333 0.956 0.136667 0.086667
