0 0.157 0.688333 0.062 0.075333
0 0.244333 0.832667 0.064667 0.090667
0 0.382667 0.882667 0.192 0.230667
0 0.475667 0.983 0.036667 0.032667
0 0.454333 0.315333 0.07 0.074667
0 0.804667 0.870333 0.288 0.258
0 0.549 0.761667 0.264667 0.275333
0 0.452 0.53 0.148 0.224
0 0.738333 0.332333 0.286 0.299333
0 0.614333 0.15200000000000002 0.266 0.289333
0 0.488 0.15900000000000003 0.148 0.155333
0 0.740667 0.538333 0.518667 0.447333
0 0.221333 0.08899999999999997 0.078667 0.09
0 0.027667 0.08166700000000005 0.054 0.088667
0 0.12 0.871333 0.166667 0.196
0 0.333333 0.6719999999999999 0.166667 0.22
0 0.334667 0.497333 0.1 0.12
0 0.632667 0.945 0.106667 0.087333
0 0.196667 0.364 0.388 0.538667
2 0.129333 0.059667000000000026 0.14 0.119333
