2 0.155 0.353667 0.139333 0.120667
2 0.306 0.355333 0.164 0.154667
2 0.245333 0.215667 0.228 0.167333
2 0.296 0.113 0.129333 0.155333
2 0.17 0.114333 0.133333 0.13
3 0.489 0.221667 0.120667 0.120667
2 0.590333 0.169 0.084667 0.09
2 0.589333 0.069333 0.133333 0.132
2 0.717667 0.074667 0.116667 0.132
3 0.812667 0.062 0.062667 0.065333
0 0.482667 0.388 0.125333 0.146667
0 0.75 0.553667 0.108 0.099333
0 0.123333 0.589 0.116 0.086
0 0.169667 0.695 0.162 0.131333
0 0.557 0.786333 0.088667 0.087333
0 0.708 0.682667 0.070667 0.074667
0 0.49 0.851 0.114667 0.120667
0 0.383667 0.947667 0.126 0.104667
0 0.226 0.898 0.244 0.204
0 0.335667 0.513333 0.076667 0.097333
0 0.299667 0.575667 0.072667 0.080667
0 0.279 0.511667 0.078 0.055333
0 0.378333 0.713 0.111333 0.100667
0 0.482 0.607 0.065333 0.063333
0 0.499 0.679 0.072667 0.074
0 0.421333 0.645333 0.074667 0.085333
2 0.076333 0.061 0.151333 0.120667
