2 0.945667 0.095333 0.107333 0.16
2 0.825667 0.111333 0.13 0.138667
2 0.6906669999999999 0.115 0.133333 0.179333
2 0.571 0.126667 0.112667 0.133333
2 0.309667 0.183 0.074 0.087333
2 0.18766700000000003 0.164333 0.112667 0.114
2 0.869667 0.236 0.151333 0.170667
2 0.722 0.258667 0.14 0.136
2 0.907667 0.368333 0.124667 0.127333
2 0.629 0.389667 0.151333 0.151333
2 0.515333 0.236333 0.188 0.200667
2 0.376 0.264333 0.1 0.13
2 0.269 0.288667 0.116667 0.14
3 0.322333 0.426 0.112667 0.109333
2 0.19799999999999995 0.434667 0.128 0.137333
2 0.484 0.395667 0.136 0.120667
2 0.20399999999999996 0.576 0.129333 0.134667
2 0.07633299999999998 0.572333 0.123333 0.114
3 0.14933300000000005 0.695667 0.1 0.092667
3 0.04300000000000004 0.847333 0.048667 0.069333
2 0.118 0.922667 0.078667 0.072
2 0.22766699999999995 0.910333 0.095333 0.086
3 0.248 0.802333 0.102667 0.118
2 0.346333 0.897667 0.078 0.075333
2 0.43966700000000003 0.887667 0.083333 0.083333
2 0.356333 0.794667 0.108667 0.125333
3 0.28600000000000003 0.673333 0.068 0.076
2 0.410667 0.662333 0.130667 0.118
3 0.44866700000000004 0.750333 0.045333 0.058
3 0.541667 0.756 0.11 0.122667
2 0.659333 0.888667 0.133333 0.162667
2 0.796667 0.865 0.158667 0.131333
2 0.9299999999999999 0.856 0.130667 0.128
2 0.925667 0.749667 0.134 0.102
2 0.794333 0.752333 0.118 0.11
2 0.677 0.757333 0.139333 0.138667
2 0.650667 0.648333 0.1 0.11
2 0.7743329999999999 0.620667 0.158 0.168
2 0.922333 0.622667 0.148667 0.158667
2 0.928 0.481667 0.132 0.112667
2 0.801667 0.501333 0.118 0.137333
3 0.6743330000000001 0.510333 0.122 0.116667
3 0.5449999999999999 0.521 0.072667 0.080667
0 0.12633300000000003 0.84 0.111333 0.086667
0 0.10099999999999998 0.397667 0.083333 0.088667
2 0.45966700000000005 0.049333 0.095333 0.097333
2 0.26833300000000004 0.071333 0.174 0.141333
2 0.118 0.059333 0.133333 0.117333
2 0.950333 0.951 0.098 0.098
2 0.04833299999999996 0.720333 0.096667 0.143333
2 0.07066700000000004 0.310667 0.141333 0.154667
2 0.05233299999999996 0.18 0.104667 0.117333
