2 0.865333 0.169667 0.134667 0.182
2 0.8260000000000001 0.431333 0.186667 0.186667
2 0.8069999999999999 0.600667 0.146 0.169333
2 0.918333 0.567333 0.112667 0.102667
2 0.899667 0.7 0.191333 0.162667
2 0.867333 0.924333 0.1 0.124667
2 0.758 0.859667 0.166667 0.238
2 0.657 0.741 0.182 0.136667
2 0.597 0.871333 0.155333 0.130667
2 0.685333 0.600667 0.132 0.136
2 0.7050000000000001 0.474333 0.111333 0.116667
2 0.754333 0.326333 0.123333 0.115333
2 0.7356670000000001 0.2 0.15 0.16
2 0.615 0.102667 0.227333 0.168
2 0.613 0.270667 0.156667 0.16
2 0.490333 0.266 0.115333 0.149333
1 0.595 0.416667 0.215333 0.148
1 0.5593330000000001 0.527667 0.1 0.084667
2 0.548333 0.643667 0.160667 0.152667
1 0.417667 0.711 0.114 0.120667
2 0.37933300000000003 0.820333 0.134667 0.119333
2 0.271 0.764667 0.176667 0.146667
1 0.281 0.625 0.174 0.159333
2 0.12966699999999998 0.693 0.182 0.156667
2 0.17766700000000002 0.534667 0.186 0.132
2 0.05666700000000002 0.573667 0.105333 0.118
2 0.06733299999999998 0.432 0.133333 0.162667
1 0.19266700000000003 0.420667 0.164 0.132
2 0.32766700000000004 0.427667 0.147333 0.143333
2 0.376 0.149333 0.216 0.156
2 0.358 0.284333 0.177333 0.147333
1 0.18933299999999997 0.272333 0.176 0.148667
2 0.14733300000000005 0.164667 0.106667 0.105333
2 0.05600000000000005 0.160333 0.096 0.124667
2 0.45099999999999996 0.453333 0.158 0.166667
2 0.43300000000000005 0.593667 0.106 0.116667
2 0.857 0.057333 0.068667 0.064
2 0.089333 0.907 0.169333 0.186
2 0.25433300000000003 0.926667 0.158 0.146667
2 0.915333 0.296333 0.161333 0.191333
2 0.422667 0.06 0.136 0.118667
