2 0.099 0.847333 0.116667 0.106667
2 0.209333 0.947667 0.096 0.083333
3 0.212 0.865 0.073333 0.079333
2 0.12 0.7396670000000001 0.133333 0.114
2 0.297667 0.858333 0.122 0.148667
3 0.224 0.766667 0.084 0.096
2 0.235333 0.652667 0.105333 0.126667
2 0.253667 0.511667 0.115333 0.142
3 0.179333 0.522 0.061333 0.06
3 0.175333 0.446333 0.086667 0.080667
1 0.357333 0.494333 0.113333 0.146
2 0.366 0.615667 0.166667 0.15
2 0.347 0.736667 0.126 0.110667
2 0.408 0.898667 0.112 0.190667
2 0.517 0.844 0.111333 0.202667
2 0.508667 0.6619999999999999 0.102667 0.1
2 0.545667 0.5409999999999999 0.123333 0.196667
2 0.674667 0.548667 0.14 0.176
2 0.652333 0.710333 0.118 0.136667
2 0.77 0.623 0.128 0.142
2 0.870333 0.675667 0.112667 0.119333
2 0.778667 0.494333 0.101333 0.095333
2 0.742 0.7416670000000001 0.094667 0.09
2 0.867 0.804 0.155333 0.170667
2 0.856667 0.931 0.121333 0.111333
2 0.742 0.861 0.130667 0.140667
2 0.619667 0.834 0.091333 0.102667
2 0.638667 0.9410000000000001 0.098667 0.114
2 0.925333 0.47366699999999995 0.141333 0.171333
2 0.935667 0.25 0.120667 0.118667
2 0.931667 0.136 0.11 0.093333
2 0.826 0.233333 0.112 0.14
2 0.794667 0.409667 0.125333 0.112667
2 0.789333 0.33899999999999997 0.086667 0.051333
3 0.672667 0.43700000000000006 0.064 0.052667
2 0.680333 0.36166699999999996 0.115333 0.091333
2 0.694333 0.252 0.151333 0.125333
2 0.614333 0.06799999999999995 0.078 0.065333
3 0.586667 0.270667 0.066667 0.076
2 0.44 0.411667 0.188 0.155333
2 0.493333 0.302667 0.136 0.088
2 0.375333 0.31866700000000003 0.1 0.097333
3 0.483667 0.20766700000000005 0.103333 0.111333
3 0.491333 0.11566699999999996 0.114667 0.083333
2 0.365667 0.20766700000000005 0.136667 0.136667
2 0.284333 0.31666700000000003 0.071333 0.073333
2 0.312333 0.04500000000000004 0.09 0.075333
2 0.227 0.07999999999999996 0.114 0.097333
3 0.178333 0.347333 0.124667 0.098667
2 0.192333 0.252667 0.116667 0.096
2 0.108 0.260667 0.065333 0.066667
2 0.206333 0.168667 0.082 0.069333
3 0.099667 0.960667 0.072667 0.076
0 0.056667 0.305667 0.066667 0.051333
0 0.065 0.363333 0.062 0.056
0 0.103667 0.41633299999999995 0.063333 0.082
0 0.758667 0.07099999999999995 0.046667 0.047333
0 0.699667 0.10633300000000001 0.071333 0.059333
0 0.704333 0.16333299999999995 0.047333 0.042667
0 0.301667 0.389 0.059333 0.044667
0 0.349333 0.10566699999999996 0.057333 0.068667
0 0.874 0.536667 0.045333 0.058667
2 0.737 0.963 0.106 0.072667
2 0.122333 0.04700000000000004 0.115333 0.091333
2 0.057 0.631667 0.112667 0.180667
2 0.520333 0.959 0.131333 0.076667
