2 0.13 0.872333 0.162667 0.215333
2 0.301 0.782667 0.187333 0.192
2 0.166333 0.653667 0.207333 0.186
2 0.161667 0.507 0.216667 0.154
1 0.087333 0.384667 0.098667 0.104
2 0.105333 0.24433300000000002 0.145333 0.143333
2 0.108667 0.09466699999999995 0.202667 0.170667
2 0.224667 0.28033300000000005 0.152 0.148667
2 0.223333 0.39033300000000004 0.124 0.112667
2 0.378 0.576333 0.230667 0.220667
2 0.447667 0.726333 0.147333 0.198
2 0.565667 0.813 0.163333 0.155333
2 0.361 0.41733299999999995 0.143333 0.156
2 0.577333 0.655 0.129333 0.119333
2 0.487333 0.46799999999999997 0.176 0.24
2 0.390667 0.259667 0.169333 0.171333
3 0.499667 0.300667 0.074 0.089333
2 0.413 0.128 0.283333 0.229333
2 0.573333 0.16033299999999995 0.098667 0.144667
2 0.711667 0.07399999999999995 0.203333 0.148
2 0.697 0.22966699999999995 0.187333 0.180667
2 0.842 0.221333 0.177333 0.202667
2 0.896 0.31100000000000005 0.2 0.179333
2 0.873333 0.44499999999999995 0.137333 0.116667
1 0.850667 0.560333 0.102667 0.103333
1 0.881667 0.695667 0.202 0.19
2 0.807 0.8180000000000001 0.183333 0.181333
2 0.705 0.926667 0.112667 0.098667
2 0.562667 0.804667 0.161333 0.166667
2 0.722333 0.618333 0.152667 0.151333
2 0.617667 0.534333 0.171333 0.15
2 0.667 0.364333 0.203333 0.186
2 0.942 0.833333 0.113333 0.152
0 0.720667 0.511667 0.117333 0.106
2 0.299333 0.930667 0.176 0.137333
2 0.066 0.703667 0.126667 0.135333
2 0.947333 0.08333299999999999 0.105333 0.164
2 0.549667 0.937 0.214 0.112667
2 0.409 0.953 0.107333 0.092667
