1 0.912667 0.192333 0.068 0.094
1 0.914667 0.322 0.1 0.168
2 0.784333 0.375667 0.196667 0.151333
1 0.789667 0.25 0.214 0.112
2 0.819 0.148667 0.172667 0.093333
2 0.844 0.060333 0.210667 0.116667
1 0.858 0.529333 0.122667 0.129333
2 0.739333 0.512667 0.137333 0.14
2 0.857333 0.638667 0.109333 0.101333
1 0.948 0.669 0.097333 0.119333
2 0.851 0.721333 0.094 0.072
2 0.853667 0.823 0.180667 0.136667
2 0.8466670000000001 0.937 0.145333 0.126
1 0.714333 0.897333 0.140667 0.165333
2 0.727333 0.743 0.166667 0.118
1 0.728667 0.629333 0.164 0.106667
2 0.609333 0.795 0.116 0.155333
2 0.479333 0.901667 0.109333 0.154
2 0.366333 0.895 0.122 0.178
2 0.17866700000000002 0.893333 0.166667 0.132
2 0.495333 0.731 0.177333 0.214
2 0.37933300000000003 0.746 0.101333 0.124
2 0.29200000000000004 0.769333 0.098667 0.134667
1 0.20866700000000005 0.8 0.104 0.101333
2 0.08233299999999999 0.805 0.143333 0.147333
2 0.07733299999999999 0.673 0.133333 0.119333
2 0.09199999999999997 0.55 0.096 0.124
2 0.19899999999999995 0.545 0.146 0.152667
1 0.19133299999999998 0.684667 0.133333 0.121333
1 0.334333 0.631667 0.155333 0.148667
2 0.290667 0.515333 0.090667 0.098667
2 0.404667 0.525667 0.14 0.144667
2 0.489333 0.553333 0.137333 0.158667
2 0.601667 0.540333 0.138 0.146
1 0.613333 0.428333 0.172 0.142
2 0.5409999999999999 0.385667 0.152667 0.147333
1 0.402 0.414 0.101333 0.088
2 0.40533300000000005 0.33 0.092 0.094667
2 0.31266700000000003 0.411667 0.096 0.108667
1 0.20266700000000004 0.395 0.133333 0.180667
2 0.21899999999999997 0.277333 0.091333 0.097333
1 0.308667 0.300667 0.098667 0.12
2 0.32866700000000004 0.200333 0.066667 0.082
2 0.236 0.183333 0.130667 0.114667
2 0.12666699999999997 0.298 0.098667 0.122667
2 0.126 0.189 0.084 0.092667
2 0.11866699999999997 0.089667 0.134667 0.122
2 0.24066699999999996 0.087 0.096 0.080667
2 0.42300000000000004 0.207667 0.119333 0.134
2 0.421667 0.121333 0.111333 0.066667
2 0.43300000000000005 0.052667 0.111333 0.093333
2 0.548667 0.042333 0.096 0.075333
2 0.5573330000000001 0.109667 0.112 0.082
2 0.546333 0.187333 0.123333 0.093333
2 0.548 0.268667 0.148 0.097333
2 0.655667 0.180667 0.084667 0.137333
2 0.667333 0.096333 0.156 0.19
2 0.06266700000000003 0.335667 0.125333 0.191333
2 0.593 0.93 0.163333 0.133333
