2 0.918 0.917667 0.137333 0.152667
2 0.789 0.896 0.148667 0.190667
2 0.641667 0.874 0.164667 0.206667
2 0.836 0.767 0.104 0.095333
2 0.924333 0.642667 0.144667 0.202667
2 0.761 0.654333 0.182 0.154
2 0.5880000000000001 0.735 0.164 0.154
2 0.391667 0.853333 0.164667 0.132
2 0.44566700000000004 0.7316670000000001 0.154 0.147333
2 0.18333299999999997 0.782333 0.181333 0.174
2 0.13133300000000003 0.913333 0.228 0.169333
2 0.06333299999999997 0.779333 0.094667 0.098667
2 0.06233299999999997 0.642667 0.123333 0.116
2 0.23933300000000002 0.580667 0.105333 0.106667
2 0.409667 0.594 0.140667 0.146667
2 0.552667 0.616333 0.173333 0.175333
2 0.731333 0.481333 0.2 0.194667
1 0.894333 0.477333 0.126 0.136
1 0.841 0.33699999999999997 0.155333 0.142
1 0.682667 0.33099999999999996 0.161333 0.207333
2 0.518 0.45299999999999996 0.201333 0.151333
2 0.352 0.448333 0.153333 0.186
2 0.161667 0.40700000000000003 0.088667 0.084667
2 0.17166700000000001 0.274667 0.147333 0.156
2 0.282667 0.30533299999999997 0.110667 0.108
2 0.11233300000000002 0.10766699999999996 0.192667 0.183333
2 0.24366699999999997 0.14933300000000005 0.072667 0.102667
2 0.377667 0.10999999999999999 0.246 0.157333
2 0.402667 0.296667 0.201333 0.169333
1 0.552667 0.313333 0.121333 0.133333
2 0.641667 0.158667 0.195333 0.173333
1 0.806 0.18600000000000005 0.138667 0.166667
1 0.928333 0.22866699999999995 0.124667 0.156
1 0.904 0.08033299999999999 0.173333 0.15
2 0.7130000000000001 0.06799999999999995 0.200667 0.136
0 0.05300000000000005 0.04300000000000004 0.068667 0.068667
0 0.33266700000000005 0.737 0.117333 0.143333
0 0.7170000000000001 0.758667 0.067333 0.061333
2 0.53 0.909667 0.172 0.179333
2 0.354 0.944 0.176 0.110667
2 0.05800000000000005 0.385667 0.109333 0.174
2 0.04933299999999996 0.232333 0.098667 0.15
