1 0.087333 0.807667 0.068 0.094
1 0.085333 0.6779999999999999 0.1 0.168
2 0.215667 0.624333 0.196667 0.151333
1 0.210333 0.75 0.214 0.112
2 0.181 0.851333 0.172667 0.093333
2 0.156 0.939667 0.210667 0.116667
1 0.142 0.47066699999999995 0.122667 0.129333
2 0.260667 0.487333 0.137333 0.14
2 0.142667 0.361333 0.109333 0.101333
1 0.052 0.33099999999999996 0.097333 0.119333
2 0.149 0.278667 0.094 0.072
2 0.146333 0.17700000000000005 0.180667 0.136667
2 0.153333 0.06299999999999994 0.145333 0.126
1 0.285667 0.10266699999999995 0.140667 0.165333
2 0.272667 0.257 0.166667 0.118
1 0.271333 0.37066699999999997 0.164 0.106667
2 0.390667 0.20499999999999996 0.116 0.155333
2 0.520667 0.098333 0.109333 0.154
2 0.633667 0.10499999999999998 0.122 0.178
2 0.821333 0.10666699999999996 0.166667 0.132
2 0.504667 0.269 0.177333 0.214
2 0.620667 0.254 0.101333 0.124
2 0.708 0.23066699999999996 0.098667 0.134667
1 0.791333 0.19999999999999996 0.104 0.101333
2 0.917667 0.19499999999999995 0.143333 0.147333
2 0.922667 0.32699999999999996 0.133333 0.119333
2 0.908 0.44999999999999996 0.096 0.124
2 0.801 0.45499999999999996 0.146 0.152667
1 0.808667 0.315333 0.133333 0.121333
1 0.665667 0.368333 0.155333 0.148667
2 0.709333 0.48466699999999996 0.090667 0.098667
2 0.595333 0.474333 0.14 0.144667
2 0.510667 0.44666700000000004 0.137333 0.158667
2 0.398333 0.45966700000000005 0.138 0.146
1 0.386667 0.5716669999999999 0.172 0.142
2 0.459 0.614333 0.152667 0.147333
1 0.598 0.5860000000000001 0.101333 0.088
2 0.594667 0.6699999999999999 0.092 0.094667
2 0.687333 0.588333 0.096 0.108667
1 0.797333 0.605 0.133333 0.180667
2 0.781 0.722667 0.091333 0.097333
1 0.691333 0.699333 0.098667 0.12
2 0.671333 0.799667 0.066667 0.082
2 0.764 0.816667 0.130667 0.114667
2 0.873333 0.702 0.098667 0.122667
2 0.874 0.8109999999999999 0.084 0.092667
2 0.881333 0.9103330000000001 0.134667 0.122
2 0.759333 0.913 0.096 0.080667
2 0.577 0.792333 0.119333 0.134
2 0.578333 0.878667 0.111333 0.066667
2 0.567 0.947333 0.111333 0.093333
2 0.451333 0.957667 0.096 0.075333
2 0.442667 0.890333 0.112 0.082
2 0.453667 0.812667 0.123333 0.093333
2 0.452 0.731333 0.148 0.097333
2 0.344333 0.819333 0.084667 0.137333
2 0.332667 0.903667 0.156 0.19
2 0.937333 0.6643330000000001 0.125333 0.191333
2 0.407 0.06999999999999995 0.163333 0.133333
