2 0.826333 0.842667 0.156667 0.156
2 0.645 0.929333 0.160667 0.132
1 0.44099999999999995 0.889333 0.042 0.042667
2 0.06233299999999997 0.591333 0.087333 0.097333
2 0.18466700000000003 0.611333 0.148 0.126667
2 0.335333 0.633667 0.064 0.074
2 0.440333 0.642 0.128667 0.126667
2 0.485333 0.534333 0.097333 0.096667
2 0.572333 0.553667 0.048667 0.058
2 0.38033300000000003 0.527667 0.112667 0.116667
2 0.669667 0.7783329999999999 0.154 0.184667
2 0.540333 0.7913330000000001 0.104667 0.125333
2 0.261 0.49466699999999997 0.126 0.124
2 0.14700000000000002 0.480333 0.115333 0.124667
2 0.16600000000000004 0.349 0.138667 0.143333
2 0.27033300000000005 0.36866699999999997 0.078 0.132
2 0.36566699999999996 0.374 0.119333 0.173333
2 0.46399999999999997 0.405 0.098667 0.119333
2 0.537667 0.26633300000000004 0.184667 0.17
2 0.40633300000000006 0.26 0.060667 0.06
2 0.27633300000000005 0.24066699999999996 0.123333 0.137333
1 0.19933299999999998 0.10666699999999996 0.136 0.174667
2 0.33666700000000005 0.10666699999999996 0.156 0.210667
2 0.775667 0.15700000000000003 0.294 0.243333
2 0.798333 0.309667 0.148667 0.15
2 0.919 0.31299999999999994 0.127333 0.156667
2 0.914 0.47366699999999995 0.165333 0.166
2 0.922333 0.632333 0.143333 0.192667
2 0.8180000000000001 0.621 0.076 0.082
2 0.18566700000000003 0.23099999999999998 0.055333 0.068667
2 0.680667 0.5 0.332 0.313333
2 0.29333299999999995 0.802 0.090667 0.133333
2 0.523667 0.919 0.068667 0.079333
2 0.372 0.821667 0.08 0.146
2 0.44866700000000004 0.779 0.121333 0.155333
2 0.21666700000000005 0.743 0.093333 0.104667
2 0.28133300000000006 0.717333 0.048 0.066667
2 0.11666699999999997 0.773667 0.106667 0.119333
2 0.08599999999999997 0.6843330000000001 0.157333 0.088667
2 0.44399999999999995 0.951333 0.08 0.072
0 0.039000000000000035 0.47766699999999995 0.078 0.102
0 0.602333 0.161667 0.082 0.095333
0 0.17766700000000002 0.933333 0.148667 0.132
2 0.941333 0.09199999999999997 0.112 0.184
2 0.508 0.07966700000000004 0.2 0.159333
2 0.046667000000000014 0.09366699999999994 0.093333 0.172667
2 0.943667 0.861 0.108667 0.198
