0 0.313333 0.147667 0.146667 0.167333
0 0.279667 0.287 0.092667 0.102
0 0.370667 0.28 0.113333 0.108
0 0.316333 0.416333 0.227333 0.216667
0 0.610667 0.288333 0.185333 0.192667
0 0.469667 0.223333 0.19 0.198667
0 0.454333 0.076333 0.232667 0.151333
0 0.792 0.183667 0.193333 0.212667
0 0.677 0.519667 0.194 0.195333
0 0.896667 0.516 0.104 0.078667
0 0.536 0.419 0.12 0.119333
0 0.442333 0.386 0.083333 0.090667
0 0.537 0.539 0.143333 0.146
0 0.555333 0.655667 0.246667 0.148667
0 0.748 0.694333 0.136 0.099333
0 0.575667 0.781333 0.222 0.133333
0 0.694333 0.327 0.124667 0.146
0 0.876667 0.418667 0.090667 0.121333
0 0.094 0.140333 0.186667 0.279333
0 0.185667 0.151 0.132667 0.206
0 0.111333 0.331333 0.221333 0.156
0 0.104667 0.783667 0.156 0.135333
0 0.31 0.669667 0.217333 0.212667
0 0.207 0.612333 0.168667 0.163333
0 0.903333 0.106333 0.150667 0.19
0 0.129333 0.479 0.257333 0.172667
0 0.422667 0.818 0.08 0.082667
0 0.136667 0.887333 0.077333 0.077333
0 0.191667 0.926667 0.120667 0.146667
0 0.329 0.883333 0.046 0.061333
0 0.257333 0.826 0.068 0.06
0 0.824 0.578333 0.056 0.063333
0 0.042333 0.882333 0.083333 0.084667
0 0.099667 0.916333 0.124667 0.140667
