2 0.066667 0.138 0.124 0.122667
2 0.240333 0.057333 0.118 0.094667
3 0.190333 0.165667 0.059333 0.075333
2 0.298 0.152333 0.125333 0.151333
2 0.419 0.067 0.055333 0.052667
3 0.42 0.161333 0.128 0.133333
2 0.514667 0.06 0.089333 0.094667
3 0.623 0.054667 0.103333 0.105333
3 0.714667 0.078 0.08 0.108
2 0.891333 0.195667 0.164 0.171333
3 0.546333 0.173333 0.114 0.114667
2 0.516333 0.313 0.083333 0.083333
3 0.849667 0.342667 0.052667 0.050667
3 0.909667 0.395333 0.115333 0.093333
3 0.737667 0.419 0.082 0.082
2 0.623333 0.429667 0.132 0.122
3 0.49 0.434667 0.134667 0.134667
2 0.427667 0.289333 0.087333 0.108
3 0.334 0.284 0.1 0.133333
3 0.228667 0.276 0.097333 0.112
2 0.133667 0.283 0.084667 0.087333
2 0.130333 0.415667 0.087333 0.091333
2 0.255667 0.416333 0.156667 0.159333
2 0.152 0.524667 0.133333 0.114667
2 0.381333 0.431667 0.077333 0.084667
2 0.934 0.554 0.128 0.124
2 0.672333 0.538667 0.148667 0.14
3 0.557 0.544333 0.071333 0.068667
2 0.434667 0.546667 0.126667 0.098667
3 0.309 0.537333 0.036667 0.042667
3 0.213 0.64 0.05 0.054667
3 0.279333 0.649667 0.076 0.09
2 0.544333 0.660667 0.084667 0.070667
3 0.150333 0.769667 0.103333 0.072667
3 0.262667 0.772 0.098667 0.129333
2 0.177667 0.850333 0.074 0.083333
2 0.282667 0.861 0.050667 0.046
3 0.366667 0.777333 0.109333 0.14
3 0.466 0.781667 0.061333 0.068667
2 0.566 0.792 0.117333 0.18
3 0.691667 0.797667 0.112667 0.142
2 0.682 0.913667 0.096 0.104667
2 0.584 0.924667 0.092 0.101333
3 0.484 0.894333 0.12 0.156667
3 0.786667 0.878333 0.102667 0.158
2 0.873667 0.895667 0.071333 0.112667
2 0.926333 0.827333 0.120667 0.137333
2 0.924333 0.723333 0.072667 0.081333
2 0.791 0.695 0.183333 0.208667
0 0.196 0.707667 0.101333 0.079333
0 0.653667 0.258333 0.275333 0.240667
0 0.800333 0.254667 0.060667 0.056
2 0.039333 0.640667 0.077333 0.128
2 0.064667 0.269667 0.128 0.160667
