2 0.096667 0.075333 0.125333 0.144
2 0.161667 0.16 0.108667 0.092
2 0.117333 0.249667 0.174667 0.198
2 0.251 0.245 0.114 0.155333
2 0.329 0.156667 0.154 0.168
2 0.471 0.156 0.151333 0.174667
2 0.366 0.281333 0.102667 0.101333
2 0.495 0.318333 0.15 0.155333
2 0.623667 0.317 0.131333 0.15
2 0.570333 0.445 0.191333 0.152667
2 0.498333 0.535 0.148667 0.124667
2 0.452333 0.619667 0.078 0.078
2 0.350667 0.617333 0.066667 0.069333
2 0.301333 0.501 0.142667 0.138
2 0.357667 0.408667 0.178 0.169333
2 0.109667 0.383667 0.128667 0.114
2 0.036 0.407667 0.068 0.083333
2 0.223333 0.377333 0.098667 0.101333
2 0.091 0.512667 0.111333 0.130667
2 0.188667 0.518667 0.101333 0.166667
3 0.091 0.621333 0.100667 0.094667
3 0.182667 0.713333 0.1 0.098667
2 0.294 0.721 0.1 0.119333
2 0.386667 0.733667 0.094667 0.106
2 0.236667 0.814333 0.130667 0.139333
2 0.106 0.832333 0.102667 0.114
2 0.180667 0.918667 0.096 0.1
2 0.386 0.864 0.201333 0.202667
2 0.506 0.753 0.136 0.144667
2 0.561 0.643667 0.112667 0.155333
2 0.662667 0.638667 0.104 0.178667
2 0.623667 0.754333 0.079333 0.078
2 0.635667 0.88 0.116667 0.129333
3 0.744333 0.892 0.107333 0.136
2 0.860333 0.91 0.139333 0.158667
2 0.951 0.792667 0.098 0.142667
2 0.833333 0.786667 0.129333 0.128
2 0.766667 0.651 0.132 0.143333
3 0.843333 0.643333 0.068 0.069333
2 0.889667 0.569333 0.114 0.104
2 0.904 0.458 0.137333 0.109333
2 0.777 0.463333 0.058 0.062667
2 0.815333 0.352 0.148 0.133333
3 0.926333 0.36 0.092667 0.094667
2 0.884 0.228333 0.105333 0.15
2 0.749333 0.211333 0.182667 0.161333
2 0.668667 0.097 0.077333 0.079333
2 0.803333 0.095333 0.164 0.16
2 0.922333 0.096333 0.095333 0.127333
2 0.733333 0.547667 0.057333 0.078
2 0.298 0.050667 0.124 0.1
0 0.601 0.117667 0.022 0.026
0 0.570333 0.132 0.047333 0.041333
0 0.757 0.78 0.035333 0.04
0 0.525333 0.903333 0.064 0.050667
0 0.501333 0.866 0.028 0.036
2 0.053667 0.899333 0.106 0.133333
2 0.043667 0.769 0.086 0.11
2 0.021 0.491667 0.040667 0.086
2 0.98 0.472667 0.04 0.077333
