1 0.794 0.112333 0.133333 0.11
1 0.7086669999999999 0.060333 0.124 0.108667
1 0.612333 0.138333 0.122 0.152667
2 0.33066700000000004 0.077667 0.132 0.146
2 0.523333 0.196 0.138667 0.168
2 0.601 0.280667 0.124667 0.16
1 0.7066669999999999 0.245333 0.089333 0.094667
1 0.841 0.230667 0.180667 0.212
2 0.724 0.370667 0.154667 0.165333
2 0.837 0.460333 0.139333 0.158
2 0.937333 0.389333 0.110667 0.136
0 0.385 0.757333 0.075333 0.076
0 0.46499999999999997 0.822667 0.095333 0.102667
0 0.394 0.853667 0.061333 0.092667
0 0.5023329999999999 0.914333 0.091333 0.099333
0 0.279667 0.954333 0.119333 0.091333
0 0.13733300000000004 0.547667 0.122667 0.112667
0 0.23266699999999996 0.630667 0.154667 0.150667
0 0.17533299999999996 0.724667 0.110667 0.114667
0 0.07366700000000004 0.637 0.118 0.103333
0 0.05300000000000005 0.467 0.106 0.114
0 0.572667 0.952 0.102667 0.096
0 0.319333 0.680667 0.049333 0.049333
0 0.295667 0.750333 0.118 0.119333
0 0.16733299999999995 0.865667 0.092 0.099333
0 0.279 0.848 0.166 0.137333
0 0.060667000000000026 0.756667 0.104 0.102667
0 0.44566700000000004 0.937 0.032667 0.051333
2 0.911 0.56 0.162 0.222667
2 0.47666699999999995 0.061 0.133333 0.120667
