2 0.095333 0.149667 0.133333 0.143333
2 0.282667 0.067 0.084 0.122
2 0.137333 0.260667 0.134667 0.104
2 0.098667 0.344667 0.106667 0.094667
2 0.207667 0.355333 0.119333 0.104
2 0.185 0.184 0.079333 0.164
2 0.260333 0.199 0.080667 0.152667
2 0.371667 0.069 0.088667 0.120667
2 0.476333 0.075333 0.126 0.128
2 0.614 0.108667 0.101333 0.12
2 0.704 0.107333 0.073333 0.097333
2 0.789667 0.125333 0.091333 0.105333
2 0.886333 0.13 0.11 0.134667
2 0.319333 0.191667 0.068 0.118
2 0.393667 0.197667 0.091333 0.139333
2 0.482 0.200667 0.085333 0.130667
2 0.573667 0.22 0.107333 0.158667
2 0.707667 0.221333 0.124667 0.133333
2 0.803 0.221333 0.082 0.102667
2 0.931333 0.242 0.110667 0.086667
2 0.088333 0.451 0.122 0.143333
3 0.182 0.442667 0.06 0.070667
2 0.266667 0.451 0.168 0.159333
2 0.375667 0.366333 0.163333 0.128667
2 0.454667 0.310667 0.130667 0.132
2 0.548 0.316333 0.077333 0.087333
2 0.563333 0.383667 0.141333 0.142
2 0.684 0.403667 0.110667 0.151333
2 0.705 0.332333 0.080667 0.091333
2 0.801333 0.342667 0.134667 0.162667
2 0.934667 0.33 0.121333 0.098667
2 0.892333 0.439 0.152667 0.147333
2 0.786 0.51 0.157333 0.138667
2 0.607667 0.488 0.099333 0.094667
2 0.523 0.467 0.086 0.091333
2 0.418 0.457333 0.126667 0.130667
2 0.045 0.612667 0.086 0.094667
2 0.108333 0.627333 0.068667 0.090667
2 0.083333 0.709333 0.090667 0.093333
2 0.192333 0.633 0.111333 0.098
2 0.184667 0.72 0.101333 0.092
2 0.287667 0.575333 0.179333 0.133333
2 0.435 0.579 0.115333 0.126
2 0.518 0.58 0.104 0.129333
2 0.627667 0.583 0.123333 0.140667
2 0.671667 0.631667 0.080667 0.082
2 0.795667 0.631667 0.19 0.135333
2 0.789 0.711 0.076667 0.087333
2 0.910333 0.726667 0.127333 0.097333
2 0.920333 0.825333 0.114 0.102667
2 0.707 0.790667 0.123333 0.122667
2 0.797333 0.805667 0.06 0.083333
2 0.650667 0.697333 0.08 0.069333
2 0.543 0.680333 0.143333 0.082
2 0.566667 0.779667 0.154667 0.124667
2 0.404667 0.681 0.161333 0.122
2 0.410333 0.772 0.116667 0.121333
2 0.306333 0.739 0.119333 0.15
2 0.410667 0.824667 0.045333 0.052
3 0.219333 0.906 0.042667 0.064
0 0.111333 0.868333 0.164 0.188667
0 0.658 0.946333 0.058667 0.064667
0 0.744333 0.907667 0.100667 0.092667
0 0.590333 0.902333 0.076667 0.088667
0 0.360333 0.894667 0.082 0.08
0 0.424 0.912333 0.074667 0.086
0 0.503333 0.905667 0.097333 0.116667
0 0.321 0.965667 0.076667 0.068667
0 0.555 0.966333 0.094 0.067333
0 0.663333 0.863667 0.084 0.076667
0 0.867333 0.907 0.129333 0.132667
0 0.955667 0.940667 0.088667 0.1
2 0.945 0.549667 0.11 0.094
2 0.185 0.055 0.119333 0.108667
2 0.585667 0.035667 0.114 0.07
