2 0.827 0.174 0.124667 0.125333
2 0.854 0.303333 0.134667 0.130667
2 0.711667 0.194667 0.119333 0.125333
2 0.732667 0.322333 0.130667 0.147333
2 0.5946670000000001 0.194333 0.132 0.182
2 0.588333 0.356667 0.155333 0.157333
2 0.47266699999999995 0.251 0.128 0.195333
2 0.348 0.268 0.110667 0.165333
2 0.29900000000000004 0.094667 0.116667 0.166667
3 0.20499999999999996 0.151 0.088667 0.126
2 0.245 0.291333 0.108667 0.142667
3 0.15833299999999995 0.286 0.068667 0.093333
2 0.07566700000000004 0.427667 0.124667 0.118
2 0.241 0.424 0.13 0.113333
3 0.485 0.381667 0.048667 0.054
2 0.861333 0.459333 0.098667 0.101333
2 0.7436670000000001 0.493333 0.144667 0.166667
2 0.6333329999999999 0.512 0.101333 0.106667
2 0.5203329999999999 0.488667 0.116667 0.109333
2 0.404667 0.483 0.136 0.168667
2 0.294667 0.559333 0.096 0.129333
2 0.154667 0.596 0.141333 0.138667
3 0.18466700000000003 0.710333 0.085333 0.083333
3 0.08399999999999996 0.827667 0.12 0.115333
2 0.47566699999999995 0.649 0.134 0.15
2 0.693667 0.626333 0.083333 0.084667
2 0.826333 0.617 0.162 0.127333
2 0.8416669999999999 0.730333 0.159333 0.112667
2 0.812333 0.847333 0.151333 0.166667
2 0.677667 0.856667 0.123333 0.145333
2 0.576333 0.873333 0.098 0.118667
2 0.462333 0.897667 0.112667 0.136667
2 0.23099999999999998 0.951 0.083333 0.095333
2 0.45099999999999996 0.101333 0.232667 0.201333
2 0.11599999999999999 0.062333 0.102667 0.118
2 0.931667 0.926667 0.135333 0.146667
0 0.15800000000000003 0.431333 0.064 0.064
0 0.24033300000000002 0.689333 0.087333 0.108
0 0.531 0.788667 0.124667 0.109333
0 0.355 0.667667 0.106 0.075333
2 0.29933299999999996 0.733667 0.046667 0.058
2 0.426667 0.804667 0.084 0.097333
2 0.356 0.8 0.061333 0.084
2 0.929667 0.134333 0.138 0.151333
2 0.946667 0.298333 0.102667 0.21
2 0.926667 0.58 0.145333 0.214667
2 0.833 0.064 0.252667 0.126667
2 0.04600000000000004 0.737333 0.089333 0.109333
