2 0.173 0.174 0.124667 0.125333
2 0.146 0.303333 0.134667 0.130667
2 0.288333 0.194667 0.119333 0.125333
2 0.267333 0.322333 0.130667 0.147333
2 0.405333 0.194333 0.132 0.182
2 0.411667 0.356667 0.155333 0.157333
2 0.527333 0.251 0.128 0.195333
2 0.652 0.268 0.110667 0.165333
2 0.701 0.094667 0.116667 0.166667
3 0.795 0.151 0.088667 0.126
2 0.755 0.291333 0.108667 0.142667
3 0.841667 0.286 0.068667 0.093333
2 0.924333 0.427667 0.124667 0.118
2 0.759 0.424 0.13 0.113333
3 0.515 0.381667 0.048667 0.054
2 0.138667 0.459333 0.098667 0.101333
2 0.256333 0.493333 0.144667 0.166667
2 0.366667 0.512 0.101333 0.106667
2 0.479667 0.488667 0.116667 0.109333
2 0.595333 0.483 0.136 0.168667
2 0.705333 0.559333 0.096 0.129333
2 0.845333 0.596 0.141333 0.138667
3 0.815333 0.710333 0.085333 0.083333
3 0.916 0.827667 0.12 0.115333
2 0.524333 0.649 0.134 0.15
2 0.306333 0.626333 0.083333 0.084667
2 0.173667 0.617 0.162 0.127333
2 0.158333 0.730333 0.159333 0.112667
2 0.187667 0.847333 0.151333 0.166667
2 0.322333 0.856667 0.123333 0.145333
2 0.423667 0.873333 0.098 0.118667
2 0.537667 0.897667 0.112667 0.136667
2 0.769 0.951 0.083333 0.095333
2 0.549 0.101333 0.232667 0.201333
2 0.884 0.062333 0.102667 0.118
2 0.068333 0.926667 0.135333 0.146667
0 0.842 0.431333 0.064 0.064
0 0.759667 0.689333 0.087333 0.108
0 0.469 0.788667 0.124667 0.109333
0 0.645 0.667667 0.106 0.075333
2 0.700667 0.733667 0.046667 0.058
2 0.573333 0.804667 0.084 0.097333
2 0.644 0.8 0.061333 0.084
2 0.070333 0.134333 0.138 0.151333
2 0.053333 0.298333 0.102667 0.21
2 0.073333 0.58 0.145333 0.214667
2 0.167 0.064 0.252667 0.126667
2 0.954 0.737333 0.089333 0.109333
