2 0.6723330000000001 0.813667 0.048667 0.05
2 0.5760000000000001 0.926667 0.1 0.113333
2 0.42900000000000005 0.915 0.151333 0.142
2 0.317333 0.901667 0.069333 0.098
2 0.18100000000000005 0.899 0.186 0.187333
2 0.13 0.765667 0.108 0.11
2 0.250667 0.760667 0.141333 0.172
2 0.379667 0.769333 0.152667 0.164
2 0.503333 0.779667 0.128 0.143333
2 0.899667 0.7050000000000001 0.199333 0.239333
2 0.675 0.657667 0.228667 0.219333
2 0.532667 0.631 0.074667 0.076667
2 0.413667 0.621667 0.146 0.122
2 0.16133299999999995 0.586667 0.201333 0.168
2 0.12633300000000003 0.447333 0.095333 0.093333
2 0.263 0.44966700000000004 0.158 0.216667
2 0.42333299999999996 0.46766700000000005 0.170667 0.23
2 0.5569999999999999 0.491333 0.128667 0.136
2 0.854333 0.523 0.082 0.15
2 0.72 0.498 0.197333 0.169333
2 0.546333 0.34766699999999995 0.127333 0.123333
2 0.750667 0.35366699999999995 0.253333 0.158
2 0.926333 0.279 0.138 0.219333
2 0.834667 0.245 0.088 0.087333
2 0.706333 0.267 0.139333 0.123333
2 0.605 0.272667 0.058 0.076
2 0.40833299999999995 0.316333 0.104667 0.083333
2 0.27433300000000005 0.31033299999999997 0.086 0.082
2 0.096333 0.21566700000000005 0.122 0.126
2 0.10199999999999998 0.10566699999999996 0.144 0.143333
3 0.224333 0.250333 0.078 0.068667
2 0.32566700000000004 0.23933300000000002 0.127333 0.134667
2 0.347 0.091333 0.184667 0.172
2 0.470333 0.04366700000000001 0.086 0.087333
2 0.550667 0.13433300000000004 0.136 0.155333
2 0.751333 0.06866700000000003 0.112 0.132
2 0.829333 0.08999999999999997 0.068 0.108
2 0.8993329999999999 0.09866699999999995 0.069333 0.104
2 0.6783330000000001 0.15200000000000002 0.119333 0.132
2 0.7703329999999999 0.700333 0.084667 0.136667
2 0.21399999999999997 0.45699999999999996 0.065333 0.108667
2 0.824667 0.906 0.228 0.18
