2 0.8029999999999999 0.063 0.082 0.072667
2 0.11166699999999996 0.057 0.100667 0.103333
2 0.08099999999999996 0.291667 0.095333 0.086
3 0.14400000000000002 0.429333 0.097333 0.097333
3 0.254 0.631667 0.101333 0.076667
3 0.11933300000000002 0.662667 0.129333 0.130667
3 0.25733300000000003 0.727333 0.149333 0.129333
2 0.441333 0.787 0.152 0.151333
3 0.40700000000000003 0.895 0.074 0.086
3 0.33666700000000005 0.811667 0.072 0.086
3 0.20266700000000004 0.820667 0.065333 0.065333
2 0.10633300000000001 0.834333 0.119333 0.123333
3 0.627 0.881667 0.106 0.107333
3 0.627667 0.965333 0.095333 0.069333
3 0.5756669999999999 0.631 0.15 0.152667
3 0.655667 0.746667 0.148667 0.134667
2 0.75 0.857333 0.118667 0.130667
3 0.862333 0.847667 0.115333 0.127333
2 0.893 0.940667 0.126 0.094667
2 0.904667 0.738 0.130667 0.108
2 0.87 0.62 0.158667 0.138667
2 0.756 0.515 0.094667 0.092667
2 0.757667 0.411667 0.088667 0.091333
2 0.843667 0.385667 0.088667 0.09
2 0.712333 0.317 0.054 0.052667
2 0.06699999999999995 0.173667 0.134 0.135333
0 0.6643330000000001 0.214667 0.059333 0.065333
0 0.394667 0.290333 0.410667 0.404667
0 0.19933299999999998 0.294667 0.054667 0.066667
0 0.521667 0.573333 0.05 0.056
0 0.45066700000000004 0.644667 0.08 0.070667
0 0.460333 0.694 0.067333 0.037333
0 0.08899999999999997 0.532 0.080667 0.078667
0 0.04733299999999996 0.432333 0.094667 0.112667
0 0.025000000000000022 0.352667 0.05 0.045333
0 0.542667 0.822667 0.052 0.058667
0 0.406667 0.055333 0.08 0.072
0 0.952667 0.588 0.061333 0.066667
0 0.296667 0.884 0.138667 0.161333
0 0.20366700000000004 0.893667 0.055333 0.078
0 0.135 0.921667 0.047333 0.076667
0 0.15333300000000005 0.763333 0.061333 0.061333
2 0.954333 0.831333 0.09 0.113333
2 0.945333 0.481667 0.108 0.114
2 0.935333 0.378667 0.128 0.126667
