2 0.146 0.142 0.168 0.166667
2 0.313667 0.132333 0.146 0.167333
2 0.454333 0.162 0.146 0.206667
2 0.738 0.067333 0.061333 0.066667
2 0.821333 0.176667 0.128 0.108
1 0.687667 0.185 0.148667 0.106
2 0.228 0.279 0.093333 0.120667
2 0.117667 0.412667 0.183333 0.164
2 0.259 0.405 0.080667 0.082
2 0.177 0.556667 0.175333 0.137333
2 0.252333 0.675 0.147333 0.184667
2 0.070667 0.800333 0.134667 0.17
2 0.394 0.711333 0.136 0.125333
2 0.318 0.818333 0.154667 0.15
2 0.209 0.912667 0.160667 0.166667
2 0.463333 0.838333 0.136 0.154
2 0.584667 0.851667 0.101333 0.119333
2 0.697667 0.886 0.180667 0.16
2 0.908667 0.900667 0.182667 0.164
1 0.829 0.735667 0.151333 0.19
2 0.671333 0.713667 0.197333 0.207333
2 0.514 0.694 0.132 0.14
2 0.341667 0.467 0.076667 0.075333
2 0.417333 0.580667 0.213333 0.169333
2 0.599333 0.555667 0.149333 0.147333
2 0.468 0.430333 0.170667 0.154
2 0.598 0.408667 0.102667 0.128
2 0.708333 0.475667 0.168667 0.183333
2 0.835 0.501667 0.151333 0.152667
2 0.859 0.323333 0.158 0.181333
2 0.7 0.309333 0.181333 0.162667
2 0.491 0.283 0.160667 0.146
0 0.145667 0.665 0.067333 0.067333
0 0.588333 0.188 0.106 0.098667
2 0.944667 0.734667 0.110667 0.157333
2 0.956333 0.473333 0.087333 0.138667
2 0.962 0.334 0.076 0.146667
2 0.869667 0.065667 0.186 0.13
2 0.063 0.564 0.124667 0.194667
2 0.646667 0.061 0.12 0.120667
2 0.918 0.61 0.164 0.133333
2 0.487333 0.053 0.194667 0.104667
2 0.398667 0.934333 0.216 0.131333
3 0.947333 0.199667 0.105333 0.148667
