2 0.134 0.918667 0.130667 0.122667
2 0.149667 0.793667 0.156667 0.152667
2 0.147 0.640333 0.154 0.174
2 0.260667 0.874333 0.104 0.111333
2 0.288 0.7376670000000001 0.197333 0.156667
2 0.270333 0.610333 0.143333 0.108667
2 0.299 0.486 0.206 0.154667
2 0.096667 0.37833300000000003 0.132 0.108667
2 0.066667 0.20099999999999996 0.128 0.232667
2 0.177667 0.239 0.176667 0.182
2 0.221333 0.097333 0.158667 0.162667
2 0.37 0.13866699999999998 0.166667 0.168
2 0.322 0.281 0.129333 0.152667
2 0.460667 0.309667 0.296 0.284667
2 0.61 0.14100000000000001 0.161333 0.194
2 0.765 0.10566699999999996 0.156667 0.19
2 0.686667 0.271 0.161333 0.120667
2 0.690333 0.38333300000000003 0.15 0.093333
2 0.673333 0.49566699999999997 0.168 0.143333
2 0.572667 0.5409999999999999 0.108 0.094
2 0.668 0.646 0.141333 0.156
2 0.524667 0.639667 0.224 0.219333
2 0.529667 0.786 0.122 0.090667
2 0.493333 0.910667 0.136 0.169333
2 0.363667 0.909333 0.143333 0.170667
2 0.63 0.876 0.186667 0.216
2 0.774667 0.576333 0.062667 0.068667
2 0.904333 0.846333 0.186 0.214
2 0.901667 0.255667 0.120667 0.087333
1 0.203333 0.39233300000000004 0.082667 0.07
0 0.753 0.792333 0.116667 0.116667
2 0.781 0.925 0.176667 0.148667
2 0.511333 0.05666700000000002 0.173333 0.113333
2 0.909 0.634333 0.182 0.146
2 0.897 0.45199999999999996 0.206 0.221333
