2 0.7456670000000001 0.049333 0.083333 0.082667
3 0.744 0.162667 0.122667 0.129333
3 0.725333 0.297 0.096 0.120667
3 0.525333 0.212333 0.073333 0.082
3 0.629667 0.118667 0.079333 0.094667
3 0.624 0.038333 0.062667 0.05
3 0.526667 0.118 0.101333 0.101333
2 0.529667 0.033333 0.087333 0.062667
3 0.42333299999999996 0.149333 0.102667 0.128
2 0.28900000000000003 0.141667 0.156667 0.164667
3 0.17166700000000001 0.166667 0.080667 0.109333
3 0.07733299999999999 0.081667 0.078667 0.07
2 0.07233299999999998 0.187 0.143333 0.142
3 0.18400000000000005 0.28 0.058667 0.054667
3 0.17300000000000004 0.362333 0.116667 0.11
2 0.07533299999999998 0.359 0.073333 0.086
3 0.07399999999999995 0.465333 0.073333 0.065333
2 0.17100000000000004 0.472667 0.115333 0.1
2 0.18700000000000006 0.601333 0.194 0.157333
2 0.05366700000000002 0.562333 0.094 0.118
2 0.07399999999999995 0.684333 0.148 0.126
2 0.17900000000000005 0.814 0.119333 0.168
2 0.294667 0.822 0.124 0.198667
2 0.39133300000000004 0.798667 0.094667 0.188
2 0.489 0.821333 0.115333 0.172
2 0.412667 0.946667 0.104 0.094667
2 0.506667 0.949333 0.097333 0.086667
2 0.624667 0.952667 0.12 0.093333
2 0.772 0.931333 0.128 0.130667
2 0.8993329999999999 0.822333 0.130667 0.143333
2 0.887 0.683333 0.124667 0.124
2 0.76 0.804333 0.137333 0.156667
2 0.616333 0.839333 0.17 0.169333
2 0.629 0.657667 0.152667 0.15
2 0.622 0.757667 0.105333 0.058
2 0.745 0.566 0.120667 0.116
2 0.7376670000000001 0.434 0.115333 0.146667
3 0.855667 0.472333 0.056667 0.051333
2 0.636333 0.372333 0.148667 0.095333
3 0.636 0.489667 0.136 0.147333
2 0.5023329999999999 0.445 0.139333 0.122
2 0.508 0.547333 0.138667 0.096
2 0.5103329999999999 0.653 0.118 0.123333
2 0.41933299999999996 0.587667 0.077333 0.063333
2 0.33599999999999997 0.455 0.208 0.200667
2 0.865667 0.281 0.067333 0.054
3 0.29033299999999995 0.032667 0.103333 0.064
2 0.07733299999999999 0.891333 0.154667 0.158667
0 0.856333 0.385333 0.142 0.122667
0 0.683667 0.242333 0.072667 0.067333
0 0.643667 0.292667 0.07 0.064
0 0.617667 0.215 0.063333 0.051333
0 0.556 0.401 0.069333 0.088667
2 0.16433299999999995 0.059 0.127333 0.115333
2 0.28433299999999995 0.955667 0.156667 0.088667
3 0.41400000000000003 0.043 0.121333 0.080667
