2 0.911667 0.875667 0.147333 0.15
2 0.509 0.948333 0.078 0.091333
3 0.349333 0.9390000000000001 0.077333 0.084667
2 0.255667 0.92 0.092667 0.104
3 0.603333 0.953667 0.064 0.086
3 0.626333 0.8486670000000001 0.095333 0.096
2 0.527667 0.840667 0.095333 0.101333
2 0.623333 0.748 0.132 0.105333
3 0.43400000000000005 0.726 0.053333 0.064
3 0.893667 0.755667 0.05 0.048667
2 0.10599999999999998 0.7953330000000001 0.102667 0.089333
3 0.131 0.703667 0.152667 0.144667
2 0.613 0.631 0.155333 0.126
3 0.500667 0.619 0.097333 0.106
3 0.37366699999999997 0.602333 0.148667 0.155333
2 0.24733300000000003 0.5820000000000001 0.104 0.104
2 0.575 0.5 0.128667 0.134667
2 0.46599999999999997 0.513667 0.102667 0.116667
2 0.314333 0.478 0.119333 0.112
2 0.20266700000000004 0.47466699999999995 0.104 0.102667
2 0.118 0.39133300000000004 0.098667 0.086667
2 0.06866700000000003 0.279 0.092 0.086
3 0.17333299999999996 0.294667 0.101333 0.101333
3 0.20399999999999996 0.37933300000000003 0.073333 0.093333
2 0.29233299999999995 0.36966699999999997 0.122 0.126
2 0.42333299999999996 0.39333300000000004 0.134667 0.124
2 0.373 0.30100000000000005 0.106 0.063333
2 0.294667 0.18766700000000003 0.170667 0.151333
2 0.357333 0.08366700000000005 0.064 0.068667
2 0.916333 0.645667 0.082 0.078
2 0.938 0.526667 0.066667 0.104
2 0.8316669999999999 0.543667 0.154 0.151333
2 0.757667 0.43433299999999997 0.106 0.099333
3 0.72 0.529333 0.058667 0.070667
2 0.878667 0.35566699999999996 0.133333 0.120667
2 0.9299999999999999 0.23866699999999996 0.128 0.138667
2 0.818667 0.225333 0.128 0.148
2 0.7006669999999999 0.32799999999999996 0.174667 0.16
2 0.587 0.32666700000000004 0.086 0.112
2 0.493333 0.30300000000000005 0.098667 0.09
2 0.517333 0.20199999999999996 0.144 0.132
2 0.5163329999999999 0.09266700000000005 0.148667 0.12
2 0.645667 0.11966699999999997 0.115333 0.107333
2 0.678667 0.19899999999999995 0.169333 0.104667
2 0.744333 0.11499999999999999 0.079333 0.088667
2 0.8376669999999999 0.093333 0.11 0.124
2 0.930667 0.12033300000000002 0.090667 0.111333
3 0.11733300000000002 0.474 0.072 0.058667
2 0.965667 0.35266699999999995 0.067333 0.096
0 0.777333 0.897333 0.081333 0.090667
2 0.13033300000000003 0.06000000000000005 0.168667 0.12
2 0.05600000000000005 0.167667 0.112 0.143333
3 0.688 0.954333 0.088 0.09
