2 0.525667 0.851333 0.047333 0.052
2 0.425333 0.931333 0.144 0.133333
3 0.322 0.817333 0.088 0.094667
2 0.226 0.740333 0.054667 0.056667
2 0.205 0.909667 0.120667 0.143333
2 0.071333 0.885667 0.094667 0.080667
0 0.320333 0.615667 0.034 0.03
0 0.313333 0.709667 0.113333 0.126
0 0.097333 0.274667 0.065333 0.077333
0 0.186333 0.251667 0.115333 0.088667
0 0.116 0.12 0.121333 0.14
0 0.245 0.160667 0.142 0.128
0 0.251667 0.06466700000000003 0.096667 0.066667
0 0.334333 0.368 0.075333 0.085333
0 0.355 0.30833299999999997 0.058 0.051333
0 0.404333 0.48366699999999996 0.083333 0.088667
0 0.557 0.486 0.044667 0.036
0 0.493 0.35066699999999995 0.087333 0.08
0 0.394333 0.23666699999999996 0.123333 0.128
0 0.641667 0.36466699999999996 0.17 0.185333
0 0.716 0.22999999999999998 0.121333 0.086667
0 0.559333 0.21999999999999997 0.156 0.18
0 0.534667 0.730333 0.090667 0.083333
0 0.553667 0.7953330000000001 0.086 0.066667
0 0.623333 0.835333 0.08 0.084
0 0.803 0.12066699999999997 0.140667 0.114667
0 0.826667 0.264667 0.144 0.14
0 0.856667 0.18066700000000002 0.066667 0.06
0 0.661333 0.7050000000000001 0.084 0.080667
2 0.091667 0.651667 0.182 0.148667
2 0.090667 0.802667 0.178667 0.161333
0 0.374333 0.05833299999999997 0.146 0.116667
0 0.625333 0.06533299999999997 0.169333 0.130667
0 0.495333 0.11699999999999999 0.102667 0.184667
0 0.802667 0.394667 0.090667 0.096
0 0.923333 0.363333 0.132 0.173333
0 0.769667 0.468333 0.09 0.099333
0 0.858667 0.463333 0.088 0.097333
0 0.641667 0.5816669999999999 0.128667 0.118
0 0.726333 0.558667 0.124667 0.144
0 0.962667 0.5509999999999999 0.074667 0.138
