3 0.771667 0.097 0.122 0.118
2 0.5986670000000001 0.065 0.090667 0.098
3 0.663667 0.146333 0.115333 0.091333
2 0.562333 0.229 0.115333 0.154
2 0.682667 0.238 0.133333 0.133333
2 0.799333 0.212667 0.105333 0.1
3 0.918667 0.209333 0.108 0.104
3 0.942667 0.318 0.1 0.096
3 0.831333 0.321667 0.136 0.118
2 0.6 0.352667 0.16 0.132
2 0.73 0.470333 0.172 0.151333
3 0.577 0.486667 0.152667 0.138667
3 0.45399999999999996 0.484333 0.101333 0.095333
2 0.293667 0.515 0.114 0.115333
2 0.13566699999999998 0.534333 0.083333 0.09
2 0.27033300000000005 0.666333 0.047333 0.051333
2 0.404 0.665 0.057333 0.056667
3 0.403667 0.751333 0.116667 0.098667
3 0.277 0.766 0.106 0.1
3 0.09366699999999994 0.904667 0.139333 0.128
3 0.20966700000000005 0.884333 0.095333 0.123333
3 0.5063329999999999 0.94 0.052667 0.042667
2 0.598333 0.915 0.084667 0.098
2 0.703333 0.908 0.1 0.118667
3 0.780667 0.907333 0.073333 0.082667
2 0.892333 0.801 0.116667 0.11
2 0.9053329999999999 0.696333 0.104 0.091333
2 0.650333 0.708667 0.122 0.097333
2 0.713667 0.625333 0.168667 0.130667
2 0.8506670000000001 0.576333 0.169333 0.151333
3 0.982333 0.208333 0.034 0.059333
3 0.729 0.347333 0.074 0.097333
2 0.07633299999999998 0.793667 0.152667 0.172667
3 0.7969999999999999 0.712 0.075333 0.101333
0 0.884667 0.130333 0.037333 0.043333
0 0.45466700000000004 0.275 0.086667 0.072667
0 0.26433300000000004 0.307 0.054 0.054
0 0.38133300000000003 0.45 0.058667 0.056
0 0.18999999999999995 0.422333 0.049333 0.078
0 0.467333 0.719 0.050667 0.059333
0 0.19033299999999997 0.737 0.064667 0.071333
0 0.31699999999999995 0.661667 0.036667 0.043333
0 0.30633299999999997 0.429333 0.046 0.054667
0 0.354333 0.417 0.028667 0.040667
0 0.310667 0.375667 0.086667 0.074
0 0.21766700000000005 0.073667 0.154 0.146
0 0.08666700000000005 0.100667 0.169333 0.198667
3 0.948 0.885 0.102667 0.11
