2 0.197 0.063 0.082 0.072667
2 0.888333 0.057 0.100667 0.103333
2 0.919 0.291667 0.095333 0.086
3 0.856 0.429333 0.097333 0.097333
3 0.746 0.631667 0.101333 0.076667
3 0.880667 0.662667 0.129333 0.130667
3 0.742667 0.727333 0.149333 0.129333
2 0.558667 0.787 0.152 0.151333
3 0.593 0.895 0.074 0.086
3 0.663333 0.811667 0.072 0.086
3 0.797333 0.820667 0.065333 0.065333
2 0.893667 0.834333 0.119333 0.123333
3 0.373 0.881667 0.106 0.107333
3 0.372333 0.965333 0.095333 0.069333
3 0.424333 0.631 0.15 0.152667
3 0.344333 0.746667 0.148667 0.134667
2 0.25 0.857333 0.118667 0.130667
3 0.137667 0.847667 0.115333 0.127333
2 0.107 0.940667 0.126 0.094667
2 0.095333 0.738 0.130667 0.108
2 0.13 0.62 0.158667 0.138667
2 0.244 0.515 0.094667 0.092667
2 0.242333 0.411667 0.088667 0.091333
2 0.156333 0.385667 0.088667 0.09
2 0.287667 0.317 0.054 0.052667
2 0.933 0.173667 0.134 0.135333
0 0.335667 0.214667 0.059333 0.065333
0 0.605333 0.290333 0.410667 0.404667
0 0.800667 0.294667 0.054667 0.066667
0 0.478333 0.573333 0.05 0.056
0 0.549333 0.644667 0.08 0.070667
0 0.539667 0.694 0.067333 0.037333
0 0.911 0.532 0.080667 0.078667
0 0.952667 0.432333 0.094667 0.112667
0 0.975 0.352667 0.05 0.045333
0 0.457333 0.822667 0.052 0.058667
0 0.593333 0.055333 0.08 0.072
0 0.047333 0.588 0.061333 0.066667
0 0.703333 0.884 0.138667 0.161333
0 0.796333 0.893667 0.055333 0.078
0 0.865 0.921667 0.047333 0.076667
0 0.846667 0.763333 0.061333 0.061333
2 0.045667 0.831333 0.09 0.113333
2 0.054667 0.481667 0.108 0.114
2 0.064667 0.378667 0.128 0.126667
