2 0.368 0.096333 0.118667 0.148667
2 0.9339999999999999 0.19333299999999998 0.102667 0.106667
3 0.801333 0.29400000000000004 0.062667 0.077333
3 0.6966669999999999 0.269 0.069333 0.080667
3 0.732667 0.394667 0.108 0.109333
2 0.671667 0.471 0.108667 0.118
2 0.527 0.456333 0.060667 0.080667
3 0.394667 0.44666700000000004 0.081333 0.105333
3 0.31466700000000003 0.604 0.1 0.102667
3 0.21499999999999997 0.591333 0.046 0.044
2 0.09799999999999998 0.739333 0.194667 0.193333
2 0.07333299999999998 0.897667 0.137333 0.123333
2 0.265667 0.897 0.116667 0.116667
2 0.4 0.900333 0.124 0.128667
2 0.9103330000000001 0.51 0.139333 0.129333
3 0.926333 0.649 0.120667 0.123333
2 0.917 0.797333 0.116667 0.134667
3 0.859667 0.8546670000000001 0.115333 0.129333
2 0.815333 0.944667 0.098667 0.106667
3 0.728667 0.810667 0.130667 0.156
2 0.562 0.646333 0.097333 0.084667
2 0.689667 0.6313329999999999 0.119333 0.133333
2 0.5373330000000001 0.765 0.093333 0.124667
0 0.7010000000000001 0.06000000000000005 0.066 0.084
0 0.36266699999999996 0.233333 0.102667 0.093333
0 0.19033299999999997 0.33666700000000005 0.086 0.072
0 0.630333 0.395 0.058 0.062
0 0.5553330000000001 0.37266699999999997 0.08 0.084
0 0.951333 0.397667 0.045333 0.051333
2 0.521333 0.037667000000000006 0.08 0.075333
0 0.402 0.750333 0.078667 0.068667
0 0.33866700000000005 0.758 0.044 0.054667
2 0.697333 0.943333 0.142667 0.110667
