2 0.918 0.144333 0.148 0.218
2 0.646667 0.057333 0.092 0.102667
2 0.573 0.155333 0.106 0.129333
2 0.671667 0.169333 0.114 0.170667
1 0.770667 0.158667 0.098667 0.166667
2 0.41733299999999995 0.123333 0.150667 0.106667
2 0.26533300000000004 0.117333 0.14 0.133333
1 0.170667 0.137 0.109333 0.115333
2 0.05266700000000002 0.163667 0.098667 0.151333
2 0.14100000000000001 0.217667 0.114 0.079333
2 0.17233299999999996 0.304 0.143333 0.134667
2 0.257667 0.232667 0.103333 0.1
1 0.359 0.245333 0.147333 0.134667
2 0.458333 0.195667 0.143333 0.123333
2 0.522 0.277 0.173333 0.147333
2 0.361333 0.339333 0.134667 0.1
1 0.248 0.396 0.193333 0.170667
1 0.359 0.502333 0.180667 0.146
1 0.427667 0.428333 0.128667 0.142
2 0.5389999999999999 0.39 0.115333 0.112
2 0.628 0.341333 0.104 0.121333
2 0.732667 0.323333 0.125333 0.142667
2 0.9143330000000001 0.347667 0.152667 0.152667
2 0.814333 0.406667 0.15 0.148
2 0.724333 0.474 0.106 0.116
2 0.623667 0.462333 0.120667 0.123333
2 0.567333 0.549667 0.150667 0.135333
2 0.432667 0.636 0.213333 0.232
2 0.601333 0.648333 0.129333 0.11
2 0.6819999999999999 0.563 0.090667 0.088667
1 0.805667 0.576 0.19 0.188
2 0.921333 0.519333 0.133333 0.129333
2 0.749333 0.764333 0.196 0.198
1 0.749 0.902 0.116667 0.1
2 0.610333 0.854333 0.147333 0.183333
2 0.523 0.744 0.15 0.137333
1 0.885333 0.801667 0.089333 0.139333
1 0.930333 0.899667 0.118 0.115333
1 0.086333 0.055333 0.172667 0.109333
2 0.94 0.787 0.118667 0.147333
2 0.765333 0.037333 0.141333 0.070667
2 0.473333 0.054 0.176 0.106667
0 0.040000000000000036 0.871333 0.077333 0.082667
0 0.03733299999999995 0.953667 0.074667 0.092667
