2 0.068333 0.194333 0.112667 0.148667
1 0.055667 0.082333 0.092667 0.103333
2 0.150667 0.081667 0.108 0.135333
2 0.169333 0.215 0.101333 0.131333
2 0.250667 0.107667 0.092 0.116667
1 0.368 0.136 0.16 0.226667
2 0.266667 0.199667 0.124 0.107333
2 0.302667 0.312333 0.198667 0.187333
2 0.206333 0.365667 0.186 0.152667
2 0.393667 0.371333 0.15 0.156
2 0.227 0.484 0.119333 0.133333
2 0.337667 0.484333 0.11 0.118
2 0.138333 0.563333 0.144667 0.132
2 0.128 0.685333 0.096 0.128
2 0.051333 0.804667 0.078667 0.094667
2 0.127 0.815 0.114 0.135333
2 0.170333 0.905333 0.155333 0.073333
2 0.214667 0.820333 0.089333 0.11
2 0.284667 0.837333 0.076 0.134667
1 0.429333 0.508667 0.109333 0.108
2 0.416667 0.604667 0.152 0.136
2 0.281 0.593667 0.114 0.111333
2 0.221667 0.696667 0.124667 0.137333
2 0.314667 0.712333 0.094667 0.112667
2 0.404 0.733 0.104 0.138
2 0.516667 0.734667 0.118667 0.137333
2 0.354667 0.838 0.072 0.1
2 0.408333 0.866333 0.120667 0.120667
2 0.508333 0.860333 0.102 0.116667
2 0.579 0.962667 0.106 0.074667
2 0.609667 0.865 0.123333 0.135333
2 0.731333 0.881667 0.128 0.146
2 0.832 0.881667 0.085333 0.095333
2 0.942333 0.896 0.108667 0.102667
2 0.911333 0.799667 0.134667 0.115333
2 0.814 0.783333 0.101333 0.101333
2 0.728333 0.758667 0.080667 0.102667
2 0.636667 0.750667 0.102667 0.102667
2 0.602667 0.663333 0.142667 0.104
2 0.516667 0.412333 0.14 0.184667
2 0.594667 0.527333 0.190667 0.169333
2 0.799333 0.666 0.136 0.110667
2 0.922 0.689333 0.128 0.12
2 0.842 0.554667 0.082667 0.088
2 0.734 0.561333 0.125333 0.189333
2 0.830667 0.438667 0.124 0.149333
2 0.727333 0.430667 0.117333 0.109333
2 0.625333 0.424 0.094667 0.104
2 0.94 0.346 0.092 0.116
1 0.860667 0.350667 0.077333 0.096
2 0.778 0.338 0.112 0.108
2 0.661333 0.333333 0.126667 0.12
2 0.524667 0.225333 0.125333 0.12
2 0.645333 0.218 0.110667 0.132
2 0.772667 0.216667 0.16 0.134667
1 0.937333 0.456667 0.118667 0.132
2 0.930667 0.248667 0.132 0.108
1 0.941333 0.146 0.105333 0.148
2 0.856 0.124667 0.118667 0.161333
2 0.512 0.104 0.145333 0.168
1 0.652667 0.091333 0.125333 0.153333
1 0.763333 0.092667 0.098667 0.14
2 0.056 0.690333 0.110667 0.163333
2 0.925333 0.570667 0.149333 0.12
2 0.061 0.373333 0.120667 0.205333
2 0.465667 0.952667 0.132667 0.094667
