2 0.877667 0.902667 0.087333 0.097333
2 0.776 0.923 0.142667 0.152667
2 0.521667 0.908667 0.175333 0.178667
2 0.252 0.904667 0.172 0.165333
2 0.12833300000000003 0.892 0.052667 0.06
2 0.04400000000000004 0.724667 0.088 0.136
2 0.15000000000000002 0.760667 0.126667 0.125333
2 0.273 0.755667 0.127333 0.118
3 0.377 0.749667 0.072667 0.088667
2 0.17966700000000002 0.642667 0.144667 0.161333
2 0.30600000000000005 0.615 0.128 0.122
3 0.588667 0.628667 0.170667 0.141333
2 0.722333 0.626667 0.084667 0.078667
2 0.728 0.762667 0.168 0.168
2 0.878667 0.539667 0.133333 0.122
2 0.7376670000000001 0.544667 0.148667 0.126667
2 0.6146670000000001 0.508667 0.097333 0.101333
2 0.49166699999999997 0.529333 0.138 0.134667
2 0.36266699999999996 0.529667 0.132 0.143333
2 0.07199999999999995 0.526667 0.14 0.154667
2 0.07733299999999999 0.40933299999999995 0.136 0.133333
2 0.21599999999999997 0.448333 0.136 0.178
2 0.34366699999999994 0.399667 0.147333 0.139333
2 0.511 0.403 0.176667 0.143333
2 0.5263329999999999 0.276667 0.148667 0.137333
2 0.395667 0.27133300000000005 0.107333 0.134667
2 0.28 0.271667 0.136 0.144667
3 0.17666700000000002 0.29700000000000004 0.096 0.118
2 0.06399999999999995 0.28133300000000006 0.126667 0.128
3 0.12366699999999997 0.16700000000000004 0.087333 0.107333
2 0.22699999999999998 0.14933300000000005 0.124667 0.169333
2 0.36166699999999996 0.13566699999999998 0.144667 0.144667
2 0.5083329999999999 0.13033300000000003 0.131333 0.152667
2 0.732 0.15233300000000005 0.168 0.203333
2 0.876333 0.14533300000000005 0.118 0.166667
2 0.900667 0.289667 0.138667 0.144667
2 0.748 0.30333299999999996 0.164 0.137333
2 0.625 0.32099999999999995 0.048667 0.074
2 0.916 0.42400000000000004 0.153333 0.14
2 0.75 0.42533299999999996 0.137333 0.112
3 0.484 0.746333 0.108 0.120667
3 0.597 0.755333 0.09 0.102667
2 0.9646669999999999 0.15033300000000005 0.069333 0.160667
2 0.911667 0.676667 0.174 0.204
3 0.03733299999999995 0.16133299999999995 0.074667 0.133333
3 0.06533299999999997 0.03833299999999995 0.084 0.076667
3 0.5796669999999999 0.057667000000000024 0.126 0.115333
