3 0.102667 0.800667 0.093333 0.074667
2 0.093667 0.665667 0.155333 0.147333
1 0.116333 0.532 0.148667 0.137333
2 0.142667 0.40900000000000003 0.14 0.114
2 0.169667 0.30633299999999997 0.147333 0.114
2 0.055333 0.31666700000000003 0.106667 0.129333
2 0.076 0.19366700000000003 0.132 0.127333
2 0.093 0.06999999999999995 0.148667 0.130667
2 0.209333 0.08333299999999999 0.126667 0.112
2 0.211333 0.216333 0.141333 0.151333
2 0.22 0.913 0.158667 0.152667
2 0.209333 0.782333 0.142667 0.116667
2 0.237333 0.655667 0.165333 0.140667
2 0.259 0.5303329999999999 0.144667 0.116667
2 0.303333 0.40233300000000005 0.161333 0.15
2 0.337333 0.20133299999999998 0.126667 0.173333
2 0.471667 0.13766699999999998 0.187333 0.223333
2 0.547 0.28733299999999995 0.071333 0.101333
2 0.574 0.41800000000000004 0.158667 0.154667
2 0.417667 0.454333 0.146 0.143333
2 0.418667 0.5900000000000001 0.202667 0.137333
2 0.408667 0.717333 0.225333 0.158667
1 0.363 0.837333 0.158 0.124
2 0.372 0.945 0.162667 0.108667
2 0.520333 0.791 0.154 0.214
2 0.640667 0.796667 0.1 0.097333
2 0.735333 0.815333 0.166667 0.188
2 0.731 0.957 0.088667 0.084667
2 0.838 0.929333 0.122667 0.134667
2 0.683667 0.5896669999999999 0.242 0.208667
2 0.703333 0.48266699999999996 0.092 0.064
2 0.868333 0.743 0.208667 0.164667
2 0.899 0.611667 0.188667 0.116667
2 0.831 0.44666700000000004 0.139333 0.228
2 0.700333 0.38333300000000003 0.17 0.145333
2 0.699333 0.26933300000000004 0.1 0.093333
2 0.828333 0.281 0.158 0.119333
2 0.867333 0.16933299999999996 0.130667 0.126667
2 0.875333 0.056332999999999966 0.177333 0.108667
2 0.718 0.15433300000000005 0.168 0.148667
0 0.33 0.056332999999999966 0.101333 0.112667
0 0.962333 0.25833300000000003 0.075333 0.112667
2 0.582 0.913 0.216 0.172667
0 0.414 0.232333 0.058667 0.054
2 0.042667 0.441333 0.084 0.132
2 0.730333 0.052000000000000046 0.147333 0.097333
