0 0.686667 0.852333 0.146667 0.167333
0 0.720333 0.7130000000000001 0.092667 0.102
0 0.6293329999999999 0.72 0.113333 0.108
0 0.683667 0.5836669999999999 0.227333 0.216667
0 0.38933300000000004 0.711667 0.185333 0.192667
0 0.5303329999999999 0.776667 0.19 0.198667
0 0.545667 0.923667 0.232667 0.151333
0 0.20799999999999996 0.816333 0.193333 0.212667
0 0.32299999999999995 0.480333 0.194 0.195333
0 0.10333300000000001 0.484 0.104 0.078667
0 0.46399999999999997 0.581 0.12 0.119333
0 0.557667 0.614 0.083333 0.090667
0 0.46299999999999997 0.46099999999999997 0.143333 0.146
0 0.44466700000000003 0.344333 0.246667 0.148667
0 0.252 0.305667 0.136 0.099333
0 0.42433299999999996 0.21866699999999994 0.222 0.133333
0 0.305667 0.673 0.124667 0.146
0 0.12333300000000003 0.581333 0.090667 0.121333
0 0.906 0.859667 0.186667 0.279333
0 0.814333 0.849 0.132667 0.206
0 0.888667 0.668667 0.221333 0.156
0 0.895333 0.216333 0.156 0.135333
0 0.69 0.330333 0.217333 0.212667
0 0.793 0.387667 0.168667 0.163333
0 0.09666699999999995 0.893667 0.150667 0.19
0 0.870667 0.521 0.257333 0.172667
0 0.577333 0.18200000000000005 0.08 0.082667
0 0.863333 0.11266699999999996 0.077333 0.077333
0 0.808333 0.07333299999999998 0.120667 0.146667
0 0.671 0.11666699999999997 0.046 0.061333
0 0.742667 0.17400000000000004 0.068 0.06
0 0.17600000000000005 0.421667 0.056 0.063333
0 0.957667 0.11766699999999997 0.083333 0.084667
0 0.900333 0.08366700000000005 0.124667 0.140667
