2 0.857 0.808667 0.112667 0.112
2 0.766 0.819667 0.094667 0.115333
2 0.6819999999999999 0.83 0.106667 0.105333
2 0.608333 0.897667 0.115333 0.148667
2 0.476333 0.911333 0.168667 0.168
2 0.348 0.913667 0.125333 0.144667
2 0.209333 0.911333 0.133333 0.145333
2 0.08266700000000005 0.881667 0.102667 0.178
2 0.19099999999999995 0.771 0.094 0.092667
2 0.313333 0.760667 0.141333 0.158667
2 0.451333 0.792667 0.104 0.12
2 0.40733299999999995 0.672667 0.130667 0.134667
2 0.5636669999999999 0.790667 0.115333 0.101333
2 0.883333 0.626 0.126667 0.117333
2 0.879333 0.519667 0.126667 0.11
2 0.812 0.6799999999999999 0.138667 0.128
2 0.766667 0.562 0.109333 0.105333
2 0.677667 0.7170000000000001 0.146 0.126
2 0.673667 0.617 0.112667 0.098
2 0.6353329999999999 0.517 0.133333 0.174
2 0.520667 0.549667 0.096 0.086
2 0.55 0.6619999999999999 0.157333 0.177333
2 0.18266700000000002 0.651 0.158667 0.124667
2 0.24366699999999997 0.5676669999999999 0.163333 0.147333
2 0.10466699999999995 0.526667 0.128 0.132
2 0.388 0.547667 0.166667 0.143333
2 0.46399999999999997 0.44966700000000004 0.134667 0.136667
2 0.5613330000000001 0.378 0.168 0.162667
2 0.5023329999999999 0.27733300000000005 0.05 0.061333
2 0.38833300000000004 0.350333 0.111333 0.143333
2 0.30600000000000005 0.461333 0.128 0.129333
2 0.23066699999999996 0.372 0.129333 0.133333
2 0.08699999999999997 0.39133300000000004 0.144667 0.156
2 0.150667 0.300667 0.113333 0.1
2 0.150667 0.218333 0.092 0.087333
2 0.32766700000000004 0.23966699999999996 0.112667 0.114
2 0.28133300000000006 0.162667 0.108 0.090667
2 0.19166700000000003 0.08233299999999999 0.156667 0.164667
2 0.562333 0.207333 0.11 0.126667
2 0.45499999999999996 0.17600000000000005 0.15 0.174667
2 0.656333 0.165667 0.086 0.112667
2 0.768667 0.16200000000000003 0.138667 0.169333
2 0.861667 0.144667 0.119333 0.14
2 0.869333 0.265 0.173333 0.247333
2 0.7146669999999999 0.30600000000000005 0.136 0.126667
1 0.762333 0.43966700000000003 0.226 0.186
2 0.937 0.43000000000000005 0.122 0.133333
2 0.955667 0.22599999999999998 0.082 0.110667
2 0.952333 0.897333 0.094 0.128
2 0.813 0.917667 0.266 0.162
2 0.781667 0.04133299999999995 0.126 0.082667
2 0.050000000000000044 0.6393329999999999 0.1 0.129333
2 0.43300000000000005 0.06666700000000003 0.163333 0.133333
2 0.904 0.05366700000000002 0.14 0.107333
2 0.04200000000000004 0.28533299999999995 0.084 0.092
