2 0.476333 0.070333 0.104667 0.087333
3 0.358333 0.074667 0.102 0.088
2 0.10633300000000001 0.117 0.094 0.106
2 0.17733299999999996 0.196333 0.064 0.114
3 0.27 0.173333 0.110667 0.126667
2 0.375 0.175 0.095333 0.118
2 0.475 0.174667 0.11 0.126667
3 0.43133299999999997 0.321 0.141333 0.155333
3 0.30000000000000004 0.315 0.142667 0.146
2 0.10899999999999999 0.312333 0.15 0.156667
2 0.13866699999999998 0.454667 0.070667 0.110667
2 0.05400000000000005 0.483667 0.101333 0.111333
2 0.245 0.435 0.139333 0.139333
2 0.371 0.553 0.112667 0.116667
2 0.257667 0.572 0.13 0.16
2 0.163667 0.564667 0.076667 0.098667
2 0.08066700000000004 0.575 0.090667 0.082
2 0.09166700000000005 0.665 0.11 0.115333
2 0.20666700000000005 0.663 0.132 0.094
3 0.33666700000000005 0.663 0.089333 0.088667
3 0.374333 0.756667 0.088667 0.134667
2 0.277 0.774667 0.103333 0.14
2 0.16400000000000003 0.779 0.132 0.146
2 0.16733299999999995 0.908 0.122667 0.137333
3 0.059667000000000026 0.887667 0.079333 0.078
2 0.287667 0.917 0.120667 0.152667
3 0.416667 0.883667 0.14 0.119333
2 0.489 0.779667 0.143333 0.158
3 0.5820000000000001 0.865667 0.098667 0.132667
3 0.7 0.867667 0.098667 0.11
3 0.5143329999999999 0.670667 0.114 0.126667
2 0.472333 0.465 0.115333 0.131333
3 0.589 0.435 0.123333 0.127333
3 0.5986670000000001 0.548 0.165333 0.12
2 0.6859999999999999 0.451 0.06 0.062
2 0.801333 0.438667 0.068 0.062667
3 0.876667 0.512667 0.101333 0.1
3 0.771 0.516333 0.054 0.062
3 0.737333 0.630667 0.070667 0.082667
3 0.7853330000000001 0.768 0.085333 0.090667
3 0.630667 0.648333 0.142667 0.140667
3 0.654333 0.752333 0.046 0.048667
3 0.471333 0.552 0.06 0.064
2 0.819667 0.622 0.064667 0.074667
2 0.047667000000000015 0.806 0.095333 0.129333
