2 0.142 0.854 0.166667 0.168
2 0.132333 0.6863330000000001 0.167333 0.146
2 0.162 0.545667 0.206667 0.146
2 0.067333 0.262 0.066667 0.061333
2 0.176667 0.17866700000000002 0.108 0.128
1 0.185 0.31233299999999997 0.106 0.148667
2 0.279 0.772 0.120667 0.093333
2 0.412667 0.882333 0.164 0.183333
2 0.405 0.741 0.082 0.080667
2 0.556667 0.823 0.137333 0.175333
2 0.675 0.7476670000000001 0.184667 0.147333
2 0.800333 0.929333 0.17 0.134667
2 0.711333 0.606 0.125333 0.136
2 0.818333 0.6819999999999999 0.15 0.154667
2 0.912667 0.791 0.166667 0.160667
2 0.838333 0.536667 0.154 0.136
2 0.851667 0.41533299999999995 0.119333 0.101333
2 0.886 0.30233299999999996 0.16 0.180667
2 0.900667 0.091333 0.164 0.182667
1 0.735667 0.17100000000000004 0.19 0.151333
2 0.713667 0.32866700000000004 0.207333 0.197333
2 0.694 0.486 0.14 0.132
2 0.467 0.6583330000000001 0.075333 0.076667
2 0.580667 0.582667 0.169333 0.213333
2 0.555667 0.400667 0.147333 0.149333
2 0.430333 0.532 0.154 0.170667
2 0.408667 0.402 0.128 0.102667
2 0.475667 0.291667 0.183333 0.168667
2 0.501667 0.16500000000000004 0.152667 0.151333
2 0.323333 0.14100000000000001 0.181333 0.158
2 0.309333 0.30000000000000004 0.162667 0.181333
2 0.283 0.509 0.146 0.160667
0 0.665 0.854333 0.067333 0.067333
0 0.188 0.411667 0.098667 0.106
2 0.734667 0.055332999999999966 0.157333 0.110667
2 0.473333 0.04366700000000001 0.138667 0.087333
2 0.334 0.038000000000000034 0.146667 0.076
2 0.065667 0.13033300000000003 0.13 0.186
2 0.564 0.937 0.194667 0.124667
2 0.061 0.353333 0.120667 0.12
2 0.61 0.08199999999999996 0.133333 0.164
2 0.053 0.512667 0.104667 0.194667
2 0.934333 0.601333 0.131333 0.216
3 0.199667 0.05266700000000002 0.148667 0.105333
