2 0.916 0.208333 0.130667 0.131333
2 0.928 0.33 0.124 0.110667
2 0.901667 0.461667 0.184667 0.142
2 0.912667 0.584667 0.129333 0.106667
2 0.897 0.709 0.086 0.078
2 0.874667 0.831 0.166667 0.152667
2 0.765 0.649333 0.208667 0.249333
2 0.728667 0.853333 0.136 0.161333
2 0.6373329999999999 0.577667 0.097333 0.123333
2 0.593333 0.688 0.114667 0.130667
2 0.611 0.843 0.119333 0.174
2 0.484333 0.823667 0.160667 0.174
2 0.49466699999999997 0.682 0.096 0.109333
2 0.399 0.658333 0.115333 0.135333
2 0.37066699999999997 0.783333 0.105333 0.134667
2 0.24366699999999997 0.941333 0.139333 0.117333
3 0.249 0.846 0.107333 0.073333
2 0.24833300000000003 0.764333 0.124667 0.119333
2 0.142667 0.78 0.094667 0.097333
2 0.15033300000000005 0.666 0.120667 0.130667
2 0.05266700000000002 0.685 0.102667 0.096667
2 0.27933300000000005 0.649333 0.126667 0.125333
2 0.30100000000000005 0.477333 0.088667 0.094667
2 0.328333 0.382 0.046 0.048
2 0.19166700000000003 0.451333 0.148667 0.162667
3 0.18566700000000003 0.562 0.07 0.061333
3 0.08333299999999999 0.410667 0.08 0.077333
3 0.21566700000000005 0.341 0.091333 0.072667
2 0.086333 0.294 0.156667 0.133333
2 0.08399999999999996 0.141667 0.133333 0.162
2 0.22966699999999995 0.135667 0.146 0.15
2 0.225333 0.261 0.090667 0.082
2 0.32899999999999996 0.269333 0.119333 0.129333
2 0.429667 0.394667 0.123333 0.129333
2 0.45866700000000005 0.258333 0.145333 0.140667
2 0.387667 0.148 0.159333 0.130667
2 0.6293329999999999 0.185333 0.104 0.097333
3 0.569 0.254667 0.063333 0.072
2 0.648 0.323667 0.069333 0.064667
2 0.6623330000000001 0.253667 0.047333 0.044667
2 0.784333 0.254 0.167333 0.137333
2 0.755333 0.395 0.194667 0.144667
3 0.778 0.143667 0.088 0.091333
3 0.534333 0.567333 0.088667 0.08
2 0.5509999999999999 0.453333 0.139333 0.133333
3 0.28900000000000003 0.555667 0.084667 0.056667
2 0.06299999999999994 0.541667 0.126 0.167333
2 0.759 0.743333 0.123333 0.076
2 0.6639999999999999 0.023 0.062667 0.044667
0 0.361333 0.899333 0.16 0.110667
2 0.389 0.041667 0.126 0.082
2 0.246 0.054 0.146667 0.106667
2 0.796333 0.041667 0.134 0.082
