2 0.183333 0.481 0.214667 0.194
2 0.244 0.590667 0.161333 0.125333
2 0.35 0.49 0.142667 0.190667
3 0.454 0.508667 0.073333 0.074667
2 0.141667 0.842 0.082 0.092
3 0.221667 0.724667 0.05 0.062667
2 0.375667 0.731667 0.206 0.19
2 0.372333 0.871 0.154 0.116667
2 0.221 0.872 0.143333 0.198667
2 0.320333 0.307333 0.191333 0.166667
2 0.161667 0.284333 0.122 0.140667
3 0.060667 0.295667 0.097333 0.112667
2 0.165333 0.14 0.137333 0.154667
2 0.332667 0.134667 0.228 0.170667
2 0.043 0.811 0.082 0.095333
0 0.591333 0.819667 0.229333 0.247333
0 0.729333 0.694333 0.086667 0.088667
0 0.515667 0.575333 0.083333 0.092
0 0.653667 0.101667 0.220667 0.202
0 0.906667 0.928667 0.144 0.142667
0 0.749667 0.863667 0.088667 0.091333
0 0.881 0.16 0.215333 0.202667
0 0.931333 0.421667 0.113333 0.091333
0 0.942 0.512 0.116 0.1
0 0.945333 0.66 0.081333 0.065333
0 0.926333 0.759 0.119333 0.120667
0 0.792667 0.326333 0.096 0.099333
0 0.779 0.968 0.092667 0.064
2 0.053667 0.132 0.106 0.182667
2 0.117 0.948333 0.108667 0.103333
2 0.323 0.040667 0.206 0.08
