0 0.306667 0.200333 0.056 0.076667
0 0.277333 0.301333 0.098667 0.102667
0 0.398333 0.351667 0.115333 0.135333
0 0.529667 0.346667 0.139333 0.134667
0 0.479 0.065333 0.112667 0.128
0 0.599333 0.168667 0.162667 0.201333
0 0.749 0.244 0.154 0.153333
0 0.771667 0.069333 0.143333 0.137333
0 0.258333 0.434 0.104667 0.093333
0 0.814333 0.541667 0.142 0.154
0 0.724333 0.501 0.066 0.082
0 0.757667 0.666 0.123333 0.126667
0 0.497 0.753 0.100667 0.103333
0 0.646 0.61 0.110667 0.1
0 0.641333 0.536333 0.106667 0.088667
0 0.319667 0.588667 0.13 0.158667
0 0.513667 0.500667 0.11 0.137333
0 0.827667 0.389667 0.104667 0.103333
0 0.885333 0.835333 0.118667 0.158667
0 0.602667 0.787333 0.118667 0.102667
0 0.201667 0.723333 0.146 0.148
0 0.399333 0.787333 0.089333 0.106667
0 0.4 0.688 0.1 0.097333
0 0.448 0.582 0.132 0.136
0 0.847 0.285 0.112667 0.11
0 0.897 0.431 0.11 0.104667
0 0.786333 0.886667 0.108667 0.148
0 0.063667 0.831667 0.094 0.096667
0 0.349667 0.086333 0.135333 0.156667
0 0.153333 0.459 0.085333 0.100667
0 0.278667 0.963667 0.118667 0.072667
0 0.663 0.962333 0.056667 0.060667
0 0.328 0.884333 0.128 0.102
0 0.236333 0.035 0.052667 0.063333
0 0.604333 0.468667 0.102 0.078667
0 0.710333 0.768333 0.060667 0.063333
0 0.191333 0.881333 0.066667 0.064
0 0.475 0.884 0.054 0.046667
0 0.949333 0.736 0.101333 0.148
