2 0.070333 0.476333 0.087333 0.104667
3 0.074667 0.358333 0.088 0.102
2 0.117 0.10633300000000001 0.106 0.094
2 0.196333 0.17733299999999996 0.114 0.064
3 0.173333 0.27 0.126667 0.110667
2 0.175 0.375 0.118 0.095333
2 0.174667 0.475 0.126667 0.11
3 0.321 0.43133299999999997 0.155333 0.141333
3 0.315 0.30000000000000004 0.146 0.142667
2 0.312333 0.10899999999999999 0.156667 0.15
2 0.454667 0.13866699999999998 0.110667 0.070667
2 0.483667 0.05400000000000005 0.111333 0.101333
2 0.435 0.245 0.139333 0.139333
2 0.553 0.371 0.116667 0.112667
2 0.572 0.257667 0.16 0.13
2 0.564667 0.163667 0.098667 0.076667
2 0.575 0.08066700000000004 0.082 0.090667
2 0.665 0.09166700000000005 0.115333 0.11
2 0.663 0.20666700000000005 0.094 0.132
3 0.663 0.33666700000000005 0.088667 0.089333
3 0.756667 0.374333 0.134667 0.088667
2 0.774667 0.277 0.14 0.103333
2 0.779 0.16400000000000003 0.146 0.132
2 0.908 0.16733299999999995 0.137333 0.122667
3 0.887667 0.059667000000000026 0.078 0.079333
2 0.917 0.287667 0.152667 0.120667
3 0.883667 0.416667 0.119333 0.14
2 0.779667 0.489 0.158 0.143333
3 0.865667 0.5820000000000001 0.132667 0.098667
3 0.867667 0.7 0.11 0.098667
3 0.670667 0.5143329999999999 0.126667 0.114
2 0.465 0.472333 0.131333 0.115333
3 0.435 0.589 0.127333 0.123333
3 0.548 0.5986670000000001 0.12 0.165333
2 0.451 0.6859999999999999 0.062 0.06
2 0.438667 0.801333 0.062667 0.068
3 0.512667 0.876667 0.1 0.101333
3 0.516333 0.771 0.062 0.054
3 0.630667 0.737333 0.082667 0.070667
3 0.768 0.7853330000000001 0.090667 0.085333
3 0.648333 0.630667 0.140667 0.142667
3 0.752333 0.654333 0.048667 0.046
3 0.552 0.471333 0.064 0.06
2 0.622 0.819667 0.074667 0.064667
2 0.806 0.047667000000000015 0.129333 0.095333
