2 0.940667 0.607667 0.101333 0.099333
2 0.871 0.537667 0.179333 0.154
2 0.888667 0.746667 0.2 0.202667
2 0.897 0.911 0.15 0.143333
2 0.823667 0.864 0.112667 0.132
2 0.757 0.798 0.115333 0.133333
2 0.757333 0.691 0.104 0.099333
2 0.741333 0.926667 0.097333 0.137333
2 0.647667 0.918333 0.126 0.120667
2 0.656 0.805333 0.106667 0.134667
2 0.574667 0.821333 0.08 0.102667
2 0.623333 0.656333 0.122667 0.142
2 0.712 0.62 0.110667 0.102667
2 0.654333 0.514667 0.126 0.122667
2 0.757333 0.468667 0.101333 0.108
2 0.6926669999999999 0.381333 0.164 0.174667
2 0.580333 0.315 0.108667 0.118
2 0.525333 0.469333 0.162667 0.132
2 0.534667 0.592333 0.133333 0.15
2 0.42733299999999996 0.546 0.136 0.137333
2 0.43799999999999994 0.653333 0.101333 0.108
2 0.494 0.731333 0.156 0.130667
2 0.45166700000000004 0.821 0.087333 0.09
2 0.35366699999999995 0.834 0.108667 0.110667
2 0.21166700000000005 0.864333 0.154 0.116667
3 0.19399999999999995 0.957 0.113333 0.074
2 0.218333 0.751333 0.084667 0.098667
2 0.26633300000000004 0.691 0.086 0.096667
2 0.348 0.656667 0.102667 0.134667
2 0.362 0.475 0.097333 0.120667
2 0.30233299999999996 0.423 0.072667 0.078
2 0.22599999999999998 0.455 0.12 0.139333
2 0.29733299999999996 0.553 0.106667 0.118
2 0.20666700000000005 0.603667 0.1 0.122
2 0.11066699999999996 0.482667 0.128 0.156
2 0.07733299999999999 0.738333 0.146667 0.094
2 0.17933299999999996 0.122 0.098667 0.101333
2 0.12233300000000003 0.184 0.118 0.102667
2 0.13033300000000003 0.276667 0.111333 0.096
2 0.18233299999999997 0.357333 0.112667 0.1
2 0.25933300000000004 0.314333 0.113333 0.119333
2 0.276 0.207 0.117333 0.112667
2 0.367 0.163 0.102 0.114
2 0.36366699999999996 0.258333 0.091333 0.076667
2 0.349333 0.342 0.097333 0.101333
2 0.439333 0.334667 0.093333 0.104
2 0.488 0.226 0.132 0.130667
2 0.08599999999999997 0.637333 0.164 0.165333
0 0.275667 0.097667 0.136667 0.131333
2 0.05166700000000002 0.356 0.103333 0.141333
2 0.06766700000000003 0.844667 0.135333 0.121333
2 0.07299999999999995 0.940667 0.144667 0.118667
