2 0.845 0.646333 0.139333 0.120667
2 0.694 0.644667 0.164 0.154667
2 0.754667 0.784333 0.228 0.167333
2 0.704 0.887 0.129333 0.155333
2 0.83 0.885667 0.133333 0.13
3 0.511 0.7783329999999999 0.120667 0.120667
2 0.409667 0.831 0.084667 0.09
2 0.410667 0.930667 0.133333 0.132
2 0.28233299999999995 0.925333 0.116667 0.132
3 0.18733299999999997 0.938 0.062667 0.065333
0 0.517333 0.612 0.125333 0.146667
0 0.25 0.446333 0.108 0.099333
0 0.876667 0.41100000000000003 0.116 0.086
0 0.830333 0.30500000000000005 0.162 0.131333
0 0.44299999999999995 0.21366700000000005 0.088667 0.087333
0 0.29200000000000004 0.317333 0.070667 0.074667
0 0.51 0.14900000000000002 0.114667 0.120667
0 0.616333 0.05233299999999996 0.126 0.104667
0 0.774 0.10199999999999998 0.244 0.204
0 0.6643330000000001 0.48666699999999996 0.076667 0.097333
0 0.700333 0.42433299999999996 0.072667 0.080667
0 0.721 0.488333 0.078 0.055333
0 0.621667 0.28700000000000003 0.111333 0.100667
0 0.518 0.393 0.065333 0.063333
0 0.501 0.32099999999999995 0.072667 0.074
0 0.578667 0.35466699999999995 0.074667 0.085333
2 0.923667 0.9390000000000001 0.151333 0.120667
