2 0.830333 0.865333 0.182 0.134667
2 0.568667 0.8260000000000001 0.186667 0.186667
2 0.39933300000000005 0.8069999999999999 0.169333 0.146
2 0.432667 0.918333 0.102667 0.112667
2 0.30000000000000004 0.899667 0.162667 0.191333
2 0.07566700000000004 0.867333 0.124667 0.1
2 0.14033300000000004 0.758 0.238 0.166667
2 0.259 0.657 0.136667 0.182
2 0.12866699999999998 0.597 0.130667 0.155333
2 0.39933300000000005 0.685333 0.136 0.132
2 0.525667 0.7050000000000001 0.116667 0.111333
2 0.673667 0.754333 0.115333 0.123333
2 0.8 0.7356670000000001 0.16 0.15
2 0.897333 0.615 0.168 0.227333
2 0.729333 0.613 0.16 0.156667
2 0.734 0.490333 0.149333 0.115333
1 0.583333 0.595 0.148 0.215333
1 0.472333 0.5593330000000001 0.084667 0.1
2 0.356333 0.548333 0.152667 0.160667
1 0.28900000000000003 0.417667 0.120667 0.114
2 0.17966700000000002 0.37933300000000003 0.119333 0.134667
2 0.23533300000000001 0.271 0.146667 0.176667
1 0.375 0.281 0.159333 0.174
2 0.30700000000000005 0.12966699999999998 0.156667 0.182
2 0.465333 0.17766700000000002 0.132 0.186
2 0.42633299999999996 0.05666700000000002 0.118 0.105333
2 0.5680000000000001 0.06733299999999998 0.162667 0.133333
1 0.579333 0.19266700000000003 0.132 0.164
2 0.572333 0.32766700000000004 0.143333 0.147333
2 0.8506670000000001 0.376 0.156 0.216
2 0.715667 0.358 0.147333 0.177333
1 0.7276670000000001 0.18933299999999997 0.148667 0.176
2 0.835333 0.14733300000000005 0.105333 0.106667
2 0.8396669999999999 0.05600000000000005 0.124667 0.096
2 0.546667 0.45099999999999996 0.166667 0.158
2 0.40633300000000006 0.43300000000000005 0.116667 0.106
2 0.942667 0.857 0.064 0.068667
2 0.09299999999999997 0.089333 0.186 0.169333
2 0.07333299999999998 0.25433300000000003 0.146667 0.158
2 0.703667 0.915333 0.191333 0.161333
2 0.94 0.422667 0.118667 0.136
