2 0.754667 0.097667 0.136 0.17
2 0.618 0.117 0.142667 0.222
2 0.8416669999999999 0.203667 0.21 0.151333
3 0.820667 0.322667 0.168 0.125333
2 0.675667 0.324 0.088667 0.1
3 0.825333 0.483667 0.166667 0.196667
3 0.702 0.506 0.110667 0.194667
2 0.5640000000000001 0.481667 0.16 0.195333
2 0.598 0.637 0.177333 0.151333
3 0.7166669999999999 0.746333 0.148 0.162
3 0.912667 0.838667 0.16 0.165333
2 0.48466699999999996 0.782333 0.226667 0.203333
2 0.17900000000000005 0.91 0.19 0.18
2 0.06166700000000003 0.804333 0.122 0.111333
2 0.15133300000000005 0.697 0.134667 0.19
2 0.31466700000000003 0.684333 0.194667 0.218
2 0.14933300000000005 0.531 0.192 0.160667
3 0.37633300000000003 0.526333 0.198 0.182
2 0.11933300000000002 0.395333 0.190667 0.129333
2 0.35766699999999996 0.367 0.144667 0.127333
3 0.493333 0.363667 0.101333 0.095333
3 0.542333 0.234 0.155333 0.169333
3 0.40700000000000003 0.243333 0.118 0.161333
3 0.298667 0.248333 0.112 0.179333
2 0.164667 0.247 0.156 0.192667
2 0.05466700000000002 0.262 0.109333 0.156
2 0.06833299999999998 0.132333 0.115333 0.111333
2 0.32699999999999996 0.105333 0.175333 0.121333
3 0.48266699999999996 0.091 0.146667 0.143333
0 0.83 0.706 0.112 0.116
0 0.44266700000000003 0.910667 0.076 0.066667
0 0.717333 0.249667 0.062667 0.05
0 0.944333 0.47 0.11 0.156
2 0.05066700000000002 0.668333 0.101333 0.182
2 0.881333 0.083 0.129333 0.164667
2 0.046667000000000014 0.926 0.093333 0.142667
3 0.10266699999999995 0.051 0.122667 0.100667
3 0.954667 0.597 0.086667 0.127333
3 0.885667 0.945333 0.144667 0.109333
