3 0.075 0.404667 0.064667 0.074667
2 0.143333 0.104667 0.096 0.108
2 0.052 0.083333 0.097333 0.134667
2 0.268667 0.113667 0.108 0.154
2 0.369667 0.137333 0.09 0.132
2 0.532667 0.144 0.144 0.16
2 0.618 0.068333 0.073333 0.086
2 0.751 0.091333 0.086 0.106667
2 0.673667 0.177333 0.128667 0.129333
2 0.768667 0.199 0.058667 0.100667
2 0.895333 0.211667 0.097333 0.111333
2 0.873333 0.100333 0.134667 0.119333
3 0.186333 0.330667 0.042 0.057333
2 0.377 0.227667 0.051333 0.052667
0 0.084667 0.267667 0.168 0.171333
0 0.325 0.308667 0.075333 0.081333
0 0.39 0.333667 0.076 0.087333
0 0.468667 0.311333 0.106667 0.104
0 0.562 0.305333 0.081333 0.084
0 0.534667 0.370333 0.1 0.076667
0 0.627667 0.360667 0.058 0.064
0 0.631667 0.278333 0.086 0.067333
0 0.714333 0.311667 0.088667 0.088667
0 0.857333 0.404 0.108 0.098667
0 0.957667 0.462667 0.084667 0.078667
0 0.854667 0.515 0.114667 0.103333
0 0.710667 0.497 0.094667 0.078
0 0.677 0.438333 0.071333 0.079333
0 0.623667 0.455667 0.079333 0.087333
0 0.36 0.446333 0.066667 0.074
0 0.318667 0.503 0.078667 0.080667
0 0.219333 0.498667 0.096 0.092
0 0.293333 0.373333 0.082667 0.062667
0 0.216667 0.409 0.08 0.092667
0 0.294333 0.439 0.082 0.07
0 0.098 0.537333 0.069333 0.073333
0 0.170667 0.554333 0.085333 0.064667
0 0.175 0.624 0.094 0.074667
0 0.261667 0.633333 0.098 0.1
0 0.579667 0.649 0.082 0.092667
0 0.568667 0.720667 0.138667 0.165333
0 0.362 0.958333 0.072 0.072667
0 0.772333 0.939333 0.058 0.064
0 0.570667 0.496 0.074667 0.076
0 0.608 0.551 0.093333 0.095333
0 0.695 0.560333 0.072667 0.080667
0 0.935333 0.549667 0.082667 0.094
0 0.448 0.465 0.128 0.143333
0 0.506 0.432333 0.074667 0.084667
0 0.837 0.288667 0.144667 0.133333
0 0.868 0.617667 0.078667 0.095333
0 0.857667 0.828333 0.168667 0.188667
0 0.886333 0.733667 0.115333 0.104667
0 0.957333 0.786667 0.085333 0.110667
0 0.661 0.701667 0.080667 0.062
0 0.412 0.671 0.226667 0.284667
0 0.303667 0.762 0.07 0.072
0 0.266667 0.720333 0.054667 0.058
0 0.165333 0.731667 0.141333 0.148667
0 0.740333 0.727 0.078 0.079333
0 0.747 0.595 0.096667 0.09
0 0.062667 0.675 0.044 0.055333
0 0.118 0.924333 0.058667 0.060667
0 0.927667 0.338 0.099333 0.113333
2 0.530667 0.036333 0.1 0.071333
2 0.39 0.050667 0.141333 0.1
0 0.270667 0.954667 0.108 0.090667
