2 0.092333 0.208667 0.122 0.113333
2 0.242667 0.236333 0.133333 0.116667
3 0.369333 0.246333 0.065333 0.058
2 0.544667 0.194 0.06 0.062667
2 0.782 0.331667 0.106667 0.098
3 0.747 0.437 0.054 0.054
2 0.638333 0.303333 0.052667 0.058667
2 0.621 0.405667 0.054 0.047333
3 0.504 0.405 0.092 0.078
3 0.398 0.473667 0.081333 0.082
3 0.492333 0.492333 0.075333 0.080667
3 0.634 0.518667 0.064 0.066667
2 0.750333 0.662333 0.099333 0.102
2 0.325 0.594333 0.120667 0.118
2 0.217333 0.565667 0.089333 0.099333
2 0.130667 0.579667 0.073333 0.088667
2 0.049333 0.552333 0.084 0.09
2 0.146333 0.52 0.052667 0.041333
2 0.326333 0.86 0.17 0.138667
2 0.216667 0.708667 0.062667 0.077333
2 0.391 0.713667 0.05 0.043333
1 0.79 0.817 0.056 0.058
2 0.148667 0.917333 0.168 0.164
0 0.217 0.083667 0.047333 0.048667
0 0.253333 0.109667 0.041333 0.035333
0 0.432333 0.194333 0.036667 0.051333
0 0.559 0.312667 0.096667 0.102667
0 0.672667 0.040667 0.078667 0.066667
0 0.810333 0.07 0.122 0.129333
0 0.544667 0.054333 0.044 0.038
0 0.541333 0.665 0.105333 0.103333
0 0.449667 0.833 0.079333 0.091333
0 0.525333 0.823 0.08 0.067333
0 0.531333 0.888333 0.057333 0.068667
0 0.386 0.655 0.048 0.043333
0 0.642667 0.588333 0.066667 0.067333
0 0.681 0.945 0.09 0.11
0 0.608667 0.946333 0.096 0.100667
0 0.135667 0.713333 0.099333 0.108
0 0.513333 0.754333 0.113333 0.074
0 0.266333 0.649667 0.067333 0.07
0 0.624 0.197 0.101333 0.104667
0 0.85 0.798333 0.056 0.088667
0 0.8 0.888 0.138667 0.092
0 0.904667 0.443333 0.112 0.116
0 0.788333 0.182 0.095333 0.090667
0 0.893333 0.211333 0.034667 0.038667
0 0.939 0.171667 0.034 0.042
0 0.715 0.283333 0.068667 0.073333
0 0.489 0.265333 0.083333 0.061333
0 0.419 0.276667 0.047333 0.034667
0 0.201333 0.773667 0.064 0.062
0 0.274 0.767333 0.104 0.058667
0 0.283333 0.715333 0.078667 0.06
0 0.71 0.189333 0.066667 0.049333
2 0.298667 0.955667 0.145333 0.088667
