0 0.213333 0.836333 0.124 0.127333
0 0.20299999999999996 0.689 0.116667 0.104667
0 0.07233299999999998 0.648667 0.098 0.108
0 0.11099999999999999 0.686667 0.079333 0.078667
0 0.08533299999999999 0.802667 0.170667 0.185333
0 0.20033299999999998 0.537667 0.123333 0.136667
0 0.14300000000000002 0.607333 0.086 0.069333
0 0.08533299999999999 0.460333 0.170667 0.211333
0 0.23766699999999996 0.407333 0.143333 0.126667
0 0.10433300000000001 0.298667 0.13 0.136
0 0.08999999999999997 0.154333 0.128 0.13
0 0.292667 0.486 0.081333 0.089333
0 0.348 0.550333 0.106667 0.107333
0 0.40133300000000005 0.662333 0.152 0.122
0 0.440333 0.777 0.192667 0.215333
0 0.308667 0.794667 0.092 0.092
0 0.583 0.832333 0.094 0.100667
0 0.553667 0.661 0.112667 0.128667
0 0.495333 0.576667 0.114667 0.141333
0 0.41233299999999995 0.454 0.171333 0.145333
0 0.351333 0.321667 0.132 0.127333
0 0.40733299999999995 0.263667 0.096 0.091333
0 0.32366700000000004 0.221333 0.079333 0.076
0 0.20166700000000004 0.081667 0.142 0.162
0 0.31799999999999995 0.073333 0.096 0.145333
0 0.449333 0.178 0.086667 0.113333
0 0.530667 0.208 0.113333 0.12
0 0.565 0.470667 0.152667 0.116
0 0.478333 0.291667 0.062 0.084667
0 0.754 0.519667 0.129333 0.143333
0 0.908 0.635 0.148 0.13
0 0.892333 0.775667 0.211333 0.171333
0 0.879667 0.936333 0.127333 0.127333
0 0.735333 0.869333 0.137333 0.133333
0 0.735333 0.703333 0.084 0.094667
0 0.639667 0.614 0.071333 0.088
0 0.603 0.518333 0.106 0.103333
0 0.830667 0.329667 0.182667 0.196667
0 0.851667 0.481 0.09 0.091333
0 0.7130000000000001 0.248667 0.087333 0.077333
0 0.679667 0.322667 0.095333 0.092
0 0.6723330000000001 0.122667 0.146 0.210667
0 0.518 0.084667 0.138667 0.132
0 0.632667 0.227667 0.073333 0.078
0 0.5680000000000001 0.361333 0.134667 0.104
0 0.47366699999999995 0.354667 0.056667 0.06
0 0.711333 0.586 0.072 0.074667
0 0.747333 0.415333 0.117333 0.070667
0 0.804333 0.223 0.106 0.112667
0 0.929 0.182 0.111333 0.094667
0 0.947 0.318333 0.083333 0.087333
0 0.30933299999999997 0.702 0.070667 0.085333
0 0.404667 0.571333 0.064 0.089333
0 0.550333 0.292 0.084667 0.08
0 0.876333 0.067333 0.203333 0.133333
0 0.783667 0.095 0.107333 0.098
0 0.08899999999999997 0.913 0.176667 0.174
