2 0.850333 0.095333 0.143333 0.133333
2 0.933 0.282667 0.122 0.084
2 0.739333 0.137333 0.104 0.134667
2 0.6553329999999999 0.098667 0.094667 0.106667
2 0.644667 0.207667 0.104 0.119333
2 0.8160000000000001 0.185 0.164 0.079333
2 0.8009999999999999 0.260333 0.152667 0.080667
2 0.931 0.371667 0.120667 0.088667
2 0.924667 0.476333 0.128 0.126
2 0.891333 0.614 0.12 0.101333
2 0.892667 0.704 0.097333 0.073333
2 0.874667 0.789667 0.105333 0.091333
2 0.87 0.886333 0.134667 0.11
2 0.808333 0.319333 0.118 0.068
2 0.802333 0.393667 0.139333 0.091333
2 0.799333 0.482 0.130667 0.085333
2 0.78 0.573667 0.158667 0.107333
2 0.778667 0.707667 0.133333 0.124667
2 0.778667 0.803 0.102667 0.082
2 0.758 0.931333 0.086667 0.110667
2 0.5489999999999999 0.088333 0.143333 0.122
3 0.5573330000000001 0.182 0.070667 0.06
2 0.5489999999999999 0.266667 0.159333 0.168
2 0.633667 0.375667 0.128667 0.163333
2 0.689333 0.454667 0.132 0.130667
2 0.683667 0.548 0.087333 0.077333
2 0.616333 0.563333 0.142 0.141333
2 0.596333 0.684 0.151333 0.110667
2 0.667667 0.705 0.091333 0.080667
2 0.657333 0.801333 0.162667 0.134667
2 0.6699999999999999 0.934667 0.098667 0.121333
2 0.5609999999999999 0.892333 0.147333 0.152667
2 0.49 0.786 0.138667 0.157333
2 0.512 0.607667 0.094667 0.099333
2 0.5329999999999999 0.523 0.091333 0.086
2 0.542667 0.418 0.130667 0.126667
2 0.38733300000000004 0.045 0.094667 0.086
2 0.37266699999999997 0.108333 0.090667 0.068667
2 0.290667 0.083333 0.093333 0.090667
2 0.367 0.192333 0.098 0.111333
2 0.28 0.184667 0.092 0.101333
2 0.424667 0.287667 0.133333 0.179333
2 0.42100000000000004 0.435 0.126 0.115333
2 0.42000000000000004 0.518 0.129333 0.104
2 0.41700000000000004 0.627667 0.140667 0.123333
2 0.368333 0.671667 0.082 0.080667
2 0.368333 0.795667 0.135333 0.19
2 0.28900000000000003 0.789 0.087333 0.076667
2 0.27333300000000005 0.910333 0.097333 0.127333
2 0.17466700000000002 0.920333 0.102667 0.114
2 0.209333 0.707 0.122667 0.123333
2 0.19433299999999998 0.797333 0.083333 0.06
2 0.302667 0.650667 0.069333 0.08
2 0.31966700000000003 0.543 0.082 0.143333
2 0.220333 0.566667 0.124667 0.154667
2 0.31899999999999995 0.404667 0.122 0.161333
2 0.22799999999999998 0.410333 0.121333 0.116667
2 0.261 0.306333 0.15 0.119333
2 0.17533299999999996 0.410667 0.052 0.045333
3 0.09399999999999997 0.219333 0.064 0.042667
0 0.13166699999999998 0.111333 0.188667 0.164
0 0.05366700000000002 0.658 0.064667 0.058667
0 0.092333 0.744333 0.092667 0.100667
0 0.09766699999999995 0.590333 0.088667 0.076667
0 0.10533300000000001 0.360333 0.08 0.082
0 0.08766700000000005 0.424 0.086 0.074667
0 0.094333 0.503333 0.116667 0.097333
0 0.03433299999999995 0.321 0.068667 0.076667
0 0.033667 0.555 0.067333 0.094
0 0.13633300000000004 0.663333 0.076667 0.084
0 0.09299999999999997 0.867333 0.132667 0.129333
0 0.05933299999999997 0.955667 0.1 0.088667
2 0.450333 0.945 0.094 0.11
2 0.945 0.185 0.108667 0.119333
2 0.964333 0.585667 0.07 0.114
