2 0.287333 0.873 0.170667 0.224667
2 0.326667 0.6603330000000001 0.161333 0.172667
1 0.525667 0.937667 0.15 0.115333
2 0.555 0.790333 0.220667 0.204667
2 0.419667 0.85 0.131333 0.173333
2 0.468667 0.6970000000000001 0.136 0.11
2 0.413667 0.5640000000000001 0.174 0.157333
2 0.444667 0.478 0.072 0.070667
2 0.31 0.465333 0.169333 0.16
2 0.346333 0.34299999999999997 0.142 0.131333
2 0.147 0.23199999999999998 0.092667 0.078667
2 0.042667 0.12 0.076 0.074667
2 0.113667 0.37166699999999997 0.143333 0.122
2 0.469333 0.10433300000000001 0.168 0.179333
2 0.466333 0.262 0.151333 0.128
2 0.715 0.255667 0.151333 0.148667
2 0.723333 0.14433300000000004 0.04 0.040667
2 0.825333 0.39533300000000005 0.113333 0.133333
2 0.722667 0.45299999999999996 0.172 0.218
2 0.563667 0.43899999999999995 0.159333 0.156667
2 0.566333 0.603 0.151333 0.182
2 0.773333 0.834 0.188 0.216
2 0.930333 0.941667 0.138 0.112667
2 0.935667 0.368 0.046 0.045333
2 0.201667 0.610333 0.127333 0.158
2 0.928 0.808 0.144 0.169333
0 0.120333 0.624667 0.066 0.084
0 0.166 0.503333 0.084 0.076
0 0.27 0.24133300000000002 0.052 0.037333
0 0.137333 0.8069999999999999 0.046667 0.038
0 0.105667 0.759333 0.052667 0.06
2 0.651667 0.08599999999999997 0.202 0.172
2 0.883333 0.603 0.233333 0.264667
2 0.158667 0.909 0.188 0.180667
2 0.954667 0.24966699999999997 0.090667 0.135333
2 0.967667 0.099333 0.064667 0.088
2 0.86 0.05566700000000002 0.189333 0.111333
2 0.354 0.05466700000000002 0.130667 0.109333
2 0.063667 0.921 0.123333 0.156667
2 0.673 0.914 0.158 0.170667
