1 0.863333 0.097333 0.164 0.164
2 0.7216670000000001 0.116333 0.116667 0.107333
2 0.718 0.226667 0.154667 0.138667
1 0.5700000000000001 0.139333 0.216 0.177333
2 0.19733299999999998 0.088 0.132 0.144
2 0.07266700000000004 0.119 0.145333 0.139333
2 0.125 0.215667 0.146 0.124667
2 0.27833300000000005 0.189333 0.15 0.12
2 0.389667 0.183 0.060667 0.071333
2 0.7969999999999999 0.345667 0.154 0.179333
2 0.857667 0.450667 0.186 0.169333
2 0.6619999999999999 0.351667 0.161333 0.160667
2 0.525 0.418333 0.120667 0.111333
2 0.402667 0.417667 0.142667 0.140667
2 0.247 0.331 0.182 0.17
2 0.10666699999999996 0.360333 0.129333 0.144667
2 0.140667 0.504 0.197333 0.173333
2 0.28833299999999995 0.482333 0.142 0.152667
2 0.204333 0.644333 0.176667 0.151333
2 0.475 0.56 0.198 0.174667
2 0.6493329999999999 0.506 0.164 0.153333
2 0.808333 0.583667 0.162 0.17
2 0.932667 0.681 0.102667 0.108667
2 0.822667 0.721667 0.190667 0.138
2 0.6783330000000001 0.647333 0.144667 0.133333
2 0.5533330000000001 0.678667 0.122667 0.132
2 0.423667 0.695667 0.138 0.123333
2 0.409667 0.805667 0.135333 0.114
2 0.280667 0.729333 0.14 0.172
2 0.24433300000000002 0.82 0.146 0.102667
2 0.527 0.759 0.07 0.080667
1 0.817333 0.878 0.202667 0.2
1 0.650667 0.883 0.146667 0.212667
2 0.543667 0.915667 0.083333 0.155333
2 0.45366700000000004 0.911333 0.116667 0.164
1 0.49166699999999997 0.274 0.248667 0.210667
2 0.351333 0.284333 0.081333 0.107333
2 0.665667 0.751333 0.15 0.096
1 0.921333 0.198 0.156 0.174667
2 0.337333 0.084 0.153333 0.165333
0 0.09066700000000005 0.837667 0.178667 0.255333
2 0.30333299999999996 0.92 0.158667 0.158667
2 0.947667 0.321333 0.103333 0.14
2 0.45599999999999996 0.061 0.145333 0.120667
