2 0.862 0.066667 0.122667 0.124
2 0.942667 0.240333 0.094667 0.118
3 0.834333 0.190333 0.075333 0.059333
2 0.847667 0.298 0.151333 0.125333
2 0.933 0.419 0.052667 0.055333
3 0.838667 0.42 0.133333 0.128
2 0.94 0.514667 0.094667 0.089333
3 0.945333 0.623 0.105333 0.103333
3 0.922 0.714667 0.108 0.08
2 0.804333 0.891333 0.171333 0.164
3 0.826667 0.546333 0.114667 0.114
2 0.687 0.516333 0.083333 0.083333
3 0.657333 0.849667 0.050667 0.052667
3 0.6046670000000001 0.909667 0.093333 0.115333
3 0.581 0.737667 0.082 0.082
2 0.570333 0.623333 0.122 0.132
3 0.565333 0.49 0.134667 0.134667
2 0.7106669999999999 0.427667 0.108 0.087333
3 0.716 0.334 0.133333 0.1
3 0.724 0.228667 0.112 0.097333
2 0.7170000000000001 0.133667 0.087333 0.084667
2 0.584333 0.130333 0.091333 0.087333
2 0.5836669999999999 0.255667 0.159333 0.156667
2 0.475333 0.152 0.114667 0.133333
2 0.568333 0.381333 0.084667 0.077333
2 0.44599999999999995 0.934 0.124 0.128
2 0.461333 0.672333 0.14 0.148667
3 0.45566700000000004 0.557 0.068667 0.071333
2 0.453333 0.434667 0.098667 0.126667
3 0.46266700000000005 0.309 0.042667 0.036667
3 0.36 0.213 0.054667 0.05
3 0.350333 0.279333 0.09 0.076
2 0.339333 0.544333 0.070667 0.084667
3 0.230333 0.150333 0.072667 0.103333
3 0.22799999999999998 0.262667 0.129333 0.098667
2 0.149667 0.177667 0.083333 0.074
2 0.139 0.282667 0.046 0.050667
3 0.22266699999999995 0.366667 0.14 0.109333
3 0.218333 0.466 0.068667 0.061333
2 0.20799999999999996 0.566 0.18 0.117333
3 0.20233299999999999 0.691667 0.142 0.112667
2 0.086333 0.682 0.104667 0.096
2 0.07533299999999998 0.584 0.101333 0.092
3 0.10566699999999996 0.484 0.156667 0.12
3 0.12166699999999997 0.786667 0.158 0.102667
2 0.10433300000000001 0.873667 0.112667 0.071333
2 0.17266700000000001 0.926333 0.137333 0.120667
2 0.276667 0.924333 0.081333 0.072667
2 0.30500000000000005 0.791 0.208667 0.183333
0 0.29233299999999995 0.196 0.079333 0.101333
0 0.7416670000000001 0.653667 0.240667 0.275333
0 0.745333 0.800333 0.056 0.060667
2 0.359333 0.039333 0.128 0.077333
2 0.730333 0.064667 0.160667 0.128
