0 0.900667 0.108 0.116 0.129333
0 0.7743329999999999 0.183667 0.092667 0.066
0 0.7436670000000001 0.285333 0.162 0.141333
0 0.855 0.377333 0.184667 0.229333
0 0.789667 0.584667 0.11 0.129333
0 0.669667 0.520667 0.163333 0.168
0 0.733333 0.682667 0.164 0.174667
0 0.555667 0.474333 0.123333 0.127333
0 0.884 0.605667 0.129333 0.123333
0 0.894333 0.768667 0.206 0.18
0 0.7783329999999999 0.831 0.111333 0.143333
0 0.6413329999999999 0.829667 0.173333 0.212667
0 0.592667 0.628667 0.129333 0.166667
0 0.404 0.409333 0.165333 0.157333
0 0.278 0.68 0.209333 0.186667
0 0.265667 0.545667 0.187333 0.122
0 0.262 0.406 0.181333 0.165333
0 0.253667 0.284 0.152667 0.122667
0 0.261667 0.173667 0.131333 0.123333
0 0.32399999999999995 0.057 0.172 0.112667
0 0.382667 0.09 0.092 0.094667
0 0.385 0.249 0.123333 0.147333
0 0.464333 0.537667 0.164667 0.142
0 0.48466699999999996 0.677667 0.165333 0.158
0 0.382 0.776333 0.146667 0.104667
0 0.391667 0.909333 0.167333 0.181333
0 0.473 0.055 0.087333 0.108667
0 0.486 0.170667 0.173333 0.153333
0 0.521 0.351333 0.198 0.205333
0 0.5429999999999999 0.916 0.136667 0.168
