2 0.916667 0.786667 0.126667 0.188
2 0.793667 0.784333 0.15 0.175333
2 0.7236670000000001 0.872 0.112667 0.102667
3 0.6659999999999999 0.769667 0.097333 0.112667
2 0.911667 0.660667 0.086 0.086667
2 0.805333 0.650333 0.132 0.118
2 0.689667 0.657333 0.111333 0.098667
2 0.5756669999999999 0.745 0.094 0.087333
3 0.49366699999999997 0.818333 0.078 0.102
2 0.414667 0.942667 0.089333 0.113333
3 0.24133300000000002 0.844 0.068 0.074667
2 0.331333 0.867667 0.064 0.05
2 0.352333 0.746333 0.183333 0.179333
2 0.10399999999999998 0.703667 0.170667 0.188667
2 0.16733299999999995 0.5760000000000001 0.082667 0.08
2 0.14433300000000004 0.450333 0.179333 0.182
2 0.17366700000000002 0.32899999999999996 0.146 0.152667
2 0.09299999999999997 0.17900000000000005 0.179333 0.147333
2 0.241 0.23299999999999998 0.114 0.119333
2 0.18533299999999997 0.08499999999999996 0.164 0.159333
2 0.37633300000000003 0.24466699999999997 0.11 0.090667
2 0.435667 0.151667 0.152667 0.148667
3 0.514667 0.267667 0.141333 0.111333
2 0.300667 0.33299999999999996 0.113333 0.122
2 0.4 0.361333 0.132 0.124
2 0.498 0.372 0.077333 0.094667
2 0.34466699999999995 0.481333 0.165333 0.161333
2 0.303667 0.606 0.086 0.098667
2 0.44166700000000003 0.622 0.187333 0.174667
2 0.49766699999999997 0.725333 0.052667 0.045333
2 0.582667 0.631667 0.105333 0.122
2 0.824333 0.54 0.103333 0.1
2 0.922667 0.33799999999999997 0.136 0.106667
3 0.826333 0.43333299999999997 0.062 0.068
2 0.760333 0.43033299999999997 0.083333 0.086
2 0.598333 0.509333 0.118 0.110667
2 0.47566699999999995 0.48166699999999996 0.122 0.111333
2 0.579 0.392 0.087333 0.106667
2 0.673333 0.41633299999999995 0.101333 0.119333
2 0.667333 0.294667 0.141333 0.124
2 0.848 0.242 0.141333 0.137333
2 0.959667 0.232333 0.074 0.079333
2 0.925 0.13233300000000003 0.079333 0.095333
2 0.803333 0.11199999999999999 0.156 0.172
2 0.687333 0.096333 0.062667 0.084667
2 0.937 0.5609999999999999 0.09 0.104667
0 0.215333 0.7110000000000001 0.076 0.108667
0 0.595333 0.06233299999999997 0.052 0.05
0 0.580667 0.09499999999999997 0.057333 0.052667
0 0.226333 0.565 0.039333 0.058
0 0.739 0.246 0.034 0.041333
2 0.096333 0.875333 0.192667 0.158667
2 0.05500000000000005 0.28833299999999995 0.11 0.138
2 0.049000000000000044 0.43799999999999994 0.098 0.184
2 0.48766699999999996 0.05466700000000002 0.135333 0.109333
2 0.356333 0.042332999999999954 0.111333 0.076667
2 0.554 0.912667 0.168 0.173333
2 0.9410000000000001 0.446333 0.116667 0.134
2 0.8140000000000001 0.948 0.174667 0.102667
2 0.05366700000000002 0.07166700000000004 0.107333 0.143333
