2 0.754333 0.07 0.174 0.136
2 0.743333 0.203667 0.170667 0.152667
2 0.849667 0.298 0.17 0.161333
2 0.8260000000000001 0.432 0.064 0.06
2 0.916667 0.774667 0.134667 0.138667
2 0.904 0.929667 0.161333 0.140667
2 0.799667 0.768 0.191333 0.173333
2 0.818333 0.637 0.156667 0.114
2 0.81 0.534 0.112 0.1
2 0.7196670000000001 0.425 0.156667 0.151333
2 0.6946669999999999 0.552 0.129333 0.1
2 0.6583330000000001 0.658667 0.160667 0.14
2 0.640667 0.789 0.132 0.120667
2 0.619 0.904333 0.119333 0.115333
2 0.46566700000000005 0.909 0.174 0.163333
2 0.49066699999999996 0.741 0.14 0.188667
2 0.544667 0.592333 0.065333 0.060667
2 0.5389999999999999 0.484 0.148667 0.138667
2 0.571 0.324333 0.176667 0.172667
2 0.42733299999999996 0.379 0.142667 0.15
2 0.5880000000000001 0.173667 0.137333 0.140667
3 0.6146670000000001 0.069 0.088 0.076667
2 0.46966699999999995 0.052667 0.151333 0.104
2 0.42833299999999996 0.213 0.187333 0.186
2 0.30400000000000005 0.096667 0.138667 0.177333
2 0.17466700000000002 0.082667 0.125333 0.153333
2 0.288667 0.222333 0.092 0.079333
2 0.267 0.357667 0.180667 0.226
2 0.156667 0.273667 0.138667 0.146
2 0.07066700000000004 0.199333 0.133333 0.128
3 0.13366699999999998 0.413 0.123333 0.122
3 0.18066700000000002 0.489667 0.096 0.088667
2 0.06433299999999997 0.519 0.115333 0.088667
2 0.13633300000000004 0.684 0.138 0.156
2 0.23099999999999998 0.738667 0.176667 0.137333
2 0.17566700000000002 0.829 0.21 0.124667
2 0.21399999999999997 0.898667 0.129333 0.070667
2 0.10766699999999996 0.940667 0.164667 0.118667
3 0.859667 0.156 0.07 0.076
0 0.42233299999999996 0.541667 0.060667 0.07
0 0.36466699999999996 0.805667 0.050667 0.048667
0 0.394 0.599667 0.068 0.055333
0 0.36066699999999996 0.761333 0.053333 0.048
0 0.317333 0.791333 0.042667 0.049333
2 0.9359999999999999 0.167 0.126667 0.224667
2 0.05366700000000002 0.374 0.107333 0.157333
2 0.06366700000000003 0.622667 0.123333 0.129333
2 0.933 0.523667 0.132667 0.178
