2 0.219333 0.582 0.130667 0.109333
2 0.089333 0.566 0.109333 0.097333
2 0.06699999999999995 0.702333 0.082 0.078
2 0.17666700000000002 0.713667 0.152 0.146
2 0.153667 0.872 0.160667 0.162667
2 0.31999999999999995 0.675 0.134667 0.187333
1 0.41433299999999995 0.778333 0.218 0.242
1 0.5473330000000001 0.901667 0.188 0.196667
2 0.712 0.767333 0.169333 0.213333
2 0.5856669999999999 0.704 0.183333 0.204
1 0.499667 0.450333 0.124667 0.128667
2 0.461333 0.58 0.206667 0.205333
1 0.615667 0.522333 0.138 0.179333
2 0.735 0.52 0.168667 0.166667
2 0.863667 0.582 0.142 0.132
2 0.912 0.446333 0.144 0.15
2 0.778 0.362 0.268 0.225333
2 0.631667 0.302 0.172667 0.172
2 0.524667 0.313333 0.08 0.077333
2 0.5780000000000001 0.084 0.137333 0.133333
2 0.656 0.165333 0.168 0.14
2 0.798333 0.164 0.116667 0.124
2 0.927333 0.166 0.122667 0.1
0 0.5373330000000001 0.205667 0.1 0.115333
2 0.892 0.907333 0.212 0.185333
2 0.28233299999999995 0.912333 0.142 0.175333
2 0.04733299999999996 0.838 0.090667 0.212
2 0.399667 0.945667 0.176667 0.108667
2 0.836667 0.048 0.230667 0.094667
2 0.922 0.696333 0.154667 0.163333
