3 0.163333 0.121 0.158667 0.183333
2 0.307667 0.156 0.119333 0.146667
3 0.437333 0.162667 0.065333 0.069333
2 0.689333 0.073333 0.130667 0.14
2 0.807667 0.081 0.091333 0.103333
2 0.832333 0.213 0.15 0.152667
2 0.896333 0.361667 0.152667 0.152667
2 0.861 0.469667 0.082 0.083333
2 0.757667 0.437333 0.134 0.142667
2 0.751333 0.331 0.090667 0.080667
2 0.651333 0.308 0.112 0.109333
2 0.543333 0.293 0.132 0.146
2 0.407667 0.281667 0.158 0.146
2 0.184667 0.288 0.193333 0.156
2 0.342333 0.39 0.142 0.134667
2 0.232 0.394667 0.06 0.061333
2 0.222667 0.472333 0.097333 0.086
3 0.086333 0.478333 0.112667 0.124667
2 0.457 0.422 0.082 0.101333
2 0.436 0.501 0.090667 0.082
2 0.544333 0.52 0.115333 0.125333
2 0.336333 0.486 0.079333 0.062667
2 0.105333 0.858 0.137333 0.162667
2 0.239 0.871333 0.126 0.133333
2 0.258667 0.733667 0.132 0.152667
2 0.345667 0.619333 0.146 0.16
2 0.392 0.739667 0.144 0.195333
2 0.503333 0.752 0.125333 0.128
2 0.614333 0.772 0.086 0.093333
2 0.523 0.883667 0.119333 0.144667
2 0.384667 0.898333 0.162667 0.168667
2 0.628667 0.904667 0.092 0.105333
2 0.738667 0.927 0.129333 0.119333
2 0.864667 0.941333 0.136 0.117333
2 0.866 0.796333 0.12 0.188667
2 0.727 0.776333 0.160667 0.187333
2 0.552667 0.652667 0.173333 0.137333
2 0.694333 0.554667 0.154 0.125333
2 0.572 0.175667 0.170667 0.147333
2 0.715667 0.196 0.083333 0.1
2 0.618333 0.421333 0.146 0.144
3 0.364 0.042 0.065333 0.072
2 0.279667 0.037 0.084667 0.071333
0 0.754 0.627333 0.062667 0.076
0 0.662333 0.631 0.047333 0.060667
0 0.678667 0.666 0.065333 0.054667
2 0.091 0.650667 0.180667 0.218667
2 0.963333 0.827667 0.073333 0.127333
2 0.947 0.225333 0.103333 0.196
2 0.474 0.066667 0.168 0.125333
2 0.237667 0.959667 0.147333 0.080667
