2 0.110667 0.7166669999999999 0.098667 0.112
2 0.091667 0.557667 0.115333 0.111333
2 0.11 0.311667 0.130667 0.116667
2 0.126 0.17300000000000004 0.178667 0.152667
2 0.224 0.31866700000000003 0.146667 0.130667
2 0.211 0.423667 0.115333 0.079333
2 0.293 0.45566700000000004 0.084667 0.087333
2 0.284333 0.5493330000000001 0.107333 0.102667
2 0.199 0.5183329999999999 0.111333 0.115333
2 0.218333 0.621667 0.155333 0.111333
2 0.207333 0.724333 0.153333 0.106
2 0.200333 0.807667 0.119333 0.083333
2 0.180333 0.896333 0.159333 0.111333
2 0.282333 0.849333 0.075333 0.108
2 0.368333 0.8180000000000001 0.127333 0.157333
2 0.381667 0.691667 0.107333 0.084667
2 0.379 0.597667 0.126 0.116667
2 0.395 0.491 0.119333 0.096667
2 0.393333 0.382 0.164 0.124
2 0.419 0.26933300000000004 0.126 0.124
2 0.298333 0.21399999999999997 0.151333 0.165333
2 0.418333 0.08466700000000005 0.152667 0.157333
2 0.542 0.12266699999999997 0.138667 0.128
2 0.531667 0.22699999999999998 0.087333 0.088667
2 0.500333 0.45666700000000005 0.106 0.104
2 0.590667 0.490333 0.089333 0.11
2 0.499 0.557667 0.103333 0.114
2 0.477667 0.685333 0.11 0.128
2 0.472667 0.798333 0.141333 0.118
2 0.464333 0.909667 0.15 0.115333
2 0.576333 0.923 0.087333 0.127333
2 0.637333 0.953 0.070667 0.082
2 0.583 0.806 0.098 0.105333
2 0.575667 0.687333 0.119333 0.134667
2 0.674 0.7743329999999999 0.113333 0.124667
1 0.676667 0.6783330000000001 0.130667 0.086
2 0.666333 0.598333 0.148667 0.079333
2 0.690667 0.507333 0.136 0.097333
2 0.598333 0.38333300000000003 0.071333 0.081333
2 0.692667 0.410667 0.204 0.097333
2 0.725333 0.32166700000000004 0.161333 0.083333
2 0.721667 0.20799999999999996 0.187333 0.132
2 0.606667 0.263667 0.137333 0.112667
2 0.65 0.07566700000000004 0.101333 0.139333
2 0.741333 0.08666700000000005 0.118667 0.164
2 0.862 0.136 0.165333 0.129333
2 0.874 0.23633300000000002 0.141333 0.082
2 0.879 0.32766700000000004 0.151333 0.095333
2 0.866333 0.41300000000000003 0.131333 0.086
2 0.855333 0.507667 0.173333 0.096667
2 0.837667 0.606333 0.180667 0.111333
2 0.826667 0.712333 0.166667 0.112667
2 0.818333 0.7953330000000001 0.127333 0.094667
2 0.788667 0.888667 0.162667 0.101333
2 0.792 0.962 0.097333 0.064
1 0.889333 0.951 0.092 0.083333
2 0.924667 0.8506670000000001 0.134667 0.146667
0 0.081667 0.956667 0.106 0.085333
0 0.105667 0.909667 0.058 0.088667
2 0.241333 0.963 0.157333 0.072667
2 0.944333 0.658667 0.111333 0.165333
2 0.873667 0.04600000000000004 0.167333 0.089333
2 0.185667 0.05233299999999996 0.160667 0.104667
