0 0.743 0.504 0.252667 0.312
0 0.44899999999999995 0.553333 0.123333 0.181333
0 0.503667 0.104333 0.055333 0.055333
0 0.501667 0.158667 0.051333 0.050667
0 0.523667 0.237667 0.119333 0.112667
0 0.5223329999999999 0.344 0.132667 0.136
0 0.444333 0.443333 0.080667 0.084
0 0.11833300000000002 0.091333 0.103333 0.1
0 0.07933299999999999 0.161333 0.066667 0.070667
0 0.138 0.174667 0.065333 0.068
0 0.17466700000000002 0.229667 0.065333 0.072667
0 0.19933299999999998 0.143333 0.077333 0.08
0 0.16033299999999995 0.344667 0.160667 0.142667
0 0.26133300000000004 0.040667 0.057333 0.069333
0 0.43633299999999997 0.089333 0.067333 0.057333
0 0.5836669999999999 0.186667 0.088667 0.093333
0 0.26633300000000004 0.122 0.063333 0.072
0 0.267 0.188 0.106 0.084
0 0.278 0.289333 0.137333 0.128
0 0.33666700000000005 0.039 0.084 0.076667
0 0.34566699999999995 0.111 0.100667 0.074
0 0.38933300000000004 0.276 0.061333 0.057333
0 0.45499999999999996 0.306333 0.078 0.087333
0 0.40800000000000003 0.347667 0.074667 0.084667
0 0.35 0.326667 0.090667 0.098667
0 0.323333 0.432667 0.182667 0.138667
0 0.20299999999999996 0.537667 0.27 0.238
0 0.42333299999999996 0.157333 0.106667 0.08
0 0.377667 0.213667 0.078 0.067333
0 0.43799999999999994 0.221 0.065333 0.066
0 0.601667 0.291 0.087333 0.086
0 0.6453329999999999 0.344667 0.092 0.112
0 0.11266699999999996 0.259667 0.074667 0.103333
0 0.08899999999999997 0.317333 0.108667 0.113333
0 0.724 0.190333 0.206667 0.13
0 0.725333 0.278333 0.178667 0.147333
0 0.862333 0.280667 0.11 0.170667
0 0.845667 0.388667 0.091333 0.065333
0 0.7026669999999999 0.087 0.161333 0.159333
0 0.8180000000000001 0.075333 0.144 0.149333
0 0.945667 0.261667 0.107333 0.162
0 0.5473330000000001 0.097 0.025333 0.03
0 0.570667 0.512 0.197333 0.250667
0 0.942 0.07 0.114667 0.136
2 0.433667 0.937667 0.155333 0.124667
0 0.04533299999999996 0.477 0.086667 0.080667
0 0.949 0.421 0.100667 0.144667
