2 0.942333 0.168667 0.083333 0.077333
2 0.8260000000000001 0.073 0.113333 0.124667
2 0.857667 0.291667 0.247333 0.240667
2 0.933 0.510667 0.122 0.130667
2 0.9 0.630667 0.068 0.057333
2 0.898333 0.761 0.139333 0.143333
2 0.953333 0.85 0.068 0.065333
2 0.856333 0.938333 0.114 0.116667
2 0.728667 0.852667 0.210667 0.132
2 0.736667 0.733333 0.201333 0.098667
2 0.765667 0.639667 0.184667 0.106
2 0.792667 0.509667 0.177333 0.159333
2 0.6823330000000001 0.088333 0.184667 0.15
2 0.687667 0.226 0.151333 0.133333
2 0.690333 0.348667 0.187333 0.14
2 0.647667 0.480667 0.176667 0.132
2 0.621 0.618333 0.159333 0.146
2 0.503 0.553667 0.154 0.183333
3 0.505667 0.390333 0.154 0.159333
2 0.528 0.239 0.16 0.154
2 0.5353330000000001 0.107667 0.134667 0.124667
2 0.15800000000000003 0.127333 0.177333 0.164
2 0.403667 0.225667 0.119333 0.119333
2 0.276 0.285 0.153333 0.187333
2 0.135 0.271333 0.140667 0.136
2 0.12866699999999998 0.443333 0.2 0.198667
2 0.22999999999999998 0.551 0.109333 0.123333
2 0.39933300000000005 0.344333 0.097333 0.123333
3 0.383 0.446 0.072667 0.070667
2 0.36566699999999996 0.567333 0.107333 0.125333
2 0.34766699999999995 0.687333 0.154 0.134667
2 0.205333 0.705 0.166667 0.188667
2 0.220333 0.857 0.206 0.162
2 0.45099999999999996 0.841667 0.139333 0.154
2 0.572667 0.875667 0.132 0.172667
0 0.12166699999999997 0.665 0.079333 0.079333
0 0.34766699999999995 0.809 0.099333 0.092667
2 0.9299999999999999 0.378 0.138667 0.150667
2 0.32666700000000004 0.933333 0.252 0.133333
2 0.16200000000000003 0.959333 0.101333 0.081333
2 0.30400000000000005 0.068 0.168 0.134667
2 0.436667 0.054667 0.149333 0.108
3 0.951333 0.941 0.096 0.108667
