2 0.097667 0.754667 0.17 0.136
2 0.117 0.618 0.222 0.142667
2 0.203667 0.8416669999999999 0.151333 0.21
3 0.322667 0.820667 0.125333 0.168
2 0.324 0.675667 0.1 0.088667
3 0.483667 0.825333 0.196667 0.166667
3 0.506 0.702 0.194667 0.110667
2 0.481667 0.5640000000000001 0.195333 0.16
2 0.637 0.598 0.151333 0.177333
3 0.746333 0.7166669999999999 0.162 0.148
3 0.838667 0.912667 0.165333 0.16
2 0.782333 0.48466699999999996 0.203333 0.226667
2 0.91 0.17900000000000005 0.18 0.19
2 0.804333 0.06166700000000003 0.111333 0.122
2 0.697 0.15133300000000005 0.19 0.134667
2 0.684333 0.31466700000000003 0.218 0.194667
2 0.531 0.14933300000000005 0.160667 0.192
3 0.526333 0.37633300000000003 0.182 0.198
2 0.395333 0.11933300000000002 0.129333 0.190667
2 0.367 0.35766699999999996 0.127333 0.144667
3 0.363667 0.493333 0.095333 0.101333
3 0.234 0.542333 0.169333 0.155333
3 0.243333 0.40700000000000003 0.161333 0.118
3 0.248333 0.298667 0.179333 0.112
2 0.247 0.164667 0.192667 0.156
2 0.262 0.05466700000000002 0.156 0.109333
2 0.132333 0.06833299999999998 0.111333 0.115333
2 0.105333 0.32699999999999996 0.121333 0.175333
3 0.091 0.48266699999999996 0.143333 0.146667
0 0.706 0.83 0.116 0.112
0 0.910667 0.44266700000000003 0.066667 0.076
0 0.249667 0.717333 0.05 0.062667
0 0.47 0.944333 0.156 0.11
2 0.668333 0.05066700000000002 0.182 0.101333
2 0.083 0.881333 0.164667 0.129333
2 0.926 0.046667000000000014 0.142667 0.093333
3 0.051 0.10266699999999995 0.100667 0.122667
3 0.597 0.954667 0.127333 0.086667
3 0.945333 0.885667 0.109333 0.144667
