3 0.595333 0.075 0.074667 0.064667
2 0.895333 0.143333 0.108 0.096
2 0.916667 0.052 0.134667 0.097333
2 0.886333 0.268667 0.154 0.108
2 0.862667 0.369667 0.132 0.09
2 0.856 0.532667 0.16 0.144
2 0.931667 0.618 0.086 0.073333
2 0.908667 0.751 0.106667 0.086
2 0.822667 0.673667 0.129333 0.128667
2 0.8009999999999999 0.768667 0.100667 0.058667
2 0.788333 0.895333 0.111333 0.097333
2 0.899667 0.873333 0.119333 0.134667
3 0.669333 0.186333 0.057333 0.042
2 0.7723329999999999 0.377 0.052667 0.051333
0 0.732333 0.084667 0.171333 0.168
0 0.691333 0.325 0.081333 0.075333
0 0.6663330000000001 0.39 0.087333 0.076
0 0.6886669999999999 0.468667 0.104 0.106667
0 0.6946669999999999 0.562 0.084 0.081333
0 0.629667 0.534667 0.076667 0.1
0 0.6393329999999999 0.627667 0.064 0.058
0 0.7216670000000001 0.631667 0.067333 0.086
0 0.688333 0.714333 0.088667 0.088667
0 0.596 0.857333 0.098667 0.108
0 0.5373330000000001 0.957667 0.078667 0.084667
0 0.485 0.854667 0.103333 0.114667
0 0.503 0.710667 0.078 0.094667
0 0.561667 0.677 0.079333 0.071333
0 0.544333 0.623667 0.087333 0.079333
0 0.553667 0.36 0.074 0.066667
0 0.497 0.318667 0.080667 0.078667
0 0.501333 0.219333 0.092 0.096
0 0.626667 0.293333 0.062667 0.082667
0 0.591 0.216667 0.092667 0.08
0 0.5609999999999999 0.294333 0.07 0.082
0 0.46266700000000005 0.098 0.073333 0.069333
0 0.44566700000000004 0.170667 0.064667 0.085333
0 0.376 0.175 0.074667 0.094
0 0.36666699999999997 0.261667 0.1 0.098
0 0.351 0.579667 0.092667 0.082
0 0.27933300000000005 0.568667 0.165333 0.138667
0 0.04166700000000001 0.362 0.072667 0.072
0 0.060667000000000026 0.772333 0.064 0.058
0 0.504 0.570667 0.076 0.074667
0 0.44899999999999995 0.608 0.095333 0.093333
0 0.43966700000000003 0.695 0.080667 0.072667
0 0.450333 0.935333 0.094 0.082667
0 0.5349999999999999 0.448 0.143333 0.128
0 0.5676669999999999 0.506 0.084667 0.074667
0 0.711333 0.837 0.133333 0.144667
0 0.38233300000000003 0.868 0.095333 0.078667
0 0.17166700000000001 0.857667 0.188667 0.168667
0 0.26633300000000004 0.886333 0.104667 0.115333
0 0.213333 0.957333 0.110667 0.085333
0 0.29833299999999996 0.661 0.062 0.080667
0 0.32899999999999996 0.412 0.284667 0.226667
0 0.238 0.303667 0.072 0.07
0 0.279667 0.266667 0.058 0.054667
0 0.26833300000000004 0.165333 0.148667 0.141333
0 0.273 0.740333 0.079333 0.078
0 0.405 0.747 0.09 0.096667
0 0.32499999999999996 0.062667 0.055333 0.044
0 0.07566700000000004 0.118 0.060667 0.058667
0 0.6619999999999999 0.927667 0.113333 0.099333
2 0.963667 0.530667 0.071333 0.1
2 0.949333 0.39 0.1 0.141333
0 0.04533299999999996 0.270667 0.090667 0.108
