2 0.857667 0.574667 0.206 0.218667
2 0.630667 0.647 0.068 0.059333
2 0.533333 0.640667 0.054667 0.050667
3 0.321 0.619 0.084667 0.084667
2 0.214 0.606 0.112 0.102667
3 0.059 0.715 0.108667 0.120667
2 0.06 0.939333 0.101333 0.097333
3 0.422667 0.827667 0.064 0.11
3 0.521333 0.84 0.128 0.132
3 0.535667 0.940667 0.088667 0.094667
2 0.739 0.817667 0.171333 0.184667
2 0.753333 0.933667 0.136 0.075333
2 0.866667 0.864333 0.112 0.160667
2 0.953667 0.821333 0.080667 0.102667
2 0.350333 0.504333 0.115333 0.086
2 0.455333 0.522667 0.065333 0.066667
2 0.466667 0.431667 0.070667 0.076667
3 0.56 0.439333 0.098667 0.102667
2 0.635333 0.457333 0.056 0.066667
2 0.604 0.542667 0.104 0.098667
2 0.680333 0.324 0.046 0.049333
2 0.693333 0.41 0.104 0.102667
2 0.736667 0.475333 0.105333 0.097333
2 0.7 0.548667 0.098667 0.1
2 0.774333 0.321333 0.106 0.110667
2 0.818 0.219667 0.096 0.088667
2 0.855667 0.138333 0.128667 0.118
2 0.952 0.178667 0.077333 0.098667
2 0.696 0.11 0.137333 0.189333
2 0.602 0.109333 0.108 0.154667
3 0.589 0.223333 0.09 0.096
2 0.523333 0.213 0.068 0.072667
2 0.494333 0.305333 0.146 0.098667
2 0.45 0.199 0.078667 0.099333
2 0.491 0.099667 0.124667 0.148667
2 0.390333 0.095667 0.092667 0.146
2 0.284667 0.092667 0.124 0.176
2 0.178333 0.067667 0.111333 0.107333
2 0.181333 0.178 0.138667 0.174667
3 0.083333 0.151667 0.085333 0.094
2 0.079 0.263667 0.118 0.095333
2 0.288 0.269667 0.066667 0.078
2 0.344333 0.371 0.11 0.114
2 0.24 0.348333 0.101333 0.11
2 0.191 0.408667 0.108667 0.086667
2 0.092333 0.469333 0.17 0.168
2 0.626333 0.945333 0.098 0.109333
0 0.232667 0.519333 0.068 0.08
0 0.390667 0.611667 0.064 0.082
0 0.431 0.627667 0.027333 0.034
0 0.498667 0.746 0.041333 0.038667
0 0.754 0.694333 0.070667 0.075333
0 0.264667 0.836667 0.36 0.326667
2 0.868333 0.316333 0.104667 0.103333
2 0.963333 0.341333 0.070667 0.161333
