2 0.096333 0.140333 0.104667 0.123333
2 0.219667 0.156 0.140667 0.189333
2 0.180667 0.239333 0.124 0.113333
2 0.313 0.144333 0.088667 0.120667
2 0.301 0.328333 0.116667 0.091333
2 0.181333 0.355333 0.128 0.134667
2 0.329333 0.419 0.104 0.082
2 0.315333 0.499667 0.101333 0.084667
2 0.228 0.427333 0.098667 0.096
1 0.200667 0.549667 0.153333 0.123333
2 0.359667 0.593333 0.140667 0.174667
2 0.482667 0.606 0.105333 0.125333
2 0.225 0.647667 0.154 0.088667
2 0.268 0.711667 0.124 0.088667
2 0.382667 0.72 0.094667 0.105333
2 0.452667 0.826667 0.101333 0.144
2 0.353667 0.833667 0.116667 0.15
2 0.098333 0.841 0.163333 0.238
2 0.204 0.817 0.070667 0.142
2 0.578333 0.882333 0.144667 0.124667
2 0.611667 0.810333 0.15 0.119333
2 0.549667 0.692 0.15 0.156
1 0.629333 0.638667 0.070667 0.096
2 0.613333 0.542 0.144 0.130667
1 0.560333 0.457333 0.108667 0.105333
2 0.438667 0.406 0.098667 0.125333
2 0.519333 0.373333 0.096 0.104
2 0.408667 0.105 0.098667 0.120667
2 0.468667 0.053667 0.061333 0.079333
2 0.638333 0.077 0.106 0.116667
2 0.502667 0.149667 0.168 0.171333
2 0.533333 0.276333 0.14 0.154
2 0.656333 0.285667 0.103333 0.184667
2 0.689667 0.165 0.106 0.104667
2 0.815333 0.133667 0.093333 0.103333
1 0.882333 0.318 0.15 0.132
2 0.775 0.242333 0.154 0.15
2 0.926333 0.22 0.147333 0.150667
1 0.697667 0.446333 0.15 0.114
2 0.771667 0.394 0.116667 0.126667
1 0.864667 0.466333 0.125333 0.126
2 0.957333 0.458667 0.085333 0.136
2 0.75 0.542 0.137333 0.141333
1 0.866667 0.584 0.137333 0.130667
2 0.749333 0.686 0.172 0.162667
2 0.766 0.784667 0.141333 0.104
1 0.859 0.825 0.122 0.115333
2 0.77 0.897 0.102667 0.120667
1 0.669333 0.905667 0.142667 0.15
2 0.883333 0.905 0.126667 0.082
2 0.928 0.725667 0.137333 0.119333
2 0.270333 0.827667 0.088667 0.176667
2 0.816333 0.040667 0.116667 0.08
2 0.946667 0.049667 0.106667 0.098
2 0.072333 0.240333 0.138 0.142
2 0.85 0.971 0.124 0.058
2 0.503 0.940333 0.168667 0.119333
2 0.957667 0.836667 0.084667 0.108
2 0.086333 0.498 0.163333 0.164
2 0.099333 0.685667 0.161333 0.143333
2 0.916667 0.630333 0.110667 0.084667
