2 0.847333 0.901 0.106667 0.116667
2 0.947667 0.790667 0.083333 0.096
3 0.865 0.788 0.079333 0.073333
2 0.7396670000000001 0.88 0.114 0.133333
2 0.858333 0.702333 0.148667 0.122
3 0.766667 0.776 0.096 0.084
2 0.652667 0.764667 0.126667 0.105333
2 0.511667 0.746333 0.142 0.115333
3 0.522 0.820667 0.06 0.061333
3 0.446333 0.824667 0.080667 0.086667
1 0.494333 0.642667 0.146 0.113333
2 0.615667 0.634 0.15 0.166667
2 0.736667 0.653 0.110667 0.126
2 0.898667 0.5920000000000001 0.190667 0.112
2 0.844 0.483 0.202667 0.111333
2 0.6619999999999999 0.491333 0.1 0.102667
2 0.5409999999999999 0.454333 0.196667 0.123333
2 0.548667 0.325333 0.176 0.14
2 0.710333 0.34766699999999995 0.136667 0.118
2 0.623 0.22999999999999998 0.142 0.128
2 0.675667 0.12966699999999998 0.119333 0.112667
2 0.494333 0.221333 0.095333 0.101333
2 0.7416670000000001 0.258 0.09 0.094667
2 0.804 0.133 0.170667 0.155333
2 0.931 0.14333300000000004 0.111333 0.121333
2 0.861 0.258 0.140667 0.130667
2 0.834 0.38033300000000003 0.102667 0.091333
2 0.9410000000000001 0.361333 0.114 0.098667
2 0.47366699999999995 0.07466700000000004 0.171333 0.141333
2 0.25 0.06433299999999997 0.118667 0.120667
2 0.136 0.06833299999999998 0.093333 0.11
2 0.233333 0.17400000000000004 0.14 0.112
2 0.409667 0.205333 0.112667 0.125333
2 0.33899999999999997 0.21066700000000005 0.051333 0.086667
3 0.43700000000000006 0.327333 0.052667 0.064
2 0.36166699999999996 0.31966700000000003 0.091333 0.115333
2 0.252 0.305667 0.125333 0.151333
2 0.06799999999999995 0.385667 0.065333 0.078
3 0.270667 0.41333299999999995 0.076 0.066667
2 0.411667 0.56 0.155333 0.188
2 0.302667 0.506667 0.088 0.136
2 0.31866700000000003 0.624667 0.097333 0.1
3 0.20766700000000005 0.5163329999999999 0.111333 0.103333
3 0.11566699999999996 0.508667 0.083333 0.114667
2 0.20766700000000005 0.634333 0.136667 0.136667
2 0.31666700000000003 0.715667 0.073333 0.071333
2 0.04500000000000004 0.687667 0.075333 0.09
2 0.07999999999999996 0.773 0.097333 0.114
3 0.347333 0.821667 0.098667 0.124667
2 0.252667 0.807667 0.096 0.116667
2 0.260667 0.892 0.066667 0.065333
2 0.168667 0.793667 0.069333 0.082
3 0.960667 0.900333 0.076 0.072667
0 0.305667 0.943333 0.051333 0.066667
0 0.363333 0.935 0.056 0.062
0 0.41633299999999995 0.896333 0.082 0.063333
0 0.07099999999999995 0.24133300000000002 0.047333 0.046667
0 0.10633300000000001 0.30033299999999996 0.059333 0.071333
0 0.16333299999999995 0.295667 0.042667 0.047333
0 0.389 0.698333 0.044667 0.059333
0 0.10566699999999996 0.650667 0.068667 0.057333
0 0.536667 0.126 0.058667 0.045333
2 0.963 0.263 0.072667 0.106
2 0.04700000000000004 0.877667 0.091333 0.115333
2 0.631667 0.943 0.180667 0.112667
2 0.959 0.47966699999999995 0.076667 0.131333
