2 0.131 0.208667 0.114 0.12
2 0.284 0.209 0.189333 0.152667
2 0.345 0.125333 0.147333 0.128
2 0.492 0.084 0.165333 0.133333
2 0.606333 0.073333 0.124667 0.126667
2 0.701667 0.095 0.084667 0.088667
2 0.819667 0.127333 0.148667 0.142667
3 0.911333 0.070667 0.068 0.070667
3 0.929333 0.177 0.065333 0.05
3 0.879333 0.258667 0.124 0.094667
2 0.738 0.217667 0.161333 0.148667
2 0.621667 0.197 0.111333 0.118
2 0.488333 0.212333 0.152667 0.19
2 0.400667 0.314333 0.177333 0.17
2 0.147333 0.319 0.109333 0.087333
3 0.050667 0.331667 0.086667 0.098
2 0.259 0.328 0.114 0.138667
2 0.183333 0.448333 0.212 0.182
2 0.083333 0.511333 0.114667 0.1
3 0.318 0.513 0.109333 0.114
3 0.368 0.602333 0.073333 0.076667
2 0.254333 0.622 0.146 0.188
2 0.101333 0.627333 0.168 0.134667
2 0.122 0.759333 0.165333 0.142667
2 0.215333 0.84 0.145333 0.145333
2 0.339333 0.832 0.133333 0.166667
2 0.478667 0.706 0.092 0.097333
3 0.529667 0.913 0.111333 0.124667
2 0.599333 0.682333 0.110667 0.100667
2 0.629333 0.793667 0.142667 0.147333
2 0.627 0.876667 0.080667 0.061333
2 0.748 0.792 0.133333 0.12
3 0.852 0.762333 0.061333 0.059333
2 0.874333 0.659333 0.139333 0.145333
2 0.739667 0.668 0.13 0.129333
3 0.558 0.420333 0.1 0.143333
2 0.624333 0.560667 0.199333 0.168
2 0.766667 0.535667 0.109333 0.126
2 0.868667 0.495667 0.141333 0.11
2 0.938333 0.542333 0.055333 0.052667
2 0.672333 0.39 0.128667 0.168
2 0.73 0.349 0.097333 0.127333
2 0.812667 0.388667 0.101333 0.126667
2 0.887 0.387667 0.078 0.147333
2 0.95 0.384333 0.070667 0.123333
3 0.824 0.037 0.121333 0.072667
0 0.407333 0.521667 0.093333 0.082
0 0.404667 0.454 0.073333 0.085333
0 0.562667 0.311667 0.093333 0.079333
0 0.851667 0.570333 0.063333 0.058
2 0.287667 0.941333 0.215333 0.117333
2 0.038 0.214 0.074667 0.117333
