2 0.833333 0.090333 0.168 0.168667
2 0.842 0.247333 0.148 0.162667
2 0.898667 0.302 0.198667 0.166667
2 0.880333 0.418333 0.144667 0.118
2 0.962 0.577333 0.069333 0.064
2 0.939333 0.868667 0.06 0.069333
2 0.838 0.843 0.137333 0.176667
2 0.744 0.725667 0.072 0.086
3 0.719333 0.853667 0.097333 0.119333
2 0.756333 0.657 0.144667 0.074
2 0.750333 0.568 0.156667 0.098667
2 0.680667 0.502667 0.137333 0.129333
2 0.636 0.591 0.069333 0.063333
3 0.625 0.676667 0.084667 0.096
2 0.625333 0.786333 0.14 0.123333
2 0.6086670000000001 0.900333 0.106667 0.115333
2 0.532333 0.617333 0.115333 0.141333
2 0.497333 0.941667 0.104 0.095333
2 0.40733299999999995 0.931333 0.132 0.110667
2 0.33299999999999996 0.902 0.091333 0.105333
2 0.336333 0.763667 0.104667 0.120667
2 0.43999999999999995 0.803 0.144 0.112667
2 0.44266700000000003 0.691667 0.108 0.098
2 0.43899999999999995 0.527667 0.09 0.074
2 0.387 0.622667 0.15 0.164
2 0.24333300000000002 0.675 0.062667 0.068667
2 0.294667 0.641 0.096 0.106
2 0.19399999999999995 0.930667 0.146667 0.109333
2 0.18700000000000006 0.803 0.186 0.176667
2 0.07399999999999995 0.756333 0.137333 0.17
2 0.06999999999999995 0.903 0.104 0.123333
2 0.322333 0.480333 0.11 0.118
2 0.26133300000000004 0.309333 0.142667 0.130667
2 0.251667 0.114667 0.148667 0.141333
2 0.167667 0.173667 0.108667 0.123333
2 0.11966699999999997 0.339333 0.19 0.169333
2 0.137 0.497333 0.227333 0.170667
2 0.446333 0.311 0.151333 0.176667
2 0.374333 0.373667 0.114 0.135333
2 0.45266700000000004 0.155667 0.166667 0.179333
2 0.588333 0.162667 0.108667 0.14
2 0.581 0.280667 0.126 0.098667
2 0.5593330000000001 0.41 0.213333 0.201333
2 0.707333 0.390333 0.126667 0.151333
2 0.720333 0.284333 0.155333 0.119333
2 0.710333 0.154333 0.151333 0.21
2 0.346333 0.073667 0.076667 0.107333
2 0.05700000000000005 0.049333 0.112667 0.086667
0 0.49766699999999997 0.506333 0.11 0.103333
2 0.941667 0.112667 0.115333 0.224
0 0.891 0.539 0.112667 0.111333
0 0.843333 0.634667 0.084 0.061333
0 0.905667 0.706333 0.060667 0.076667
3 0.946 0.669 0.06 0.078
0 0.917667 0.929 0.071333 0.056667
0 0.647 0.964667 0.082 0.068
0 0.741 0.936333 0.120667 0.096667
