2 0.15433300000000005 0.911333 0.186 0.165333
1 0.30033299999999996 0.929 0.13 0.115333
2 0.18100000000000005 0.772 0.17 0.14
1 0.314333 0.772 0.116667 0.126667
1 0.223333 0.641667 0.137333 0.162
1 0.43100000000000005 0.808333 0.294 0.318
2 0.685 0.834667 0.211333 0.212
2 0.825333 0.775667 0.089333 0.096667
2 0.700333 0.685667 0.163333 0.119333
1 0.882333 0.640667 0.194 0.185333
1 0.874667 0.49866699999999997 0.201333 0.132
1 0.906667 0.359333 0.14 0.133333
1 0.759667 0.31033299999999997 0.246 0.224667
2 0.677 0.10266699999999995 0.178 0.190667
2 0.794333 0.10066699999999995 0.076667 0.102667
2 0.918333 0.09999999999999998 0.163333 0.198667
2 0.45299999999999996 0.10433300000000001 0.286 0.206
1 0.511667 0.252 0.224667 0.158667
1 0.628 0.41533299999999995 0.202667 0.188
2 0.5986670000000001 0.571 0.133333 0.151333
2 0.451333 0.654333 0.096 0.082
1 0.45866700000000005 0.514 0.136 0.162667
1 0.33299999999999996 0.568667 0.179333 0.241333
1 0.087333 0.595667 0.170667 0.187333
1 0.11599999999999999 0.351333 0.166667 0.185333
1 0.27833300000000005 0.39233300000000004 0.208667 0.23
1 0.163667 0.23399999999999999 0.120667 0.117333
1 0.27633300000000005 0.19866700000000004 0.184667 0.193333
1 0.19066700000000003 0.09899999999999998 0.130667 0.114
1 0.725333 0.548667 0.138667 0.162667
1 0.462333 0.366333 0.140667 0.151333
0 0.89 0.24733300000000003 0.092 0.081333
2 0.07299999999999995 0.08599999999999997 0.144667 0.170667
