0 0.960333 0.084667 0.068667 0.073333
0 0.906 0.077667 0.04 0.043333
0 0.940667 0.172667 0.113333 0.104
0 0.862667 0.133333 0.096 0.110667
0 0.781 0.11 0.094 0.108
0 0.6986669999999999 0.166667 0.106667 0.118667
0 0.889333 0.405 0.085333 0.082
0 0.19033299999999997 0.254333 0.143333 0.138
0 0.20466700000000004 0.110333 0.254667 0.216667
0 0.382 0.113333 0.056 0.054667
0 0.42333299999999996 0.249667 0.082667 0.07
0 0.525333 0.269667 0.12 0.111333
0 0.48266699999999996 0.186667 0.028 0.024
0 0.44366700000000003 0.040333 0.042 0.042
0 0.460333 0.106667 0.111333 0.096
0 0.769 0.369333 0.124667 0.129333
0 0.787667 0.450667 0.046 0.052
0 0.817333 0.415333 0.026667 0.036
0 0.833333 0.394333 0.026667 0.023333
0 0.874667 0.502 0.098667 0.082667
0 0.899667 0.291667 0.096667 0.083333
0 0.906333 0.652333 0.186 0.204667
0 0.588333 0.083333 0.107333 0.081333
0 0.7150000000000001 0.071 0.046 0.054
0 0.785667 0.512333 0.048667 0.078
0 0.711667 0.495667 0.095333 0.164667
0 0.714 0.637667 0.090667 0.107333
0 0.603 0.292 0.058 0.092
0 0.5656669999999999 0.342333 0.059333 0.075333
0 0.40033300000000005 0.396667 0.220667 0.224
0 0.5856669999999999 0.477333 0.154 0.177333
0 0.821 0.322667 0.060667 0.065333
0 0.612 0.180667 0.053333 0.061333
