2 0.149667 0.904667 0.143333 0.133333
2 0.067 0.717333 0.122 0.084
2 0.260667 0.862667 0.104 0.134667
2 0.344667 0.9013329999999999 0.094667 0.106667
2 0.355333 0.792333 0.104 0.119333
2 0.184 0.815 0.164 0.079333
2 0.199 0.7396670000000001 0.152667 0.080667
2 0.069 0.628333 0.120667 0.088667
2 0.075333 0.523667 0.128 0.126
2 0.108667 0.386 0.12 0.101333
2 0.107333 0.29600000000000004 0.097333 0.073333
2 0.125333 0.210333 0.105333 0.091333
2 0.13 0.11366699999999996 0.134667 0.11
2 0.191667 0.680667 0.118 0.068
2 0.197667 0.606333 0.139333 0.091333
2 0.200667 0.518 0.130667 0.085333
2 0.22 0.42633299999999996 0.158667 0.107333
2 0.221333 0.29233299999999995 0.133333 0.124667
2 0.221333 0.19699999999999995 0.102667 0.082
2 0.242 0.06866700000000003 0.086667 0.110667
2 0.451 0.911667 0.143333 0.122
3 0.442667 0.8180000000000001 0.070667 0.06
2 0.451 0.733333 0.159333 0.168
2 0.366333 0.624333 0.128667 0.163333
2 0.310667 0.5453330000000001 0.132 0.130667
2 0.316333 0.45199999999999996 0.087333 0.077333
2 0.383667 0.436667 0.142 0.141333
2 0.403667 0.31599999999999995 0.151333 0.110667
2 0.332333 0.29500000000000004 0.091333 0.080667
2 0.342667 0.19866700000000004 0.162667 0.134667
2 0.33 0.06533299999999997 0.098667 0.121333
2 0.439 0.10766699999999996 0.147333 0.152667
2 0.51 0.21399999999999997 0.138667 0.157333
2 0.488 0.39233300000000004 0.094667 0.099333
2 0.467 0.477 0.091333 0.086
2 0.457333 0.5820000000000001 0.130667 0.126667
2 0.612667 0.955 0.094667 0.086
2 0.627333 0.891667 0.090667 0.068667
2 0.709333 0.916667 0.093333 0.090667
2 0.633 0.807667 0.098 0.111333
2 0.72 0.815333 0.092 0.101333
2 0.575333 0.712333 0.133333 0.179333
2 0.579 0.565 0.126 0.115333
2 0.58 0.482 0.129333 0.104
2 0.583 0.372333 0.140667 0.123333
2 0.631667 0.328333 0.082 0.080667
2 0.631667 0.204333 0.135333 0.19
2 0.711 0.21099999999999997 0.087333 0.076667
2 0.726667 0.08966700000000005 0.097333 0.127333
2 0.825333 0.07966700000000004 0.102667 0.114
2 0.790667 0.29300000000000004 0.122667 0.123333
2 0.805667 0.20266700000000004 0.083333 0.06
2 0.697333 0.349333 0.069333 0.08
2 0.680333 0.45699999999999996 0.082 0.143333
2 0.779667 0.43333299999999997 0.124667 0.154667
2 0.681 0.595333 0.122 0.161333
2 0.772 0.5896669999999999 0.121333 0.116667
2 0.739 0.693667 0.15 0.119333
2 0.824667 0.589333 0.052 0.045333
3 0.906 0.780667 0.064 0.042667
0 0.868333 0.888667 0.188667 0.164
0 0.946333 0.34199999999999997 0.064667 0.058667
0 0.907667 0.255667 0.092667 0.100667
0 0.902333 0.409667 0.088667 0.076667
0 0.894667 0.639667 0.08 0.082
0 0.912333 0.5760000000000001 0.086 0.074667
0 0.905667 0.49666699999999997 0.116667 0.097333
0 0.965667 0.679 0.068667 0.076667
0 0.966333 0.44499999999999995 0.067333 0.094
0 0.863667 0.33666700000000005 0.076667 0.084
0 0.907 0.13266699999999998 0.132667 0.129333
0 0.940667 0.044332999999999956 0.1 0.088667
2 0.549667 0.05500000000000005 0.094 0.11
2 0.055 0.815 0.108667 0.119333
2 0.035667 0.41433299999999995 0.07 0.114
