2 0.144333 0.918 0.218 0.148
2 0.057333 0.646667 0.102667 0.092
2 0.155333 0.573 0.129333 0.106
2 0.169333 0.671667 0.170667 0.114
1 0.158667 0.770667 0.166667 0.098667
2 0.123333 0.41733299999999995 0.106667 0.150667
2 0.117333 0.26533300000000004 0.133333 0.14
1 0.137 0.170667 0.115333 0.109333
2 0.163667 0.05266700000000002 0.151333 0.098667
2 0.217667 0.14100000000000001 0.079333 0.114
2 0.304 0.17233299999999996 0.134667 0.143333
2 0.232667 0.257667 0.1 0.103333
1 0.245333 0.359 0.134667 0.147333
2 0.195667 0.458333 0.123333 0.143333
2 0.277 0.522 0.147333 0.173333
2 0.339333 0.361333 0.1 0.134667
1 0.396 0.248 0.170667 0.193333
1 0.502333 0.359 0.146 0.180667
1 0.428333 0.427667 0.142 0.128667
2 0.39 0.5389999999999999 0.112 0.115333
2 0.341333 0.628 0.121333 0.104
2 0.323333 0.732667 0.142667 0.125333
2 0.347667 0.9143330000000001 0.152667 0.152667
2 0.406667 0.814333 0.148 0.15
2 0.474 0.724333 0.116 0.106
2 0.462333 0.623667 0.123333 0.120667
2 0.549667 0.567333 0.135333 0.150667
2 0.636 0.432667 0.232 0.213333
2 0.648333 0.601333 0.11 0.129333
2 0.563 0.6819999999999999 0.088667 0.090667
1 0.576 0.805667 0.188 0.19
2 0.519333 0.921333 0.129333 0.133333
2 0.764333 0.749333 0.198 0.196
1 0.902 0.749 0.1 0.116667
2 0.854333 0.610333 0.183333 0.147333
2 0.744 0.523 0.137333 0.15
1 0.801667 0.885333 0.139333 0.089333
1 0.899667 0.930333 0.115333 0.118
1 0.055333 0.086333 0.109333 0.172667
2 0.787 0.94 0.147333 0.118667
2 0.037333 0.765333 0.070667 0.141333
2 0.054 0.473333 0.106667 0.176
0 0.871333 0.040000000000000036 0.082667 0.077333
0 0.953667 0.03733299999999995 0.092667 0.074667
