2 0.7256670000000001 0.101667 0.167333 0.172667
1 0.9083330000000001 0.154 0.179333 0.134667
1 0.910667 0.303 0.164 0.186
1 0.765 0.323333 0.118 0.126667
1 0.622333 0.348 0.154 0.132
1 0.679333 0.208 0.162667 0.206667
1 0.5243329999999999 0.208667 0.172667 0.222667
1 0.444333 0.124 0.138 0.149333
2 0.286667 0.165667 0.128 0.139333
2 0.352333 0.268333 0.186 0.178
2 0.21899999999999997 0.380667 0.216667 0.236
2 0.06499999999999995 0.415 0.13 0.176667
2 0.16500000000000004 0.566333 0.212667 0.171333
2 0.16233299999999995 0.702667 0.115333 0.137333
2 0.327333 0.65 0.197333 0.268
2 0.148667 0.838333 0.165333 0.148667
2 0.29233299999999995 0.825667 0.136667 0.119333
2 0.442333 0.785667 0.163333 0.176667
2 0.38933300000000004 0.919667 0.102667 0.116667
2 0.43400000000000005 0.637667 0.102667 0.114
2 0.560667 0.642 0.169333 0.2
2 0.572667 0.770667 0.1 0.096
2 0.748333 0.730333 0.187333 0.138
2 0.837 0.820667 0.15 0.173333
2 0.6970000000000001 0.843667 0.146 0.15
1 0.715333 0.604667 0.154667 0.138667
1 0.907667 0.594 0.183333 0.157333
1 0.907 0.460667 0.162 0.14
2 0.769667 0.479 0.146 0.176667
1 0.621 0.487333 0.215333 0.176
1 0.42333299999999996 0.511333 0.170667 0.130667
1 0.459333 0.374 0.2 0.161333
2 0.12766699999999997 0.103 0.232667 0.202
1 0.24 0.045333 0.057333 0.074667
2 0.19666700000000004 0.205667 0.081333 0.072667
0 0.810333 0.645333 0.134 0.098667
0 0.05400000000000005 0.197 0.070667 0.078
2 0.899 0.072 0.199333 0.142667
2 0.125 0.944333 0.19 0.103333
2 0.866333 0.950667 0.182 0.098667
