3 0.216333 0.07899999999999996 0.09 0.087333
2 0.109 0.06566700000000003 0.119333 0.114
2 0.197 0.170667 0.107333 0.109333
2 0.095333 0.168667 0.106667 0.089333
2 0.081 0.26333300000000004 0.116667 0.102667
2 0.188333 0.26933300000000004 0.115333 0.104
2 0.093333 0.36166699999999996 0.136 0.094
3 0.184333 0.349 0.062 0.052667
2 0.094 0.46066700000000005 0.129333 0.1
2 0.085333 0.540333 0.130667 0.079333
2 0.171333 0.5736669999999999 0.156 0.104667
2 0.065667 0.628 0.122 0.096
2 0.143333 0.678667 0.110667 0.1
3 0.189333 0.445333 0.077333 0.056
2 0.140333 0.961667 0.122 0.075333
0 0.263333 0.762333 0.074667 0.074
0 0.511333 0.743 0.057333 0.075333
0 0.445667 0.7030000000000001 0.055333 0.067333
0 0.335667 0.713667 0.091333 0.095333
0 0.258667 0.41600000000000004 0.042667 0.048
0 0.71 0.73 0.082667 0.073333
0 0.360667 0.446333 0.124 0.108667
0 0.388667 0.598 0.061333 0.077333
0 0.450667 0.617 0.070667 0.083333
0 0.434333 0.813 0.094 0.087333
0 0.328 0.558667 0.089333 0.074667
0 0.287667 0.521 0.078 0.071333
0 0.540333 0.14433300000000004 0.096667 0.100667
0 0.477667 0.513333 0.078 0.082667
0 0.544333 0.508667 0.062 0.064
0 0.473333 0.31899999999999995 0.045333 0.05
0 0.575 0.433667 0.112667 0.13
0 0.716333 0.23766699999999996 0.096667 0.091333
0 0.792667 0.18366700000000002 0.110667 0.118
0 0.856333 0.18666700000000003 0.051333 0.046667
0 0.919667 0.582667 0.083333 0.072
0 0.946333 0.503667 0.058 0.051333
0 0.956 0.451333 0.082667 0.058667
0 0.880667 0.525 0.06 0.071333
0 0.311 0.329333 0.055333 0.042667
0 0.461667 0.942333 0.124667 0.114
0 0.624 0.940667 0.085333 0.081333
0 0.554333 0.955333 0.075333 0.070667
0 0.615 0.8316669999999999 0.182 0.171333
0 0.916 0.34266700000000005 0.130667 0.116
0 0.855 0.24866699999999997 0.09 0.076
0 0.869667 0.858 0.091333 0.062667
0 0.52 0.29500000000000004 0.037333 0.035333
0 0.661333 0.17900000000000005 0.090667 0.074
0 0.767667 0.538 0.094 0.062667
0 0.817667 0.620333 0.052667 0.05
0 0.800333 0.452333 0.051333 0.048667
0 0.847333 0.414667 0.076 0.070667
0 0.374 0.30500000000000005 0.048 0.059333
0 0.563333 0.31200000000000006 0.04 0.038667
0 0.542333 0.24133300000000002 0.076667 0.077333
0 0.441667 0.093333 0.076667 0.096
0 0.370333 0.15433300000000005 0.055333 0.052667
0 0.265333 0.24733300000000003 0.033333 0.037333
0 0.344 0.10266699999999995 0.052 0.070667
0 0.307333 0.12466699999999997 0.024 0.028
0 0.523667 0.586333 0.056667 0.051333
0 0.555333 0.563333 0.04 0.037333
0 0.272 0.15933299999999995 0.050667 0.054667
0 0.487667 0.424667 0.042 0.04
0 0.851 0.031667 0.062 0.063333
0 0.609667 0.5263329999999999 0.047333 0.040667
0 0.294667 0.24333300000000002 0.025333 0.030667
0 0.404333 0.5303329999999999 0.039333 0.039333
0 0.515667 0.6206670000000001 0.03 0.029333
0 0.236 0.478333 0.04 0.047333
0 0.241667 0.359 0.028667 0.032667
2 0.062 0.767333 0.122667 0.145333
2 0.064333 0.9103330000000001 0.123333 0.178
