2 0.141 0.074667 0.13 0.142667
2 0.260333 0.19 0.160667 0.178667
2 0.580667 0.095667 0.124 0.126
1 0.716667 0.102667 0.145333 0.16
2 0.832 0.125333 0.137333 0.122667
2 0.949333 0.121667 0.097333 0.112667
1 0.766667 0.241333 0.176 0.137333
1 0.626667 0.220333 0.134667 0.143333
1 0.492333 0.19 0.203333 0.162667
2 0.476667 0.323333 0.137333 0.14
2 0.353 0.286333 0.179333 0.158
2 0.151667 0.388333 0.187333 0.218
1 0.332667 0.405333 0.222667 0.206667
1 0.239667 0.53 0.222 0.201333
2 0.386 0.545333 0.109333 0.134667
2 0.473667 0.562333 0.156667 0.184667
1 0.584667 0.451333 0.242667 0.170667
1 0.595667 0.333 0.154 0.126
2 0.723667 0.363 0.187333 0.183333
2 0.897333 0.331667 0.173333 0.184667
2 0.842333 0.498 0.227333 0.201333
2 0.75 0.631667 0.165333 0.202
2 0.603667 0.602 0.191333 0.172
2 0.110333 0.646333 0.139333 0.122
1 0.180667 0.781 0.206667 0.258
2 0.086 0.903667 0.134667 0.192667
2 0.342333 0.851333 0.144667 0.129333
2 0.307667 0.700333 0.208667 0.178
2 0.465333 0.699667 0.14 0.162
2 0.608333 0.731667 0.171333 0.135333
2 0.925 0.775 0.146 0.115333
2 0.655333 0.88 0.165333 0.168
1 0.493333 0.867667 0.229333 0.248667
2 0.342 0.954333 0.108 0.091333
0 0.887 0.226 0.106 0.128
0 0.095333 0.324 0.050667 0.049333
2 0.861667 0.894 0.276667 0.209333
2 0.347 0.090333 0.272667 0.179333
2 0.215333 0.942333 0.164 0.115333
2 0.063 0.491667 0.124667 0.215333
