2 0.924667 0.096667 0.144 0.125333
2 0.84 0.161667 0.092 0.108667
2 0.750333 0.117333 0.198 0.174667
2 0.755 0.251 0.155333 0.114
2 0.843333 0.329 0.168 0.154
2 0.844 0.471 0.174667 0.151333
2 0.718667 0.366 0.101333 0.102667
2 0.681667 0.495 0.155333 0.15
2 0.683 0.623667 0.15 0.131333
2 0.5549999999999999 0.570333 0.152667 0.191333
2 0.46499999999999997 0.498333 0.124667 0.148667
2 0.38033300000000003 0.452333 0.078 0.078
2 0.382667 0.350667 0.069333 0.066667
2 0.499 0.301333 0.138 0.142667
2 0.591333 0.357667 0.169333 0.178
2 0.616333 0.109667 0.114 0.128667
2 0.592333 0.036 0.083333 0.068
2 0.6226670000000001 0.223333 0.101333 0.098667
2 0.487333 0.091 0.130667 0.111333
2 0.481333 0.188667 0.166667 0.101333
3 0.378667 0.091 0.094667 0.100667
3 0.286667 0.182667 0.098667 0.1
2 0.279 0.294 0.119333 0.1
2 0.26633300000000004 0.386667 0.106 0.094667
2 0.18566700000000003 0.236667 0.139333 0.130667
2 0.167667 0.106 0.114 0.102667
2 0.08133299999999999 0.180667 0.1 0.096
2 0.136 0.386 0.202667 0.201333
2 0.247 0.506 0.144667 0.136
2 0.356333 0.561 0.155333 0.112667
2 0.361333 0.662667 0.178667 0.104
2 0.24566699999999997 0.623667 0.078 0.079333
2 0.12 0.635667 0.129333 0.116667
3 0.10799999999999998 0.744333 0.136 0.107333
2 0.08999999999999997 0.860333 0.158667 0.139333
2 0.207333 0.951 0.142667 0.098
2 0.213333 0.833333 0.128 0.129333
2 0.349 0.766667 0.143333 0.132
3 0.35666699999999996 0.843333 0.069333 0.068
2 0.430667 0.889667 0.104 0.114
2 0.542 0.904 0.109333 0.137333
2 0.536667 0.777 0.062667 0.058
2 0.648 0.815333 0.133333 0.148
3 0.64 0.926333 0.094667 0.092667
2 0.771667 0.884 0.15 0.105333
2 0.788667 0.749333 0.161333 0.182667
2 0.903 0.668667 0.079333 0.077333
2 0.904667 0.803333 0.16 0.164
2 0.903667 0.922333 0.127333 0.095333
2 0.452333 0.733333 0.078 0.057333
2 0.949333 0.298 0.1 0.124
0 0.882333 0.601 0.026 0.022
0 0.868 0.570333 0.041333 0.047333
0 0.21999999999999997 0.757 0.04 0.035333
0 0.09666699999999995 0.525333 0.050667 0.064
0 0.134 0.501333 0.036 0.028
2 0.10066699999999995 0.053667 0.133333 0.106
2 0.23099999999999998 0.043667 0.11 0.086
2 0.5083329999999999 0.021 0.086 0.040667
2 0.527333 0.98 0.077333 0.04
