1 0.888667 0.742 0.138667 0.133333
1 0.911667 0.852333 0.148667 0.15
1 0.79 0.829667 0.102667 0.124667
1 0.656667 0.898667 0.177333 0.173333
1 0.645667 0.711 0.180667 0.238
1 0.785667 0.609667 0.242 0.238
1 0.896333 0.498667 0.184667 0.198667
1 0.883 0.342333 0.147333 0.132667
1 0.855 0.202667 0.180667 0.157333
2 0.9143330000000001 0.095667 0.143333 0.143333
1 0.748333 0.458333 0.106 0.102
1 0.706 0.337 0.196 0.15
2 0.685667 0.170667 0.155333 0.198667
2 0.554667 0.196667 0.137333 0.192
1 0.5900000000000001 0.464333 0.174667 0.216667
1 0.479333 0.565333 0.157333 0.168
1 0.485 0.732667 0.151333 0.18
1 0.452333 0.444333 0.103333 0.084667
1 0.43000000000000005 0.326333 0.230667 0.168667
1 0.40733299999999995 0.182 0.157333 0.154667
1 0.392 0.057333 0.142667 0.114667
1 0.25733300000000003 0.184 0.154667 0.236
1 0.315333 0.433 0.165333 0.184667
1 0.32466700000000004 0.610333 0.18 0.206
1 0.17033299999999996 0.48 0.160667 0.246667
1 0.11266699999999996 0.106333 0.214667 0.198
1 0.10733300000000001 0.621333 0.209333 0.194667
1 0.12066699999999997 0.745 0.166667 0.186
1 0.129 0.872667 0.188667 0.166667
1 0.31266700000000003 0.887667 0.273333 0.212667
1 0.25933300000000004 0.73 0.202667 0.202667
2 0.12433300000000003 0.252 0.126 0.141333
0 0.959667 0.681333 0.079333 0.153333
2 0.801667 0.942333 0.143333 0.111333
2 0.06666700000000003 0.394667 0.133333 0.24
2 0.9319999999999999 0.919 0.134667 0.154
