2 0.735333 0.049667 0.12 0.095333
3 0.873667 0.151667 0.120667 0.119333
2 0.739 0.165667 0.148667 0.139333
3 0.609 0.169667 0.078 0.078
3 0.601 0.085 0.05 0.052667
3 0.519333 0.077 0.096 0.114
2 0.398667 0.09 0.121333 0.14
2 0.264667 0.045667 0.058667 0.048667
2 0.26633300000000004 0.122 0.118 0.098667
3 0.824333 0.272 0.07 0.068
3 0.22999999999999998 0.211667 0.092 0.086
2 0.499 0.198333 0.15 0.151333
3 0.38133300000000003 0.230667 0.069333 0.069333
2 0.932333 0.407333 0.131333 0.125333
3 0.8049999999999999 0.401 0.044667 0.056667
2 0.705667 0.405333 0.112667 0.126667
2 0.6046670000000001 0.431333 0.133333 0.134667
2 0.639667 0.289 0.122 0.15
2 0.521333 0.318333 0.128 0.119333
2 0.39033300000000004 0.346333 0.126 0.127333
2 0.21266700000000005 0.365667 0.162667 0.163333
2 0.07699999999999996 0.401667 0.119333 0.139333
2 0.145667 0.527 0.143333 0.152667
2 0.255667 0.476 0.118 0.162667
2 0.386 0.467 0.16 0.124667
2 0.493 0.461 0.118 0.148667
2 0.8280000000000001 0.624 0.237333 0.233333
2 0.7256670000000001 0.527 0.134 0.114
2 0.703333 0.768667 0.156 0.166667
3 0.786 0.849 0.045333 0.052667
2 0.6473329999999999 0.907333 0.14 0.149333
2 0.5916669999999999 0.543333 0.107333 0.102667
2 0.5700000000000001 0.651 0.130667 0.123333
2 0.5429999999999999 0.788667 0.146 0.14
2 0.432667 0.663 0.092 0.088667
2 0.36 0.599 0.198667 0.166
2 0.035667000000000004 0.524333 0.071333 0.078
3 0.14633300000000005 0.698667 0.083333 0.102667
2 0.27433300000000005 0.712333 0.124667 0.120667
2 0.42033299999999996 0.793333 0.122 0.166667
2 0.29700000000000004 0.834667 0.123333 0.132
2 0.17533299999999996 0.832333 0.133333 0.160667
2 0.05666700000000002 0.861667 0.113333 0.136667
1 0.512667 0.924667 0.14 0.142667
2 0.29200000000000004 0.937667 0.126667 0.124667
2 0.07333299999999998 0.964 0.102667 0.072
2 0.17133299999999996 0.258 0.114667 0.105333
2 0.321333 0.272333 0.089333 0.074
2 0.05666700000000002 0.710333 0.113333 0.167333
2 0.943 0.276 0.112667 0.16
2 0.393 0.936333 0.114 0.127333
2 0.17800000000000005 0.954667 0.112 0.090667
2 0.86 0.042333 0.125333 0.080667
