0 0.48 0.560333 0.112 0.108667
0 0.71 0.508667 0.170667 0.166667
0 0.749667 0.369667 0.163333 0.131333
0 0.491667 0.446 0.164667 0.116
0 0.481333 0.356667 0.108 0.077333
0 0.584 0.258 0.162667 0.18
0 0.713 0.183 0.108667 0.119333
0 0.811667 0.177667 0.11 0.09
0 0.902333 0.253667 0.187333 0.172667
0 0.891667 0.542667 0.140667 0.113333
0 0.766 0.703 0.112 0.13
0 0.648 0.625667 0.093333 0.106
0 0.903333 0.700333 0.142667 0.124667
0 0.923 0.818333 0.111333 0.086
0 0.848333 0.917333 0.128667 0.130667
0 0.751333 0.840333 0.224 0.192667
0 0.621 0.756 0.066 0.096
0 0.663667 0.720667 0.066 0.076
0 0.531667 0.759667 0.128667 0.134
0 0.439333 0.702333 0.197333 0.152667
0 0.284 0.704667 0.116 0.14
0 0.293 0.840667 0.13 0.106667
0 0.301333 0.571 0.141333 0.135333
0 0.173 0.563667 0.115333 0.160667
0 0.259 0.315667 0.126 0.140667
0 0.188 0.702333 0.084 0.115333
0 0.167 0.805 0.096667 0.088667
0 0.101667 0.917333 0.179333 0.165333
0 0.273333 0.943667 0.14 0.112667
0 0.058 0.777333 0.114667 0.121333
0 0.074 0.664333 0.146667 0.140667
0 0.125667 0.089667 0.176667 0.178
0 0.260667 0.164333 0.129333 0.166
0 0.393 0.213333 0.126 0.169333
0 0.480667 0.250333 0.094667 0.138
0 0.815333 0.072333 0.102667 0.082
0 0.954333 0.448667 0.091333 0.165333
0 0.76 0.587667 0.068 0.067333
0 0.392667 0.353333 0.072 0.065333
0 0.146 0.382333 0.129333 0.144667
0 0.525667 0.061667 0.106 0.11
0 0.806333 0.507667 0.044667 0.054
0 0.615333 0.484 0.065333 0.116
0 0.108 0.522 0.129333 0.129333
