2 0.208 0.10233300000000001 0.134667 0.114
2 0.084333 0.150667 0.148667 0.156
2 0.129333 0.35066699999999995 0.102667 0.117333
2 0.123333 0.45966700000000005 0.124 0.146
2 0.112667 0.573 0.128 0.111333
2 0.224 0.504667 0.141333 0.166667
2 0.346333 0.536667 0.175333 0.169333
2 0.328667 0.673667 0.137333 0.138
2 0.219 0.656667 0.107333 0.134667
2 0.088 0.691667 0.138667 0.118
2 0.069667 0.7913330000000001 0.116667 0.098667
2 0.149 0.912667 0.186 0.16
2 0.204667 0.773667 0.144 0.171333
2 0.296667 0.897333 0.137333 0.096
2 0.409333 0.925 0.129333 0.140667
2 0.331667 0.786 0.168667 0.112
2 0.436333 0.720667 0.124667 0.101333
2 0.468667 0.6 0.136 0.152
2 0.497333 0.49066699999999996 0.097333 0.069333
3 0.526 0.898667 0.078667 0.076
2 0.542333 0.802667 0.147333 0.132
2 0.602667 0.6046670000000001 0.16 0.128
2 0.613667 0.486 0.143333 0.109333
2 0.665333 0.907667 0.133333 0.108667
2 0.686333 0.772 0.155333 0.165333
2 0.790667 0.88 0.136 0.108
2 0.835667 0.792333 0.174 0.134
2 0.813 0.6886669999999999 0.144667 0.098667
2 0.836 0.534 0.196 0.182667
2 0.751667 0.48966699999999996 0.060667 0.05
2 0.772667 0.39433300000000004 0.166667 0.143333
2 0.831 0.22566699999999995 0.178 0.178
2 0.908667 0.32299999999999995 0.174667 0.15
2 0.932333 0.6583330000000001 0.134 0.151333
1 0.955667 0.528 0.088667 0.098667
0 0.037 0.301667 0.07 0.074
0 0.069 0.246 0.07 0.08
0 0.125 0.29733299999999996 0.068667 0.064
0 0.455667 0.24033300000000002 0.599333 0.480667
2 0.032667 0.43333299999999997 0.064 0.098667
2 0.944333 0.43100000000000005 0.111333 0.111333
2 0.041667 0.558 0.082 0.116
