2 0.153667 0.7853330000000001 0.082 0.092
2 0.251667 0.769333 0.116667 0.142667
2 0.301333 0.851333 0.132 0.098667
1 0.469 0.941667 0.140667 0.11
2 0.405333 0.848 0.101333 0.094667
2 0.371333 0.751333 0.133333 0.112
2 0.377333 0.6313329999999999 0.132 0.138667
2 0.27 0.634667 0.105333 0.134667
2 0.154333 0.6583330000000001 0.147333 0.159333
2 0.405333 0.5223329999999999 0.16 0.143333
2 0.480333 0.623667 0.104667 0.115333
2 0.471333 0.725 0.089333 0.095333
1 0.524667 0.813 0.142667 0.178
1 0.606667 0.917333 0.121333 0.125333
1 0.604 0.797333 0.090667 0.126667
1 0.563667 0.716 0.074 0.058667
1 0.700333 0.757 0.116667 0.156667
1 0.719 0.893667 0.198 0.211333
1 0.845667 0.877 0.120667 0.139333
1 0.945667 0.868 0.087333 0.109333
2 0.890667 0.742667 0.122667 0.166667
2 0.800333 0.739 0.094 0.118
2 0.684333 0.606333 0.087333 0.086
2 0.726667 0.6533329999999999 0.072 0.066667
2 0.878 0.554333 0.2 0.154
1 0.592667 0.6353329999999999 0.137333 0.125333
2 0.614333 0.507667 0.160667 0.17
2 0.730333 0.49 0.123333 0.132
1 0.793333 0.423667 0.089333 0.09
1 0.878333 0.363 0.178 0.155333
1 0.907667 0.250333 0.184667 0.154
1 0.872 0.12433300000000003 0.124 0.15
2 0.76 0.14600000000000002 0.156 0.165333
2 0.624 0.05300000000000005 0.1 0.087333
2 0.669667 0.152667 0.108667 0.112
1 0.687333 0.261 0.16 0.120667
1 0.679 0.374333 0.156667 0.15
2 0.556667 0.388667 0.129333 0.168
2 0.572667 0.15600000000000003 0.1 0.136
2 0.551 0.265 0.123333 0.120667
1 0.510333 0.502667 0.078 0.096
1 0.439 0.412667 0.152667 0.126667
2 0.418333 0.30900000000000005 0.106 0.139333
2 0.454667 0.170667 0.158667 0.176
2 0.412667 0.08066700000000004 0.130667 0.134667
2 0.324667 0.12166699999999997 0.114667 0.183333
2 0.209333 0.12966699999999998 0.124 0.147333
2 0.127333 0.06333299999999997 0.068 0.072
2 0.080333 0.24066699999999996 0.151333 0.130667
2 0.064333 0.12933300000000003 0.124667 0.098667
2 0.120667 0.45699999999999996 0.090667 0.11
2 0.111333 0.35766699999999996 0.069333 0.063333
2 0.222667 0.5489999999999999 0.166667 0.114
2 0.251 0.43899999999999995 0.176667 0.120667
2 0.212 0.336333 0.134667 0.118
2 0.194667 0.23466699999999996 0.1 0.101333
2 0.326667 0.32999999999999996 0.125333 0.208
1 0.892 0.45366700000000004 0.108 0.055333
2 0.348 0.950667 0.101333 0.097333
2 0.248 0.95 0.112 0.098667
2 0.741667 0.026000000000000023 0.083333 0.052
2 0.834333 0.028333000000000053 0.087333 0.056667
