3 0.055333 0.792333 0.093333 0.080667
3 0.113 0.612 0.127333 0.1
3 0.082333 0.45166700000000004 0.111333 0.118
2 0.129667 0.353333 0.119333 0.089333
2 0.165667 0.43533299999999997 0.058 0.072
2 0.255333 0.42633299999999996 0.129333 0.123333
2 0.234333 0.335333 0.092667 0.058667
2 0.167667 0.28533299999999995 0.056667 0.056
3 0.247667 0.268667 0.094 0.066667
3 0.200333 0.20799999999999996 0.106 0.065333
3 0.153333 0.13733300000000004 0.097333 0.070667
3 0.052333 0.15300000000000002 0.09 0.082
3 0.117 0.22199999999999998 0.058 0.068
2 0.041333 0.224333 0.081333 0.063333
2 0.054667 0.291667 0.089333 0.071333
2 0.032333 0.361333 0.060667 0.062667
3 0.272667 0.06266700000000003 0.092 0.070667
3 0.153667 0.07299999999999995 0.084667 0.060667
3 0.315 0.12766699999999997 0.084667 0.079333
3 0.240667 0.139 0.064 0.054
3 0.342667 0.32499999999999996 0.088 0.09
3 0.339333 0.251667 0.058667 0.048667
2 0.417333 0.25433300000000003 0.097333 0.087333
3 0.356 0.18466700000000003 0.097333 0.081333
3 0.398 0.054332999999999965 0.065333 0.051333
3 0.406 0.11233300000000002 0.094667 0.076667
3 0.459 0.17300000000000004 0.080667 0.086
3 0.490333 0.06000000000000005 0.076667 0.12
2 0.295667 0.945 0.11 0.106
3 0.285 0.832333 0.124667 0.116667
3 0.409333 0.902 0.104 0.130667
2 0.470667 0.816667 0.076 0.076
3 0.508 0.902667 0.093333 0.098667
2 0.428 0.75 0.074667 0.062667
2 0.438333 0.6803330000000001 0.079333 0.076667
2 0.441333 0.591 0.106667 0.086
2 0.444 0.48966699999999996 0.132 0.114
2 0.518 0.76 0.098667 0.101333
2 0.534333 0.6679999999999999 0.11 0.096
2 0.542667 0.5636669999999999 0.101333 0.118
2 0.558667 0.389 0.122667 0.159333
2 0.658 0.28400000000000003 0.093333 0.064
2 0.657333 0.37633300000000003 0.113333 0.115333
3 0.717667 0.216333 0.046 0.051333
2 0.756 0.274 0.094667 0.102667
3 0.842333 0.11766699999999997 0.083333 0.083333
3 0.831667 0.19799999999999995 0.084667 0.066667
2 0.893 0.18899999999999995 0.051333 0.059333
3 0.934333 0.252 0.087333 0.092
3 0.852667 0.268 0.093333 0.090667
2 0.813 0.362333 0.147333 0.11
3 0.955 0.34299999999999997 0.087333 0.084667
2 0.976 0.43766700000000003 0.048 0.054
2 0.902 0.42500000000000004 0.105333 0.118
2 0.820667 0.465333 0.062667 0.068
3 0.753333 0.45399999999999996 0.069333 0.068
3 0.677667 0.469333 0.076667 0.090667
2 0.765 0.536667 0.118 0.097333
2 0.831 0.602333 0.086 0.086
3 0.852667 0.517333 0.070667 0.066667
2 0.928 0.536 0.092 0.093333
2 0.590667 0.875667 0.074667 0.075333
3 0.638333 0.7953330000000001 0.120667 0.094667
3 0.611667 0.730667 0.05 0.04
3 0.623 0.6473329999999999 0.082 0.124
2 0.697667 0.6333329999999999 0.086 0.098667
2 0.769667 0.698 0.083333 0.102667
2 0.693333 0.721 0.077333 0.076667
2 0.676 0.875667 0.088 0.083333
2 0.790667 0.952 0.092 0.092
2 0.883 0.944 0.09 0.1
2 0.856667 0.8526670000000001 0.090667 0.101333
3 0.848333 0.761667 0.071333 0.086
2 0.766667 0.798667 0.101333 0.098667
2 0.772 0.877 0.090667 0.072667
2 0.953333 0.844333 0.092 0.095333
2 0.687667 0.956 0.112667 0.086667
2 0.517667 0.962333 0.115333 0.074
2 0.201 0.947 0.096667 0.104667
2 0.043 0.710333 0.084667 0.096667
2 0.949 0.618 0.102 0.133333
0 0.685 0.551667 0.048667 0.062
0 0.373 0.633667 0.072667 0.067333
0 0.193 0.536333 0.047333 0.048667
0 0.065 0.5183329999999999 0.060667 0.064667
0 0.365 0.704333 0.068667 0.072667
0 0.611333 0.919333 0.076 0.053333
