3 0.907667 0.28600000000000003 0.088667 0.1
2 0.822333 0.294667 0.079333 0.104
3 0.889 0.18600000000000005 0.059333 0.069333
2 0.7110000000000001 0.31200000000000006 0.138 0.174667
2 0.6186670000000001 0.254 0.110667 0.164
2 0.6819999999999999 0.165667 0.14 0.107333
2 0.791 0.100333 0.124667 0.148667
3 0.677333 0.08666700000000005 0.064 0.070667
2 0.578667 0.07199999999999995 0.164 0.141333
2 0.503667 0.12233300000000003 0.047333 0.056667
2 0.531 0.22099999999999997 0.147333 0.176667
2 0.41200000000000003 0.225333 0.102667 0.112
2 0.330333 0.22766699999999995 0.054 0.052667
2 0.40900000000000003 0.13066699999999998 0.134 0.126667
2 0.396 0.04700000000000004 0.06 0.05
2 0.31366700000000003 0.09799999999999998 0.076667 0.128
2 0.24933300000000003 0.13166699999999998 0.072 0.094
2 0.230333 0.04833299999999996 0.09 0.083333
2 0.13733300000000004 0.08299999999999996 0.057333 0.055333
3 0.13666699999999998 0.20166700000000004 0.144 0.176667
2 0.26833300000000004 0.278 0.151333 0.190667
0 0.486 0.853667 0.372 0.291333
0 0.788 0.638667 0.150667 0.153333
0 0.909 0.5489999999999999 0.180667 0.175333
0 0.865667 0.801333 0.267333 0.274667
0 0.22966699999999995 0.519333 0.078 0.093333
0 0.615667 0.666667 0.080667 0.089333
0 0.791 0.20466700000000004 0.096667 0.104
0 0.877667 0.07966700000000004 0.118 0.148667
0 0.955667 0.20666700000000005 0.087333 0.116
0 0.43966700000000003 0.554667 0.095333 0.112
0 0.612 0.565333 0.070667 0.106667
