2 0.922667 0.909333 0.136 0.146667
2 0.821 0.88 0.11 0.125333
2 0.916667 0.783667 0.157333 0.126
1 0.890333 0.693333 0.11 0.118667
2 0.792333 0.763667 0.096667 0.111333
2 0.7763329999999999 0.674667 0.126 0.105333
2 0.890333 0.583 0.140667 0.158
2 0.758333 0.570333 0.164667 0.119333
2 0.671667 0.644667 0.116667 0.132
2 0.570667 0.646667 0.06 0.066667
2 0.5860000000000001 0.73 0.070667 0.092
2 0.6699999999999999 0.776 0.158667 0.133333
2 0.716 0.92 0.125333 0.137333
2 0.617333 0.921667 0.069333 0.083333
2 0.511333 0.871333 0.096 0.096
2 0.51 0.759333 0.134667 0.144
3 0.427667 0.908667 0.074 0.093333
3 0.425667 0.817 0.060667 0.074
3 0.351333 0.926 0.093333 0.1
2 0.27 0.955 0.056 0.078
2 0.273 0.870667 0.078 0.1
3 0.269667 0.798 0.087333 0.069333
2 0.33799999999999997 0.721 0.105333 0.118
2 0.42200000000000004 0.7086669999999999 0.062667 0.070667
2 0.402 0.619 0.12 0.119333
2 0.15133300000000005 0.739 0.06 0.079333
2 0.472333 0.562667 0.09 0.096
3 0.499333 0.6473329999999999 0.064 0.068
2 0.564667 0.5489999999999999 0.097333 0.104667
2 0.6603330000000001 0.46366700000000005 0.139333 0.116667
2 0.5489999999999999 0.441333 0.116667 0.130667
2 0.541667 0.34199999999999997 0.071333 0.070667
2 0.43799999999999994 0.36966699999999997 0.102667 0.118
2 0.455333 0.46366700000000005 0.104 0.108667
2 0.38533300000000004 0.510667 0.077333 0.102667
2 0.21166700000000005 0.46266700000000005 0.15 0.109333
3 0.10666699999999996 0.588667 0.101333 0.136
3 0.02733300000000005 0.598333 0.054667 0.063333
3 0.088333 0.478333 0.080667 0.082
3 0.097333 0.37833300000000003 0.132 0.112667
2 0.05166700000000002 0.28400000000000003 0.103333 0.094667
3 0.288667 0.31299999999999994 0.096 0.082
2 0.19099999999999995 0.257 0.160667 0.154
2 0.143667 0.15600000000000003 0.122 0.101333
3 0.04400000000000004 0.19833299999999998 0.088 0.080667
2 0.13266699999999998 0.05466700000000002 0.136 0.104
3 0.24933300000000003 0.038000000000000034 0.092 0.073333
2 0.25 0.126 0.126667 0.122667
2 0.34099999999999997 0.16000000000000003 0.058 0.065333
2 0.359 0.23866699999999996 0.072667 0.066667
3 0.38133300000000003 0.32299999999999995 0.064 0.080667
2 0.521333 0.23166699999999996 0.172 0.180667
2 0.41333299999999995 0.19333299999999998 0.061333 0.078667
2 0.641 0.280667 0.119333 0.129333
2 0.748333 0.19033299999999997 0.148667 0.182
2 0.613 0.15933299999999995 0.114 0.110667
2 0.496333 0.10666699999999996 0.111333 0.136
2 0.405667 0.10733300000000001 0.09 0.098667
2 0.603667 0.05800000000000005 0.163333 0.116
2 0.748 0.40033300000000005 0.044 0.051333
3 0.736333 0.324333 0.046 0.05
2 0.84 0.295667 0.096 0.052667
3 0.9390000000000001 0.315333 0.054 0.065333
2 0.818333 0.22366699999999995 0.082 0.082
2 0.825 0.049000000000000044 0.104667 0.098
2 0.732 0.08499999999999996 0.06 0.059333
2 0.948667 0.523667 0.101333 0.136667
2 0.527333 0.957333 0.137333 0.084
2 0.03533299999999995 0.10399999999999998 0.070667 0.108
2 0.907333 0.07666700000000004 0.121333 0.153333
0 0.880333 0.37066699999999997 0.119333 0.130667
0 0.816333 0.42633299999999996 0.127333 0.138
0 0.665667 0.38 0.136667 0.106667
0 0.663667 0.542 0.095333 0.076
0 0.331333 0.37066699999999997 0.072 0.076
0 0.33099999999999996 0.820333 0.071333 0.09
0 0.938 0.226333 0.116 0.108667
0 0.22099999999999997 0.365 0.080667 0.083333
0 0.244 0.627 0.228 0.29
0 0.11666699999999997 0.830333 0.233333 0.288667
