3 0.615333 0.395333 0.070667 0.061333
2 0.626667 0.457667 0.068 0.05
2 0.648333 0.529667 0.086 0.088667
2 0.581 0.563667 0.074 0.079333
2 0.5333330000000001 0.483333 0.061333 0.052
2 0.506 0.404 0.057333 0.065333
3 0.606 0.841667 0.068 0.064667
3 0.600333 0.908667 0.071333 0.068
3 0.521333 0.922 0.068 0.070667
3 0.529 0.836667 0.086 0.097333
3 0.508667 0.637667 0.076 0.084667
2 0.499 0.562333 0.076667 0.079333
2 0.466333 0.491 0.058 0.072667
3 0.39333300000000004 0.501333 0.088 0.096
3 0.42600000000000005 0.578333 0.050667 0.044667
2 0.42333299999999996 0.648667 0.094667 0.088
2 0.44599999999999995 0.727333 0.090667 0.066667
3 0.45099999999999996 0.793 0.044667 0.048667
2 0.35966699999999996 0.728333 0.083333 0.080667
2 0.359333 0.655667 0.058667 0.062
2 0.343333 0.588333 0.085333 0.083333
2 0.30100000000000005 0.513667 0.100667 0.115333
3 0.278667 0.429333 0.064 0.065333
2 0.27033300000000005 0.598333 0.060667 0.048667
2 0.29333299999999995 0.665333 0.076 0.073333
3 0.27233300000000005 0.75 0.056667 0.062667
3 0.30600000000000005 0.814667 0.076 0.061333
2 0.28433299999999995 0.884667 0.100667 0.078667
2 0.19466700000000003 0.891 0.102667 0.122
2 0.13266699999999998 0.822 0.097333 0.129333
2 0.20399999999999996 0.965667 0.064 0.05
2 0.06133299999999997 0.899333 0.070667 0.097333
2 0.21499999999999997 0.691 0.088667 0.132667
2 0.19133299999999998 0.446333 0.086667 0.088667
2 0.216333 0.534 0.078 0.105333
2 0.135 0.541667 0.095333 0.120667
3 0.11966699999999997 0.451333 0.051333 0.057333
2 0.04500000000000004 0.462667 0.079333 0.076
2 0.04700000000000004 0.554 0.083333 0.098667
3 0.09666699999999995 0.633333 0.069333 0.070667
2 0.146667 0.688333 0.072 0.119333
3 0.10933300000000001 0.754667 0.050667 0.038667
2 0.121 0.959 0.116667 0.080667
0 0.687 0.754333 0.266 0.302
0 0.326333 0.253 0.258 0.283333
0 0.498 0.157333 0.242667 0.312
0 0.700333 0.196667 0.295333 0.309333
0 0.513667 0.756333 0.071333 0.062
0 0.40700000000000003 0.806 0.067333 0.069333
0 0.454333 0.873667 0.064667 0.067333
0 0.540667 0.976333 0.057333 0.047333
0 0.817667 0.58 0.064667 0.074667
0 0.843667 0.469333 0.042 0.054667
0 0.751 0.469667 0.046 0.046
0 0.7130000000000001 0.464 0.035333 0.04
0 0.840667 0.414 0.037333 0.042667
0 0.960667 0.354333 0.048 0.05
0 0.914 0.468333 0.049333 0.052667
0 0.939667 0.532667 0.059333 0.050667
0 0.963333 0.476667 0.045333 0.053333
0 0.696 0.967333 0.08 0.06
0 0.17433299999999996 0.130667 0.231333 0.226667
0 0.972667 0.625 0.048 0.051333
0 0.933333 0.619667 0.054667 0.058
0 0.908667 0.653 0.074667 0.055333
0 0.896667 0.833667 0.077333 0.072667
0 0.932667 0.932667 0.082667 0.076
0 0.674667 0.915333 0.073333 0.084
