2 0.751 0.075333 0.111333 0.101333
2 0.781667 0.163667 0.114 0.082
2 0.785667 0.278333 0.155333 0.15
2 0.722667 0.364667 0.137333 0.108
2 0.658667 0.301333 0.129333 0.142667
2 0.583 0.195333 0.163333 0.125333
2 0.554667 0.309667 0.068 0.062
2 0.703333 0.456 0.168 0.136
2 0.704 0.566 0.097333 0.092
2 0.619 0.581 0.142 0.114
2 0.694 0.653667 0.058667 0.058
2 0.756667 0.719667 0.136 0.151333
2 0.6843330000000001 0.739333 0.060667 0.064
2 0.665 0.853667 0.152667 0.155333
2 0.5529999999999999 0.854333 0.051333 0.056667
2 0.481333 0.943 0.130667 0.087333
3 0.459333 0.851333 0.117333 0.090667
2 0.513333 0.760667 0.092 0.094667
2 0.595333 0.739333 0.092 0.066667
2 0.589333 0.673 0.132 0.07
2 0.524667 0.590667 0.066667 0.066667
3 0.47866699999999995 0.679 0.094667 0.09
2 0.42400000000000004 0.757 0.101333 0.084667
3 0.345333 0.760333 0.094667 0.114
3 0.359333 0.605 0.082667 0.075333
3 0.452333 0.604667 0.088667 0.069333
2 0.501333 0.507667 0.133333 0.119333
2 0.549667 0.413 0.13 0.152667
2 0.594333 0.486333 0.05 0.048667
2 0.43866700000000003 0.311333 0.133333 0.14
2 0.44899999999999995 0.412 0.076667 0.066667
2 0.405667 0.517333 0.076667 0.1
3 0.249 0.616 0.071333 0.061333
3 0.19399999999999995 0.534 0.058667 0.056
2 0.14633300000000005 0.639667 0.123333 0.114
2 0.22966699999999995 0.696667 0.146 0.102667
3 0.236 0.790333 0.136 0.092667
2 0.04966700000000002 0.65 0.083333 0.085333
2 0.10099999999999998 0.562333 0.119333 0.087333
2 0.087333 0.473 0.133333 0.096667
2 0.18066700000000002 0.456333 0.068 0.072667
2 0.16000000000000003 0.359 0.112 0.108667
2 0.29133299999999995 0.235333 0.089333 0.089333
2 0.376667 0.43 0.062667 0.069333
2 0.29200000000000004 0.366667 0.162667 0.188
2 0.39 0.205 0.102667 0.124667
2 0.410667 0.116667 0.166667 0.145333
2 0.253 0.040333 0.11 0.076667
2 0.28833299999999995 0.112333 0.108667 0.146
2 0.218333 0.143 0.092667 0.126
2 0.19899999999999995 0.255 0.115333 0.124667
2 0.08699999999999997 0.270667 0.116667 0.129333
2 0.09866699999999995 0.147 0.137333 0.120667
2 0.05733299999999997 0.052 0.106667 0.094667
3 0.6623330000000001 0.093667 0.055333 0.052667
2 0.299667 0.535 0.122 0.146
2 0.411667 0.032667 0.102 0.057333
2 0.6106670000000001 0.968 0.104 0.064
2 0.33999999999999997 0.952333 0.133333 0.095333
2 0.278 0.869667 0.108 0.114
2 0.14300000000000002 0.056333 0.119333 0.103333
0 0.679 0.197 0.116667 0.098
0 0.558667 0.109 0.14 0.118
0 0.07899999999999996 0.380333 0.048667 0.064667
