2 0.12566699999999997 0.055332999999999966 0.088667 0.092
2 0.22966699999999995 0.07533299999999998 0.114 0.129333
2 0.32066700000000004 0.05400000000000005 0.085333 0.108
2 0.41400000000000003 0.053332999999999964 0.096 0.106667
3 0.48566699999999996 0.037667000000000006 0.056667 0.075333
0 0.37833300000000003 0.401 0.112667 0.103333
0 0.392 0.30200000000000005 0.162667 0.128
0 0.278 0.33266700000000005 0.081333 0.090667
0 0.21366700000000005 0.41100000000000003 0.086 0.099333
0 0.23299999999999998 0.260667 0.115333 0.088
0 0.17766700000000002 0.31899999999999995 0.092667 0.088667
2 0.6679999999999999 0.04300000000000004 0.106667 0.082
2 0.570333 0.043332999999999955 0.096667 0.078667
0 0.86 0.12866699999999998 0.114667 0.089333
0 0.857667 0.546 0.096667 0.086667
0 0.935333 0.498 0.113333 0.118667
0 0.886333 0.626333 0.127333 0.115333
0 0.846333 0.7196670000000001 0.139333 0.095333
0 0.815667 0.7933330000000001 0.116667 0.074667
0 0.704 0.727333 0.114667 0.104
0 0.707667 0.8089999999999999 0.108667 0.064667
0 0.37833300000000003 0.540333 0.128667 0.111333
0 0.49266699999999997 0.548 0.106667 0.094667
0 0.759 0.369 0.100667 0.086
0 0.635 0.556333 0.098 0.064667
0 0.618 0.468333 0.102667 0.064667
0 0.645667 0.37066699999999997 0.096667 0.094667
0 0.502 0.377667 0.121333 0.091333
0 0.11399999999999999 0.648333 0.066667 0.071333
0 0.25833300000000003 0.818333 0.134 0.187333
0 0.386667 0.933 0.117333 0.116667
0 0.879 0.898 0.09 0.094667
0 0.96 0.808 0.078667 0.114667
0 0.954333 0.922667 0.080667 0.089333
0 0.906667 0.967 0.1 0.064667
0 0.768 0.64 0.114667 0.093333
0 0.745333 0.5880000000000001 0.112 0.090667
0 0.796333 0.504667 0.079333 0.084
0 0.721333 0.5183329999999999 0.062667 0.05
0 0.845 0.43100000000000005 0.084667 0.071333
0 0.6473329999999999 0.671333 0.062667 0.053333
0 0.588333 0.725333 0.107333 0.072
0 0.6046670000000001 0.798667 0.105333 0.082667
0 0.584333 0.904667 0.056667 0.058667
0 0.522 0.905 0.058667 0.067333
0 0.13966699999999999 0.744333 0.071333 0.088667
0 0.28900000000000003 0.679333 0.082 0.073333
0 0.265 0.604333 0.095333 0.075333
0 0.38633300000000004 0.165667 0.140667 0.142
0 0.487333 0.18433299999999997 0.090667 0.078
0 0.30300000000000005 0.19599999999999995 0.102 0.136
0 0.22099999999999997 0.16700000000000004 0.068667 0.066
0 0.759333 0.11466699999999996 0.061333 0.057333
0 0.774 0.168667 0.068 0.072
0 0.776667 0.26333300000000004 0.066667 0.070667
0 0.866667 0.22166699999999995 0.074667 0.060667
0 0.886667 0.28533299999999995 0.089333 0.068
0 0.956333 0.292667 0.080667 0.078667
0 0.960667 0.228333 0.076 0.066
0 0.97 0.628333 0.058667 0.131333
0 0.04733299999999996 0.849 0.086667 0.102
0 0.08766700000000005 0.388 0.143333 0.124
0 0.08233299999999999 0.28300000000000003 0.164667 0.122
0 0.05566700000000002 0.21366700000000005 0.084667 0.062
0 0.15800000000000003 0.14300000000000002 0.077333 0.09
0 0.6166670000000001 0.19599999999999995 0.052 0.050667
0 0.6683330000000001 0.24266699999999997 0.054 0.046667
0 0.717667 0.248 0.058 0.053333
0 0.722667 0.30733299999999997 0.056 0.053333
0 0.6699999999999999 0.868 0.089333 0.069333
0 0.463333 0.923 0.053333 0.083333
0 0.640667 0.955667 0.097333 0.087333
0 0.5163329999999999 0.802 0.067333 0.1
0 0.722667 0.45266700000000004 0.104 0.114667
0 0.850333 0.357 0.096667 0.086
0 0.528667 0.46099999999999997 0.08 0.076667
0 0.45866700000000005 0.44799999999999995 0.062667 0.077333
0 0.605667 0.41433299999999995 0.063333 0.05
0 0.691667 0.15833299999999995 0.072667 0.07
0 0.555667 0.518 0.054 0.072
0 0.410667 0.731333 0.104 0.085333
0 0.44366700000000003 0.6453329999999999 0.096667 0.082667
0 0.48566699999999996 0.707333 0.086 0.076
0 0.611333 0.641 0.052 0.051333
0 0.622333 0.513333 0.087333 0.049333
0 0.14700000000000002 0.8376669999999999 0.082 0.084667
