3 0.4 0.953667 0.117333 0.092667
2 0.304667 0.906 0.092 0.097333
2 0.229333 0.931667 0.062667 0.084667
2 0.18000000000000005 0.901 0.061333 0.084667
3 0.10499999999999998 0.913 0.088667 0.111333
3 0.132 0.738667 0.106667 0.104
3 0.18266700000000002 0.813 0.092 0.122
2 0.259667 0.826 0.074 0.090667
3 0.33466700000000005 0.814333 0.078667 0.083333
3 0.274 0.732333 0.064 0.066
2 0.348333 0.731 0.087333 0.094
2 0.428667 0.761333 0.1 0.092
2 0.4 0.860667 0.096 0.101333
3 0.495 0.855667 0.094 0.119333
3 0.576333 0.875333 0.079333 0.092
3 0.6643330000000001 0.89 0.086 0.096
3 0.7436670000000001 0.910667 0.072667 0.101333
3 0.6679999999999999 0.801 0.052 0.054
2 0.74 0.815 0.070667 0.074
3 0.595 0.794333 0.088667 0.079333
3 0.29400000000000004 0.645 0.1 0.086
3 0.224333 0.624667 0.042 0.045333
3 0.13866699999999998 0.594333 0.098667 0.09
3 0.055332999999999966 0.613333 0.093333 0.096
3 0.06133299999999997 0.521 0.096 0.086
3 0.154667 0.522 0.092 0.06
3 0.23399999999999999 0.537667 0.082667 0.088667
3 0.306667 0.549667 0.068 0.084667
3 0.392 0.566667 0.1 0.098667
3 0.39233300000000004 0.657333 0.108667 0.089333
3 0.46299999999999997 0.608 0.052667 0.048
3 0.517333 0.69 0.116 0.121333
3 0.613 0.695333 0.080667 0.101333
3 0.696333 0.713 0.091333 0.086
2 0.696333 0.623333 0.052667 0.057333
2 0.7170000000000001 0.524 0.05 0.058667
2 0.6353329999999999 0.511 0.064 0.056667
2 0.554 0.512667 0.096 0.102667
3 0.546667 0.594 0.058667 0.057333
2 0.623667 0.601 0.071333 0.076667
3 0.481 0.463667 0.05 0.056667
3 0.405667 0.474667 0.079333 0.073333
3 0.32366700000000004 0.467667 0.062 0.051333
2 0.25433300000000003 0.458 0.054 0.06
3 0.41900000000000004 0.402 0.080667 0.072
3 0.338333 0.384333 0.091333 0.092667
3 0.43000000000000005 0.317667 0.105333 0.095333
3 0.268667 0.303 0.110667 0.116667
3 0.10599999999999998 0.253 0.072 0.058
2 0.5656669999999999 0.957333 0.112667 0.081333
2 0.04166700000000001 0.259667 0.067333 0.076667
0 0.128 0.373333 0.256 0.257333
0 0.828667 0.183333 0.336 0.301333
0 0.545667 0.374333 0.082 0.083333
0 0.873 0.773667 0.251333 0.268667
0 0.722333 0.336333 0.114 0.106
0 0.6663330000000001 0.390667 0.122 0.129333
