2 0.04 0.939333 0.070667 0.094667
2 0.136667 0.853333 0.192 0.141333
2 0.201667 0.751 0.091333 0.083333
2 0.075333 0.750667 0.144 0.128
2 0.101 0.640333 0.120667 0.146
2 0.222 0.628333 0.14 0.158
2 0.064333 0.558333 0.127333 0.154
3 0.190667 0.481333 0.125333 0.108
2 0.165 0.400667 0.082 0.077333
2 0.071667 0.41433299999999995 0.115333 0.119333
2 0.147667 0.29000000000000004 0.144667 0.134667
2 0.245667 0.400667 0.082 0.082667
0 0.587667 0.724333 0.384667 0.504667
0 0.603667 0.251 0.368667 0.355333
0 0.773667 0.438333 0.263333 0.246
0 0.183667 0.15433300000000005 0.235333 0.308667
