3 0.126 0.397667 0.1 0.092667
3 0.04800000000000004 0.403667 0.056 0.058
3 0.273 0.361 0.111333 0.116667
3 0.43233299999999997 0.33899999999999997 0.116667 0.115333
3 0.339333 0.268667 0.094667 0.098667
3 0.423667 0.253 0.079333 0.062
2 0.7216670000000001 0.14500000000000002 0.05 0.054
2 0.641667 0.15633300000000006 0.064667 0.078
2 0.554 0.14600000000000002 0.093333 0.090667
3 0.488333 0.20233299999999999 0.058 0.07
3 0.41400000000000003 0.18166700000000002 0.090667 0.086
3 0.32999999999999996 0.18866700000000003 0.058667 0.064
2 0.25833300000000003 0.19899999999999995 0.056667 0.071333
3 0.24566699999999997 0.11233300000000002 0.056667 0.080667
3 0.31133299999999997 0.10433300000000001 0.070667 0.084667
3 0.393667 0.08166700000000005 0.103333 0.106
3 0.552667 0.06466700000000003 0.073333 0.061333
2 0.625 0.060667000000000026 0.062 0.072
2 0.696 0.046667000000000014 0.062667 0.069333
0 0.838 0.38 0.322667 0.316
0 0.13333300000000003 0.18266700000000002 0.261333 0.306667
0 0.551667 0.29200000000000004 0.084667 0.082667
0 0.673 0.29400000000000004 0.13 0.14
0 0.577 0.37833300000000003 0.095333 0.103333
