2 0.102333 0.09 0.078 0.093333
2 0.191667 0.093333 0.092667 0.105333
2 0.290333 0.034667 0.09 0.068
2 0.286 0.126 0.104 0.112
2 0.204333 0.184333 0.084667 0.095333
3 0.059667 0.215 0.046 0.048667
2 0.126333 0.247 0.123333 0.138
2 0.225 0.295333 0.120667 0.126667
2 0.339667 0.199 0.136667 0.127333
2 0.424333 0.170333 0.055333 0.056667
2 0.391667 0.072667 0.09 0.110667
2 0.487 0.086333 0.108667 0.114
2 0.590333 0.077333 0.079333 0.101333
1 0.683333 0.081667 0.101333 0.135333
2 0.624333 0.195 0.134 0.142
2 0.516 0.208667 0.108 0.133333
2 0.435667 0.249667 0.078 0.079333
2 0.355667 0.315 0.143333 0.135333
3 0.460667 0.354 0.036 0.04
2 0.571667 0.29 0.075333 0.057333
2 0.745333 0.135333 0.066667 0.072
2 0.851333 0.066333 0.126667 0.118
2 0.858333 0.190667 0.140667 0.153333
2 0.807667 0.312333 0.108667 0.126
2 0.816 0.42 0.146667 0.108
1 0.707 0.392 0.071333 0.1
2 0.639 0.370667 0.095333 0.14
2 0.543333 0.373333 0.096 0.098667
2 0.574333 0.47 0.124667 0.125333
2 0.732667 0.485 0.089333 0.078
2 0.825 0.518667 0.128667 0.1
1 0.937 0.534667 0.111333 0.162667
1 0.930667 0.634 0.088 0.069333
1 0.830667 0.606667 0.121333 0.093333
2 0.665333 0.555 0.170667 0.151333
2 0.861 0.674667 0.09 0.065333
1 0.957333 0.731667 0.085333 0.120667
1 0.879667 0.733 0.086 0.098
2 0.795667 0.780667 0.156667 0.136
1 0.895667 0.813667 0.079333 0.059333
2 0.896667 0.896333 0.094667 0.114
1 0.739667 0.916333 0.122 0.126
2 0.640333 0.852333 0.102 0.151333
1 0.679333 0.763667 0.124 0.092667
2 0.78 0.667667 0.097333 0.128667
2 0.971667 0.911 0.055333 0.11
2 0.837 0.962667 0.072667 0.074667
2 0.538333 0.826 0.124667 0.096
1 0.559 0.917667 0.094 0.118
1 0.524333 0.724667 0.111333 0.104
1 0.504667 0.607333 0.097333 0.08
2 0.475 0.516333 0.123333 0.148667
2 0.362333 0.564333 0.156667 0.180667
1 0.256333 0.476667 0.152667 0.172
1 0.17 0.418333 0.128 0.119333
2 0.062667 0.370333 0.106667 0.11
1 0.074333 0.47 0.106 0.074667
1 0.079 0.563 0.118 0.094
1 0.205667 0.604667 0.156667 0.122667
1 0.087 0.682333 0.147333 0.142
1 0.203333 0.717667 0.138667 0.104667
1 0.295 0.652667 0.075333 0.06
1 0.319 0.744667 0.147333 0.133333
2 0.436 0.747 0.093333 0.120667
1 0.452333 0.921667 0.123333 0.156667
2 0.202 0.819 0.125333 0.11
2 0.077 0.867 0.124667 0.13
2 0.073667 0.962333 0.102 0.066
2 0.173667 0.926 0.09 0.096
1 0.318667 0.938 0.136 0.108
1 0.316333 0.845 0.15 0.116667
2 0.035 0.104667 0.068667 0.136
2 0.956667 0.180333 0.086667 0.122
2 0.973667 0.299 0.052667 0.060667
0 0.363333 0.425333 0.109333 0.088
0 0.736333 0.255667 0.098 0.080667
0 0.722333 0.321667 0.088667 0.074
0 0.910333 0.403333 0.103333 0.117333
0 0.961667 0.357667 0.064667 0.063333
0 0.91 0.271667 0.094667 0.099333
