2 0.928 0.103667 0.104 0.114
2 0.885 0.045 0.118 0.086
2 0.886333 0.189667 0.059333 0.058
3 0.900333 0.259 0.074 0.075333
2 0.8069999999999999 0.307333 0.154 0.133333
3 0.799667 0.201667 0.106 0.087333
3 0.712 0.231333 0.058667 0.053333
2 0.815 0.107667 0.119333 0.100667
3 0.728 0.138667 0.04 0.037333
2 0.701667 0.056333 0.104667 0.108667
3 0.5780000000000001 0.073 0.137333 0.13
3 0.584667 0.17 0.066667 0.066667
3 0.563 0.248333 0.118 0.082
3 0.6619999999999999 0.304333 0.097333 0.112667
2 0.933667 0.350333 0.118 0.115333
2 0.720333 0.387667 0.158 0.123333
2 0.56 0.351333 0.112 0.121333
2 0.499333 0.168333 0.102667 0.118
2 0.424667 0.079 0.105333 0.079333
2 0.415667 0.183333 0.087333 0.129333
2 0.479 0.335333 0.086 0.1
2 0.383 0.337 0.127333 0.119333
3 0.327333 0.288333 0.069333 0.080667
3 0.33766700000000005 0.196667 0.076667 0.089333
2 0.33366700000000005 0.112667 0.082 0.090667
2 0.232333 0.043 0.076667 0.074
3 0.15600000000000003 0.075667 0.057333 0.058
3 0.246 0.122333 0.106667 0.092667
3 0.255 0.204333 0.083333 0.082
2 0.238 0.302 0.096 0.1
2 0.17466700000000002 0.200667 0.086667 0.094667
3 0.10166699999999995 0.228333 0.056667 0.05
2 0.139 0.305333 0.120667 0.104
3 0.07066700000000004 0.067333 0.097333 0.058667
3 0.06633299999999998 0.147333 0.13 0.101333
3 0.13433300000000004 0.409667 0.136667 0.118
3 0.45866700000000005 0.420667 0.081333 0.073333
2 0.37266699999999997 0.432667 0.093333 0.1
3 0.281667 0.479333 0.119333 0.101333
2 0.276667 0.569333 0.118667 0.076
3 0.251 0.639667 0.07 0.072667
3 0.17633299999999996 0.57 0.083333 0.072
3 0.15100000000000002 0.664667 0.134 0.130667
3 0.389 0.527 0.087333 0.078
2 0.478 0.519333 0.096 0.104
2 0.48866699999999996 0.608333 0.061333 0.068667
2 0.569333 0.6 0.102667 0.076
2 0.5640000000000001 0.503 0.098667 0.115333
2 0.644 0.499333 0.072 0.102667
2 0.724667 0.499333 0.097333 0.1
2 0.818333 0.48 0.084667 0.1
2 0.89 0.454 0.064 0.070667
2 0.9123330000000001 0.539667 0.122 0.094
3 0.822667 0.562667 0.065333 0.04
2 0.947 0.621667 0.055333 0.058
2 0.927333 0.722333 0.110667 0.107333
2 0.869667 0.633333 0.095333 0.090667
2 0.744 0.638333 0.146667 0.122
2 0.735 0.563333 0.048667 0.038667
2 0.836 0.737333 0.069333 0.073333
2 0.867667 0.817333 0.144667 0.1
2 0.868333 0.925333 0.126 0.101333
2 0.957 0.884 0.084667 0.12
2 0.751667 0.751333 0.095333 0.106667
2 0.6553329999999999 0.736667 0.102667 0.172
2 0.678667 0.844 0.072 0.066667
2 0.763333 0.922333 0.058667 0.062
2 0.707667 0.938667 0.120667 0.122667
2 0.578667 0.841 0.108 0.13
2 0.46066700000000005 0.858333 0.108 0.138
3 0.38133300000000003 0.869667 0.066667 0.082
3 0.352333 0.809667 0.088667 0.095333
2 0.29600000000000004 0.874333 0.093333 0.111333
2 0.218333 0.793333 0.126 0.137333
3 0.20566700000000004 0.916 0.115333 0.108
3 0.11299999999999999 0.912667 0.087333 0.090667
3 0.10233300000000001 0.817 0.108667 0.118
2 0.796 0.034667 0.073333 0.062667
2 0.963667 0.235333 0.071333 0.117333
2 0.958 0.451667 0.082667 0.088667
2 0.599667 0.952333 0.11 0.09
2 0.505667 0.955333 0.096667 0.089333
2 0.40800000000000003 0.959 0.113333 0.082
2 0.31200000000000006 0.036333 0.088 0.071333
0 0.419667 0.692 0.388667 0.256
0 0.118 0.730333 0.070667 0.060667
