2 0.912667 0.05166700000000002 0.096 0.084667
1 0.788667 0.09166700000000005 0.105333 0.104667
2 0.867667 0.13 0.066 0.061333
2 0.8586670000000001 0.22166699999999995 0.104 0.114
1 0.787 0.18799999999999994 0.080667 0.102667
1 0.6759999999999999 0.08333299999999999 0.128 0.112
1 0.688333 0.19233299999999998 0.124667 0.142
1 0.6990000000000001 0.29933299999999996 0.076667 0.074667
1 0.566667 0.215333 0.132 0.132
2 0.538 0.04933299999999996 0.096 0.094667
2 0.405667 0.06966700000000003 0.09 0.11
2 0.473333 0.15133300000000005 0.110667 0.121333
1 0.5920000000000001 0.31566700000000003 0.106667 0.083333
1 0.45866700000000005 0.273 0.154667 0.122
1 0.299667 0.18266700000000002 0.183333 0.182667
2 0.27833300000000005 0.053332999999999964 0.148667 0.1
1 0.46299999999999997 0.375 0.123333 0.104667
2 0.35366699999999995 0.382667 0.108667 0.164
1 0.496333 0.45966700000000005 0.123333 0.084667
1 0.598333 0.41100000000000003 0.116667 0.126
1 0.69 0.393667 0.094667 0.114
1 0.7803329999999999 0.372 0.111333 0.137333
1 0.877 0.34866699999999995 0.118 0.16
1 0.889 0.45066700000000004 0.087333 0.074667
2 0.798667 0.46666700000000005 0.062667 0.057333
2 0.828667 0.5353330000000001 0.092 0.089333
1 0.937667 0.536 0.123333 0.109333
1 0.876667 0.637 0.165333 0.116667
1 0.933667 0.7216670000000001 0.076667 0.078
1 0.868667 0.747333 0.101333 0.121333
1 0.753667 0.746667 0.144667 0.138667
1 0.735 0.6006670000000001 0.156667 0.153333
1 0.705333 0.507 0.1 0.102
1 0.607333 0.542333 0.096 0.136667
1 0.525333 0.5413330000000001 0.088 0.1
2 0.5453330000000001 0.623 0.094667 0.083333
2 0.5369999999999999 0.7 0.058 0.06
2 0.622333 0.683 0.11 0.116667
2 0.639 0.86 0.151333 0.101333
2 0.629 0.77 0.078 0.064
2 0.648 0.949667 0.122667 0.100667
2 0.548667 0.942333 0.062667 0.114
2 0.46566700000000005 0.726667 0.09 0.104
2 0.942333 0.17433299999999996 0.114 0.156667
0 0.346333 0.595 0.319333 0.258
0 0.119 0.370333 0.108667 0.114
0 0.06699999999999995 0.08133299999999999 0.127333 0.152
0 0.056332999999999966 0.21966699999999995 0.112667 0.127333
0 0.16100000000000003 0.22966699999999995 0.094 0.116667
0 0.036667000000000005 0.793 0.068 0.058
0 0.19166700000000003 0.764 0.135333 0.181333
0 0.328333 0.740333 0.166 0.184667
0 0.46366700000000005 0.860667 0.092667 0.093333
0 0.47166699999999995 0.954 0.094 0.092
0 0.30600000000000005 0.947 0.168 0.106
0 0.259667 0.870667 0.11 0.110667
0 0.20199999999999996 0.935667 0.081333 0.128667
0 0.884333 0.904333 0.114 0.092667
