2 0.05166700000000002 0.087333 0.084667 0.096
1 0.09166700000000005 0.211333 0.104667 0.105333
2 0.13 0.132333 0.061333 0.066
2 0.22166699999999995 0.141333 0.114 0.104
1 0.18799999999999994 0.213 0.102667 0.080667
1 0.08333299999999999 0.324 0.112 0.128
1 0.19233299999999998 0.311667 0.142 0.124667
1 0.29933299999999996 0.301 0.074667 0.076667
1 0.215333 0.433333 0.132 0.132
2 0.04933299999999996 0.462 0.094667 0.096
2 0.06966700000000003 0.594333 0.11 0.09
2 0.15133300000000005 0.526667 0.121333 0.110667
1 0.31566700000000003 0.408 0.083333 0.106667
1 0.273 0.541333 0.122 0.154667
1 0.18266700000000002 0.700333 0.182667 0.183333
2 0.053332999999999964 0.721667 0.1 0.148667
1 0.375 0.537 0.104667 0.123333
2 0.382667 0.646333 0.164 0.108667
1 0.45966700000000005 0.503667 0.084667 0.123333
1 0.41100000000000003 0.401667 0.126 0.116667
1 0.393667 0.31 0.114 0.094667
1 0.372 0.219667 0.137333 0.111333
1 0.34866699999999995 0.123 0.16 0.118
1 0.45066700000000004 0.111 0.074667 0.087333
2 0.46666700000000005 0.201333 0.057333 0.062667
2 0.5353330000000001 0.171333 0.089333 0.092
1 0.536 0.062333 0.109333 0.123333
1 0.637 0.123333 0.116667 0.165333
1 0.7216670000000001 0.066333 0.078 0.076667
1 0.747333 0.131333 0.121333 0.101333
1 0.746667 0.246333 0.138667 0.144667
1 0.6006670000000001 0.265 0.153333 0.156667
1 0.507 0.294667 0.102 0.1
1 0.542333 0.392667 0.136667 0.096
1 0.5413330000000001 0.474667 0.1 0.088
2 0.623 0.454667 0.083333 0.094667
2 0.7 0.463 0.06 0.058
2 0.683 0.377667 0.116667 0.11
2 0.86 0.361 0.101333 0.151333
2 0.77 0.371 0.064 0.078
2 0.949667 0.352 0.100667 0.122667
2 0.942333 0.451333 0.114 0.062667
2 0.726667 0.534333 0.104 0.09
2 0.17433299999999996 0.057667 0.156667 0.114
0 0.595 0.653667 0.258 0.319333
0 0.370333 0.881 0.114 0.108667
0 0.08133299999999999 0.933 0.152 0.127333
0 0.21966699999999995 0.943667 0.127333 0.112667
0 0.22966699999999995 0.839 0.116667 0.094
0 0.793 0.963333 0.058 0.068
0 0.764 0.808333 0.181333 0.135333
0 0.740333 0.671667 0.184667 0.166
0 0.860667 0.536333 0.093333 0.092667
0 0.954 0.528333 0.092 0.094
0 0.947 0.694 0.106 0.168
0 0.870667 0.740333 0.110667 0.11
0 0.935667 0.798 0.128667 0.081333
0 0.904333 0.115667 0.092667 0.114
