2 0.791 0.418 0.060667 0.062667
2 0.941667 0.450333 0.074 0.063333
2 0.714333 0.394 0.088667 0.076
2 0.663 0.271333 0.108667 0.141333
2 0.751333 0.298333 0.070667 0.082
2 0.760333 0.194667 0.063333 0.069333
2 0.6779999999999999 0.202667 0.032 0.034667
2 0.790333 0.115667 0.056667 0.067333
2 0.832667 0.233 0.102667 0.112667
2 0.937333 0.230333 0.109333 0.115333
2 0.909667 0.341667 0.11 0.118
2 0.951333 0.079667 0.093333 0.119333
2 0.703333 0.129 0.122667 0.115333
2 0.597667 0.14 0.086 0.088
2 0.557667 0.349333 0.111333 0.133333
3 0.47766699999999995 0.337333 0.071333 0.065333
2 0.511667 0.262 0.083333 0.093333
2 0.413667 0.250333 0.056667 0.07
2 0.43033299999999997 0.169667 0.087333 0.091333
2 0.516667 0.119 0.081333 0.087333
2 0.550667 0.044 0.086667 0.076
3 0.29500000000000004 0.095333 0.083333 0.073333
3 0.17300000000000004 0.033 0.047333 0.048667
3 0.20499999999999996 0.105333 0.088667 0.068
3 0.28133300000000006 0.178333 0.072 0.080667
3 0.205333 0.183 0.068 0.087333
2 0.18666700000000003 0.285 0.077333 0.15
3 0.12566699999999997 0.181 0.067333 0.086
2 0.707667 0.036 0.086 0.070667
2 0.967667 0.382333 0.063333 0.07
2 0.796 0.036333 0.101333 0.071333
2 0.352 0.026667 0.1 0.052
0 0.08099999999999996 0.418333 0.066 0.064667
0 0.026000000000000023 0.421 0.052 0.07
0 0.09799999999999998 0.524333 0.092 0.086
0 0.07799999999999996 0.603 0.101333 0.084667
0 0.11566699999999996 0.655 0.072667 0.066
0 0.136 0.738333 0.133333 0.116667
0 0.11099999999999999 0.826667 0.091333 0.081333
0 0.15633300000000006 0.886667 0.075333 0.084
0 0.22699999999999998 0.881333 0.088667 0.097333
0 0.28200000000000003 0.922667 0.077333 0.096
0 0.20066700000000004 0.807 0.066667 0.058
0 0.28733299999999995 0.785333 0.112 0.098667
0 0.347333 0.747667 0.074667 0.086
0 0.62 0.795667 0.141333 0.116667
0 0.5163329999999999 0.686667 0.080667 0.094667
0 0.939667 0.598 0.119333 0.094667
0 0.717333 0.533333 0.112 0.106667
0 0.71 0.637333 0.042667 0.044
0 0.729 0.603 0.042 0.040667
0 0.592667 0.543 0.116 0.079333
0 0.545667 0.473333 0.056667 0.068
0 0.49666699999999997 0.501667 0.052 0.058
0 0.44999999999999996 0.473667 0.06 0.063333
0 0.28 0.259667 0.094667 0.082
0 0.356 0.133333 0.049333 0.054667
0 0.42833299999999996 0.081333 0.095333 0.096
0 0.762333 0.809 0.146 0.135333
0 0.746 0.929667 0.12 0.140667
0 0.861667 0.944333 0.120667 0.106
0 0.944 0.900333 0.092 0.087333
0 0.19833299999999998 0.609 0.115333 0.096667
0 0.29033299999999995 0.623333 0.063333 0.066667
0 0.886667 0.162 0.086667 0.070667
0 0.35666699999999996 0.304667 0.056 0.057333
0 0.8396669999999999 0.696 0.092667 0.070667
0 0.839333 0.759667 0.082667 0.080667
0 0.969333 0.770333 0.058667 0.083333
0 0.9339999999999999 0.810333 0.070667 0.074
0 0.895667 0.845 0.100667 0.087333
0 0.684667 0.749333 0.073333 0.086667
0 0.680667 0.873 0.065333 0.062
0 0.6583330000000001 0.929667 0.07 0.066
0 0.582667 0.953333 0.098667 0.093333
0 0.48966699999999996 0.925667 0.120667 0.127333
0 0.337333 0.940667 0.06 0.08
0 0.39733300000000005 0.950667 0.066667 0.058667
0 0.394 0.901 0.068 0.071333
0 0.440333 0.844667 0.107333 0.106667
0 0.443333 0.766333 0.065333 0.064667
0 0.397667 0.717667 0.060667 0.064667
0 0.372333 0.659333 0.036667 0.062667
0 0.26533300000000004 0.033667 0.066667 0.064667
