2 0.847333 0.049333 0.06 0.061333
2 0.862 0.134 0.110667 0.105333
2 0.896 0.23 0.109333 0.097333
2 0.87 0.334667 0.101333 0.090667
2 0.876667 0.405333 0.081333 0.062667
2 0.907333 0.48 0.109333 0.089333
2 0.917 0.574333 0.104667 0.094
2 0.940333 0.673 0.115333 0.106
2 0.853 0.668667 0.079333 0.072
2 0.926 0.770667 0.094667 0.098667
2 0.83 0.761 0.097333 0.118
2 0.823667 0.872333 0.154 0.076667
2 0.822667 0.951667 0.096 0.082
2 0.738667 0.699333 0.105333 0.128
2 0.754667 0.591667 0.101333 0.104667
2 0.774667 0.080667 0.064 0.070667
2 0.764333 0.164333 0.082 0.083333
2 0.6890000000000001 0.096333 0.087333 0.086
2 0.808667 0.252 0.085333 0.110667
2 0.7216670000000001 0.257 0.091333 0.115333
2 0.642667 0.340333 0.146667 0.148667
3 0.5429999999999999 0.279667 0.05 0.05
3 0.549667 0.191 0.075333 0.083333
2 0.44766700000000004 0.214333 0.115333 0.116667
2 0.46199999999999997 0.111667 0.094667 0.078
2 0.494 0.039 0.12 0.074
2 0.358 0.125 0.086667 0.092667
2 0.30800000000000005 0.042333 0.125333 0.080667
2 0.274667 0.139 0.1 0.123333
3 0.19333299999999998 0.087667 0.085333 0.084667
2 0.10799999999999998 0.15 0.102667 0.093333
2 0.634333 0.703 0.111333 0.154
2 0.588333 0.621667 0.083333 0.078
2 0.617667 0.529333 0.091333 0.098667
2 0.542667 0.448667 0.125333 0.137333
2 0.5203329999999999 0.541 0.075333 0.072667
2 0.494333 0.631667 0.119333 0.115333
2 0.5469999999999999 0.724667 0.083333 0.1
2 0.440333 0.745 0.154 0.15
2 0.367 0.759 0.056667 0.07
2 0.470333 0.838333 0.122 0.091333
2 0.470333 0.922333 0.122 0.09
2 0.380667 0.933333 0.070667 0.106667
2 0.275 0.953667 0.148667 0.092667
1 0.28800000000000003 0.862667 0.165333 0.109333
2 0.262667 0.768333 0.173333 0.118
2 0.164667 0.772333 0.064 0.071333
2 0.18966700000000003 0.885667 0.083333 0.114
2 0.08433299999999999 0.898 0.144667 0.146667
2 0.05400000000000005 0.803 0.108 0.107333
2 0.30233299999999996 0.65 0.108667 0.137333
2 0.390667 0.648667 0.090667 0.098667
2 0.41533299999999995 0.555667 0.129333 0.104667
2 0.44466700000000003 0.455667 0.093333 0.11
2 0.357 0.477667 0.082 0.074
2 0.256667 0.507667 0.130667 0.122
2 0.167667 0.490333 0.07 0.064667
2 0.15000000000000002 0.593667 0.168 0.127333
2 0.10566699999999996 0.517 0.079333 0.082
2 0.099333 0.702 0.133333 0.102667
1 0.395667 0.385333 0.122 0.1
2 0.376667 0.296333 0.093333 0.080667
2 0.28133300000000006 0.236667 0.069333 0.064
2 0.260667 0.303333 0.125333 0.1
2 0.301667 0.4 0.092667 0.106667
2 0.20266700000000004 0.402667 0.1 0.104
2 0.13566699999999998 0.423667 0.058 0.062
2 0.15733299999999995 0.303667 0.101333 0.144667
2 0.06033299999999997 0.340333 0.115333 0.140667
2 0.217333 0.664 0.1 0.104
2 0.633 0.034667 0.108667 0.068
0 0.575333 0.106 0.066667 0.070667
0 0.665333 0.168667 0.105333 0.090667
0 0.779 0.353 0.063333 0.056667
0 0.825333 0.446 0.066667 0.054667
0 0.8376669999999999 0.505333 0.055333 0.048
0 0.581 0.799 0.127333 0.088667
0 0.599667 0.879667 0.112667 0.086
0 0.11333300000000002 0.240667 0.101333 0.089333
0 0.48166699999999996 0.299667 0.059333 0.054
0 0.5449999999999999 0.345 0.055333 0.072667
0 0.939333 0.093667 0.064 0.063333
0 0.965333 0.128667 0.065333 0.078667
0 0.966 0.893333 0.066667 0.074667
0 0.976333 0.213333 0.046 0.072
0 0.9696670000000001 0.826 0.058 0.061333
