2 0.7803329999999999 0.908 0.079333 0.08
2 0.570333 0.886333 0.119333 0.128667
2 0.6966669999999999 0.8546670000000001 0.138667 0.137333
1 0.8546670000000001 0.873667 0.069333 0.046
2 0.943 0.872333 0.09 0.082
2 0.844333 0.79 0.138 0.128
1 0.950667 0.771333 0.094667 0.129333
2 0.965333 0.609333 0.057333 0.053333
2 0.935333 0.6599999999999999 0.12 0.109333
2 0.847333 0.671667 0.098667 0.108667
1 0.7436670000000001 0.677333 0.122 0.146667
2 0.857667 0.564667 0.127333 0.097333
2 0.728333 0.587333 0.060667 0.069333
2 0.785 0.505333 0.051333 0.066667
2 0.718667 0.493333 0.12 0.129333
2 0.9410000000000001 0.478333 0.116667 0.118
2 0.854333 0.42600000000000005 0.079333 0.086667
2 0.779333 0.38233300000000003 0.106667 0.115333
1 0.872 0.343333 0.093333 0.088
1 0.893 0.257667 0.126 0.15
1 0.773667 0.256 0.128667 0.134667
2 0.6839999999999999 0.32599999999999996 0.08 0.136
2 0.601333 0.27233300000000005 0.104 0.143333
1 0.679333 0.22199999999999998 0.065333 0.074667
1 0.891 0.13733300000000004 0.147333 0.128
1 0.763 0.153667 0.119333 0.094
1 0.639 0.131 0.123333 0.146
1 0.7316670000000001 0.059667000000000026 0.176667 0.119333
2 0.507 0.22966699999999995 0.084667 0.087333
2 0.5223329999999999 0.13466699999999998 0.107333 0.1
2 0.406 0.19666700000000004 0.094667 0.097333
2 0.31999999999999995 0.17533299999999996 0.077333 0.101333
2 0.43733299999999997 0.09899999999999998 0.06 0.079333
1 0.36066699999999996 0.088333 0.1 0.114
2 0.22366699999999995 0.19199999999999995 0.059333 0.062667
2 0.13966699999999999 0.19966700000000004 0.088667 0.096667
2 0.24233300000000002 0.09666699999999995 0.088667 0.105333
2 0.15200000000000002 0.09199999999999997 0.089333 0.124
1 0.054332999999999965 0.092333 0.108667 0.151333
2 0.17633299999999996 0.280667 0.11 0.073333
2 0.08099999999999996 0.30433299999999996 0.088667 0.082
2 0.07033299999999998 0.381 0.080667 0.076667
2 0.28333299999999995 0.33999999999999997 0.104 0.110667
2 0.18466700000000003 0.36066699999999996 0.118667 0.092
2 0.19566700000000004 0.43500000000000005 0.112667 0.098
2 0.30200000000000005 0.45866700000000005 0.097333 0.112
2 0.42000000000000004 0.43233299999999997 0.166667 0.11
2 0.574333 0.378667 0.060667 0.061333
2 0.5283329999999999 0.41633299999999995 0.05 0.05
2 0.501333 0.359333 0.070667 0.089333
2 0.41533299999999995 0.31699999999999995 0.145333 0.128667
2 0.611333 0.45899999999999996 0.101333 0.116667
2 0.5083329999999999 0.46699999999999997 0.067333 0.056667
2 0.21999999999999997 0.5509999999999999 0.158667 0.111333
2 0.08199999999999996 0.47166699999999995 0.134667 0.111333
2 0.10433300000000001 0.579333 0.120667 0.096
3 0.23733300000000002 0.6453329999999999 0.076 0.077333
2 0.12833300000000003 0.687 0.15 0.106
2 0.15133300000000005 0.772 0.104 0.094667
2 0.07633299999999998 0.830667 0.115333 0.132
2 0.18066700000000002 0.876667 0.098667 0.098667
2 0.264 0.8446670000000001 0.101333 0.101333
2 0.39233300000000004 0.931 0.096667 0.09
2 0.28933299999999995 0.951 0.105333 0.091333
2 0.19233299999999998 0.958333 0.091333 0.082
2 0.25133300000000003 0.742667 0.073333 0.082667
2 0.03866700000000001 0.21899999999999997 0.077333 0.072667
2 0.936667 0.948667 0.072 0.070667
2 0.957667 0.34466699999999995 0.083333 0.090667
2 0.544667 0.04166700000000001 0.126667 0.082
2 0.876 0.04466700000000001 0.177333 0.089333
0 0.476333 0.653 0.440667 0.378
0 0.49566699999999997 0.9033329999999999 0.056667 0.052
