2 0.949 0.383333 0.084667 0.088
2 0.869 0.385667 0.103333 0.15
1 0.888 0.489 0.06 0.054
1 0.763 0.397333 0.112667 0.154667
2 0.69 0.288333 0.089333 0.116667
2 0.722 0.118 0.108 0.112
1 0.638333 0.039667 0.083333 0.072667
2 0.6273329999999999 0.116 0.066667 0.069333
2 0.552333 0.126333 0.088667 0.123333
1 0.47466699999999995 0.126 0.08 0.102667
1 0.607333 0.199333 0.073333 0.066667
2 0.586333 0.318 0.118 0.176
2 0.476 0.345667 0.122667 0.156667
2 0.645 0.396667 0.154 0.174667
1 0.646 0.519333 0.109333 0.096
2 0.906333 0.583333 0.122 0.112
2 0.8586670000000001 0.709 0.198667 0.178
2 0.84 0.793333 0.064 0.062667
2 0.765 0.794667 0.094 0.106667
2 0.865667 0.922333 0.112667 0.146
1 0.796 0.509 0.134667 0.114
2 0.793667 0.589 0.082 0.084667
1 0.696333 0.630667 0.148667 0.176
1 0.6623330000000001 0.745333 0.119333 0.105333
1 0.6579999999999999 0.866667 0.130667 0.154667
1 0.585 0.625 0.123333 0.195333
1 0.536667 0.784 0.14 0.130667
1 0.531667 0.888333 0.122 0.124667
1 0.42000000000000004 0.897667 0.132 0.114
1 0.399667 0.780667 0.139333 0.142667
1 0.45799999999999996 0.671333 0.153333 0.138667
1 0.46699999999999997 0.522333 0.192667 0.192667
1 0.343333 0.572333 0.085333 0.112667
1 0.36366699999999996 0.673667 0.055333 0.064667
2 0.371 0.964333 0.056667 0.052667
2 0.27733300000000005 0.895 0.156 0.158
2 0.30700000000000005 0.789667 0.082 0.094
2 0.15733299999999995 0.902667 0.121333 0.16
2 0.05600000000000005 0.940667 0.106667 0.118667
1 0.05166700000000002 0.717333 0.098 0.138667
2 0.148667 0.715333 0.134667 0.176
2 0.26633300000000004 0.699333 0.139333 0.117333
2 0.23066699999999996 0.582 0.165333 0.129333
2 0.24966699999999997 0.480667 0.160667 0.112
2 0.18500000000000005 0.383667 0.098 0.118
2 0.308667 0.351 0.152 0.186
2 0.43500000000000005 0.222 0.102 0.129333
2 0.07799999999999996 0.388667 0.121333 0.129333
2 0.08799999999999997 0.269667 0.14 0.112667
2 0.05366700000000002 0.170667 0.106 0.093333
2 0.957333 0.763333 0.078667 0.064
2 0.385 0.134667 0.098 0.065333
0 0.252667 0.141 0.396 0.280667
0 0.512 0.220333 0.089333 0.092667
0 0.704333 0.040667 0.062 0.058667
0 0.7106669999999999 0.208333 0.066667 0.054
2 0.722667 0.937667 0.186667 0.124667
2 0.07966700000000004 0.503 0.159333 0.139333
