2 0.328 0.104 0.170667 0.176
2 0.440333 0.161667 0.082 0.091333
2 0.057 0.292667 0.09 0.090667
2 0.16 0.286667 0.104 0.105333
2 0.246 0.349333 0.065333 0.066667
2 0.357 0.292 0.162 0.164
3 0.462 0.269 0.041333 0.046
2 0.488 0.374 0.133333 0.125333
2 0.361333 0.415 0.14 0.115333
3 0.268 0.442667 0.062667 0.06
2 0.493 0.460333 0.09 0.083333
2 0.370667 0.534667 0.132 0.134667
2 0.505667 0.561 0.176667 0.148667
2 0.376333 0.617667 0.09 0.076667
3 0.494333 0.769667 0.154 0.15
3 0.370333 0.733 0.144667 0.151333
3 0.268667 0.708333 0.089333 0.115333
2 0.426 0.027 0.078667 0.052667
0 0.768667 0.136333 0.081333 0.080667
0 0.878 0.311 0.076 0.083333
0 0.795 0.307333 0.064667 0.069333
0 0.878667 0.655333 0.242667 0.348
0 0.842333 0.185667 0.067333 0.096667
0 0.920667 0.201 0.06 0.055333
0 0.972667 0.315 0.052 0.056667
0 0.879667 0.451667 0.067333 0.064667
0 0.777333 0.437 0.053333 0.064667
0 0.774333 0.37 0.059333 0.042667
0 0.760667 0.056333 0.081333 0.060667
0 0.835667 0.084333 0.064667 0.09
0 0.907 0.115 0.059333 0.060667
0 0.977 0.229667 0.044667 0.05
0 0.747333 0.894667 0.066667 0.057333
0 0.757 0.794 0.086 0.072
