2 0.051 0.6166670000000001 0.084667 0.088
2 0.131 0.614333 0.103333 0.15
1 0.112 0.511 0.06 0.054
1 0.237 0.6026670000000001 0.112667 0.154667
2 0.31 0.711667 0.089333 0.116667
2 0.278 0.882 0.108 0.112
1 0.361667 0.960333 0.083333 0.072667
2 0.372667 0.884 0.066667 0.069333
2 0.447667 0.873667 0.088667 0.123333
1 0.525333 0.874 0.08 0.102667
1 0.392667 0.800667 0.073333 0.066667
2 0.413667 0.6819999999999999 0.118 0.176
2 0.524 0.654333 0.122667 0.156667
2 0.355 0.603333 0.154 0.174667
1 0.354 0.48066699999999996 0.109333 0.096
2 0.093667 0.416667 0.122 0.112
2 0.141333 0.29100000000000004 0.198667 0.178
2 0.16 0.20666700000000005 0.064 0.062667
2 0.235 0.205333 0.094 0.106667
2 0.134333 0.07766700000000004 0.112667 0.146
1 0.204 0.491 0.134667 0.114
2 0.206333 0.41100000000000003 0.082 0.084667
1 0.303667 0.369333 0.148667 0.176
1 0.337667 0.254667 0.119333 0.105333
1 0.342 0.13333300000000003 0.130667 0.154667
1 0.415 0.375 0.123333 0.195333
1 0.463333 0.21599999999999997 0.14 0.130667
1 0.468333 0.11166699999999996 0.122 0.124667
1 0.58 0.10233300000000001 0.132 0.114
1 0.600333 0.219333 0.139333 0.142667
1 0.542 0.32866700000000004 0.153333 0.138667
1 0.533 0.47766699999999995 0.192667 0.192667
1 0.656667 0.427667 0.085333 0.112667
1 0.636333 0.326333 0.055333 0.064667
2 0.629 0.035667000000000004 0.056667 0.052667
2 0.722667 0.10499999999999998 0.156 0.158
2 0.693 0.210333 0.082 0.094
2 0.842667 0.097333 0.121333 0.16
2 0.944 0.05933299999999997 0.106667 0.118667
1 0.948333 0.282667 0.098 0.138667
2 0.851333 0.284667 0.134667 0.176
2 0.733667 0.300667 0.139333 0.117333
2 0.769333 0.41800000000000004 0.165333 0.129333
2 0.750333 0.519333 0.160667 0.112
2 0.815 0.616333 0.098 0.118
2 0.691333 0.649 0.152 0.186
2 0.565 0.778 0.102 0.129333
2 0.922 0.611333 0.121333 0.129333
2 0.912 0.730333 0.14 0.112667
2 0.946333 0.829333 0.106 0.093333
2 0.042667 0.23666699999999996 0.078667 0.064
2 0.615 0.865333 0.098 0.065333
0 0.747333 0.859 0.396 0.280667
0 0.488 0.779667 0.089333 0.092667
0 0.295667 0.959333 0.062 0.058667
0 0.289333 0.791667 0.066667 0.054
2 0.277333 0.06233299999999997 0.186667 0.124667
2 0.920333 0.497 0.159333 0.139333
