2 0.6719999999999999 0.896 0.170667 0.176
2 0.559667 0.838333 0.082 0.091333
2 0.943 0.707333 0.09 0.090667
2 0.84 0.713333 0.104 0.105333
2 0.754 0.650667 0.065333 0.066667
2 0.643 0.708 0.162 0.164
3 0.538 0.731 0.041333 0.046
2 0.512 0.626 0.133333 0.125333
2 0.638667 0.585 0.14 0.115333
3 0.732 0.5573330000000001 0.062667 0.06
2 0.507 0.539667 0.09 0.083333
2 0.6293329999999999 0.465333 0.132 0.134667
2 0.494333 0.43899999999999995 0.176667 0.148667
2 0.623667 0.38233300000000003 0.09 0.076667
3 0.505667 0.230333 0.154 0.15
3 0.629667 0.267 0.144667 0.151333
3 0.731333 0.291667 0.089333 0.115333
2 0.5740000000000001 0.973 0.078667 0.052667
0 0.231333 0.863667 0.081333 0.080667
0 0.122 0.6890000000000001 0.076 0.083333
0 0.20499999999999996 0.6926669999999999 0.064667 0.069333
0 0.12133300000000002 0.34466699999999995 0.242667 0.348
0 0.157667 0.814333 0.067333 0.096667
0 0.07933299999999999 0.7989999999999999 0.06 0.055333
0 0.02733300000000005 0.685 0.052 0.056667
0 0.12033300000000002 0.548333 0.067333 0.064667
0 0.22266699999999995 0.563 0.053333 0.064667
0 0.22566699999999995 0.63 0.059333 0.042667
0 0.23933300000000002 0.943667 0.081333 0.060667
0 0.16433299999999995 0.915667 0.064667 0.09
0 0.09299999999999997 0.885 0.059333 0.060667
0 0.02300000000000002 0.7703329999999999 0.044667 0.05
0 0.252667 0.10533300000000001 0.066667 0.057333
0 0.243 0.20599999999999996 0.086 0.072
