2 0.791 0.5820000000000001 0.060667 0.062667
2 0.941667 0.549667 0.074 0.063333
2 0.714333 0.606 0.088667 0.076
2 0.663 0.728667 0.108667 0.141333
2 0.751333 0.701667 0.070667 0.082
2 0.760333 0.805333 0.063333 0.069333
2 0.6779999999999999 0.797333 0.032 0.034667
2 0.790333 0.884333 0.056667 0.067333
2 0.832667 0.767 0.102667 0.112667
2 0.937333 0.769667 0.109333 0.115333
2 0.909667 0.6583330000000001 0.11 0.118
2 0.951333 0.920333 0.093333 0.119333
2 0.703333 0.871 0.122667 0.115333
2 0.597667 0.86 0.086 0.088
2 0.557667 0.650667 0.111333 0.133333
3 0.47766699999999995 0.662667 0.071333 0.065333
2 0.511667 0.738 0.083333 0.093333
2 0.413667 0.749667 0.056667 0.07
2 0.43033299999999997 0.830333 0.087333 0.091333
2 0.516667 0.881 0.081333 0.087333
2 0.550667 0.956 0.086667 0.076
3 0.29500000000000004 0.904667 0.083333 0.073333
3 0.17300000000000004 0.967 0.047333 0.048667
3 0.20499999999999996 0.894667 0.088667 0.068
3 0.28133300000000006 0.821667 0.072 0.080667
3 0.205333 0.817 0.068 0.087333
2 0.18666700000000003 0.7150000000000001 0.077333 0.15
3 0.12566699999999997 0.819 0.067333 0.086
2 0.707667 0.964 0.086 0.070667
2 0.967667 0.617667 0.063333 0.07
2 0.796 0.963667 0.101333 0.071333
2 0.352 0.973333 0.1 0.052
0 0.08099999999999996 0.5816669999999999 0.066 0.064667
0 0.026000000000000023 0.579 0.052 0.07
0 0.09799999999999998 0.47566699999999995 0.092 0.086
0 0.07799999999999996 0.397 0.101333 0.084667
0 0.11566699999999996 0.345 0.072667 0.066
0 0.136 0.261667 0.133333 0.116667
0 0.11099999999999999 0.17333299999999996 0.091333 0.081333
0 0.15633300000000006 0.11333300000000002 0.075333 0.084
0 0.22699999999999998 0.11866699999999997 0.088667 0.097333
0 0.28200000000000003 0.07733299999999999 0.077333 0.096
0 0.20066700000000004 0.19299999999999995 0.066667 0.058
0 0.28733299999999995 0.21466700000000005 0.112 0.098667
0 0.347333 0.25233300000000003 0.074667 0.086
0 0.62 0.204333 0.141333 0.116667
0 0.5163329999999999 0.313333 0.080667 0.094667
0 0.939667 0.402 0.119333 0.094667
0 0.717333 0.46666700000000005 0.112 0.106667
0 0.71 0.36266699999999996 0.042667 0.044
0 0.729 0.397 0.042 0.040667
0 0.592667 0.45699999999999996 0.116 0.079333
0 0.545667 0.526667 0.056667 0.068
0 0.49666699999999997 0.498333 0.052 0.058
0 0.44999999999999996 0.5263329999999999 0.06 0.063333
0 0.28 0.740333 0.094667 0.082
0 0.356 0.866667 0.049333 0.054667
0 0.42833299999999996 0.918667 0.095333 0.096
0 0.762333 0.19099999999999995 0.146 0.135333
0 0.746 0.07033299999999998 0.12 0.140667
0 0.861667 0.05566700000000002 0.120667 0.106
0 0.944 0.09966699999999995 0.092 0.087333
0 0.19833299999999998 0.391 0.115333 0.096667
0 0.29033299999999995 0.376667 0.063333 0.066667
0 0.886667 0.838 0.086667 0.070667
0 0.35666699999999996 0.695333 0.056 0.057333
0 0.8396669999999999 0.30400000000000005 0.092667 0.070667
0 0.839333 0.24033300000000002 0.082667 0.080667
0 0.969333 0.22966699999999995 0.058667 0.083333
0 0.9339999999999999 0.18966700000000003 0.070667 0.074
0 0.895667 0.15500000000000003 0.100667 0.087333
0 0.684667 0.250667 0.073333 0.086667
0 0.680667 0.127 0.065333 0.062
0 0.6583330000000001 0.07033299999999998 0.07 0.066
0 0.582667 0.046667000000000014 0.098667 0.093333
0 0.48966699999999996 0.07433299999999998 0.120667 0.127333
0 0.337333 0.05933299999999997 0.06 0.08
0 0.39733300000000005 0.04933299999999996 0.066667 0.058667
0 0.394 0.09899999999999998 0.068 0.071333
0 0.440333 0.15533300000000005 0.107333 0.106667
0 0.443333 0.23366699999999996 0.065333 0.064667
0 0.397667 0.28233299999999995 0.060667 0.064667
0 0.372333 0.34066700000000005 0.036667 0.062667
0 0.26533300000000004 0.966333 0.066667 0.064667
