2 0.868667 0.093667 0.174667 0.152667
2 0.846333 0.190667 0.124667 0.08
2 0.779333 0.058 0.093333 0.101333
2 0.6783330000000001 0.060667 0.119333 0.104
2 0.677 0.177667 0.136667 0.156667
2 0.766 0.156667 0.069333 0.093333
2 0.801333 0.29 0.178667 0.132
2 0.919333 0.301333 0.157333 0.204
2 0.953 0.197667 0.084667 0.096667
1 0.913333 0.433667 0.141333 0.13
2 0.653667 0.294 0.080667 0.068
2 0.683 0.353667 0.051333 0.056667
2 0.7723329999999999 0.387667 0.126 0.078
2 0.775667 0.482333 0.160667 0.139333
2 0.897 0.539333 0.115333 0.1
2 0.863333 0.647667 0.169333 0.172667
2 0.749333 0.591333 0.097333 0.104
3 0.728667 0.720667 0.038667 0.037333
2 0.9359999999999999 0.863667 0.109333 0.140667
2 0.833333 0.837667 0.093333 0.122
2 0.748667 0.830333 0.088 0.140667
3 0.701333 0.925 0.081333 0.082
3 0.877 0.948333 0.060667 0.068667
2 0.659667 0.605667 0.095333 0.114
2 0.654667 0.829 0.102667 0.107333
2 0.49166699999999997 0.923 0.118 0.148667
2 0.637667 0.718333 0.115333 0.111333
2 0.555667 0.795667 0.092667 0.087333
2 0.40900000000000003 0.861667 0.058 0.075333
2 0.31100000000000005 0.885333 0.159333 0.164
2 0.241 0.819 0.088667 0.079333
2 0.19099999999999995 0.894667 0.075333 0.072
2 0.11366699999999996 0.864333 0.151333 0.111333
2 0.05233299999999996 0.776 0.080667 0.073333
2 0.153667 0.772667 0.111333 0.108
2 0.09999999999999998 0.694 0.093333 0.070667
3 0.19599999999999995 0.696333 0.06 0.060667
2 0.273667 0.729 0.112667 0.120667
2 0.372 0.752 0.096 0.094667
2 0.465333 0.778 0.101333 0.097333
2 0.545667 0.697 0.118 0.112667
2 0.45266700000000004 0.681333 0.090667 0.098667
2 0.369333 0.661667 0.088 0.088667
2 0.282667 0.601 0.156 0.146
2 0.17700000000000005 0.631667 0.086 0.068667
1 0.16033299999999995 0.539333 0.144667 0.133333
2 0.047667000000000015 0.584333 0.095333 0.151333
2 0.05233299999999996 0.475333 0.083333 0.105333
2 0.153667 0.426 0.147333 0.129333
2 0.057667000000000024 0.383333 0.106 0.098667
2 0.18466700000000003 0.326667 0.16 0.156
2 0.287667 0.475 0.156667 0.184667
2 0.46366700000000005 0.39 0.11 0.090667
2 0.395667 0.459333 0.148667 0.16
2 0.48666699999999996 0.486333 0.074667 0.086
2 0.597667 0.482333 0.188667 0.166
2 0.614333 0.376667 0.080667 0.072
2 0.5609999999999999 0.080333 0.11 0.087333
2 0.5609999999999999 0.183 0.162 0.162
2 0.43899999999999995 0.117333 0.146 0.130667
2 0.42900000000000005 0.247 0.146 0.195333
2 0.314333 0.108667 0.119333 0.122667
2 0.20466700000000004 0.132333 0.138667 0.13
2 0.19033299999999997 0.231667 0.128667 0.118
2 0.31266700000000003 0.255 0.126667 0.184667
2 0.101333 0.197 0.093333 0.104667
2 0.03200000000000003 0.219667 0.057333 0.05
2 0.06933299999999998 0.282333 0.093333 0.108667
2 0.458333 0.585667 0.087333 0.084667
2 0.5369999999999999 0.301 0.144667 0.123333
2 0.961 0.649667 0.071333 0.123333
2 0.795 0.949333 0.088667 0.1
2 0.565 0.602333 0.084667 0.087333
2 0.024666999999999994 0.863 0.048 0.088667
2 0.05666700000000002 0.114 0.113333 0.157333
0 0.843667 0.759667 0.063333 0.079333
0 0.790333 0.740333 0.075333 0.084667
0 0.381667 0.569333 0.062 0.070667
2 0.593333 0.938667 0.109333 0.122667
