2 0.91 0.102333 0.093333 0.078
2 0.906667 0.191667 0.105333 0.092667
2 0.965333 0.290333 0.068 0.09
2 0.874 0.286 0.112 0.104
2 0.815667 0.204333 0.095333 0.084667
3 0.785 0.059667 0.048667 0.046
2 0.753 0.126333 0.138 0.123333
2 0.7046669999999999 0.225 0.126667 0.120667
2 0.8009999999999999 0.339667 0.127333 0.136667
2 0.8296669999999999 0.424333 0.056667 0.055333
2 0.927333 0.391667 0.110667 0.09
2 0.913667 0.487 0.114 0.108667
2 0.922667 0.590333 0.101333 0.079333
1 0.918333 0.683333 0.135333 0.101333
2 0.8049999999999999 0.624333 0.142 0.134
2 0.7913330000000001 0.516 0.133333 0.108
2 0.750333 0.435667 0.079333 0.078
2 0.685 0.355667 0.135333 0.143333
3 0.646 0.460667 0.04 0.036
2 0.71 0.571667 0.057333 0.075333
2 0.864667 0.745333 0.072 0.066667
2 0.933667 0.851333 0.118 0.126667
2 0.809333 0.858333 0.153333 0.140667
2 0.687667 0.807667 0.126 0.108667
2 0.5800000000000001 0.816 0.108 0.146667
1 0.608 0.707 0.1 0.071333
2 0.6293329999999999 0.639 0.14 0.095333
2 0.626667 0.543333 0.098667 0.096
2 0.53 0.574333 0.125333 0.124667
2 0.515 0.732667 0.078 0.089333
2 0.481333 0.825 0.1 0.128667
1 0.465333 0.937 0.162667 0.111333
1 0.366 0.930667 0.069333 0.088
1 0.39333300000000004 0.830667 0.093333 0.121333
2 0.44499999999999995 0.665333 0.151333 0.170667
2 0.325333 0.861 0.065333 0.09
1 0.26833300000000004 0.957333 0.120667 0.085333
1 0.267 0.879667 0.098 0.086
2 0.219333 0.795667 0.136 0.156667
1 0.18633299999999997 0.895667 0.059333 0.079333
2 0.10366699999999995 0.896667 0.114 0.094667
1 0.08366700000000005 0.739667 0.126 0.122
2 0.147667 0.640333 0.151333 0.102
1 0.23633300000000002 0.679333 0.092667 0.124
2 0.332333 0.78 0.128667 0.097333
2 0.08899999999999997 0.971667 0.11 0.055333
2 0.03733299999999995 0.837 0.074667 0.072667
2 0.17400000000000004 0.538333 0.096 0.124667
1 0.08233299999999999 0.559 0.118 0.094
1 0.27533300000000005 0.524333 0.104 0.111333
1 0.392667 0.504667 0.08 0.097333
2 0.48366699999999996 0.475 0.148667 0.123333
2 0.435667 0.362333 0.180667 0.156667
1 0.523333 0.256333 0.172 0.152667
1 0.5816669999999999 0.17 0.119333 0.128
2 0.629667 0.062667 0.11 0.106667
1 0.53 0.074333 0.074667 0.106
1 0.43700000000000006 0.079 0.094 0.118
1 0.39533300000000005 0.205667 0.122667 0.156667
1 0.31766700000000003 0.087 0.142 0.147333
1 0.28233299999999995 0.203333 0.104667 0.138667
1 0.347333 0.295 0.06 0.075333
1 0.25533300000000003 0.319 0.133333 0.147333
2 0.253 0.436 0.120667 0.093333
1 0.07833299999999999 0.452333 0.156667 0.123333
2 0.18100000000000005 0.202 0.11 0.125333
2 0.133 0.077 0.13 0.124667
2 0.037667000000000006 0.073667 0.066 0.102
2 0.07399999999999995 0.173667 0.096 0.09
1 0.062000000000000055 0.318667 0.108 0.136
1 0.15500000000000003 0.316333 0.116667 0.15
2 0.895333 0.035 0.136 0.068667
2 0.819667 0.956667 0.122 0.086667
2 0.7010000000000001 0.973667 0.060667 0.052667
0 0.574667 0.363333 0.088 0.109333
0 0.744333 0.736333 0.080667 0.098
0 0.6783330000000001 0.722333 0.074 0.088667
0 0.5966670000000001 0.910333 0.117333 0.103333
0 0.642333 0.961667 0.063333 0.064667
0 0.728333 0.91 0.099333 0.094667
