2 0.075333 0.249 0.101333 0.111333
2 0.163667 0.218333 0.082 0.114
2 0.278333 0.214333 0.15 0.155333
2 0.364667 0.277333 0.108 0.137333
2 0.301333 0.341333 0.142667 0.129333
2 0.195333 0.417 0.125333 0.163333
2 0.309667 0.445333 0.062 0.068
2 0.456 0.296667 0.136 0.168
2 0.566 0.296 0.092 0.097333
2 0.581 0.381 0.114 0.142
2 0.653667 0.306 0.058 0.058667
2 0.719667 0.243333 0.151333 0.136
2 0.739333 0.315667 0.064 0.060667
2 0.853667 0.335 0.155333 0.152667
2 0.854333 0.447 0.056667 0.051333
2 0.943 0.518667 0.087333 0.130667
3 0.851333 0.540667 0.090667 0.117333
2 0.760667 0.486667 0.094667 0.092
2 0.739333 0.404667 0.066667 0.092
2 0.673 0.410667 0.07 0.132
2 0.590667 0.475333 0.066667 0.066667
3 0.679 0.521333 0.09 0.094667
2 0.757 0.576 0.084667 0.101333
3 0.760333 0.654667 0.114 0.094667
3 0.605 0.640667 0.075333 0.082667
3 0.604667 0.547667 0.069333 0.088667
2 0.507667 0.498667 0.119333 0.133333
2 0.413 0.450333 0.152667 0.13
2 0.486333 0.405667 0.048667 0.05
2 0.311333 0.561333 0.14 0.133333
2 0.412 0.551 0.066667 0.076667
2 0.517333 0.594333 0.1 0.076667
3 0.616 0.751 0.061333 0.071333
3 0.534 0.806 0.056 0.058667
2 0.639667 0.853667 0.114 0.123333
2 0.696667 0.770333 0.102667 0.146
3 0.790333 0.764 0.092667 0.136
2 0.65 0.950333 0.085333 0.083333
2 0.562333 0.899 0.087333 0.119333
2 0.473 0.912667 0.096667 0.133333
2 0.456333 0.819333 0.072667 0.068
2 0.359 0.84 0.108667 0.112
2 0.235333 0.708667 0.089333 0.089333
2 0.43 0.623333 0.069333 0.062667
2 0.366667 0.708 0.188 0.162667
2 0.205 0.61 0.124667 0.102667
2 0.116667 0.589333 0.145333 0.166667
2 0.040333 0.747 0.076667 0.11
2 0.112333 0.711667 0.146 0.108667
2 0.143 0.781667 0.126 0.092667
2 0.255 0.801 0.124667 0.115333
2 0.270667 0.913 0.129333 0.116667
2 0.147 0.901333 0.120667 0.137333
2 0.052 0.942667 0.094667 0.106667
3 0.093667 0.337667 0.052667 0.055333
2 0.535 0.700333 0.146 0.122
2 0.032667 0.588333 0.057333 0.102
2 0.968 0.389333 0.064 0.104
2 0.952333 0.66 0.095333 0.133333
2 0.869667 0.722 0.114 0.108
2 0.056333 0.857 0.103333 0.119333
0 0.197 0.321 0.098 0.116667
0 0.109 0.441333 0.118 0.14
0 0.380333 0.921 0.064667 0.048667
