2 0.078667 0.929333 0.096 0.137333
1 0.165333 0.926333 0.1 0.112667
2 0.218333 0.979 0.052667 0.040667
2 0.330667 0.967333 0.066667 0.053333
2 0.333667 0.893 0.086 0.082
2 0.307333 0.8280000000000001 0.102667 0.096
2 0.249667 0.932333 0.087333 0.116667
2 0.196 0.8416669999999999 0.133333 0.123333
2 0.163667 0.759667 0.156667 0.098
2 0.308667 0.733333 0.122667 0.093333
2 0.034667 0.717333 0.065333 0.084
2 0.043667 0.623333 0.083333 0.104
3 0.033667 0.547667 0.063333 0.05
2 0.116333 0.527333 0.076667 0.069333
2 0.149667 0.6006670000000001 0.107333 0.094667
2 0.117333 0.6950000000000001 0.1 0.111333
2 0.224 0.654667 0.116 0.138667
3 0.316333 0.653667 0.074 0.055333
3 0.313 0.5776669999999999 0.080667 0.104667
2 0.385 0.591 0.083333 0.122
2 0.287333 0.492333 0.104 0.072667
2 0.168333 0.414667 0.116667 0.138667
2 0.276 0.402 0.106667 0.133333
2 0.352333 0.399667 0.09 0.115333
2 0.257333 0.31599999999999995 0.056 0.058667
2 0.173333 0.31866700000000003 0.073333 0.064
3 0.101667 0.131 0.080667 0.086
2 0.200333 0.18133299999999997 0.091333 0.102667
3 0.192 0.054332999999999965 0.1 0.087333
2 0.301333 0.18200000000000005 0.101333 0.104
3 0.350667 0.096333 0.097333 0.080667
3 0.275333 0.04066700000000001 0.069333 0.069333
2 0.359333 0.22899999999999998 0.078667 0.079333
2 0.355667 0.30200000000000005 0.114 0.086667
2 0.444333 0.206333 0.084667 0.088667
2 0.517333 0.264667 0.136 0.169333
2 0.609 0.263 0.047333 0.047333
2 0.604333 0.18400000000000005 0.088667 0.113333
3 0.677667 0.256667 0.046 0.037333
2 0.432333 0.377 0.091333 0.114
2 0.492333 0.467333 0.05 0.056
2 0.565 0.44299999999999995 0.071333 0.048667
2 0.527333 0.13266699999999998 0.101333 0.097333
3 0.491667 0.07299999999999995 0.051333 0.05
3 0.663667 0.06666700000000003 0.056667 0.062667
2 0.697667 0.17566700000000002 0.096667 0.100667
3 0.711 0.10266699999999995 0.054 0.06
3 0.840667 0.10899999999999999 0.046667 0.05
3 0.915667 0.23399999999999999 0.088667 0.094667
3 0.921333 0.14433300000000004 0.089333 0.087333
2 0.819667 0.30200000000000005 0.111333 0.105333
2 0.743333 0.31799999999999995 0.066667 0.076
2 0.661667 0.35266699999999995 0.108667 0.14
3 0.761 0.41300000000000003 0.087333 0.091333
2 0.821 0.387667 0.044667 0.054
3 0.959333 0.45199999999999996 0.070667 0.074667
2 0.886333 0.486333 0.078 0.087333
3 0.811333 0.478 0.072 0.065333
2 0.830333 0.5589999999999999 0.095333 0.100667
3 0.733333 0.505 0.068 0.080667
2 0.665 0.518667 0.076667 0.122667
2 0.639 0.581 0.080667 0.078
2 0.730333 0.580667 0.071333 0.073333
2 0.888 0.625667 0.1 0.100667
2 0.970333 0.7166669999999999 0.054 0.062667
2 0.902 0.730667 0.130667 0.104
2 0.804 0.654667 0.076 0.066667
2 0.722667 0.668667 0.064 0.069333
2 0.717 0.747 0.07 0.079333
2 0.802 0.737333 0.102667 0.101333
2 0.831 0.823333 0.122 0.098667
2 0.785667 0.915 0.118 0.118
2 0.915 0.968667 0.087333 0.058667
2 0.943667 0.879 0.111333 0.123333
3 0.658667 0.945 0.066667 0.075333
2 0.673 0.8526670000000001 0.139333 0.145333
3 0.642667 0.6679999999999999 0.073333 0.081333
2 0.638 0.758 0.089333 0.098667
2 0.56 0.690333 0.092 0.087333
2 0.555333 0.610333 0.088 0.094
2 0.460667 0.634667 0.098667 0.114667
2 0.496 0.706 0.030667 0.033333
2 0.537 0.786667 0.11 0.122667
2 0.449667 0.781 0.084667 0.080667
2 0.477667 0.9359999999999999 0.151333 0.124
2 0.761 0.04133299999999995 0.099333 0.082667
2 0.837333 0.03933299999999995 0.082667 0.078667
2 0.971 0.367333 0.058 0.081333
2 0.969667 0.636667 0.060667 0.117333
2 0.967667 0.532 0.064667 0.088
0 0.900667 0.36266699999999996 0.081333 0.089333
0 0.935 0.30233299999999996 0.047333 0.051333
0 0.787667 0.13866699999999998 0.062 0.065333
0 0.897667 0.07733299999999999 0.07 0.076
0 0.181333 0.25533300000000003 0.088 0.062667
0 0.082333 0.28600000000000003 0.056667 0.070667
0 0.050333 0.797333 0.080667 0.072
0 0.109333 0.826667 0.053333 0.044
0 0.091667 0.460333 0.099333 0.083333
0 0.038667 0.468333 0.057333 0.071333
0 0.413 0.885 0.071333 0.079333
0 0.482667 0.5493330000000001 0.084 0.072
0 0.436667 0.507 0.081333 0.072667
0 0.500667 0.86 0.090667 0.089333
0 0.553 0.509333 0.11 0.089333
0 0.521 0.394 0.072667 0.078667
0 0.972 0.788333 0.056 0.063333
0 0.830667 0.20399999999999996 0.078667 0.061333
0 0.605333 0.31899999999999995 0.049333 0.051333
0 0.594667 0.38033300000000003 0.052 0.046
0 0.135333 0.22066699999999995 0.068 0.073333
0 0.102667 0.20233299999999999 0.037333 0.036667
