1 0.229667 0.109333 0.178 0.134667
2 0.138333 0.223667 0.122 0.128667
2 0.254 0.231 0.126667 0.122
2 0.344333 0.163667 0.054 0.062
2 0.410333 0.079 0.124667 0.107333
1 0.501667 0.094 0.087333 0.093333
2 0.409 0.184333 0.086 0.092667
1 0.521 0.191333 0.143333 0.14
2 0.621333 0.152667 0.069333 0.070667
2 0.590333 0.055333 0.128667 0.109333
1 0.708333 0.075667 0.068667 0.086
1 0.898 0.080333 0.12 0.115333
1 0.798 0.174 0.113333 0.130667
1 0.898 0.189333 0.089333 0.122667
2 0.721 0.235667 0.107333 0.123333
2 0.816 0.263667 0.061333 0.054
2 0.910667 0.292667 0.094667 0.104
2 0.82 0.359333 0.172 0.126667
2 0.769667 0.428 0.082 0.061333
1 0.664667 0.380333 0.138667 0.151333
2 0.530667 0.313 0.168 0.139333
2 0.440333 0.375333 0.148667 0.133333
1 0.357667 0.379333 0.055333 0.064
2 0.562 0.399 0.072 0.063333
1 0.557667 0.486 0.167333 0.129333
1 0.670333 0.476333 0.086 0.082
2 0.753333 0.501 0.072 0.084667
2 0.861667 0.651667 0.178 0.194
2 0.875667 0.779 0.103333 0.079333
2 0.690333 0.592667 0.135333 0.142667
2 0.548667 0.607667 0.165333 0.15
2 0.475 0.659667 0.111333 0.120667
2 0.705 0.693667 0.178 0.114
2 0.726333 0.802333 0.162 0.123333
2 0.816 0.879667 0.125333 0.172667
2 0.914 0.906667 0.101333 0.178667
2 0.417333 0.768333 0.128 0.127333
2 0.346333 0.819 0.055333 0.074
1 0.490333 0.848333 0.21 0.171333
2 0.248667 0.931667 0.142667 0.115333
2 0.239 0.822667 0.148667 0.141333
1 0.119333 0.811667 0.104 0.155333
2 0.045 0.823333 0.080667 0.088
2 0.056333 0.903667 0.055333 0.054
2 0.126667 0.930667 0.098667 0.1
2 0.155667 0.337333 0.151333 0.101333
2 0.068333 0.401667 0.115333 0.106
2 0.168 0.440667 0.106667 0.117333
2 0.268 0.413667 0.124 0.128667
2 0.394333 0.487333 0.143333 0.142667
3 0.391667 0.593333 0.054 0.061333
2 0.313 0.629667 0.111333 0.124667
2 0.281333 0.519 0.130667 0.107333
3 0.179333 0.524 0.070667 0.072
2 0.085333 0.504667 0.122667 0.108
2 0.086 0.619333 0.104 0.134667
2 0.189 0.620333 0.128667 0.115333
2 0.216 0.718667 0.150667 0.094667
1 0.093333 0.072 0.129333 0.142667
1 0.352 0.276333 0.169333 0.154
2 0.037667 0.734667 0.074 0.106667
2 0.804667 0.05 0.149333 0.098667
2 0.936 0.505667 0.126667 0.104667
2 0.714333 0.954667 0.102 0.090667
2 0.681 0.027 0.059333 0.052667
0 0.613333 0.776333 0.068 0.07
0 0.621333 0.876667 0.073333 0.085333
0 0.629 0.964667 0.066 0.068
0 0.633667 0.237667 0.087333 0.102
