2 0.098333 0.219667 0.094 0.076667
3 0.09766699999999995 0.301333 0.043333 0.034667
2 0.18633299999999997 0.362333 0.143333 0.148667
2 0.08333299999999999 0.485333 0.134667 0.125333
1 0.06000000000000005 0.581333 0.081333 0.072
2 0.06433299999999997 0.752667 0.082 0.090667
2 0.14033300000000004 0.653333 0.112667 0.092
2 0.16900000000000004 0.551333 0.114 0.096
2 0.16633299999999995 0.73 0.13 0.164
2 0.28433299999999995 0.723 0.116667 0.116667
2 0.325333 0.624333 0.104 0.096667
2 0.40033300000000005 0.691667 0.079333 0.071333
2 0.372333 0.786333 0.120667 0.115333
2 0.365 0.892333 0.158 0.083333
2 0.47966699999999995 0.791 0.084667 0.088667
2 0.5043329999999999 0.822333 0.043333 0.043333
2 0.46166700000000005 0.599333 0.112667 0.102667
2 0.49466699999999997 0.691667 0.104 0.118
2 0.463333 0.505667 0.105333 0.087333
3 0.43633299999999997 0.431333 0.087333 0.066667
2 0.42500000000000004 0.355 0.115333 0.086
2 0.44799999999999995 0.249333 0.105333 0.108
2 0.413667 0.154667 0.108667 0.102667
2 0.403667 0.073 0.060667 0.055333
2 0.33266700000000005 0.107 0.069333 0.071333
2 0.32699999999999996 0.181333 0.082 0.072
2 0.34066700000000005 0.284 0.104 0.128
2 0.26033300000000004 0.277 0.082 0.116667
2 0.24966699999999997 0.124333 0.094 0.083333
2 0.18899999999999995 0.047333 0.112667 0.093333
2 0.297667 0.038 0.119333 0.074667
2 0.05166700000000002 0.051 0.098 0.095333
2 0.031333000000000055 0.235667 0.062667 0.107333
2 0.051000000000000045 0.664667 0.079333 0.092
0 0.119 0.822667 0.120667 0.098667
0 0.17366700000000002 0.889333 0.076667 0.061333
0 0.11499999999999999 0.915333 0.07 0.076
0 0.143667 0.134333 0.072667 0.071333
0 0.10866699999999996 0.038 0.053333 0.062667
0 0.229333 0.188 0.094667 0.081333
0 0.05266700000000002 0.323333 0.048 0.049333
0 0.341333 0.378333 0.066667 0.060667
0 0.39 0.469 0.061333 0.056667
0 0.398667 0.526 0.048 0.049333
0 0.571333 0.446 0.086667 0.081333
0 0.566667 0.537667 0.124 0.119333
0 0.598333 0.617 0.134 0.111333
0 0.5640000000000001 0.702 0.077333 0.065333
0 0.544 0.766333 0.092 0.071333
0 0.550333 0.228 0.068667 0.077333
0 0.522 0.163 0.057333 0.066
0 0.571 0.146333 0.066 0.078
0 0.5373330000000001 0.067333 0.102667 0.102667
0 0.485333 0.117667 0.056 0.076667
0 0.532667 0.915667 0.098667 0.087333
0 0.673667 0.679667 0.092667 0.11
0 0.7126669999999999 0.527333 0.124 0.149333
0 0.8029999999999999 0.545 0.111333 0.127333
0 0.7953330000000001 0.419667 0.122667 0.111333
0 0.813333 0.711667 0.086667 0.072667
0 0.805333 0.829 0.118667 0.15
0 0.707333 0.852667 0.176 0.164
0 0.777 0.168333 0.09 0.122
0 0.769333 0.289333 0.109333 0.116
0 0.697667 0.21 0.072667 0.056
0 0.656 0.148333 0.070667 0.067333
0 0.642 0.211 0.057333 0.059333
0 0.630667 0.051 0.064 0.075333
0 0.724333 0.103333 0.067333 0.073333
0 0.845 0.081667 0.088667 0.088667
0 0.939667 0.072667 0.094 0.097333
0 0.908667 0.133667 0.089333 0.076667
0 0.865667 0.206333 0.088667 0.083333
0 0.935 0.209333 0.059333 0.062667
0 0.9359999999999999 0.549667 0.126667 0.146
0 0.951 0.429333 0.087333 0.096
0 0.958333 0.967333 0.055333 0.057333
0 0.901 0.915667 0.052667 0.055333
0 0.957 0.289333 0.083333 0.104
0 0.930333 0.303667 0.055333 0.079333
0 0.87 0.318667 0.089333 0.092
0 0.6926669999999999 0.040333 0.085333 0.079333
0 0.630667 0.256 0.054667 0.042667
0 0.5860000000000001 0.313 0.049333 0.047333
0 0.093333 0.364 0.056 0.070667
0 0.030000000000000027 0.388 0.056 0.056
0 0.534333 0.845333 0.071333 0.065333
0 0.749667 0.934333 0.086 0.07
0 0.623 0.868667 0.086 0.082667
0 0.7130000000000001 0.741333 0.112667 0.084
0 0.752333 0.642333 0.099333 0.080667
0 0.793667 0.662 0.05 0.053333
