2 0.896333 0.928 0.114 0.104
2 0.955 0.885 0.086 0.118
2 0.810333 0.886333 0.058 0.059333
3 0.741 0.900333 0.075333 0.074
2 0.6926669999999999 0.8069999999999999 0.133333 0.154
3 0.798333 0.799667 0.087333 0.106
3 0.768667 0.712 0.053333 0.058667
2 0.892333 0.815 0.100667 0.119333
3 0.861333 0.728 0.037333 0.04
2 0.943667 0.701667 0.108667 0.104667
3 0.927 0.5780000000000001 0.13 0.137333
3 0.83 0.584667 0.066667 0.066667
3 0.751667 0.563 0.082 0.118
3 0.695667 0.6619999999999999 0.112667 0.097333
2 0.649667 0.933667 0.115333 0.118
2 0.612333 0.720333 0.123333 0.158
2 0.648667 0.56 0.121333 0.112
2 0.8316669999999999 0.499333 0.118 0.102667
2 0.921 0.424667 0.079333 0.105333
2 0.816667 0.415667 0.129333 0.087333
2 0.664667 0.479 0.1 0.086
2 0.663 0.383 0.119333 0.127333
3 0.711667 0.327333 0.080667 0.069333
3 0.803333 0.33766700000000005 0.089333 0.076667
2 0.887333 0.33366700000000005 0.090667 0.082
2 0.957 0.232333 0.074 0.076667
3 0.924333 0.15600000000000003 0.058 0.057333
3 0.877667 0.246 0.092667 0.106667
3 0.795667 0.255 0.082 0.083333
2 0.698 0.238 0.1 0.096
2 0.799333 0.17466700000000002 0.094667 0.086667
3 0.771667 0.10166699999999995 0.05 0.056667
2 0.6946669999999999 0.139 0.104 0.120667
3 0.932667 0.07066700000000004 0.058667 0.097333
3 0.8526670000000001 0.06633299999999998 0.101333 0.13
3 0.590333 0.13433300000000004 0.118 0.136667
3 0.579333 0.45866700000000005 0.073333 0.081333
2 0.567333 0.37266699999999997 0.1 0.093333
3 0.520667 0.281667 0.101333 0.119333
2 0.430667 0.276667 0.076 0.118667
3 0.360333 0.251 0.072667 0.07
3 0.43000000000000005 0.17633299999999996 0.072 0.083333
3 0.335333 0.15100000000000002 0.130667 0.134
3 0.473 0.389 0.078 0.087333
2 0.48066699999999996 0.478 0.104 0.096
2 0.391667 0.48866699999999996 0.068667 0.061333
2 0.4 0.569333 0.076 0.102667
2 0.497 0.5640000000000001 0.115333 0.098667
2 0.500667 0.644 0.102667 0.072
2 0.500667 0.724667 0.1 0.097333
2 0.52 0.818333 0.1 0.084667
2 0.546 0.89 0.070667 0.064
2 0.460333 0.9123330000000001 0.094 0.122
3 0.43733299999999997 0.822667 0.04 0.065333
2 0.37833300000000003 0.947 0.058 0.055333
2 0.277667 0.927333 0.107333 0.110667
2 0.36666699999999997 0.869667 0.090667 0.095333
2 0.36166699999999996 0.744 0.122 0.146667
2 0.436667 0.735 0.038667 0.048667
2 0.262667 0.836 0.073333 0.069333
2 0.18266700000000002 0.867667 0.1 0.144667
2 0.07466700000000004 0.868333 0.101333 0.126
2 0.11599999999999999 0.957 0.12 0.084667
2 0.24866699999999997 0.751667 0.106667 0.095333
2 0.26333300000000004 0.6553329999999999 0.172 0.102667
2 0.15600000000000003 0.678667 0.066667 0.072
2 0.07766700000000004 0.763333 0.062 0.058667
2 0.06133299999999997 0.707667 0.122667 0.120667
2 0.15900000000000003 0.578667 0.13 0.108
2 0.141667 0.46066700000000005 0.138 0.108
3 0.13033300000000003 0.38133300000000003 0.082 0.066667
3 0.19033299999999997 0.352333 0.095333 0.088667
2 0.12566699999999997 0.29600000000000004 0.111333 0.093333
2 0.20666700000000005 0.218333 0.137333 0.126
3 0.08399999999999996 0.20566700000000004 0.108 0.115333
3 0.087333 0.11299999999999999 0.090667 0.087333
3 0.18300000000000005 0.10233300000000001 0.118 0.108667
2 0.965333 0.796 0.062667 0.073333
2 0.764667 0.963667 0.117333 0.071333
2 0.548333 0.958 0.088667 0.082667
2 0.047667000000000015 0.599667 0.09 0.11
2 0.04466700000000001 0.505667 0.089333 0.096667
2 0.041000000000000036 0.40800000000000003 0.082 0.113333
2 0.963667 0.31200000000000006 0.071333 0.088
0 0.30800000000000005 0.419667 0.256 0.388667
0 0.269667 0.118 0.060667 0.070667
