2 0.950667 0.847333 0.061333 0.06
2 0.866 0.862 0.105333 0.110667
2 0.77 0.896 0.097333 0.109333
2 0.665333 0.87 0.090667 0.101333
2 0.5946670000000001 0.876667 0.062667 0.081333
2 0.52 0.907333 0.089333 0.109333
2 0.425667 0.917 0.094 0.104667
2 0.32699999999999996 0.940333 0.106 0.115333
2 0.331333 0.853 0.072 0.079333
2 0.229333 0.926 0.098667 0.094667
2 0.239 0.83 0.118 0.097333
2 0.12766699999999997 0.823667 0.076667 0.154
2 0.04833299999999996 0.822667 0.082 0.096
2 0.300667 0.738667 0.128 0.105333
2 0.40833299999999995 0.754667 0.104667 0.101333
2 0.919333 0.774667 0.070667 0.064
2 0.8356669999999999 0.764333 0.083333 0.082
2 0.903667 0.6890000000000001 0.086 0.087333
2 0.748 0.808667 0.110667 0.085333
2 0.743 0.7216670000000001 0.115333 0.091333
2 0.659667 0.642667 0.148667 0.146667
3 0.720333 0.5429999999999999 0.05 0.05
3 0.8089999999999999 0.549667 0.083333 0.075333
2 0.785667 0.44766700000000004 0.116667 0.115333
2 0.888333 0.46199999999999997 0.078 0.094667
2 0.961 0.494 0.074 0.12
2 0.875 0.358 0.092667 0.086667
2 0.957667 0.30800000000000005 0.080667 0.125333
2 0.861 0.274667 0.123333 0.1
3 0.9123330000000001 0.19333299999999998 0.084667 0.085333
2 0.85 0.10799999999999998 0.093333 0.102667
2 0.29700000000000004 0.634333 0.154 0.111333
2 0.37833300000000003 0.588333 0.078 0.083333
2 0.47066699999999995 0.617667 0.098667 0.091333
2 0.5513330000000001 0.542667 0.137333 0.125333
2 0.45899999999999996 0.5203329999999999 0.072667 0.075333
2 0.368333 0.494333 0.115333 0.119333
2 0.27533300000000005 0.5469999999999999 0.1 0.083333
2 0.255 0.440333 0.15 0.154
2 0.241 0.367 0.07 0.056667
2 0.161667 0.470333 0.091333 0.122
2 0.07766700000000004 0.470333 0.09 0.122
2 0.06666700000000003 0.380667 0.106667 0.070667
2 0.04633299999999996 0.275 0.092667 0.148667
1 0.13733300000000004 0.28800000000000003 0.109333 0.165333
2 0.23166699999999996 0.262667 0.118 0.173333
2 0.22766699999999995 0.164667 0.071333 0.064
2 0.11433300000000002 0.18966700000000003 0.114 0.083333
2 0.10199999999999998 0.08433299999999999 0.146667 0.144667
2 0.19699999999999995 0.05400000000000005 0.107333 0.108
2 0.35 0.30233299999999996 0.137333 0.108667
2 0.351333 0.390667 0.098667 0.090667
2 0.444333 0.41533299999999995 0.104667 0.129333
2 0.544333 0.44466700000000003 0.11 0.093333
2 0.5223329999999999 0.357 0.074 0.082
2 0.492333 0.256667 0.122 0.130667
2 0.509667 0.167667 0.064667 0.07
2 0.40633300000000006 0.15000000000000002 0.127333 0.168
2 0.483 0.10566699999999996 0.082 0.079333
2 0.29800000000000004 0.099333 0.102667 0.133333
1 0.6146670000000001 0.395667 0.1 0.122
2 0.703667 0.376667 0.080667 0.093333
2 0.763333 0.28133300000000006 0.064 0.069333
2 0.6966669999999999 0.260667 0.1 0.125333
2 0.6 0.301667 0.106667 0.092667
2 0.597333 0.20266700000000004 0.104 0.1
2 0.576333 0.13566699999999998 0.062 0.058
2 0.696333 0.15733299999999995 0.144667 0.101333
2 0.659667 0.06033299999999997 0.140667 0.115333
2 0.33599999999999997 0.217333 0.104 0.1
2 0.965333 0.633 0.068 0.108667
0 0.894 0.575333 0.070667 0.066667
0 0.831333 0.665333 0.090667 0.105333
0 0.647 0.779 0.056667 0.063333
0 0.554 0.825333 0.054667 0.066667
0 0.49466699999999997 0.8376669999999999 0.048 0.055333
0 0.20099999999999996 0.581 0.088667 0.127333
0 0.12033300000000002 0.599667 0.086 0.112667
0 0.759333 0.11333300000000002 0.089333 0.101333
0 0.700333 0.48166699999999996 0.054 0.059333
0 0.655 0.5449999999999999 0.072667 0.055333
0 0.906333 0.939333 0.063333 0.064
0 0.871333 0.965333 0.078667 0.065333
0 0.10666699999999996 0.966 0.074667 0.066667
0 0.786667 0.976333 0.072 0.046
0 0.17400000000000004 0.9696670000000001 0.061333 0.058
