1 0.7703329999999999 0.890667 0.178 0.134667
2 0.861667 0.7763329999999999 0.122 0.128667
2 0.746 0.769 0.126667 0.122
2 0.655667 0.836333 0.054 0.062
2 0.5896669999999999 0.921 0.124667 0.107333
1 0.498333 0.906 0.087333 0.093333
2 0.591 0.815667 0.086 0.092667
1 0.479 0.808667 0.143333 0.14
2 0.378667 0.847333 0.069333 0.070667
2 0.409667 0.944667 0.128667 0.109333
1 0.291667 0.924333 0.068667 0.086
1 0.10199999999999998 0.919667 0.12 0.115333
1 0.20199999999999996 0.8260000000000001 0.113333 0.130667
1 0.10199999999999998 0.810667 0.089333 0.122667
2 0.279 0.764333 0.107333 0.123333
2 0.18400000000000005 0.736333 0.061333 0.054
2 0.089333 0.707333 0.094667 0.104
2 0.18000000000000005 0.640667 0.172 0.126667
2 0.230333 0.5720000000000001 0.082 0.061333
1 0.335333 0.619667 0.138667 0.151333
2 0.469333 0.687 0.168 0.139333
2 0.559667 0.624667 0.148667 0.133333
1 0.642333 0.6206670000000001 0.055333 0.064
2 0.43799999999999994 0.601 0.072 0.063333
1 0.442333 0.514 0.167333 0.129333
1 0.32966700000000004 0.523667 0.086 0.082
2 0.24666699999999997 0.499 0.072 0.084667
2 0.13833300000000004 0.348333 0.178 0.194
2 0.12433300000000003 0.22099999999999997 0.103333 0.079333
2 0.309667 0.40733299999999995 0.135333 0.142667
2 0.451333 0.39233300000000004 0.165333 0.15
2 0.525 0.340333 0.111333 0.120667
2 0.29500000000000004 0.30633299999999997 0.178 0.114
2 0.273667 0.19766700000000004 0.162 0.123333
2 0.18400000000000005 0.12033300000000002 0.125333 0.172667
2 0.08599999999999997 0.093333 0.101333 0.178667
2 0.582667 0.23166699999999996 0.128 0.127333
2 0.653667 0.18100000000000005 0.055333 0.074
1 0.509667 0.151667 0.21 0.171333
2 0.751333 0.06833299999999998 0.142667 0.115333
2 0.761 0.17733299999999996 0.148667 0.141333
1 0.880667 0.18833299999999997 0.104 0.155333
2 0.955 0.17666700000000002 0.080667 0.088
2 0.943667 0.096333 0.055333 0.054
2 0.873333 0.06933299999999998 0.098667 0.1
2 0.844333 0.662667 0.151333 0.101333
2 0.931667 0.598333 0.115333 0.106
2 0.832 0.5593330000000001 0.106667 0.117333
2 0.732 0.586333 0.124 0.128667
2 0.605667 0.512667 0.143333 0.142667
3 0.608333 0.406667 0.054 0.061333
2 0.687 0.370333 0.111333 0.124667
2 0.718667 0.481 0.130667 0.107333
3 0.820667 0.476 0.070667 0.072
2 0.914667 0.495333 0.122667 0.108
2 0.914 0.380667 0.104 0.134667
2 0.8109999999999999 0.379667 0.128667 0.115333
2 0.784 0.28133300000000006 0.150667 0.094667
1 0.906667 0.928 0.129333 0.142667
1 0.648 0.7236670000000001 0.169333 0.154
2 0.962333 0.26533300000000004 0.074 0.106667
2 0.19533299999999998 0.95 0.149333 0.098667
2 0.06399999999999995 0.494333 0.126667 0.104667
2 0.285667 0.04533299999999996 0.102 0.090667
2 0.31899999999999995 0.973 0.059333 0.052667
0 0.386667 0.22366699999999995 0.068 0.07
0 0.378667 0.12333300000000003 0.073333 0.085333
0 0.371 0.03533299999999995 0.066 0.068
0 0.366333 0.762333 0.087333 0.102
