1 0.933667 0.048667 0.104667 0.093333
1 0.810667 0.055 0.153333 0.106
1 0.885 0.161 0.115333 0.140667
1 0.792667 0.166667 0.1 0.112
1 0.713333 0.073 0.069333 0.094
2 0.5183329999999999 0.040333 0.064667 0.076667
2 0.46699999999999997 0.082667 0.084667 0.108
2 0.55 0.136333 0.101333 0.079333
2 0.681333 0.165 0.128 0.115333
1 0.837333 0.254667 0.064 0.069333
1 0.908 0.317333 0.177333 0.161333
1 0.760667 0.287667 0.161333 0.154
2 0.73 0.4 0.105333 0.101333
2 0.863 0.465 0.079333 0.084667
3 0.889667 0.529333 0.044667 0.037333
2 0.922 0.630667 0.138667 0.168
2 0.8049999999999999 0.558333 0.111333 0.079333
1 0.751667 0.494667 0.118 0.137333
1 0.656333 0.285333 0.114 0.156
1 0.570667 0.2 0.069333 0.054667
2 0.484333 0.213333 0.07 0.066667
1 0.553667 0.286333 0.142 0.146
1 0.578667 0.42 0.156 0.133333
2 0.667 0.513333 0.084667 0.097333
1 0.723333 0.641 0.1 0.124667
1 0.824667 0.641 0.122667 0.114
1 0.811667 0.734667 0.115333 0.070667
1 0.885 0.800667 0.098 0.1
1 0.934333 0.909667 0.13 0.118
2 0.847 0.898 0.083333 0.097333
1 0.7086669999999999 0.757667 0.109333 0.160667
1 0.742 0.932 0.142667 0.096
1 0.753 0.844333 0.11 0.084667
2 0.6553329999999999 0.848333 0.074667 0.084667
2 0.571333 0.867333 0.126667 0.086667
2 0.570333 0.945 0.124667 0.083333
2 0.633 0.611667 0.119333 0.116667
2 0.646 0.672333 0.06 0.056667
2 0.5780000000000001 0.712 0.121333 0.097333
2 0.516667 0.806333 0.065333 0.072667
2 0.44399999999999995 0.832 0.12 0.112
2 0.45299999999999996 0.712 0.140667 0.130667
2 0.33599999999999997 0.816667 0.136 0.126667
1 0.31000000000000005 0.669667 0.154667 0.148667
2 0.41300000000000003 0.613667 0.076667 0.084667
2 0.51 0.617333 0.126667 0.113333
2 0.5716669999999999 0.524333 0.108667 0.086
2 0.46166700000000005 0.427667 0.120667 0.146
2 0.472333 0.539333 0.082 0.069333
2 0.39133300000000004 0.543667 0.061333 0.052667
2 0.37066699999999997 0.442333 0.1 0.142
2 0.28500000000000003 0.459 0.098 0.114
2 0.28300000000000003 0.575667 0.111333 0.094
2 0.222333 0.916 0.148667 0.097333
2 0.21699999999999997 0.825 0.098 0.082
2 0.209333 0.737333 0.117333 0.101333
2 0.13166699999999998 0.75 0.044667 0.045333
2 0.05800000000000005 0.758667 0.1 0.132
2 0.13166699999999998 0.681333 0.111333 0.08
1 0.18333299999999997 0.593 0.101333 0.120667
2 0.10433300000000001 0.600667 0.087333 0.1
2 0.03533299999999995 0.606333 0.065333 0.088667
1 0.08233299999999999 0.513333 0.112667 0.089333
2 0.19499999999999995 0.470333 0.118 0.124667
2 0.20466700000000004 0.366 0.126667 0.105333
1 0.06299999999999994 0.425 0.120667 0.098
1 0.07533299999999998 0.319333 0.137333 0.134667
1 0.17833299999999996 0.269333 0.087333 0.104
2 0.09766699999999995 0.2 0.107333 0.118667
2 0.17600000000000005 0.098667 0.094667 0.098667
2 0.251667 0.037333 0.082 0.070667
2 0.301667 0.153333 0.112667 0.102667
2 0.31133299999999997 0.376333 0.078667 0.071333
2 0.284667 0.261 0.166667 0.143333
2 0.40700000000000003 0.264667 0.082 0.092
2 0.413667 0.168667 0.116667 0.097333
2 0.363 0.082 0.11 0.090667
2 0.45866700000000005 0.307667 0.093333 0.099333
2 0.681667 0.166 0.122 0.102667
1 0.837333 0.252667 0.072 0.065333
2 0.612333 0.054667 0.123333 0.102667
2 0.960667 0.796 0.077333 0.112
2 0.07133299999999998 0.049667 0.142667 0.095333
0 0.45466700000000004 0.964667 0.108 0.070667
0 0.052000000000000046 0.898333 0.089333 0.11
0 0.6126670000000001 0.775667 0.122667 0.104667
0 0.43966700000000003 0.902333 0.114 0.09
