3 0.207667 0.055333 0.080667 0.093333
3 0.388 0.113 0.1 0.127333
3 0.548333 0.082333 0.118 0.111333
2 0.646667 0.129667 0.089333 0.119333
2 0.564667 0.165667 0.072 0.058
2 0.573667 0.255333 0.123333 0.129333
2 0.664667 0.234333 0.058667 0.092667
2 0.714667 0.167667 0.056 0.056667
3 0.731333 0.247667 0.066667 0.094
3 0.792 0.200333 0.065333 0.106
3 0.862667 0.153333 0.070667 0.097333
3 0.847 0.052333 0.082 0.09
3 0.778 0.117 0.068 0.058
2 0.775667 0.041333 0.063333 0.081333
2 0.708333 0.054667 0.071333 0.089333
2 0.638667 0.032333 0.062667 0.060667
3 0.937333 0.272667 0.070667 0.092
3 0.927 0.153667 0.060667 0.084667
3 0.872333 0.315 0.079333 0.084667
3 0.861 0.240667 0.054 0.064
3 0.675 0.342667 0.09 0.088
3 0.748333 0.339333 0.048667 0.058667
2 0.745667 0.417333 0.087333 0.097333
3 0.815333 0.356 0.081333 0.097333
3 0.945667 0.398 0.051333 0.065333
3 0.887667 0.406 0.076667 0.094667
3 0.827 0.459 0.086 0.080667
3 0.94 0.490333 0.12 0.076667
2 0.055 0.295667 0.106 0.11
3 0.167667 0.285 0.116667 0.124667
3 0.098 0.409333 0.130667 0.104
2 0.183333 0.470667 0.076 0.076
3 0.097333 0.508 0.098667 0.093333
2 0.25 0.428 0.062667 0.074667
2 0.319667 0.438333 0.076667 0.079333
2 0.409 0.441333 0.086 0.106667
2 0.510333 0.444 0.114 0.132
2 0.24 0.518 0.101333 0.098667
2 0.332 0.534333 0.096 0.11
2 0.436333 0.542667 0.118 0.101333
2 0.611 0.558667 0.159333 0.122667
2 0.716 0.658 0.064 0.093333
2 0.623667 0.657333 0.115333 0.113333
3 0.783667 0.717667 0.051333 0.046
2 0.726 0.756 0.102667 0.094667
3 0.882333 0.842333 0.083333 0.083333
3 0.802 0.831667 0.066667 0.084667
2 0.811 0.893 0.059333 0.051333
3 0.748 0.934333 0.092 0.087333
3 0.732 0.852667 0.090667 0.093333
2 0.637667 0.813 0.11 0.147333
3 0.657 0.955 0.084667 0.087333
2 0.562333 0.976 0.054 0.048
2 0.575 0.902 0.118 0.105333
2 0.534667 0.820667 0.068 0.062667
3 0.546 0.753333 0.068 0.069333
3 0.530667 0.677667 0.090667 0.076667
2 0.463333 0.765 0.097333 0.118
2 0.397667 0.831 0.086 0.086
3 0.482667 0.852667 0.066667 0.070667
2 0.464 0.928 0.093333 0.092
2 0.124333 0.590667 0.075333 0.074667
3 0.204667 0.638333 0.094667 0.120667
3 0.269333 0.611667 0.04 0.05
3 0.352667 0.623 0.124 0.082
2 0.366667 0.697667 0.098667 0.086
2 0.302 0.769667 0.102667 0.083333
2 0.279 0.693333 0.076667 0.077333
2 0.124333 0.676 0.083333 0.088
2 0.048 0.790667 0.092 0.092
2 0.056 0.883 0.1 0.09
2 0.147333 0.856667 0.101333 0.090667
3 0.238333 0.848333 0.086 0.071333
2 0.201333 0.766667 0.098667 0.101333
2 0.123 0.772 0.072667 0.090667
2 0.155667 0.953333 0.095333 0.092
2 0.044 0.687667 0.086667 0.112667
2 0.037667 0.517667 0.074 0.115333
2 0.053 0.201 0.104667 0.096667
2 0.289667 0.043 0.096667 0.084667
2 0.382 0.949 0.133333 0.102
0 0.448333 0.685 0.062 0.048667
0 0.366333 0.373 0.067333 0.072667
0 0.463667 0.193 0.048667 0.047333
0 0.481667 0.065 0.064667 0.060667
0 0.295667 0.365 0.072667 0.068667
0 0.080667 0.611333 0.053333 0.076
