2 0.924667 0.249 0.101333 0.111333
2 0.836333 0.218333 0.082 0.114
2 0.7216670000000001 0.214333 0.15 0.155333
2 0.6353329999999999 0.277333 0.108 0.137333
2 0.6986669999999999 0.341333 0.142667 0.129333
2 0.804667 0.417 0.125333 0.163333
2 0.690333 0.445333 0.062 0.068
2 0.544 0.296667 0.136 0.168
2 0.43400000000000005 0.296 0.092 0.097333
2 0.41900000000000004 0.381 0.114 0.142
2 0.346333 0.306 0.058 0.058667
2 0.28033300000000005 0.243333 0.151333 0.136
2 0.260667 0.315667 0.064 0.060667
2 0.14633300000000005 0.335 0.155333 0.152667
2 0.145667 0.447 0.056667 0.051333
2 0.05700000000000005 0.518667 0.087333 0.130667
3 0.148667 0.540667 0.090667 0.117333
2 0.23933300000000002 0.486667 0.094667 0.092
2 0.260667 0.404667 0.066667 0.092
2 0.32699999999999996 0.410667 0.07 0.132
2 0.40933299999999995 0.475333 0.066667 0.066667
3 0.32099999999999995 0.521333 0.09 0.094667
2 0.243 0.576 0.084667 0.101333
3 0.23966699999999996 0.654667 0.114 0.094667
3 0.395 0.640667 0.075333 0.082667
3 0.39533300000000005 0.547667 0.069333 0.088667
2 0.492333 0.498667 0.119333 0.133333
2 0.587 0.450333 0.152667 0.13
2 0.513667 0.405667 0.048667 0.05
2 0.6886669999999999 0.561333 0.14 0.133333
2 0.5880000000000001 0.551 0.066667 0.076667
2 0.48266699999999996 0.594333 0.1 0.076667
3 0.384 0.751 0.061333 0.071333
3 0.46599999999999997 0.806 0.056 0.058667
2 0.360333 0.853667 0.114 0.123333
2 0.30333299999999996 0.770333 0.102667 0.146
3 0.20966700000000005 0.764 0.092667 0.136
2 0.35 0.950333 0.085333 0.083333
2 0.43766700000000003 0.899 0.087333 0.119333
2 0.527 0.912667 0.096667 0.133333
2 0.543667 0.819333 0.072667 0.068
2 0.641 0.84 0.108667 0.112
2 0.764667 0.708667 0.089333 0.089333
2 0.5700000000000001 0.623333 0.069333 0.062667
2 0.6333329999999999 0.708 0.188 0.162667
2 0.795 0.61 0.124667 0.102667
2 0.883333 0.589333 0.145333 0.166667
2 0.959667 0.747 0.076667 0.11
2 0.887667 0.711667 0.146 0.108667
2 0.857 0.781667 0.126 0.092667
2 0.745 0.801 0.124667 0.115333
2 0.729333 0.913 0.129333 0.116667
2 0.853 0.901333 0.120667 0.137333
2 0.948 0.942667 0.094667 0.106667
3 0.906333 0.337667 0.052667 0.055333
2 0.46499999999999997 0.700333 0.146 0.122
2 0.967333 0.588333 0.057333 0.102
2 0.03200000000000003 0.389333 0.064 0.104
2 0.047667000000000015 0.66 0.095333 0.133333
2 0.13033300000000003 0.722 0.114 0.108
2 0.943667 0.857 0.103333 0.119333
0 0.8029999999999999 0.321 0.098 0.116667
0 0.891 0.441333 0.118 0.14
0 0.619667 0.921 0.064667 0.048667
