2 0.087333 0.948333 0.096 0.084667
1 0.211333 0.908333 0.105333 0.104667
2 0.132333 0.87 0.066 0.061333
2 0.141333 0.778333 0.104 0.114
1 0.213 0.812 0.080667 0.102667
1 0.324 0.916667 0.128 0.112
1 0.311667 0.807667 0.124667 0.142
1 0.301 0.700667 0.076667 0.074667
1 0.433333 0.784667 0.132 0.132
2 0.462 0.950667 0.096 0.094667
2 0.594333 0.930333 0.09 0.11
2 0.526667 0.848667 0.110667 0.121333
1 0.408 0.684333 0.106667 0.083333
1 0.541333 0.727 0.154667 0.122
1 0.700333 0.817333 0.183333 0.182667
2 0.721667 0.946667 0.148667 0.1
1 0.537 0.625 0.123333 0.104667
2 0.646333 0.617333 0.108667 0.164
1 0.503667 0.540333 0.123333 0.084667
1 0.401667 0.589 0.116667 0.126
1 0.31 0.606333 0.094667 0.114
1 0.219667 0.628 0.111333 0.137333
1 0.123 0.651333 0.118 0.16
1 0.111 0.549333 0.087333 0.074667
2 0.201333 0.533333 0.062667 0.057333
2 0.171333 0.464667 0.092 0.089333
1 0.062333 0.464 0.123333 0.109333
1 0.123333 0.363 0.165333 0.116667
1 0.066333 0.278333 0.076667 0.078
1 0.131333 0.252667 0.101333 0.121333
1 0.246333 0.253333 0.144667 0.138667
1 0.265 0.399333 0.156667 0.153333
1 0.294667 0.493 0.1 0.102
1 0.392667 0.457667 0.096 0.136667
1 0.474667 0.458667 0.088 0.1
2 0.454667 0.377 0.094667 0.083333
2 0.463 0.3 0.058 0.06
2 0.377667 0.317 0.11 0.116667
2 0.361 0.14 0.151333 0.101333
2 0.371 0.23 0.078 0.064
2 0.352 0.050333 0.122667 0.100667
2 0.451333 0.057667 0.062667 0.114
2 0.534333 0.273333 0.09 0.104
2 0.057667 0.825667 0.114 0.156667
0 0.653667 0.405 0.319333 0.258
0 0.881 0.629667 0.108667 0.114
0 0.933 0.918667 0.127333 0.152
0 0.943667 0.780333 0.112667 0.127333
0 0.839 0.770333 0.094 0.116667
0 0.963333 0.207 0.068 0.058
0 0.808333 0.236 0.135333 0.181333
0 0.671667 0.259667 0.166 0.184667
0 0.536333 0.139333 0.092667 0.093333
0 0.528333 0.046 0.094 0.092
0 0.694 0.053 0.168 0.106
0 0.740333 0.129333 0.11 0.110667
0 0.798 0.064333 0.081333 0.128667
0 0.115667 0.095667 0.114 0.092667
