2 0.7803329999999999 0.901667 0.076667 0.094
3 0.6986669999999999 0.902333 0.034667 0.043333
2 0.637667 0.813667 0.148667 0.143333
2 0.514667 0.916667 0.125333 0.134667
1 0.418667 0.94 0.072 0.081333
2 0.24733300000000003 0.935667 0.090667 0.082
2 0.34666699999999995 0.859667 0.092 0.112667
2 0.44866700000000004 0.831 0.096 0.114
2 0.27 0.833667 0.164 0.13
2 0.277 0.715667 0.116667 0.116667
2 0.375667 0.674667 0.096667 0.104
2 0.30833299999999997 0.599667 0.071333 0.079333
2 0.21366700000000005 0.627667 0.115333 0.120667
2 0.10766699999999996 0.635 0.083333 0.158
2 0.20899999999999996 0.520333 0.088667 0.084667
2 0.17766700000000002 0.495667 0.043333 0.043333
2 0.400667 0.538333 0.102667 0.112667
2 0.30833299999999997 0.505333 0.118 0.104
2 0.494333 0.536667 0.087333 0.105333
3 0.568667 0.563667 0.066667 0.087333
2 0.645 0.575 0.086 0.115333
2 0.750667 0.552 0.108 0.105333
2 0.845333 0.586333 0.102667 0.108667
2 0.927 0.596333 0.055333 0.060667
2 0.893 0.667333 0.071333 0.069333
2 0.818667 0.673 0.072 0.082
2 0.716 0.659333 0.128 0.104
2 0.723 0.739667 0.116667 0.082
2 0.875667 0.750333 0.083333 0.094
2 0.952667 0.811 0.093333 0.112667
2 0.962 0.702333 0.074667 0.119333
2 0.949 0.948333 0.095333 0.098
2 0.764333 0.968667 0.107333 0.062667
2 0.335333 0.949 0.092 0.079333
0 0.17733299999999996 0.881 0.098667 0.120667
0 0.11066699999999996 0.826333 0.061333 0.076667
0 0.08466700000000005 0.885 0.076 0.07
0 0.865667 0.856333 0.071333 0.072667
0 0.962 0.891333 0.062667 0.053333
0 0.812 0.770667 0.081333 0.094667
0 0.676667 0.947333 0.049333 0.048
0 0.621667 0.658667 0.060667 0.066667
0 0.531 0.61 0.056667 0.061333
0 0.474 0.601333 0.049333 0.048
0 0.554 0.428667 0.081333 0.086667
0 0.462333 0.433333 0.119333 0.124
0 0.383 0.401667 0.111333 0.134
0 0.29800000000000004 0.436 0.065333 0.077333
0 0.23366699999999996 0.456 0.071333 0.092
0 0.772 0.449667 0.077333 0.068667
0 0.837 0.478 0.066 0.057333
0 0.853667 0.429 0.078 0.066
0 0.932667 0.462667 0.102667 0.102667
0 0.882333 0.514667 0.076667 0.056
0 0.08433299999999999 0.467333 0.087333 0.098667
0 0.320333 0.326333 0.11 0.092667
0 0.47266699999999995 0.287333 0.149333 0.124
0 0.45499999999999996 0.197 0.127333 0.111333
0 0.580333 0.204667 0.111333 0.122667
0 0.28833299999999995 0.186667 0.072667 0.086667
0 0.17100000000000004 0.194667 0.15 0.118667
0 0.14733300000000005 0.292667 0.164 0.176
0 0.8316669999999999 0.223 0.122 0.09
0 0.7106669999999999 0.230667 0.116 0.109333
0 0.79 0.302333 0.056 0.072667
0 0.851667 0.344 0.067333 0.070667
0 0.789 0.358 0.059333 0.057333
0 0.949 0.369333 0.075333 0.064
0 0.896667 0.275667 0.073333 0.067333
0 0.918333 0.155 0.088667 0.088667
0 0.927333 0.060333 0.097333 0.094
0 0.866333 0.091333 0.076667 0.089333
0 0.793667 0.134333 0.083333 0.088667
0 0.790667 0.065 0.062667 0.059333
0 0.450333 0.064 0.146 0.126667
0 0.570667 0.049 0.096 0.087333
0 0.032667 0.041667 0.057333 0.055333
0 0.08433299999999999 0.099 0.055333 0.052667
0 0.7106669999999999 0.043 0.104 0.083333
0 0.696333 0.069667 0.079333 0.055333
0 0.681333 0.13 0.092 0.089333
0 0.959667 0.307333 0.079333 0.085333
0 0.744 0.369333 0.042667 0.054667
0 0.687 0.414 0.047333 0.049333
0 0.636 0.906667 0.070667 0.056
0 0.612 0.97 0.056 0.056
0 0.154667 0.465667 0.065333 0.071333
0 0.06566700000000003 0.250333 0.07 0.086
0 0.13133300000000003 0.377 0.082667 0.086
0 0.258667 0.287 0.084 0.112667
0 0.35766699999999996 0.247667 0.080667 0.099333
0 0.33799999999999997 0.206333 0.053333 0.05
