2 0.209 0.418 0.060667 0.062667
2 0.058333 0.450333 0.074 0.063333
2 0.285667 0.394 0.088667 0.076
2 0.337 0.271333 0.108667 0.141333
2 0.248667 0.298333 0.070667 0.082
2 0.239667 0.194667 0.063333 0.069333
2 0.322 0.202667 0.032 0.034667
2 0.209667 0.115667 0.056667 0.067333
2 0.167333 0.233 0.102667 0.112667
2 0.062667 0.230333 0.109333 0.115333
2 0.090333 0.341667 0.11 0.118
2 0.048667 0.079667 0.093333 0.119333
2 0.296667 0.129 0.122667 0.115333
2 0.402333 0.14 0.086 0.088
2 0.442333 0.349333 0.111333 0.133333
3 0.522333 0.337333 0.071333 0.065333
2 0.488333 0.262 0.083333 0.093333
2 0.586333 0.250333 0.056667 0.07
2 0.569667 0.169667 0.087333 0.091333
2 0.483333 0.119 0.081333 0.087333
2 0.449333 0.044 0.086667 0.076
3 0.705 0.095333 0.083333 0.073333
3 0.827 0.033 0.047333 0.048667
3 0.795 0.105333 0.088667 0.068
3 0.718667 0.178333 0.072 0.080667
3 0.794667 0.183 0.068 0.087333
2 0.813333 0.285 0.077333 0.15
3 0.874333 0.181 0.067333 0.086
2 0.292333 0.036 0.086 0.070667
2 0.032333 0.382333 0.063333 0.07
2 0.204 0.036333 0.101333 0.071333
2 0.648 0.026667 0.1 0.052
0 0.919 0.418333 0.066 0.064667
0 0.974 0.421 0.052 0.07
0 0.902 0.524333 0.092 0.086
0 0.922 0.603 0.101333 0.084667
0 0.884333 0.655 0.072667 0.066
0 0.864 0.738333 0.133333 0.116667
0 0.889 0.826667 0.091333 0.081333
0 0.843667 0.886667 0.075333 0.084
0 0.773 0.881333 0.088667 0.097333
0 0.718 0.922667 0.077333 0.096
0 0.799333 0.807 0.066667 0.058
0 0.712667 0.785333 0.112 0.098667
0 0.652667 0.747667 0.074667 0.086
0 0.38 0.795667 0.141333 0.116667
0 0.483667 0.686667 0.080667 0.094667
0 0.060333 0.598 0.119333 0.094667
0 0.282667 0.533333 0.112 0.106667
0 0.29 0.637333 0.042667 0.044
0 0.271 0.603 0.042 0.040667
0 0.407333 0.543 0.116 0.079333
0 0.454333 0.473333 0.056667 0.068
0 0.503333 0.501667 0.052 0.058
0 0.55 0.473667 0.06 0.063333
0 0.72 0.259667 0.094667 0.082
0 0.644 0.133333 0.049333 0.054667
0 0.571667 0.081333 0.095333 0.096
0 0.237667 0.809 0.146 0.135333
0 0.254 0.929667 0.12 0.140667
0 0.138333 0.944333 0.120667 0.106
0 0.056 0.900333 0.092 0.087333
0 0.801667 0.609 0.115333 0.096667
0 0.709667 0.623333 0.063333 0.066667
0 0.113333 0.162 0.086667 0.070667
0 0.643333 0.304667 0.056 0.057333
0 0.160333 0.696 0.092667 0.070667
0 0.160667 0.759667 0.082667 0.080667
0 0.030667 0.770333 0.058667 0.083333
0 0.066 0.810333 0.070667 0.074
0 0.104333 0.845 0.100667 0.087333
0 0.315333 0.749333 0.073333 0.086667
0 0.319333 0.873 0.065333 0.062
0 0.341667 0.929667 0.07 0.066
0 0.417333 0.953333 0.098667 0.093333
0 0.510333 0.925667 0.120667 0.127333
0 0.662667 0.940667 0.06 0.08
0 0.602667 0.950667 0.066667 0.058667
0 0.606 0.901 0.068 0.071333
0 0.559667 0.844667 0.107333 0.106667
0 0.556667 0.766333 0.065333 0.064667
0 0.602333 0.717667 0.060667 0.064667
0 0.627667 0.659333 0.036667 0.062667
0 0.734667 0.033667 0.066667 0.064667
