2 0.072 0.896333 0.104 0.114
2 0.115 0.955 0.118 0.086
2 0.113667 0.810333 0.059333 0.058
3 0.099667 0.741 0.074 0.075333
2 0.193 0.6926669999999999 0.154 0.133333
3 0.200333 0.798333 0.106 0.087333
3 0.288 0.768667 0.058667 0.053333
2 0.185 0.892333 0.119333 0.100667
3 0.272 0.861333 0.04 0.037333
2 0.298333 0.943667 0.104667 0.108667
3 0.422 0.927 0.137333 0.13
3 0.415333 0.83 0.066667 0.066667
3 0.437 0.751667 0.118 0.082
3 0.338 0.695667 0.097333 0.112667
2 0.066333 0.649667 0.118 0.115333
2 0.279667 0.612333 0.158 0.123333
2 0.44 0.648667 0.112 0.121333
2 0.500667 0.8316669999999999 0.102667 0.118
2 0.575333 0.921 0.105333 0.079333
2 0.584333 0.816667 0.087333 0.129333
2 0.521 0.664667 0.086 0.1
2 0.617 0.663 0.127333 0.119333
3 0.672667 0.711667 0.069333 0.080667
3 0.662333 0.803333 0.076667 0.089333
2 0.666333 0.887333 0.082 0.090667
2 0.767667 0.957 0.076667 0.074
3 0.844 0.924333 0.057333 0.058
3 0.754 0.877667 0.106667 0.092667
3 0.745 0.795667 0.083333 0.082
2 0.762 0.698 0.096 0.1
2 0.825333 0.799333 0.086667 0.094667
3 0.898333 0.771667 0.056667 0.05
2 0.861 0.6946669999999999 0.120667 0.104
3 0.929333 0.932667 0.097333 0.058667
3 0.933667 0.8526670000000001 0.13 0.101333
3 0.865667 0.590333 0.136667 0.118
3 0.541333 0.579333 0.081333 0.073333
2 0.627333 0.567333 0.093333 0.1
3 0.718333 0.520667 0.119333 0.101333
2 0.723333 0.430667 0.118667 0.076
3 0.749 0.360333 0.07 0.072667
3 0.823667 0.43000000000000005 0.083333 0.072
3 0.849 0.335333 0.134 0.130667
3 0.611 0.473 0.087333 0.078
2 0.522 0.48066699999999996 0.096 0.104
2 0.511333 0.391667 0.061333 0.068667
2 0.430667 0.4 0.102667 0.076
2 0.436 0.497 0.098667 0.115333
2 0.356 0.500667 0.072 0.102667
2 0.275333 0.500667 0.097333 0.1
2 0.181667 0.52 0.084667 0.1
2 0.11 0.546 0.064 0.070667
2 0.087667 0.460333 0.122 0.094
3 0.177333 0.43733299999999997 0.065333 0.04
2 0.053 0.37833300000000003 0.055333 0.058
2 0.072667 0.277667 0.110667 0.107333
2 0.130333 0.36666699999999997 0.095333 0.090667
2 0.256 0.36166699999999996 0.146667 0.122
2 0.265 0.436667 0.048667 0.038667
2 0.164 0.262667 0.069333 0.073333
2 0.132333 0.18266700000000002 0.144667 0.1
2 0.131667 0.07466700000000004 0.126 0.101333
2 0.043 0.11599999999999999 0.084667 0.12
2 0.248333 0.24866699999999997 0.095333 0.106667
2 0.344667 0.26333300000000004 0.102667 0.172
2 0.321333 0.15600000000000003 0.072 0.066667
2 0.236667 0.07766700000000004 0.058667 0.062
2 0.292333 0.06133299999999997 0.120667 0.122667
2 0.421333 0.15900000000000003 0.108 0.13
2 0.539333 0.141667 0.108 0.138
3 0.618667 0.13033300000000003 0.066667 0.082
3 0.647667 0.19033299999999997 0.088667 0.095333
2 0.704 0.12566699999999997 0.093333 0.111333
2 0.781667 0.20666700000000005 0.126 0.137333
3 0.794333 0.08399999999999996 0.115333 0.108
3 0.887 0.087333 0.087333 0.090667
3 0.897667 0.18300000000000005 0.108667 0.118
2 0.204 0.965333 0.073333 0.062667
2 0.036333 0.764667 0.071333 0.117333
2 0.042 0.548333 0.082667 0.088667
2 0.400333 0.047667000000000015 0.11 0.09
2 0.494333 0.04466700000000001 0.096667 0.089333
2 0.592 0.041000000000000036 0.113333 0.082
2 0.688 0.963667 0.088 0.071333
0 0.580333 0.30800000000000005 0.388667 0.256
0 0.882 0.269667 0.070667 0.060667
