2 0.896333 0.072 0.114 0.104
2 0.955 0.115 0.086 0.118
2 0.810333 0.113667 0.058 0.059333
3 0.741 0.099667 0.075333 0.074
2 0.6926669999999999 0.193 0.133333 0.154
3 0.798333 0.200333 0.087333 0.106
3 0.768667 0.288 0.053333 0.058667
2 0.892333 0.185 0.100667 0.119333
3 0.861333 0.272 0.037333 0.04
2 0.943667 0.298333 0.108667 0.104667
3 0.927 0.422 0.13 0.137333
3 0.83 0.415333 0.066667 0.066667
3 0.751667 0.437 0.082 0.118
3 0.695667 0.338 0.112667 0.097333
2 0.649667 0.066333 0.115333 0.118
2 0.612333 0.279667 0.123333 0.158
2 0.648667 0.44 0.121333 0.112
2 0.8316669999999999 0.500667 0.118 0.102667
2 0.921 0.575333 0.079333 0.105333
2 0.816667 0.584333 0.129333 0.087333
2 0.664667 0.521 0.1 0.086
2 0.663 0.617 0.119333 0.127333
3 0.711667 0.672667 0.080667 0.069333
3 0.803333 0.662333 0.089333 0.076667
2 0.887333 0.666333 0.090667 0.082
2 0.957 0.767667 0.074 0.076667
3 0.924333 0.844 0.058 0.057333
3 0.877667 0.754 0.092667 0.106667
3 0.795667 0.745 0.082 0.083333
2 0.698 0.762 0.1 0.096
2 0.799333 0.825333 0.094667 0.086667
3 0.771667 0.898333 0.05 0.056667
2 0.6946669999999999 0.861 0.104 0.120667
3 0.932667 0.929333 0.058667 0.097333
3 0.8526670000000001 0.933667 0.101333 0.13
3 0.590333 0.865667 0.118 0.136667
3 0.579333 0.541333 0.073333 0.081333
2 0.567333 0.627333 0.1 0.093333
3 0.520667 0.718333 0.101333 0.119333
2 0.430667 0.723333 0.076 0.118667
3 0.360333 0.749 0.072667 0.07
3 0.43000000000000005 0.823667 0.072 0.083333
3 0.335333 0.849 0.130667 0.134
3 0.473 0.611 0.078 0.087333
2 0.48066699999999996 0.522 0.104 0.096
2 0.391667 0.511333 0.068667 0.061333
2 0.4 0.430667 0.076 0.102667
2 0.497 0.436 0.115333 0.098667
2 0.500667 0.356 0.102667 0.072
2 0.500667 0.275333 0.1 0.097333
2 0.52 0.181667 0.1 0.084667
2 0.546 0.11 0.070667 0.064
2 0.460333 0.087667 0.094 0.122
3 0.43733299999999997 0.177333 0.04 0.065333
2 0.37833300000000003 0.053 0.058 0.055333
2 0.277667 0.072667 0.107333 0.110667
2 0.36666699999999997 0.130333 0.090667 0.095333
2 0.36166699999999996 0.256 0.122 0.146667
2 0.436667 0.265 0.038667 0.048667
2 0.262667 0.164 0.073333 0.069333
2 0.18266700000000002 0.132333 0.1 0.144667
2 0.07466700000000004 0.131667 0.101333 0.126
2 0.11599999999999999 0.043 0.12 0.084667
2 0.24866699999999997 0.248333 0.106667 0.095333
2 0.26333300000000004 0.344667 0.172 0.102667
2 0.15600000000000003 0.321333 0.066667 0.072
2 0.07766700000000004 0.236667 0.062 0.058667
2 0.06133299999999997 0.292333 0.122667 0.120667
2 0.15900000000000003 0.421333 0.13 0.108
2 0.141667 0.539333 0.138 0.108
3 0.13033300000000003 0.618667 0.082 0.066667
3 0.19033299999999997 0.647667 0.095333 0.088667
2 0.12566699999999997 0.704 0.111333 0.093333
2 0.20666700000000005 0.781667 0.137333 0.126
3 0.08399999999999996 0.794333 0.108 0.115333
3 0.087333 0.887 0.090667 0.087333
3 0.18300000000000005 0.897667 0.118 0.108667
2 0.965333 0.204 0.062667 0.073333
2 0.764667 0.036333 0.117333 0.071333
2 0.548333 0.042 0.088667 0.082667
2 0.047667000000000015 0.400333 0.09 0.11
2 0.04466700000000001 0.494333 0.089333 0.096667
2 0.041000000000000036 0.592 0.082 0.113333
2 0.963667 0.688 0.071333 0.088
0 0.30800000000000005 0.580333 0.256 0.388667
0 0.269667 0.882 0.060667 0.070667
