2 0.092 0.7803329999999999 0.08 0.079333
2 0.113667 0.570333 0.128667 0.119333
2 0.145333 0.6966669999999999 0.137333 0.138667
1 0.126333 0.8546670000000001 0.046 0.069333
2 0.127667 0.943 0.082 0.09
2 0.21 0.844333 0.128 0.138
1 0.228667 0.950667 0.129333 0.094667
2 0.390667 0.965333 0.053333 0.057333
2 0.34 0.935333 0.109333 0.12
2 0.328333 0.847333 0.108667 0.098667
1 0.322667 0.7436670000000001 0.146667 0.122
2 0.435333 0.857667 0.097333 0.127333
2 0.412667 0.728333 0.069333 0.060667
2 0.494667 0.785 0.066667 0.051333
2 0.506667 0.718667 0.129333 0.12
2 0.521667 0.9410000000000001 0.118 0.116667
2 0.574 0.854333 0.086667 0.079333
2 0.617667 0.779333 0.115333 0.106667
1 0.656667 0.872 0.088 0.093333
1 0.742333 0.893 0.15 0.126
1 0.744 0.773667 0.134667 0.128667
2 0.674 0.6839999999999999 0.136 0.08
2 0.727667 0.601333 0.143333 0.104
1 0.778 0.679333 0.074667 0.065333
1 0.862667 0.891 0.128 0.147333
1 0.846333 0.763 0.094 0.119333
1 0.869 0.639 0.146 0.123333
1 0.940333 0.7316670000000001 0.119333 0.176667
2 0.770333 0.507 0.087333 0.084667
2 0.865333 0.5223329999999999 0.1 0.107333
2 0.803333 0.406 0.097333 0.094667
2 0.824667 0.31999999999999995 0.101333 0.077333
2 0.901 0.43733299999999997 0.079333 0.06
1 0.911667 0.36066699999999996 0.114 0.1
2 0.808 0.22366699999999995 0.062667 0.059333
2 0.800333 0.13966699999999999 0.096667 0.088667
2 0.903333 0.24233300000000002 0.105333 0.088667
2 0.908 0.15200000000000002 0.124 0.089333
1 0.907667 0.054332999999999965 0.151333 0.108667
2 0.719333 0.17633299999999996 0.073333 0.11
2 0.695667 0.08099999999999996 0.082 0.088667
2 0.619 0.07033299999999998 0.076667 0.080667
2 0.66 0.28333299999999995 0.110667 0.104
2 0.639333 0.18466700000000003 0.092 0.118667
2 0.565 0.19566700000000004 0.098 0.112667
2 0.541333 0.30200000000000005 0.112 0.097333
2 0.567667 0.42000000000000004 0.11 0.166667
2 0.621333 0.574333 0.061333 0.060667
2 0.583667 0.5283329999999999 0.05 0.05
2 0.640667 0.501333 0.089333 0.070667
2 0.683 0.41533299999999995 0.128667 0.145333
2 0.541 0.611333 0.116667 0.101333
2 0.533 0.5083329999999999 0.056667 0.067333
2 0.449 0.21999999999999997 0.111333 0.158667
2 0.528333 0.08199999999999996 0.111333 0.134667
2 0.420667 0.10433300000000001 0.096 0.120667
3 0.354667 0.23733300000000002 0.077333 0.076
2 0.313 0.12833300000000003 0.106 0.15
2 0.228 0.15133300000000005 0.094667 0.104
2 0.169333 0.07633299999999998 0.132 0.115333
2 0.123333 0.18066700000000002 0.098667 0.098667
2 0.155333 0.264 0.101333 0.101333
2 0.069 0.39233300000000004 0.09 0.096667
2 0.049 0.28933299999999995 0.091333 0.105333
2 0.041667 0.19233299999999998 0.082 0.091333
2 0.257333 0.25133300000000003 0.082667 0.073333
2 0.781 0.03866700000000001 0.072667 0.077333
2 0.051333 0.936667 0.070667 0.072
2 0.655333 0.957667 0.090667 0.083333
2 0.958333 0.544667 0.082 0.126667
2 0.955333 0.876 0.089333 0.177333
0 0.347 0.476333 0.378 0.440667
0 0.096667 0.49566699999999997 0.052 0.056667
