3 0.714 0.907667 0.1 0.088667
2 0.705333 0.822333 0.104 0.079333
3 0.814 0.889 0.069333 0.059333
2 0.688 0.7110000000000001 0.174667 0.138
2 0.746 0.6186670000000001 0.164 0.110667
2 0.834333 0.6819999999999999 0.107333 0.14
2 0.899667 0.791 0.148667 0.124667
3 0.913333 0.677333 0.070667 0.064
2 0.928 0.578667 0.141333 0.164
2 0.877667 0.503667 0.056667 0.047333
2 0.779 0.531 0.176667 0.147333
2 0.774667 0.41200000000000003 0.112 0.102667
2 0.772333 0.330333 0.052667 0.054
2 0.869333 0.40900000000000003 0.126667 0.134
2 0.953 0.396 0.05 0.06
2 0.902 0.31366700000000003 0.128 0.076667
2 0.868333 0.24933300000000003 0.094 0.072
2 0.951667 0.230333 0.083333 0.09
2 0.917 0.13733300000000004 0.055333 0.057333
3 0.798333 0.13666699999999998 0.176667 0.144
2 0.722 0.26833300000000004 0.190667 0.151333
0 0.146333 0.486 0.291333 0.372
0 0.361333 0.788 0.153333 0.150667
0 0.451 0.909 0.175333 0.180667
0 0.198667 0.865667 0.274667 0.267333
0 0.480667 0.22966699999999995 0.093333 0.078
0 0.333333 0.615667 0.089333 0.080667
0 0.795333 0.791 0.104 0.096667
0 0.920333 0.877667 0.148667 0.118
0 0.793333 0.955667 0.116 0.087333
0 0.445333 0.43966700000000003 0.112 0.095333
0 0.434667 0.612 0.106667 0.070667
