3 0.279667 0.870667 0.083333 0.065333
1 0.329 0.949333 0.120667 0.1
2 0.236333 0.795 0.122 0.094
2 0.071 0.622 0.122 0.14
2 0.104667 0.47766699999999995 0.138667 0.128667
2 0.074 0.251667 0.142667 0.163333
2 0.186333 0.22899999999999998 0.108667 0.123333
2 0.233 0.340333 0.164667 0.138
2 0.193 0.47166699999999995 0.082 0.108667
2 0.278333 0.128 0.119333 0.104
2 0.321667 0.250667 0.148667 0.146667
2 0.291333 0.445333 0.112 0.105333
2 0.304667 0.525667 0.064 0.058
3 0.387667 0.10966699999999996 0.111333 0.146
3 0.476667 0.12566699999999997 0.064 0.060667
2 0.430333 0.32499999999999996 0.151333 0.184667
2 0.404667 0.598 0.128 0.133333
1 0.408 0.490333 0.096 0.095333
2 0.514333 0.43200000000000005 0.103333 0.109333
2 0.578 0.31666700000000003 0.161333 0.137333
3 0.644 0.23766699999999996 0.106667 0.143333
2 0.598667 0.414667 0.066667 0.072
2 0.663 0.40433300000000005 0.075333 0.079333
3 0.609333 0.503333 0.104 0.110667
2 0.680333 0.647 0.126 0.154
2 0.638667 0.763 0.078667 0.086
1 0.554667 0.6679999999999999 0.125333 0.118667
2 0.516333 0.5836669999999999 0.131333 0.158
2 0.212333 0.705667 0.156667 0.107333
2 0.199667 0.597333 0.107333 0.129333
2 0.343 0.773333 0.082 0.101333
2 0.360667 0.864 0.06 0.070667
2 0.490667 0.968667 0.074667 0.053333
2 0.449667 0.882 0.156667 0.14
2 0.419 0.759667 0.120667 0.120667
2 0.538 0.773 0.130667 0.119333
2 0.593667 0.885333 0.155333 0.133333
3 0.151667 0.827667 0.088667 0.082
2 0.092 0.884667 0.077333 0.068
2 0.058667 0.356333 0.116 0.128667
2 0.068 0.07833299999999999 0.133333 0.156667
2 0.184 0.05033299999999996 0.096 0.100667
2 0.302 0.04033299999999995 0.12 0.080667
2 0.512333 0.04133299999999995 0.108667 0.082667
2 0.223 0.956667 0.09 0.085333
0 0.283667 0.601667 0.082 0.083333
0 0.787667 0.402667 0.132667 0.14
0 0.743 0.15900000000000003 0.31 0.318
