2 0.5820000000000001 0.209 0.062667 0.060667
2 0.549667 0.058333 0.063333 0.074
2 0.606 0.285667 0.076 0.088667
2 0.728667 0.337 0.141333 0.108667
2 0.701667 0.248667 0.082 0.070667
2 0.805333 0.239667 0.069333 0.063333
2 0.797333 0.322 0.034667 0.032
2 0.884333 0.209667 0.067333 0.056667
2 0.767 0.167333 0.112667 0.102667
2 0.769667 0.062667 0.115333 0.109333
2 0.6583330000000001 0.090333 0.118 0.11
2 0.920333 0.048667 0.119333 0.093333
2 0.871 0.296667 0.115333 0.122667
2 0.86 0.402333 0.088 0.086
2 0.650667 0.442333 0.133333 0.111333
3 0.662667 0.522333 0.065333 0.071333
2 0.738 0.488333 0.093333 0.083333
2 0.749667 0.586333 0.07 0.056667
2 0.830333 0.569667 0.091333 0.087333
2 0.881 0.483333 0.087333 0.081333
2 0.956 0.449333 0.076 0.086667
3 0.904667 0.705 0.073333 0.083333
3 0.967 0.827 0.048667 0.047333
3 0.894667 0.795 0.068 0.088667
3 0.821667 0.718667 0.080667 0.072
3 0.817 0.794667 0.087333 0.068
2 0.7150000000000001 0.813333 0.15 0.077333
3 0.819 0.874333 0.086 0.067333
2 0.964 0.292333 0.070667 0.086
2 0.617667 0.032333 0.07 0.063333
2 0.963667 0.204 0.071333 0.101333
2 0.973333 0.648 0.052 0.1
0 0.5816669999999999 0.919 0.064667 0.066
0 0.579 0.974 0.07 0.052
0 0.47566699999999995 0.902 0.086 0.092
0 0.397 0.922 0.084667 0.101333
0 0.345 0.884333 0.066 0.072667
0 0.261667 0.864 0.116667 0.133333
0 0.17333299999999996 0.889 0.081333 0.091333
0 0.11333300000000002 0.843667 0.084 0.075333
0 0.11866699999999997 0.773 0.097333 0.088667
0 0.07733299999999999 0.718 0.096 0.077333
0 0.19299999999999995 0.799333 0.058 0.066667
0 0.21466700000000005 0.712667 0.098667 0.112
0 0.25233300000000003 0.652667 0.086 0.074667
0 0.204333 0.38 0.116667 0.141333
0 0.313333 0.483667 0.094667 0.080667
0 0.402 0.060333 0.094667 0.119333
0 0.46666700000000005 0.282667 0.106667 0.112
0 0.36266699999999996 0.29 0.044 0.042667
0 0.397 0.271 0.040667 0.042
0 0.45699999999999996 0.407333 0.079333 0.116
0 0.526667 0.454333 0.068 0.056667
0 0.498333 0.503333 0.058 0.052
0 0.5263329999999999 0.55 0.063333 0.06
0 0.740333 0.72 0.082 0.094667
0 0.866667 0.644 0.054667 0.049333
0 0.918667 0.571667 0.096 0.095333
0 0.19099999999999995 0.237667 0.135333 0.146
0 0.07033299999999998 0.254 0.140667 0.12
0 0.05566700000000002 0.138333 0.106 0.120667
0 0.09966699999999995 0.056 0.087333 0.092
0 0.391 0.801667 0.096667 0.115333
0 0.376667 0.709667 0.066667 0.063333
0 0.838 0.113333 0.070667 0.086667
0 0.695333 0.643333 0.057333 0.056
0 0.30400000000000005 0.160333 0.070667 0.092667
0 0.24033300000000002 0.160667 0.080667 0.082667
0 0.22966699999999995 0.030667 0.083333 0.058667
0 0.18966700000000003 0.066 0.074 0.070667
0 0.15500000000000003 0.104333 0.087333 0.100667
0 0.250667 0.315333 0.086667 0.073333
0 0.127 0.319333 0.062 0.065333
0 0.07033299999999998 0.341667 0.066 0.07
0 0.046667000000000014 0.417333 0.093333 0.098667
0 0.07433299999999998 0.510333 0.127333 0.120667
0 0.05933299999999997 0.662667 0.08 0.06
0 0.04933299999999996 0.602667 0.058667 0.066667
0 0.09899999999999998 0.606 0.071333 0.068
0 0.15533300000000005 0.559667 0.106667 0.107333
0 0.23366699999999996 0.556667 0.064667 0.065333
0 0.28233299999999995 0.602333 0.064667 0.060667
0 0.34066700000000005 0.627667 0.062667 0.036667
0 0.966333 0.734667 0.064667 0.066667
