3 0.6046670000000001 0.615333 0.061333 0.070667
2 0.542333 0.626667 0.05 0.068
2 0.470333 0.648333 0.088667 0.086
2 0.43633299999999997 0.581 0.079333 0.074
2 0.516667 0.5333330000000001 0.052 0.061333
2 0.596 0.506 0.065333 0.057333
3 0.15833299999999995 0.606 0.064667 0.068
3 0.091333 0.600333 0.068 0.071333
3 0.07799999999999996 0.521333 0.070667 0.068
3 0.16333299999999995 0.529 0.097333 0.086
3 0.362333 0.508667 0.084667 0.076
2 0.43766700000000003 0.499 0.079333 0.076667
2 0.509 0.466333 0.072667 0.058
3 0.49866699999999997 0.39333300000000004 0.096 0.088
3 0.421667 0.42600000000000005 0.044667 0.050667
2 0.351333 0.42333299999999996 0.088 0.094667
2 0.272667 0.44599999999999995 0.066667 0.090667
3 0.20699999999999996 0.45099999999999996 0.048667 0.044667
2 0.271667 0.35966699999999996 0.080667 0.083333
2 0.344333 0.359333 0.062 0.058667
2 0.411667 0.343333 0.083333 0.085333
2 0.486333 0.30100000000000005 0.115333 0.100667
3 0.570667 0.278667 0.065333 0.064
2 0.401667 0.27033300000000005 0.048667 0.060667
2 0.33466700000000005 0.29333299999999995 0.073333 0.076
3 0.25 0.27233300000000005 0.062667 0.056667
3 0.18533299999999997 0.30600000000000005 0.061333 0.076
2 0.11533300000000002 0.28433299999999995 0.078667 0.100667
2 0.10899999999999999 0.19466700000000003 0.122 0.102667
2 0.17800000000000005 0.13266699999999998 0.129333 0.097333
2 0.03433299999999995 0.20399999999999996 0.05 0.064
2 0.10066699999999995 0.06133299999999997 0.097333 0.070667
2 0.30900000000000005 0.21499999999999997 0.132667 0.088667
2 0.553667 0.19133299999999998 0.088667 0.086667
2 0.46599999999999997 0.216333 0.105333 0.078
2 0.458333 0.135 0.120667 0.095333
3 0.548667 0.11966699999999997 0.057333 0.051333
2 0.5373330000000001 0.04500000000000004 0.076 0.079333
2 0.44599999999999995 0.04700000000000004 0.098667 0.083333
3 0.36666699999999997 0.09666699999999995 0.070667 0.069333
2 0.311667 0.146667 0.119333 0.072
3 0.24533300000000002 0.10933300000000001 0.038667 0.050667
2 0.041000000000000036 0.121 0.080667 0.116667
0 0.24566699999999997 0.687 0.302 0.266
0 0.747 0.326333 0.283333 0.258
0 0.842667 0.498 0.312 0.242667
0 0.803333 0.700333 0.309333 0.295333
0 0.24366699999999997 0.513667 0.062 0.071333
0 0.19399999999999995 0.40700000000000003 0.069333 0.067333
0 0.12633300000000003 0.454333 0.067333 0.064667
0 0.023666999999999994 0.540667 0.047333 0.057333
0 0.42000000000000004 0.817667 0.074667 0.064667
0 0.530667 0.843667 0.054667 0.042
0 0.5303329999999999 0.751 0.046 0.046
0 0.536 0.7130000000000001 0.04 0.035333
0 0.5860000000000001 0.840667 0.042667 0.037333
0 0.645667 0.960667 0.05 0.048
0 0.531667 0.914 0.052667 0.049333
0 0.467333 0.939667 0.050667 0.059333
0 0.523333 0.963333 0.053333 0.045333
0 0.032667 0.696 0.06 0.08
0 0.869333 0.17433299999999996 0.226667 0.231333
0 0.375 0.972667 0.051333 0.048
0 0.38033300000000003 0.933333 0.058 0.054667
0 0.347 0.908667 0.055333 0.074667
0 0.16633299999999995 0.896667 0.072667 0.077333
0 0.06733299999999998 0.932667 0.076 0.082667
0 0.08466700000000005 0.674667 0.084 0.073333
