3 0.28600000000000003 0.092333 0.1 0.088667
2 0.294667 0.177667 0.104 0.079333
3 0.18600000000000005 0.111 0.069333 0.059333
2 0.31200000000000006 0.289 0.174667 0.138
2 0.254 0.381333 0.164 0.110667
2 0.165667 0.318 0.107333 0.14
2 0.100333 0.209 0.148667 0.124667
3 0.08666700000000005 0.322667 0.070667 0.064
2 0.07199999999999995 0.421333 0.141333 0.164
2 0.12233300000000003 0.496333 0.056667 0.047333
2 0.22099999999999997 0.469 0.176667 0.147333
2 0.225333 0.588 0.112 0.102667
2 0.22766699999999995 0.669667 0.052667 0.054
2 0.13066699999999998 0.591 0.126667 0.134
2 0.04700000000000004 0.604 0.05 0.06
2 0.09799999999999998 0.686333 0.128 0.076667
2 0.13166699999999998 0.750667 0.094 0.072
2 0.04833299999999996 0.769667 0.083333 0.09
2 0.08299999999999996 0.862667 0.055333 0.057333
3 0.20166700000000004 0.863333 0.176667 0.144
2 0.278 0.731667 0.190667 0.151333
0 0.853667 0.514 0.291333 0.372
0 0.638667 0.212 0.153333 0.150667
0 0.5489999999999999 0.091 0.175333 0.180667
0 0.801333 0.134333 0.274667 0.267333
0 0.519333 0.770333 0.093333 0.078
0 0.666667 0.384333 0.089333 0.080667
0 0.20466700000000004 0.209 0.104 0.096667
0 0.07966700000000004 0.122333 0.148667 0.118
0 0.20666700000000005 0.044333 0.116 0.087333
0 0.554667 0.560333 0.112 0.095333
0 0.565333 0.388 0.106667 0.070667
