2 0.7803329999999999 0.092 0.079333 0.08
2 0.570333 0.113667 0.119333 0.128667
2 0.6966669999999999 0.145333 0.138667 0.137333
1 0.8546670000000001 0.126333 0.069333 0.046
2 0.943 0.127667 0.09 0.082
2 0.844333 0.21 0.138 0.128
1 0.950667 0.228667 0.094667 0.129333
2 0.965333 0.390667 0.057333 0.053333
2 0.935333 0.34 0.12 0.109333
2 0.847333 0.328333 0.098667 0.108667
1 0.7436670000000001 0.322667 0.122 0.146667
2 0.857667 0.435333 0.127333 0.097333
2 0.728333 0.412667 0.060667 0.069333
2 0.785 0.494667 0.051333 0.066667
2 0.718667 0.506667 0.12 0.129333
2 0.9410000000000001 0.521667 0.116667 0.118
2 0.854333 0.574 0.079333 0.086667
2 0.779333 0.617667 0.106667 0.115333
1 0.872 0.656667 0.093333 0.088
1 0.893 0.742333 0.126 0.15
1 0.773667 0.744 0.128667 0.134667
2 0.6839999999999999 0.674 0.08 0.136
2 0.601333 0.727667 0.104 0.143333
1 0.679333 0.778 0.065333 0.074667
1 0.891 0.862667 0.147333 0.128
1 0.763 0.846333 0.119333 0.094
1 0.639 0.869 0.123333 0.146
1 0.7316670000000001 0.940333 0.176667 0.119333
2 0.507 0.770333 0.084667 0.087333
2 0.5223329999999999 0.865333 0.107333 0.1
2 0.406 0.803333 0.094667 0.097333
2 0.31999999999999995 0.824667 0.077333 0.101333
2 0.43733299999999997 0.901 0.06 0.079333
1 0.36066699999999996 0.911667 0.1 0.114
2 0.22366699999999995 0.808 0.059333 0.062667
2 0.13966699999999999 0.800333 0.088667 0.096667
2 0.24233300000000002 0.903333 0.088667 0.105333
2 0.15200000000000002 0.908 0.089333 0.124
1 0.054332999999999965 0.907667 0.108667 0.151333
2 0.17633299999999996 0.719333 0.11 0.073333
2 0.08099999999999996 0.695667 0.088667 0.082
2 0.07033299999999998 0.619 0.080667 0.076667
2 0.28333299999999995 0.66 0.104 0.110667
2 0.18466700000000003 0.639333 0.118667 0.092
2 0.19566700000000004 0.565 0.112667 0.098
2 0.30200000000000005 0.541333 0.097333 0.112
2 0.42000000000000004 0.567667 0.166667 0.11
2 0.574333 0.621333 0.060667 0.061333
2 0.5283329999999999 0.583667 0.05 0.05
2 0.501333 0.640667 0.070667 0.089333
2 0.41533299999999995 0.683 0.145333 0.128667
2 0.611333 0.541 0.101333 0.116667
2 0.5083329999999999 0.533 0.067333 0.056667
2 0.21999999999999997 0.449 0.158667 0.111333
2 0.08199999999999996 0.528333 0.134667 0.111333
2 0.10433300000000001 0.420667 0.120667 0.096
3 0.23733300000000002 0.354667 0.076 0.077333
2 0.12833300000000003 0.313 0.15 0.106
2 0.15133300000000005 0.228 0.104 0.094667
2 0.07633299999999998 0.169333 0.115333 0.132
2 0.18066700000000002 0.123333 0.098667 0.098667
2 0.264 0.155333 0.101333 0.101333
2 0.39233300000000004 0.069 0.096667 0.09
2 0.28933299999999995 0.049 0.105333 0.091333
2 0.19233299999999998 0.041667 0.091333 0.082
2 0.25133300000000003 0.257333 0.073333 0.082667
2 0.03866700000000001 0.781 0.077333 0.072667
2 0.936667 0.051333 0.072 0.070667
2 0.957667 0.655333 0.083333 0.090667
2 0.544667 0.958333 0.126667 0.082
2 0.876 0.955333 0.177333 0.089333
0 0.476333 0.347 0.440667 0.378
0 0.49566699999999997 0.096667 0.056667 0.052
