3 0.273667 0.955 0.084667 0.087333
2 0.19866700000000004 0.962667 0.068 0.074667
3 0.217333 0.880333 0.1 0.095333
3 0.284667 0.883667 0.032 0.042
2 0.15833299999999995 0.784333 0.120667 0.107333
2 0.156667 0.696333 0.098667 0.091333
3 0.358333 0.774 0.059333 0.074667
3 0.306667 0.713 0.070667 0.060667
2 0.28033300000000005 0.795667 0.087333 0.087333
2 0.10966699999999996 0.642667 0.092667 0.090667
3 0.23666699999999996 0.647667 0.061333 0.07
2 0.127 0.554667 0.122 0.097333
2 0.13133300000000003 0.397 0.136 0.082
2 0.18666700000000003 0.463 0.092 0.078
3 0.261667 0.498333 0.05 0.048667
3 0.21266700000000005 0.286333 0.068 0.075333
2 0.14200000000000002 0.304333 0.1 0.086
3 0.09999999999999998 0.082333 0.076 0.07
2 0.18533299999999997 0.074 0.086667 0.082667
3 0.30733299999999997 0.043333 0.069333 0.072
3 0.233333 0.161333 0.048 0.072
3 0.26733300000000004 0.329667 0.046667 0.05
2 0.42033299999999996 0.343667 0.044667 0.055333
2 0.361 0.300667 0.079333 0.066667
2 0.33666700000000005 0.365 0.133333 0.092667
2 0.33599999999999997 0.449 0.132 0.088667
3 0.388667 0.516667 0.073333 0.068
2 0.47566699999999995 0.544 0.091333 0.076
3 0.396 0.592 0.037333 0.044
2 0.45966700000000005 0.626 0.098 0.088
2 0.568667 0.576667 0.072 0.072
3 0.5736669999999999 0.494 0.038 0.037333
2 0.582667 0.419667 0.086667 0.083333
3 0.32366700000000004 0.619 0.104667 0.107333
2 0.478333 0.463 0.119333 0.075333
2 0.48766699999999996 0.39 0.082 0.068
3 0.591333 0.332 0.065333 0.066667
2 0.523667 0.217 0.079333 0.080667
2 0.513333 0.299667 0.102667 0.098
2 0.428667 0.257 0.069333 0.083333
2 0.366 0.235667 0.066667 0.074
2 0.28400000000000003 0.239333 0.094667 0.105333
2 0.29100000000000004 0.153667 0.063333 0.079333
2 0.372333 0.167 0.092667 0.080667
2 0.44299999999999995 0.182333 0.046 0.044667
2 0.530667 0.142 0.057333 0.058667
3 0.609 0.192667 0.032667 0.037333
2 0.615333 0.110333 0.065333 0.080667
2 0.534 0.077 0.046667 0.05
2 0.45899999999999996 0.103 0.088667 0.086
3 0.375 0.088667 0.076667 0.078667
2 0.45666700000000005 0.033667 0.081333 0.066
2 0.04266700000000001 0.174667 0.085333 0.12
2 0.05166700000000002 0.472 0.103333 0.116
2 0.030333000000000054 0.642667 0.060667 0.068
2 0.037667000000000006 0.723333 0.075333 0.08
0 0.05666700000000002 0.909333 0.068 0.066667
0 0.08299999999999996 0.815 0.076667 0.082
0 0.121 0.850333 0.080667 0.080667
0 0.7256670000000001 0.519 0.207333 0.235333
0 0.877667 0.680667 0.238 0.22
0 0.908 0.481333 0.173333 0.202667
0 0.898667 0.330667 0.201333 0.157333
0 0.784333 0.154 0.284667 0.301333
0 0.41633299999999995 0.834333 0.220667 0.33
0 0.886 0.898 0.225333 0.204
