1 0.074 0.866 0.077333 0.077333
2 0.073333 0.772 0.14 0.137333
2 0.17 0.858 0.130667 0.132
2 0.177333 0.95 0.106667 0.088
2 0.079667 0.630667 0.039333 0.04
2 0.047667 0.5553330000000001 0.060667 0.068
2 0.086333 0.453333 0.15 0.105333
3 0.114333 0.375667 0.042 0.036667
2 0.120667 0.522 0.134667 0.129333
2 0.23 0.531 0.098667 0.086
2 0.177333 0.633 0.126667 0.115333
1 0.194667 0.7456670000000001 0.108 0.115333
2 0.279667 0.838667 0.091333 0.098667
2 0.272667 0.920667 0.064 0.073333
2 0.300333 0.717333 0.119333 0.158667
2 0.38 0.803333 0.101333 0.133333
2 0.403333 0.693333 0.072 0.065333
2 0.368333 0.915 0.094 0.087333
2 0.466333 0.894 0.128667 0.130667
2 0.474667 0.782 0.085333 0.090667
2 0.505667 0.673 0.086 0.094
2 0.569333 0.772 0.101333 0.104
2 0.574667 0.864 0.085333 0.073333
2 0.595667 0.945333 0.112667 0.1
2 0.179667 0.434667 0.044667 0.037333
2 0.261 0.41533299999999995 0.143333 0.14
2 0.372667 0.398667 0.086667 0.088
2 0.367667 0.497 0.143333 0.112667
2 0.390667 0.592333 0.172 0.127333
2 0.299 0.6 0.055333 0.06
2 0.598333 0.6743330000000001 0.107333 0.13
2 0.654667 0.760333 0.089333 0.083333
2 0.715 0.838333 0.126 0.122
2 0.778667 0.7356670000000001 0.14 0.119333
2 0.861 0.893667 0.146 0.124667
2 0.812 0.808333 0.06 0.043333
2 0.803333 0.611 0.125333 0.146
2 0.919 0.792333 0.146 0.152667
1 0.960667 0.898333 0.078667 0.079333
2 0.725667 0.532 0.083333 0.078667
2 0.645333 0.55 0.073333 0.078667
2 0.686333 0.6333329999999999 0.122 0.14
2 0.546667 0.570667 0.134667 0.101333
2 0.463667 0.48266699999999996 0.104667 0.12
2 0.455333 0.386667 0.057333 0.058667
2 0.568333 0.479 0.119333 0.123333
2 0.685333 0.452333 0.128 0.114
3 0.816333 0.507667 0.046 0.042
2 0.847667 0.420667 0.103333 0.101333
2 0.947333 0.401 0.105333 0.119333
2 0.831333 0.33066700000000004 0.165333 0.106667
2 0.861667 0.25333300000000003 0.086 0.069333
2 0.952333 0.233333 0.095333 0.104
2 0.897 0.14633300000000005 0.118 0.147333
2 0.774 0.159667 0.110667 0.104667
1 0.657667 0.10533300000000001 0.116667 0.137333
2 0.668333 0.33966700000000005 0.15 0.15
2 0.545333 0.380667 0.106667 0.093333
3 0.460333 0.30500000000000005 0.052667 0.055333
2 0.553667 0.28733299999999995 0.123333 0.109333
2 0.589333 0.217333 0.056 0.061333
2 0.506667 0.20599999999999996 0.118667 0.102667
2 0.411667 0.246 0.078 0.093333
2 0.335 0.24833300000000003 0.078 0.079333
2 0.318 0.32066700000000004 0.104 0.070667
2 0.240667 0.27133300000000005 0.133333 0.125333
3 0.043667 0.30200000000000005 0.078 0.086667
2 0.075333 0.19166700000000003 0.128 0.138
3 0.135667 0.273667 0.054 0.062
2 0.071333 0.06666700000000003 0.125333 0.106667
2 0.172333 0.06866700000000003 0.080667 0.072
2 0.179667 0.165667 0.108667 0.119333
2 0.262 0.16533299999999995 0.073333 0.078667
2 0.371 0.15200000000000002 0.119333 0.12
2 0.457333 0.11499999999999999 0.1 0.112667
2 0.369333 0.054332999999999965 0.141333 0.108667
2 0.931667 0.714333 0.136667 0.158
0 0.119667 0.687 0.079333 0.076667
0 0.717 0.22899999999999998 0.076667 0.096667
0 0.784667 0.24766699999999997 0.078667 0.07
0 0.909333 0.6006670000000001 0.1 0.093333
0 0.185 0.331333 0.074 0.070667
0 0.730333 0.05400000000000005 0.095333 0.093333
0 0.853667 0.058667000000000025 0.140667 0.117333
