2 0.908667 0.173 0.114667 0.111333
2 0.976 0.187 0.044 0.080667
2 0.959333 0.334667 0.077333 0.124
3 0.932333 0.261333 0.040667 0.034667
2 0.856333 0.277 0.080667 0.075333
3 0.785667 0.299333 0.07 0.077333
2 0.875333 0.348667 0.104 0.112
2 0.800333 0.211333 0.098 0.096
2 0.776667 0.121333 0.14 0.136
3 0.775333 0.028333 0.073333 0.05
2 0.665 0.075667 0.116667 0.147333
2 0.607333 0.148 0.093333 0.1
2 0.723333 0.222333 0.061333 0.076667
3 0.703667 0.297333 0.058 0.057333
2 0.650333 0.23 0.092667 0.102667
2 0.619 0.31 0.083333 0.070667
2 0.5413330000000001 0.341 0.077333 0.096667
2 0.5946670000000001 0.344 0.04 0.033333
3 0.551667 0.240333 0.107333 0.120667
2 0.461333 0.256333 0.065333 0.060667
2 0.28900000000000003 0.037333 0.084667 0.070667
2 0.341333 0.104667 0.125333 0.1
2 0.34166700000000005 0.199333 0.115333 0.1
2 0.38833300000000004 0.273 0.047333 0.055333
2 0.443333 0.339 0.112 0.128667
2 0.44566700000000004 0.438333 0.083333 0.080667
2 0.376667 0.354667 0.029333 0.036
2 0.30533299999999997 0.376333 0.128 0.104667
2 0.291667 0.282 0.082 0.081333
2 0.20033299999999998 0.05 0.074 0.068
2 0.13066699999999998 0.096333 0.070667 0.083333
2 0.227333 0.126667 0.108 0.098667
2 0.18500000000000005 0.245 0.051333 0.055333
2 0.19899999999999995 0.320667 0.076667 0.096
2 0.233333 0.471333 0.134667 0.1
2 0.256667 0.556333 0.072 0.072667
2 0.32599999999999996 0.534 0.089333 0.113333
2 0.33999999999999997 0.618 0.094667 0.070667
2 0.42200000000000004 0.612333 0.092 0.087333
3 0.46399999999999997 0.525667 0.073333 0.083333
2 0.5369999999999999 0.485333 0.075333 0.089333
2 0.604333 0.410667 0.092667 0.094667
3 0.611333 0.492667 0.062667 0.064
3 0.693333 0.471 0.065333 0.076667
2 0.701667 0.391667 0.082 0.079333
2 0.791 0.382 0.083333 0.065333
2 0.769 0.458333 0.086 0.095333
2 0.933667 0.507 0.043333 0.046
2 0.859333 0.528 0.092 0.062667
3 0.6643330000000001 0.562333 0.087333 0.087333
2 0.764333 0.617333 0.115333 0.130667
2 0.687 0.649667 0.078 0.083333
3 0.596 0.583333 0.04 0.042667
2 0.5880000000000001 0.672333 0.126667 0.118
3 0.40800000000000003 0.758333 0.077333 0.079333
2 0.318333 0.848 0.112667 0.089333
3 0.41200000000000003 0.909 0.074667 0.080667
3 0.45666700000000005 0.952333 0.061333 0.078
3 0.482333 0.829 0.084667 0.09
3 0.41300000000000003 0.832 0.084667 0.073333
3 0.49466699999999997 0.740333 0.073333 0.09
3 0.5676669999999999 0.864333 0.052667 0.052667
3 0.577333 0.939667 0.08 0.083333
2 0.661 0.942667 0.086 0.1
3 0.750333 0.907667 0.054 0.052667
2 0.738 0.794 0.098667 0.1
3 0.713333 0.861667 0.064 0.042
2 0.833333 0.774333 0.101333 0.163333
3 0.735 0.718 0.048667 0.04
2 0.891333 0.854333 0.097333 0.115333
2 0.9053329999999999 0.704667 0.133333 0.169333
2 0.973 0.765 0.052667 0.082
2 0.48666699999999996 0.091 0.132 0.132667
2 0.881 0.963333 0.082 0.073333
2 0.790667 0.966667 0.090667 0.066667
0 0.059667000000000026 0.316 0.092667 0.117333
0 0.04300000000000004 0.440333 0.082 0.111333
0 0.11366699999999996 0.580333 0.056667 0.063333
0 0.10733300000000001 0.476333 0.052 0.055333
0 0.089333 0.524667 0.069333 0.056
0 0.31399999999999995 0.676333 0.077333 0.066
0 0.33766700000000005 0.751 0.072667 0.098
0 0.24066699999999996 0.855 0.046667 0.054
0 0.18966700000000003 0.951 0.064667 0.071333
0 0.40133300000000005 0.042 0.072 0.066667
0 0.510667 0.615333 0.085333 0.097333
0 0.47266699999999995 0.678333 0.050667 0.043333
0 0.611 0.836 0.071333 0.066667
0 0.06433299999999997 0.116333 0.071333 0.09
0 0.943333 0.421333 0.08 0.076
0 0.42133299999999996 0.136333 0.050667 0.05
0 0.44599999999999995 0.183 0.066667 0.062
0 0.567333 0.769333 0.077333 0.068
0 0.508667 0.894667 0.074667 0.074667
