2 0.939333 0.96 0.094667 0.070667
2 0.853333 0.863333 0.141333 0.192
2 0.751 0.798333 0.083333 0.091333
2 0.750667 0.924667 0.128 0.144
2 0.640333 0.899 0.146 0.120667
2 0.628333 0.778 0.158 0.14
2 0.558333 0.935667 0.154 0.127333
3 0.481333 0.809333 0.108 0.125333
2 0.400667 0.835 0.077333 0.082
2 0.41433299999999995 0.928333 0.119333 0.115333
2 0.29000000000000004 0.852333 0.134667 0.144667
2 0.400667 0.754333 0.082667 0.082
0 0.724333 0.41233299999999995 0.504667 0.384667
0 0.251 0.39633300000000005 0.355333 0.368667
0 0.438333 0.226333 0.246 0.263333
0 0.15433300000000005 0.816333 0.308667 0.235333
