2 0.137 0.047667 0.124667 0.088667
2 0.158333 0.148333 0.138 0.126
2 0.063333 0.136667 0.094667 0.102667
2 0.091 0.224667 0.099333 0.098667
3 0.171667 0.228 0.088667 0.074667
3 0.266667 0.245 0.088 0.080667
2 0.271 0.321667 0.087333 0.082
2 0.272333 0.411333 0.104667 0.125333
3 0.209667 0.465667 0.059333 0.058
2 0.052 0.430667 0.064 0.064
3 0.096667 0.328333 0.092 0.111333
3 0.179333 0.299 0.073333 0.072667
2 0.174667 0.384333 0.1 0.095333
3 0.043667 0.504667 0.072667 0.092
3 0.147333 0.494333 0.137333 0.115333
3 0.218 0.602 0.096 0.1
3 0.134 0.599 0.077333 0.083333
3 0.052 0.600333 0.092 0.094
2 0.059667 0.715 0.087333 0.131333
2 0.139667 0.708667 0.086 0.122667
2 0.232667 0.695333 0.110667 0.093333
2 0.338333 0.735 0.072667 0.094
3 0.255 0.783 0.094 0.087333
3 0.176333 0.791333 0.071333 0.088
3 0.087333 0.809333 0.098667 0.090667
3 0.307667 0.549 0.039333 0.047333
2 0.394333 0.424667 0.140667 0.104
2 0.388333 0.517667 0.119333 0.09
2 0.386333 0.618333 0.146 0.119333
2 0.416667 0.699 0.098667 0.100667
3 0.425333 0.790667 0.098667 0.092
3 0.521667 0.715667 0.116667 0.13
3 0.515333 0.823333 0.098667 0.104
3 0.512667 0.918 0.098667 0.096
3 0.607 0.806 0.079333 0.102667
3 0.609667 0.902333 0.087333 0.087333
3 0.707 0.893667 0.107333 0.114
3 0.680333 0.789333 0.084667 0.097333
3 0.66 0.699333 0.104 0.1
3 0.758667 0.666333 0.098667 0.092667
2 0.769667 0.76 0.084667 0.094667
3 0.777333 0.836 0.066667 0.073333
3 0.849333 0.758 0.097333 0.109333
3 0.872333 0.874 0.09 0.113333
3 0.953 0.860667 0.079333 0.101333
2 0.941 0.946 0.058 0.061333
2 0.841667 0.658 0.076667 0.093333
2 0.940667 0.674667 0.118667 0.098667
3 0.798667 0.553667 0.085333 0.076667
3 0.911 0.542 0.123333 0.133333
2 0.796333 0.446333 0.122 0.119333
3 0.895333 0.435667 0.092 0.082
3 0.900667 0.335 0.113333 0.111333
2 0.764667 0.332667 0.141333 0.133333
2 0.858 0.242667 0.1 0.090667
3 0.768667 0.206 0.125333 0.125333
3 0.852333 0.152333 0.080667 0.079333
2 0.756333 0.083 0.075333 0.102
2 0.847333 0.061333 0.109333 0.105333
2 0.498667 0.064333 0.093333 0.088667
2 0.309 0.072333 0.103333 0.086
3 0.400667 0.095 0.08 0.080667
2 0.311667 0.176667 0.119333 0.144
2 0.411333 0.191 0.098667 0.116667
3 0.507667 0.155667 0.114 0.114
3 0.459667 0.269667 0.095333 0.111333
2 0.547 0.277 0.084667 0.116667
3 0.623 0.302333 0.07 0.079333
3 0.645 0.393333 0.116667 0.094667
3 0.539667 0.371667 0.083333 0.079333
0 0.607 0.545667 0.283333 0.298
2 0.971333 0.417667 0.057333 0.11
2 0.033333 0.343667 0.065333 0.092667
0 0.186333 0.857 0.079333 0.062
0 0.966333 0.78 0.048667 0.053333
0 0.710333 0.440667 0.07 0.061333
