1 0.917 0.071 0.087333 0.112667
2 0.937 0.187333 0.106 0.104
2 0.827667 0.186667 0.152667 0.172
1 0.736667 0.132667 0.096 0.125333
1 0.646333 0.199333 0.09 0.061333
1 0.676667 0.105667 0.062667 0.112667
2 0.8316669999999999 0.060333 0.116667 0.119333
1 0.600333 0.114 0.112667 0.104
1 0.562 0.191 0.058667 0.067333
2 0.540667 0.096333 0.070667 0.080667
2 0.483 0.260333 0.106 0.111333
1 0.47866699999999995 0.140333 0.110667 0.138
1 0.38233300000000003 0.123667 0.118 0.128667
1 0.314333 0.046667 0.140667 0.089333
2 0.25233300000000003 0.102667 0.088667 0.090667
2 0.38233300000000003 0.249333 0.120667 0.122667
2 0.29333299999999995 0.219667 0.098667 0.148667
2 0.16333299999999995 0.132667 0.072 0.056
2 0.18500000000000005 0.206 0.126 0.102667
2 0.21199999999999997 0.303 0.158667 0.09
1 0.33866700000000005 0.396 0.069333 0.062667
1 0.43033299999999997 0.335 0.044667 0.051333
1 0.38933300000000004 0.345333 0.065333 0.069333
2 0.32099999999999995 0.488333 0.046 0.052667
2 0.25933300000000004 0.481333 0.053333 0.058667
2 0.19866700000000004 0.546667 0.034667 0.028
2 0.251 0.393667 0.106 0.094
2 0.14133300000000004 0.352667 0.110667 0.096
2 0.06366700000000003 0.251667 0.119333 0.112667
2 0.049000000000000044 0.348667 0.076667 0.085333
2 0.15100000000000002 0.467667 0.17 0.116667
2 0.11433300000000002 0.543333 0.076667 0.062667
2 0.36666699999999997 0.497333 0.134667 0.145333
1 0.497333 0.445667 0.137333 0.115333
2 0.514 0.355667 0.104 0.087333
2 0.593333 0.377667 0.068 0.056667
1 0.664667 0.398667 0.069333 0.068
1 0.567 0.273 0.082 0.086
2 0.649667 0.297333 0.127333 0.142667
1 0.723 0.305667 0.080667 0.104667
1 0.800667 0.314 0.1 0.121333
2 0.88 0.325667 0.058667 0.080667
1 0.919 0.359333 0.155333 0.136
2 0.891333 0.449333 0.089333 0.069333
2 0.792 0.428 0.101333 0.101333
1 0.7066669999999999 0.409667 0.044 0.038
1 0.681333 0.487 0.097333 0.108667
2 0.598333 0.457667 0.086 0.111333
1 0.45999999999999996 0.556333 0.132 0.124667
2 0.435667 0.7 0.106 0.134667
2 0.387667 0.771 0.076667 0.079333
2 0.35366699999999995 0.901333 0.114 0.132
2 0.45199999999999996 0.896667 0.101333 0.097333
2 0.471333 0.807 0.096 0.092667
2 0.546333 0.899333 0.09 0.072
2 0.538667 0.827667 0.094667 0.092667
1 0.529 0.744 0.119333 0.1
1 0.562667 0.672333 0.142667 0.126
1 0.5836669999999999 0.564667 0.120667 0.12
2 0.687667 0.593667 0.118 0.114
2 0.644 0.742333 0.102667 0.13
2 0.626667 0.837667 0.081333 0.079333
2 0.720667 0.857667 0.105333 0.080667
2 0.728 0.947333 0.121333 0.101333
2 0.745 0.752667 0.115333 0.165333
1 0.776 0.517333 0.130667 0.138667
1 0.783 0.610667 0.078 0.094667
2 0.874667 0.557 0.125333 0.135333
2 0.8376669999999999 0.645333 0.11 0.097333
1 0.933 0.661 0.127333 0.123333
2 0.944 0.746667 0.110667 0.092
2 0.91 0.799333 0.142667 0.128
2 0.883333 0.946 0.101333 0.068
2 0.96 0.953 0.06 0.054
2 0.849667 0.877667 0.103333 0.087333
2 0.8316669999999999 0.788 0.078 0.097333
2 0.27533300000000005 0.832 0.137333 0.148
2 0.256 0.917667 0.057333 0.047333
2 0.28900000000000003 0.747333 0.054 0.054667
2 0.21399999999999997 0.73 0.101333 0.089333
2 0.33166700000000005 0.670667 0.111333 0.134667
2 0.252667 0.651333 0.069333 0.088
2 0.17666700000000002 0.637333 0.093333 0.098667
1 0.18999999999999995 0.802667 0.069333 0.076
1 0.15233300000000005 0.896333 0.13 0.155333
2 0.06733299999999998 0.879333 0.1 0.109333
2 0.11566699999999996 0.786333 0.092667 0.082
2 0.08299999999999996 0.706667 0.144667 0.132
2 0.11766699999999997 0.623667 0.05 0.051333
0 0.8089999999999999 0.947 0.032667 0.048667
0 0.30133299999999996 0.572 0.054667 0.070667
2 0.18400000000000005 0.053 0.133333 0.103333
2 0.975333 0.091 0.048 0.122
1 0.971 0.460667 0.056667 0.105333
2 0.962667 0.562333 0.073333 0.136667
