2 0.959 0.824 0.080667 0.133333
1 0.955 0.915 0.086 0.076667
2 0.856 0.84 0.128 0.142667
1 0.866667 0.943 0.090667 0.079333
2 0.804667 0.963333 0.036 0.034667
2 0.779333 0.844333 0.065333 0.120667
2 0.7256670000000001 0.869 0.088667 0.118
1 0.673 0.919667 0.052667 0.055333
1 0.626667 0.886 0.068 0.098667
1 0.680667 0.98 0.029333 0.029333
2 0.511667 0.911667 0.147333 0.158
0 0.84 0.443 0.086667 0.083333
0 0.728333 0.448333 0.062 0.082
0 0.663667 0.420667 0.115333 0.098667
0 0.507667 0.488667 0.116667 0.081333
0 0.06833299999999998 0.402 0.132667 0.137333
0 0.918667 0.433 0.056 0.034
0 0.713667 0.327 0.118 0.075333
0 0.41633299999999995 0.297 0.119333 0.111333
0 0.265667 0.325 0.107333 0.11
0 0.12666699999999997 0.216 0.106667 0.146667
0 0.21299999999999997 0.201 0.100667 0.124667
0 0.29900000000000004 0.167333 0.103333 0.090667
0 0.30000000000000004 0.245667 0.056 0.066
0 0.46466700000000005 0.178 0.072 0.062667
0 0.35866699999999996 0.208333 0.090667 0.074
0 0.546 0.189333 0.069333 0.066667
0 0.7166669999999999 0.255 0.076 0.084667
0 0.855 0.197 0.104667 0.094
0 0.836333 0.295333 0.062 0.056
0 0.9319999999999999 0.094667 0.053333 0.06
0 0.936333 0.04 0.066 0.066667
0 0.652667 0.115 0.153333 0.126
0 0.508667 0.082333 0.109333 0.135333
0 0.29533299999999996 0.061 0.072 0.076667
2 0.5946670000000001 0.966667 0.129333 0.066667
1 0.941333 0.973333 0.106667 0.052
