2 0.074 0.056 0.081333 0.070667
2 0.045667 0.117 0.047333 0.040667
2 0.029667 0.205 0.040667 0.043333
2 0.185 0.149667 0.154 0.120667
2 0.311333 0.060333 0.038667 0.042
2 0.472 0.031 0.078667 0.060667
2 0.413 0.108333 0.119333 0.09
2 0.322 0.173 0.072 0.084667
2 0.410333 0.204667 0.112667 0.122667
1 0.316 0.243333 0.046667 0.056
2 0.242667 0.229 0.077333 0.062
2 0.157333 0.257667 0.041333 0.056667
2 0.067667 0.292 0.114 0.084
2 0.040333 0.357667 0.038 0.028667
2 0.020333 0.447667 0.039333 0.054
2 0.091333 0.394667 0.14 0.116
1 0.148333 0.334333 0.052667 0.05
1 0.225333 0.313 0.04 0.040667
2 0.543 0.066667 0.055333 0.1
2 0.618667 0.076667 0.097333 0.088
2 0.691667 0.104333 0.040667 0.043333
2 0.773333 0.040333 0.089333 0.076667
2 0.752 0.205667 0.058667 0.059333
2 0.656667 0.190333 0.109333 0.114
2 0.508333 0.176667 0.028667 0.028
2 0.474333 0.279667 0.034 0.035333
2 0.564667 0.304333 0.117333 0.114
2 0.382667 0.323 0.034667 0.042
2 0.345333 0.362667 0.109333 0.102667
2 0.451667 0.351667 0.120667 0.094
2 0.616 0.386333 0.096 0.104667
1 0.584333 0.463667 0.024667 0.034
1 0.693667 0.370333 0.022 0.019333
2 0.522 0.417 0.085333 0.096667
2 0.421667 0.454667 0.104667 0.101333
2 0.647 0.505 0.07 0.068667
2 0.262 0.405667 0.064 0.056667
2 0.232333 0.498 0.036667 0.044
2 0.303333 0.455 0.124 0.111333
2 0.311 0.521 0.046 0.035333
2 0.074667 0.492 0.110667 0.076
2 0.078333 0.551667 0.071333 0.044667
2 0.049 0.618 0.078 0.085333
2 0.236333 0.545 0.094 0.052667
2 0.207 0.583 0.071333 0.059333
2 0.158 0.556 0.046667 0.053333
2 0.140333 0.624333 0.123333 0.107333
2 0.198333 0.652333 0.05 0.05
2 0.121333 0.717667 0.158667 0.123333
2 0.153333 0.778 0.045333 0.042667
2 0.494667 0.511667 0.098667 0.092667
2 0.481667 0.591333 0.084667 0.08
2 0.354 0.61 0.136 0.122667
2 0.452 0.687 0.052 0.055333
2 0.513667 0.676667 0.071333 0.084
1 0.562333 0.708667 0.035333 0.038667
2 0.598667 0.693333 0.044 0.052
1 0.621 0.594 0.042 0.04
2 0.256 0.667667 0.061333 0.07
2 0.337333 0.702333 0.112 0.080667
2 0.257 0.729667 0.05 0.052667
2 0.422 0.747667 0.068 0.074
2 0.484 0.753 0.058667 0.054
1 0.538 0.783 0.041333 0.036667
2 0.142 0.848667 0.102667 0.101333
2 0.051 0.888 0.068667 0.056
2 0.052333 0.942 0.058 0.052
2 0.113333 0.930333 0.042667 0.051333
2 0.217667 0.902667 0.09 0.105333
3 0.280667 0.858667 0.078667 0.082667
3 0.323667 0.843333 0.038 0.04
2 0.315667 0.781333 0.134 0.082667
2 0.398 0.833333 0.12 0.105333
2 0.425333 0.918 0.070667 0.064
0 0.678333 0.880667 0.211333 0.218667
0 0.850667 0.841333 0.158667 0.152
0 0.953 0.899 0.094 0.111333
0 0.908 0.743667 0.184 0.200667
0 0.727333 0.660667 0.193333 0.197333
0 0.773333 0.542 0.18 0.158667
0 0.951333 0.500667 0.097333 0.141333
0 0.880667 0.354667 0.161333 0.161333
0 0.206 0.728 0.052 0.042667
0 0.399 0.522 0.047333 0.04
0 0.127667 0.507667 0.071333 0.060667
0 0.253 0.271 0.052667 0.052667
0 0.180333 0.203 0.058 0.054
0 0.372333 0.081333 0.038 0.050667
0 0.07 0.145333 0.038667 0.050667
