3 0.9103330000000001 0.904 0.062 0.062667
3 0.916333 0.8296669999999999 0.058 0.059333
3 0.978 0.714 0.028 0.028
3 0.79 0.978667 0.033333 0.038667
3 0.766667 0.794667 0.068 0.052
3 0.786667 0.732667 0.078667 0.069333
3 0.792333 0.693667 0.051333 0.038
3 0.683667 0.7913330000000001 0.039333 0.037333
3 0.6743330000000001 0.719333 0.052667 0.058667
3 0.623333 0.743 0.074667 0.060667
3 0.718333 0.690333 0.055333 0.05
3 0.939667 0.696333 0.039333 0.03
3 0.92 0.632 0.1 0.108
3 0.827333 0.624 0.098667 0.118667
3 0.747 0.609 0.054 0.05
3 0.843667 0.5349999999999999 0.082 0.063333
3 0.928667 0.5449999999999999 0.036 0.031333
3 0.937 0.517667 0.046 0.035333
3 0.749667 0.5389999999999999 0.060667 0.064667
3 0.665667 0.572333 0.106 0.154
3 0.642333 0.662667 0.066 0.057333
3 0.621333 0.7010000000000001 0.024 0.023333
2 0.569 0.84 0.044667 0.050667
2 0.552667 0.892667 0.057333 0.057333
2 0.53 0.934667 0.032 0.029333
2 0.458333 0.945 0.055333 0.051333
3 0.469333 0.866667 0.062667 0.062667
2 0.388 0.892 0.058667 0.062667
2 0.372333 0.963667 0.015333 0.024667
2 0.348333 0.925667 0.018 0.019333
2 0.313333 0.908667 0.038667 0.042667
2 0.24466699999999997 0.876 0.034667 0.032
2 0.259 0.830667 0.039333 0.045333
3 0.28733299999999995 0.76 0.133333 0.133333
3 0.319333 0.676667 0.066667 0.052
3 0.4 0.640333 0.038667 0.034
3 0.33266700000000005 0.6086670000000001 0.068 0.069333
3 0.511667 0.775 0.096667 0.088667
2 0.43000000000000005 0.754667 0.044 0.033333
3 0.441333 0.718333 0.058667 0.047333
3 0.466333 0.681 0.042 0.035333
3 0.544 0.7106669999999999 0.094667 0.062667
3 0.546333 0.615667 0.152667 0.116667
3 0.5860000000000001 0.54 0.066667 0.044
2 0.42733299999999996 0.576333 0.038667 0.036667
3 0.36866699999999997 0.523667 0.068 0.058
3 0.29033299999999995 0.489 0.060667 0.064667
3 0.43866700000000003 0.500333 0.065333 0.082
3 0.5796669999999999 0.489333 0.048667 0.044
3 0.515 0.5043329999999999 0.088667 0.104667
3 0.862333 0.48966699999999996 0.066 0.039333
3 0.962 0.41533299999999995 0.046667 0.04
2 0.884333 0.425667 0.112667 0.119333
3 0.785667 0.41000000000000003 0.09 0.108
2 0.694333 0.42733299999999996 0.100667 0.112
3 0.711333 0.339333 0.034667 0.038667
3 0.6066670000000001 0.430667 0.073333 0.102667
3 0.641 0.37066699999999997 0.054 0.036
2 0.650333 0.322333 0.111333 0.074
3 0.555667 0.25633300000000003 0.128667 0.128667
3 0.472333 0.32799999999999996 0.076667 0.097333
3 0.39833300000000005 0.355 0.066 0.064667
3 0.32866700000000004 0.380667 0.061333 0.065333
3 0.262667 0.355 0.041333 0.047333
3 0.346 0.306667 0.046667 0.041333
3 0.30500000000000005 0.30500000000000005 0.015333 0.011333
3 0.289667 0.28033300000000005 0.063333 0.039333
3 0.365333 0.255 0.073333 0.062
3 0.37833300000000003 0.16300000000000003 0.068667 0.082
3 0.464333 0.21399999999999997 0.096667 0.089333
3 0.5123329999999999 0.136 0.104667 0.105333
2 0.919667 0.31033299999999997 0.104667 0.103333
2 0.806667 0.290667 0.124 0.129333
2 0.931333 0.19666700000000004 0.132 0.114667
3 0.945333 0.12933300000000003 0.048 0.033333
3 0.84 0.12433300000000003 0.134667 0.163333
2 0.683 0.18700000000000006 0.186 0.175333
2 0.692333 0.06266700000000003 0.100667 0.108
3 0.794333 0.05733299999999997 0.096667 0.109333
3 0.624333 0.06566700000000003 0.044667 0.084667
3 0.5613330000000001 0.06599999999999995 0.085333 0.096
3 0.595 0.12233300000000003 0.05 0.046
3 0.41933299999999996 0.05466700000000002 0.033333 0.048
3 0.404 0.10233300000000001 0.032 0.027333
3 0.25133300000000003 0.07933299999999999 0.069333 0.068
3 0.100333 0.088333 0.062 0.05
3 0.268 0.18633299999999997 0.162667 0.143333
3 0.11933300000000002 0.21866699999999994 0.082667 0.066667
3 0.19199999999999995 0.29200000000000004 0.117333 0.084
2 0.11299999999999999 0.269667 0.039333 0.031333
2 0.07733299999999999 0.350333 0.026667 0.040667
2 0.07233299999999998 0.39833300000000005 0.039333 0.042
3 0.17766700000000002 0.367333 0.066 0.06
3 0.15300000000000002 0.45199999999999996 0.068667 0.073333
2 0.02066699999999999 0.329333 0.041333 0.062667
3 0.20366700000000004 0.551667 0.042 0.043333
3 0.11966699999999997 0.5389999999999999 0.094 0.063333
3 0.032332999999999945 0.5860000000000001 0.060667 0.049333
2 0.10366699999999995 0.5876669999999999 0.042 0.040667
3 0.08966700000000005 0.631667 0.039333 0.040667
3 0.07566700000000004 0.6843330000000001 0.018 0.020667
3 0.16133299999999995 0.7010000000000001 0.018667 0.018
2 0.03433299999999995 0.794 0.046 0.038667
3 0.42333299999999996 0.816333 0.068 0.059333
3 0.529667 0.406 0.084667 0.093333
3 0.455333 0.424667 0.061333 0.069333
0 0.038000000000000034 0.144667 0.069333 0.076
0 0.053332999999999964 0.34366699999999994 0.034667 0.044667
0 0.01333300000000004 0.459333 0.026667 0.029333
0 0.762667 0.478333 0.046667 0.048667
0 0.6839999999999999 0.491333 0.048 0.041333
0 0.871333 0.717667 0.042667 0.042
0 0.746 0.845333 0.053333 0.050667
0 0.792 0.909 0.056 0.048667
0 0.7066669999999999 0.941667 0.050667 0.042
0 0.692333 0.979333 0.056667 0.04
3 0.34366699999999994 0.04966700000000002 0.11 0.099333
3 0.946667 0.8109999999999999 0.105333 0.139333
3 0.955333 0.922333 0.088 0.106
