3 0.932667 0.148333 0.077333 0.083333
2 0.965 0.105333 0.067333 0.104
2 0.821333 0.032 0.062667 0.057333
2 0.727 0.112 0.075333 0.088
2 0.6990000000000001 0.064333 0.052667 0.067333
2 0.788333 0.149333 0.100667 0.133333
3 0.871667 0.204333 0.100667 0.091333
1 0.870667 0.280333 0.032 0.034
1 0.906667 0.430667 0.038667 0.037333
1 0.8446670000000001 0.491 0.04 0.039333
2 0.787667 0.344 0.062 0.073333
2 0.700333 0.371667 0.120667 0.079333
1 0.632333 0.323667 0.048667 0.051333
2 0.715333 0.272333 0.121333 0.118
2 0.6603330000000001 0.186 0.091333 0.097333
2 0.6353329999999999 0.108 0.054667 0.058667
2 0.5876669999999999 0.060333 0.07 0.047333
3 0.45899999999999996 0.088 0.068667 0.073333
3 0.39133300000000004 0.099667 0.068 0.068667
1 0.341333 0.025333 0.038667 0.04
3 0.29733299999999996 0.104667 0.110667 0.142667
2 0.40533300000000005 0.162667 0.061333 0.061333
2 0.474333 0.154 0.080667 0.050667
3 0.41333299999999995 0.254667 0.048 0.053333
3 0.45699999999999996 0.226333 0.156667 0.084667
2 0.334333 0.258 0.032667 0.045333
2 0.5716669999999999 0.174667 0.087333 0.101333
2 0.572333 0.261667 0.07 0.074
3 0.525667 0.327 0.047333 0.044667
2 0.46366700000000005 0.325333 0.088667 0.106667
2 0.403 0.381 0.115333 0.114
2 0.5549999999999999 0.464667 0.071333 0.06
2 0.548667 0.386667 0.030667 0.030667
2 0.757 0.447 0.047333 0.039333
2 0.722 0.431 0.045333 0.036667
1 0.896667 0.542 0.089333 0.073333
1 0.921 0.605333 0.031333 0.033333
1 0.860333 0.593333 0.063333 0.034667
1 0.778 0.525 0.045333 0.038
1 0.766 0.569667 0.062667 0.05
2 0.723333 0.561 0.045333 0.048667
2 0.674667 0.49 0.156 0.141333
2 0.593 0.607667 0.064667 0.064667
2 0.669333 0.585333 0.048 0.033333
1 0.779333 0.641333 0.034667 0.048
2 0.837333 0.640333 0.052 0.060667
3 0.45866700000000005 0.460333 0.024 0.023333
3 0.396667 0.47 0.044 0.048
3 0.30000000000000004 0.470667 0.072 0.056
3 0.322333 0.575667 0.112667 0.124667
3 0.259667 0.608667 0.042 0.050667
3 0.446333 0.527667 0.126 0.106
2 0.284667 0.681333 0.065333 0.073333
2 0.345333 0.646333 0.06 0.046
3 0.41633299999999995 0.606667 0.062 0.054667
3 0.435667 0.655667 0.140667 0.114
2 0.44566700000000004 0.753667 0.078 0.09
2 0.590333 0.658 0.036667 0.034667
2 0.55 0.698333 0.098667 0.106
3 0.624667 0.698 0.054667 0.061333
2 0.725 0.681 0.075333 0.079333
3 0.8049999999999999 0.709667 0.083333 0.064667
2 0.886 0.709667 0.081333 0.092667
1 0.904 0.802 0.069333 0.052
1 0.969 0.792333 0.055333 0.042
2 0.949667 0.952667 0.063333 0.044
2 0.980667 0.848667 0.036 0.045333
2 0.929667 0.887 0.126 0.112667
2 0.741333 0.774667 0.069333 0.064
2 0.764 0.865333 0.081333 0.105333
2 0.782667 0.937667 0.030667 0.046
2 0.599 0.852667 0.044667 0.049333
2 0.6679999999999999 0.904667 0.116 0.149333
3 0.521333 0.908667 0.018667 0.014667
2 0.5796669999999999 0.78 0.075333 0.066667
2 0.6599999999999999 0.782333 0.093333 0.100667
2 0.467333 0.824667 0.028 0.028
2 0.46366700000000005 0.863333 0.067333 0.064
1 0.40933299999999995 0.859 0.045333 0.043333
1 0.349333 0.892333 0.024 0.036667
1 0.434667 0.943667 0.054667 0.059333
2 0.38933300000000004 0.803333 0.062667 0.062667
2 0.31033299999999997 0.748 0.083333 0.068
3 0.31799999999999995 0.821333 0.088 0.084
3 0.28 0.924667 0.073333 0.074667
2 0.23466699999999996 0.943 0.048 0.048667
3 0.20999999999999996 0.887667 0.085333 0.071333
2 0.216333 0.97 0.059333 0.06
3 0.140667 0.943333 0.081333 0.078667
3 0.06699999999999995 0.910333 0.094 0.099333
3 0.05700000000000005 0.807333 0.094 0.078667
3 0.22499999999999998 0.804333 0.09 0.086
3 0.135 0.841667 0.082 0.071333
3 0.136 0.747333 0.133333 0.106667
2 0.19599999999999995 0.678333 0.036 0.040667
3 0.04133299999999995 0.687667 0.082667 0.098
2 0.09666699999999995 0.598 0.048 0.050667
2 0.020000000000000018 0.609 0.02 0.040667
3 0.21499999999999997 0.525 0.098 0.115333
3 0.13433300000000004 0.525 0.07 0.082
3 0.12833300000000003 0.458333 0.086 0.068667
3 0.07433299999999998 0.429 0.086 0.063333
3 0.10899999999999999 0.376667 0.068667 0.064
3 0.19433299999999998 0.437333 0.048667 0.053333
3 0.23766699999999996 0.377667 0.152667 0.134
3 0.15733299999999995 0.337 0.092 0.116667
3 0.237 0.280333 0.054 0.059333
3 0.16600000000000004 0.266333 0.052 0.039333
3 0.10899999999999999 0.291667 0.040667 0.059333
3 0.06899999999999995 0.283333 0.051333 0.056
3 0.11066699999999996 0.219333 0.065333 0.072
3 0.062000000000000055 0.21 0.06 0.076
3 0.03866700000000001 0.348333 0.074667 0.075333
3 0.212333 0.180667 0.099333 0.125333
2 0.19633299999999998 0.060667 0.106 0.112
3 0.06899999999999995 0.067667 0.044667 0.055333
3 0.030000000000000027 0.050667 0.049333 0.062667
0 0.257667 0.834333 0.058 0.064667
0 0.381667 0.969333 0.05 0.046667
0 0.509333 0.926667 0.052 0.034667
0 0.590333 0.924333 0.084667 0.068667
0 0.7296670000000001 0.957667 0.107333 0.084667
0 0.230333 0.732667 0.048667 0.046667
0 0.246 0.711333 0.034667 0.032
0 0.5263329999999999 0.614333 0.051333 0.048667
0 0.053332999999999964 0.594333 0.041333 0.056667
0 0.852333 0.438 0.083333 0.078667
0 0.796333 0.266 0.043333 0.056
0 0.14233300000000004 0.172 0.035333 0.041333
0 0.878667 0.063333 0.049333 0.046667
0 0.764333 0.062 0.05 0.041333
0 0.521667 0.107 0.059333 0.046
0 0.135 0.116667 0.043333 0.042667
0 0.11599999999999999 0.071 0.045333 0.042
0 0.685 0.021333 0.062 0.036
2 0.960667 0.694667 0.076 0.124
2 0.971 0.586333 0.056667 0.078
