2 0.069667 0.72 0.108667 0.077333
2 0.085667 0.63 0.087333 0.092
3 0.165 0.728333 0.084667 0.091333
2 0.163667 0.609667 0.092667 0.131333
2 0.247 0.646667 0.107333 0.1
3 0.245667 0.721 0.054 0.048667
2 0.245667 0.555667 0.087333 0.084667
2 0.081 0.465333 0.106 0.132
2 0.192667 0.471333 0.104 0.097333
2 0.083 0.367333 0.074 0.056
2 0.062333 0.270667 0.120667 0.134667
2 0.076 0.12933300000000003 0.137333 0.16
2 0.202 0.20499999999999996 0.161333 0.111333
2 0.198333 0.29500000000000004 0.159333 0.094
2 0.185667 0.37933300000000003 0.146 0.104
2 0.243333 0.11933300000000002 0.161333 0.162667
2 0.302667 0.34299999999999997 0.06 0.051333
2 0.384 0.341333 0.066667 0.068
2 0.331667 0.27033300000000005 0.09 0.078
2 0.343 0.17300000000000004 0.079333 0.078
2 0.44 0.30900000000000005 0.052 0.047333
2 0.426667 0.224333 0.202667 0.163333
1 0.441333 0.11099999999999999 0.098667 0.071333
2 0.539333 0.13333300000000003 0.12 0.176
2 0.637667 0.144667 0.088667 0.134667
2 0.729667 0.09166700000000005 0.078 0.064667
2 0.841333 0.10533300000000001 0.101333 0.106667
2 0.835667 0.28033300000000005 0.079333 0.054
2 0.833 0.206333 0.092667 0.088667
2 0.917 0.19433299999999998 0.091333 0.123333
2 0.925333 0.087333 0.097333 0.098667
2 0.727667 0.16733299999999995 0.123333 0.094667
2 0.712 0.24866699999999997 0.137333 0.112
2 0.690667 0.34466699999999995 0.074667 0.098667
2 0.617667 0.33399999999999996 0.084667 0.08
2 0.507333 0.32299999999999995 0.138667 0.114
2 0.520667 0.42933299999999996 0.170667 0.106667
2 0.619 0.544667 0.084667 0.134667
2 0.501667 0.531333 0.142 0.094667
2 0.530667 0.614 0.082667 0.093333
2 0.437333 0.653667 0.098667 0.122
2 0.352667 0.757 0.06 0.051333
2 0.343333 0.681667 0.077333 0.079333
2 0.338 0.604333 0.094667 0.082
2 0.349 0.49166699999999997 0.139333 0.140667
2 0.394333 0.44099999999999995 0.076667 0.086
0 0.943333 0.851333 0.113333 0.141333
0 0.963 0.687667 0.074 0.146
0 0.947 0.520667 0.106 0.172
0 0.909 0.359 0.103333 0.119333
0 0.787 0.389667 0.158 0.191333
0 0.844 0.495 0.170667 0.175333
0 0.89 0.685 0.116 0.186
0 0.876333 0.9299999999999999 0.084667 0.104
0 0.787333 0.8546670000000001 0.178667 0.152
0 0.781667 0.7256670000000001 0.151333 0.183333
0 0.699333 0.582333 0.141333 0.134
0 0.691 0.698 0.127333 0.134667
0 0.599333 0.807333 0.185333 0.244
0 0.455 0.875667 0.175333 0.238
0 0.282 0.877667 0.189333 0.242
0 0.146667 0.884333 0.185333 0.186
0 0.076 0.870333 0.149333 0.258
0 0.694 0.43500000000000005 0.061333 0.07
2 0.820667 0.031000000000000028 0.096 0.060667
2 0.725 0.03533299999999995 0.098 0.070667
2 0.622333 0.04933299999999996 0.116667 0.098667
2 0.362333 0.07133299999999998 0.119333 0.142667
0 0.956 0.952667 0.081333 0.068
