3 0.938 0.09 0.085333 0.112
2 0.946333 0.166333 0.038 0.044667
2 0.879333 0.152667 0.053333 0.057333
2 0.8240000000000001 0.13 0.118667 0.117333
2 0.711667 0.101667 0.102 0.076667
2 0.6970000000000001 0.182 0.075333 0.094667
2 0.648 0.154667 0.038667 0.052
2 0.601667 0.085333 0.062 0.065333
2 0.581333 0.156667 0.076 0.089333
2 0.513333 0.064667 0.056 0.054667
2 0.626 0.031 0.094667 0.059333
2 0.890667 0.216 0.064 0.062667
2 0.9143330000000001 0.292667 0.096667 0.081333
2 0.7969999999999999 0.269667 0.128667 0.154
2 0.827667 0.384 0.058 0.064
2 0.889333 0.385 0.038667 0.047333
2 0.953333 0.386667 0.092 0.098667
2 0.939333 0.472 0.057333 0.069333
2 0.884 0.487333 0.057333 0.06
2 0.8566670000000001 0.554667 0.052 0.053333
2 0.943667 0.559667 0.098 0.080667
2 0.918333 0.634667 0.044667 0.049333
3 0.956333 0.717 0.063333 0.062
2 0.838333 0.626 0.047333 0.044
2 0.7743329999999999 0.677667 0.054 0.038
2 0.784 0.619333 0.06 0.065333
2 0.692333 0.749333 0.099333 0.090667
2 0.6799999999999999 0.680667 0.052 0.045333
2 0.704333 0.615 0.054 0.078
2 0.7010000000000001 0.523333 0.076667 0.097333
2 0.748667 0.524 0.037333 0.034667
2 0.508667 0.32 0.033333 0.044
2 0.653667 0.361667 0.03 0.023333
2 0.309667 0.295667 0.039333 0.051333
2 0.40233300000000005 0.305 0.062 0.075333
2 0.723 0.898667 0.046 0.045333
2 0.7703329999999999 0.826333 0.078 0.099333
2 0.8280000000000001 0.842667 0.034667 0.033333
2 0.883 0.905 0.088667 0.099333
2 0.944333 0.876333 0.05 0.047333
2 0.817667 0.468 0.080667 0.089333
2 0.756 0.454 0.029333 0.028
0 0.08533299999999999 0.824 0.124 0.136
0 0.10499999999999998 0.695 0.092667 0.095333
0 0.050000000000000044 0.570667 0.069333 0.164
0 0.118 0.400333 0.182667 0.216667
0 0.346 0.058667 0.12 0.116
0 0.252667 0.155333 0.233333 0.24
0 0.251667 0.417 0.059333 0.063333
0 0.14600000000000002 0.579 0.148 0.142
0 0.088333 0.948 0.096667 0.086667
0 0.24266699999999997 0.877333 0.146667 0.141333
0 0.29900000000000004 0.738667 0.162 0.144
0 0.17900000000000005 0.712333 0.126 0.135333
0 0.256667 0.62 0.088 0.076
0 0.39133300000000004 0.833 0.152 0.163333
0 0.451333 0.919 0.154667 0.162
0 0.630667 0.853333 0.112 0.142667
0 0.425667 0.634 0.09 0.093333
0 0.514 0.652 0.126667 0.112
0 0.6166670000000001 0.626667 0.118667 0.152
0 0.610333 0.499 0.148667 0.196667
0 0.482 0.511333 0.165333 0.182667
0 0.574667 0.226667 0.036 0.04
0 0.8993329999999999 0.797667 0.050667 0.046
0 0.6683330000000001 0.244333 0.032667 0.038
0 0.758 0.549667 0.026667 0.024667
0 0.771 0.569667 0.022 0.028667
2 0.525 0.017667 0.075333 0.034
2 0.744333 0.036667 0.123333 0.070667
2 0.978667 0.235 0.04 0.092667
3 0.967333 0.650667 0.064 0.105333
3 0.954 0.795333 0.088 0.113333
2 0.967333 0.961 0.064 0.074
