2 0.8336669999999999 0.041333 0.124667 0.081333
2 0.888667 0.121333 0.093333 0.072
2 0.782 0.097667 0.121333 0.078
2 0.758333 0.199 0.126 0.136667
2 0.890333 0.187333 0.128667 0.070667
2 0.852 0.246667 0.113333 0.101333
3 0.944333 0.246 0.074 0.069333
2 0.655 0.102 0.108667 0.097333
2 0.546 0.106 0.106667 0.110667
2 0.632 0.205 0.137333 0.115333
2 0.323333 0.056 0.104 0.108
2 0.24033300000000002 0.054 0.082 0.098667
2 0.139 0.053333 0.084667 0.102667
2 0.07333299999999998 0.161333 0.101333 0.069333
2 0.32899999999999996 0.167667 0.126 0.140667
2 0.21699999999999997 0.164333 0.116667 0.116667
2 0.11299999999999999 0.226 0.152667 0.093333
2 0.03866700000000001 0.315667 0.073333 0.108667
2 0.13233300000000003 0.301667 0.114 0.116667
2 0.23533300000000001 0.285667 0.092 0.087333
2 0.32699999999999996 0.292333 0.103333 0.119333
2 0.42400000000000004 0.265 0.102667 0.120667
2 0.5083329999999999 0.202333 0.092667 0.076667
2 0.527 0.281 0.103333 0.094
2 0.6313329999999999 0.314333 0.092 0.094
1 0.7166669999999999 0.346667 0.090667 0.096
2 0.579333 0.361 0.068 0.087333
2 0.5123329999999999 0.401 0.09 0.156667
2 0.40700000000000003 0.398333 0.128667 0.143333
2 0.359 0.451667 0.080667 0.080667
2 0.25533300000000003 0.397667 0.14 0.147333
2 0.12833300000000003 0.42 0.116667 0.128
2 0.16400000000000003 0.534667 0.104 0.104
2 0.26733300000000004 0.492 0.113333 0.077333
2 0.42733299999999996 0.519333 0.130667 0.106667
2 0.27433300000000005 0.572667 0.108667 0.094667
2 0.168667 0.634333 0.128 0.107333
1 0.734 0.457333 0.077333 0.097333
2 0.653 0.448333 0.087333 0.112667
2 0.575 0.456 0.076667 0.094667
1 0.825 0.439 0.112667 0.119333
2 0.955 0.310333 0.088667 0.080667
2 0.862333 0.325333 0.11 0.094667
2 0.915333 0.381 0.090667 0.091333
2 0.975667 0.392 0.047333 0.08
2 0.953333 0.474333 0.092 0.091333
2 0.843667 0.524 0.116667 0.102667
2 0.941667 0.56 0.112667 0.072
2 0.945333 0.616667 0.105333 0.068
2 0.781333 0.594 0.133333 0.132
2 0.833333 0.652333 0.118667 0.112667
2 0.943667 0.700333 0.111333 0.122
1 0.838 0.727 0.058667 0.047333
1 0.838333 0.795 0.195333 0.111333
1 0.7376670000000001 0.729 0.087333 0.082
2 0.9053329999999999 0.878 0.065333 0.072
2 0.962 0.925 0.066667 0.118
2 0.9123330000000001 0.958667 0.076667 0.082667
2 0.687 0.806333 0.114 0.182
2 0.810333 0.895667 0.122 0.115333
2 0.601667 0.861333 0.082 0.097333
2 0.638667 0.624 0.129333 0.108
2 0.563333 0.669 0.102667 0.09
2 0.576667 0.762667 0.098667 0.097333
2 0.501667 0.805333 0.115333 0.145333
1 0.489333 0.926333 0.136 0.112667
1 0.41033299999999995 0.865 0.080667 0.107333
2 0.46366700000000005 0.685667 0.084667 0.09
2 0.414667 0.768333 0.089333 0.091333
1 0.38333300000000003 0.686 0.085333 0.104
2 0.348 0.649 0.097333 0.122
2 0.26233300000000004 0.669 0.079333 0.115333
2 0.315333 0.736 0.034667 0.037333
2 0.340333 0.941333 0.11 0.101333
1 0.317333 0.842 0.130667 0.128
2 0.21599999999999997 0.795333 0.156 0.14
2 0.11599999999999999 0.777 0.066667 0.114
1 0.10766699999999996 0.913333 0.158 0.137333
2 0.241 0.920667 0.080667 0.104
0 0.44099999999999995 0.149667 0.120667 0.115333
2 0.644333 0.959333 0.088667 0.08
2 0.731 0.954 0.078 0.090667
2 0.972 0.796 0.054667 0.08
3 0.522 0.027 0.073333 0.052667
2 0.43400000000000005 0.052333 0.150667 0.103333
2 0.051000000000000045 0.045333 0.100667 0.089333
2 0.059667000000000026 0.647667 0.119333 0.215333
2 0.050000000000000044 0.821667 0.1 0.126
