2 0.166333 0.041333 0.124667 0.081333
2 0.111333 0.121333 0.093333 0.072
2 0.218 0.097667 0.121333 0.078
2 0.241667 0.199 0.126 0.136667
2 0.109667 0.187333 0.128667 0.070667
2 0.148 0.246667 0.113333 0.101333
3 0.055667 0.246 0.074 0.069333
2 0.345 0.102 0.108667 0.097333
2 0.454 0.106 0.106667 0.110667
2 0.368 0.205 0.137333 0.115333
2 0.676667 0.056 0.104 0.108
2 0.759667 0.054 0.082 0.098667
2 0.861 0.053333 0.084667 0.102667
2 0.926667 0.161333 0.101333 0.069333
2 0.671 0.167667 0.126 0.140667
2 0.783 0.164333 0.116667 0.116667
2 0.887 0.226 0.152667 0.093333
2 0.961333 0.315667 0.073333 0.108667
2 0.867667 0.301667 0.114 0.116667
2 0.764667 0.285667 0.092 0.087333
2 0.673 0.292333 0.103333 0.119333
2 0.576 0.265 0.102667 0.120667
2 0.491667 0.202333 0.092667 0.076667
2 0.473 0.281 0.103333 0.094
2 0.368667 0.314333 0.092 0.094
1 0.283333 0.346667 0.090667 0.096
2 0.420667 0.361 0.068 0.087333
2 0.487667 0.401 0.09 0.156667
2 0.593 0.398333 0.128667 0.143333
2 0.641 0.451667 0.080667 0.080667
2 0.744667 0.397667 0.14 0.147333
2 0.871667 0.42 0.116667 0.128
2 0.836 0.534667 0.104 0.104
2 0.732667 0.492 0.113333 0.077333
2 0.572667 0.519333 0.130667 0.106667
2 0.725667 0.572667 0.108667 0.094667
2 0.831333 0.634333 0.128 0.107333
1 0.266 0.457333 0.077333 0.097333
2 0.347 0.448333 0.087333 0.112667
2 0.425 0.456 0.076667 0.094667
1 0.175 0.439 0.112667 0.119333
2 0.045 0.310333 0.088667 0.080667
2 0.137667 0.325333 0.11 0.094667
2 0.084667 0.381 0.090667 0.091333
2 0.024333 0.392 0.047333 0.08
2 0.046667 0.474333 0.092 0.091333
2 0.156333 0.524 0.116667 0.102667
2 0.058333 0.56 0.112667 0.072
2 0.054667 0.616667 0.105333 0.068
2 0.218667 0.594 0.133333 0.132
2 0.166667 0.652333 0.118667 0.112667
2 0.056333 0.700333 0.111333 0.122
1 0.162 0.727 0.058667 0.047333
1 0.161667 0.795 0.195333 0.111333
1 0.262333 0.729 0.087333 0.082
2 0.094667 0.878 0.065333 0.072
2 0.038 0.925 0.066667 0.118
2 0.087667 0.958667 0.076667 0.082667
2 0.313 0.806333 0.114 0.182
2 0.189667 0.895667 0.122 0.115333
2 0.398333 0.861333 0.082 0.097333
2 0.361333 0.624 0.129333 0.108
2 0.436667 0.669 0.102667 0.09
2 0.423333 0.762667 0.098667 0.097333
2 0.498333 0.805333 0.115333 0.145333
1 0.510667 0.926333 0.136 0.112667
1 0.589667 0.865 0.080667 0.107333
2 0.536333 0.685667 0.084667 0.09
2 0.585333 0.768333 0.089333 0.091333
1 0.616667 0.686 0.085333 0.104
2 0.652 0.649 0.097333 0.122
2 0.737667 0.669 0.079333 0.115333
2 0.684667 0.736 0.034667 0.037333
2 0.659667 0.941333 0.11 0.101333
1 0.682667 0.842 0.130667 0.128
2 0.784 0.795333 0.156 0.14
2 0.884 0.777 0.066667 0.114
1 0.892333 0.913333 0.158 0.137333
2 0.759 0.920667 0.080667 0.104
0 0.559 0.149667 0.120667 0.115333
2 0.355667 0.959333 0.088667 0.08
2 0.269 0.954 0.078 0.090667
2 0.028 0.796 0.054667 0.08
3 0.478 0.027 0.073333 0.052667
2 0.566 0.052333 0.150667 0.103333
2 0.949 0.045333 0.100667 0.089333
2 0.940333 0.647667 0.119333 0.215333
2 0.95 0.821667 0.1 0.126
