2 0.159667 0.063 0.079333 0.078
2 0.065333 0.121 0.076 0.055333
2 0.153 0.123 0.056667 0.051333
2 0.037667 0.192667 0.072667 0.090667
2 0.115333 0.203667 0.126667 0.143333
2 0.212 0.166333 0.066667 0.062
2 0.238667 0.093 0.096 0.112667
2 0.275 0.028333 0.043333 0.042
2 0.179 0.263 0.143333 0.127333
2 0.080333 0.386667 0.048667 0.061333
2 0.071667 0.448 0.039333 0.032
2 0.048667 0.495667 0.048 0.048667
2 0.03 0.539333 0.056 0.061333
2 0.095 0.583 0.083333 0.071333
2 0.079333 0.644667 0.068 0.066667
2 0.108333 0.505 0.087333 0.087333
2 0.139667 0.426 0.080667 0.062667
2 0.155 0.357333 0.088667 0.086667
2 0.265333 0.329667 0.129333 0.127333
2 0.303 0.22 0.11 0.094667
2 0.319333 0.135667 0.090667 0.079333
2 0.241667 0.417667 0.074 0.074
2 0.212667 0.495333 0.109333 0.101333
2 0.199333 0.588 0.141333 0.108
2 0.168667 0.669333 0.1 0.093333
2 0.064 0.724667 0.088 0.104
1 0.149333 0.762 0.108 0.101333
2 0.253667 0.756 0.108667 0.108
1 0.143 0.826333 0.071333 0.051333
1 0.125 0.867667 0.054 0.048667
2 0.121667 0.946667 0.078 0.096
1 0.201333 0.930333 0.065333 0.046
2 0.225333 0.869333 0.134667 0.137333
2 0.359 0.727333 0.116667 0.129333
1 0.324333 0.834 0.078 0.097333
2 0.293667 0.657333 0.139333 0.105333
2 0.305333 0.581 0.068 0.058
2 0.341667 0.517 0.146 0.114
2 0.359 0.417667 0.15 0.118
2 0.453667 0.447667 0.052667 0.060667
2 0.479 0.356 0.076667 0.074667
2 0.497333 0.285667 0.062667 0.054
2 0.400667 0.299667 0.102667 0.131333
2 0.432667 0.211333 0.102667 0.092
2 0.344 0.054 0.1 0.098667
2 0.431333 0.045667 0.077333 0.076667
2 0.456333 0.147 0.116667 0.143333
2 0.544667 0.134 0.06 0.069333
2 0.554 0.049 0.134667 0.096667
2 0.582333 0.317667 0.083333 0.087333
2 0.620667 0.246 0.070667 0.069333
2 0.640333 0.133667 0.11 0.119333
2 0.738333 0.132 0.094 0.1
2 0.807 0.088333 0.079333 0.087333
2 0.903333 0.04 0.112 0.078667
2 0.967667 0.079 0.064667 0.066
2 0.917333 0.132333 0.089333 0.094
3 0.926333 0.189 0.051333 0.052667
2 0.925 0.269 0.043333 0.051333
2 0.853 0.273333 0.09 0.093333
2 0.808333 0.179667 0.11 0.091333
2 0.764667 0.257333 0.077333 0.086667
2 0.703 0.211 0.087333 0.09
2 0.648 0.348 0.053333 0.068
2 0.732 0.356 0.124 0.161333
2 0.829667 0.356 0.080667 0.089333
2 0.907667 0.373333 0.075333 0.073333
2 0.605667 0.410333 0.092667 0.088667
2 0.539 0.451667 0.082 0.072667
2 0.607 0.483 0.082 0.09
2 0.688 0.47 0.072 0.072
2 0.787333 0.459333 0.093333 0.101333
2 0.885333 0.465667 0.097333 0.127333
2 0.967667 0.442333 0.064667 0.072667
2 0.953333 0.514333 0.058667 0.060667
2 0.923 0.586 0.122 0.096
2 0.894 0.656667 0.069333 0.076
2 0.823 0.638 0.094 0.094667
2 0.845 0.559333 0.055333 0.068
2 0.748667 0.556667 0.129333 0.112
2 0.67 0.555 0.066667 0.084667
2 0.597333 0.558 0.070667 0.078667
2 0.488333 0.535 0.152667 0.142
2 0.464 0.644333 0.170667 0.123333
2 0.467333 0.728 0.089333 0.072
2 0.574333 0.640667 0.07 0.069333
2 0.647 0.642667 0.112667 0.090667
2 0.734 0.642667 0.072 0.078667
2 0.969667 0.657333 0.051333 0.049333
2 0.938333 0.801 0.047333 0.054
2 0.903667 0.967667 0.055333 0.056667
2 0.913 0.884333 0.044667 0.054
2 0.864667 0.815 0.08 0.107333
2 0.779 0.809667 0.09 0.087333
2 0.783333 0.720667 0.112 0.101333
2 0.758 0.898333 0.1 0.131333
2 0.627 0.733333 0.155333 0.101333
2 0.607667 0.799667 0.088667 0.074
2 0.668667 0.906 0.094667 0.141333
1 0.567333 0.897 0.138667 0.11
2 0.516 0.807333 0.082667 0.113333
2 0.418333 0.828667 0.120667 0.129333
1 0.378 0.935333 0.129333 0.094667
2 0.849333 0.916333 0.101333 0.102
0 0.537333 0.246667 0.072 0.058667
2 0.029 0.948 0.056667 0.084
2 0.047667 0.899333 0.094 0.112
2 0.055 0.804333 0.108667 0.131333
2 0.028667 0.614333 0.054667 0.07
2 0.074667 0.047333 0.117333 0.093333
2 0.696 0.04 0.136 0.078667
2 0.950333 0.723333 0.099333 0.109333
2 0.278 0.967333 0.12 0.065333
2 0.487 0.940333 0.142 0.119333
2 0.568333 0.974 0.084667 0.052
2 0.950333 0.921333 0.098 0.130667
2 0.745333 0.967 0.112 0.066
2 0.967333 0.366667 0.065333 0.093333
2 0.809333 0.026 0.06 0.050667
