3 0.949333 0.853333 0.038667 0.037333
2 0.755 0.908 0.080667 0.097333
2 0.875 0.842333 0.046 0.05
2 0.877 0.897667 0.142 0.11
2 0.775 0.8069999999999999 0.074 0.084667
2 0.738667 0.762667 0.034667 0.029333
2 0.5700000000000001 0.964 0.044 0.04
2 0.521 0.917667 0.054 0.066
2 0.453333 0.886667 0.041333 0.034667
2 0.442333 0.966333 0.03 0.036667
2 0.48666699999999996 0.809333 0.064 0.064
2 0.546 0.8506670000000001 0.073333 0.066667
2 0.623333 0.857333 0.062667 0.054667
2 0.632 0.796 0.032 0.032
2 0.646667 0.752667 0.028 0.030667
2 0.573 0.798 0.039333 0.036
2 0.572333 0.748 0.043333 0.038667
2 0.505667 0.744333 0.048667 0.047333
2 0.5263329999999999 0.6619999999999999 0.048667 0.044
3 0.616 0.711333 0.044 0.04
2 0.5946670000000001 0.6663330000000001 0.068 0.060667
3 0.62 0.586333 0.072 0.076667
3 0.6803330000000001 0.634333 0.054 0.05
3 0.750667 0.695667 0.077333 0.080667
2 0.893667 0.720667 0.055333 0.066667
3 0.925 0.6453329999999999 0.064667 0.069333
2 0.857 0.632333 0.084667 0.084667
3 0.783 0.631667 0.051333 0.052667
3 0.7130000000000001 0.5593330000000001 0.091333 0.074667
3 0.669333 0.509333 0.068 0.058667
3 0.799333 0.550333 0.061333 0.048667
2 0.936333 0.580667 0.054 0.04
2 0.965333 0.471333 0.062667 0.068
2 0.752667 0.481 0.076 0.059333
2 0.925667 0.37933300000000003 0.07 0.090667
2 0.841 0.403 0.080667 0.074
2 0.734 0.42533299999999996 0.1 0.06
2 0.746333 0.383667 0.058 0.031333
2 0.755 0.345 0.078 0.054
2 0.861 0.320333 0.107333 0.088667
2 0.958333 0.290667 0.064667 0.068
2 0.902 0.24833300000000003 0.064 0.060667
2 0.8109999999999999 0.19199999999999995 0.076667 0.096
3 0.770667 0.272667 0.032 0.032
2 0.623667 0.34566699999999995 0.048667 0.047333
2 0.702333 0.31000000000000005 0.047333 0.045333
2 0.918667 0.17900000000000005 0.097333 0.080667
2 0.95 0.087333 0.096 0.094667
3 0.865333 0.047667000000000015 0.065333 0.059333
2 0.578667 0.286667 0.033333 0.034667
3 0.6493329999999999 0.24333300000000002 0.092 0.098667
3 0.6603330000000001 0.159667 0.072667 0.083333
3 0.684667 0.08499999999999996 0.070667 0.059333
2 0.625667 0.06133299999999997 0.052667 0.06
2 0.744667 0.144667 0.096 0.134667
2 0.7833330000000001 0.060667000000000026 0.073333 0.072
2 0.431667 0.29633299999999996 0.084667 0.079333
2 0.521667 0.30533299999999997 0.086 0.069333
2 0.501 0.26733300000000004 0.05 0.066667
3 0.5820000000000001 0.22466699999999995 0.04 0.066667
3 0.538667 0.21966699999999995 0.034667 0.062
3 0.507667 0.21599999999999997 0.024667 0.030667
2 0.597333 0.133 0.042667 0.072667
3 0.546333 0.13433300000000004 0.055333 0.106
2 0.459333 0.11266699999999996 0.1 0.129333
2 0.36666699999999997 0.09066700000000005 0.090667 0.137333
2 0.290667 0.10433300000000001 0.066667 0.074
2 0.355 0.18566700000000003 0.042 0.039333
3 0.291667 0.17666700000000002 0.076667 0.068
3 0.44799999999999995 0.22266699999999995 0.077333 0.065333
2 0.356333 0.27033300000000005 0.088667 0.094
3 0.27033300000000005 0.32866700000000004 0.05 0.041333
3 0.273667 0.274 0.082 0.070667
2 0.22766699999999995 0.06999999999999995 0.038 0.065333
2 0.19166700000000003 0.06633299999999998 0.043333 0.075333
3 0.05266700000000002 0.04266700000000001 0.06 0.049333
2 0.031667 0.088333 0.063333 0.067333
2 0.17266700000000001 0.13633300000000004 0.1 0.095333
3 0.08533299999999999 0.18899999999999995 0.074667 0.056667
3 0.05066700000000002 0.16333299999999995 0.064 0.058667
2 0.09999999999999998 0.139 0.048 0.054
3 0.09366699999999994 0.09199999999999997 0.07 0.054667
2 0.05266700000000002 0.23933300000000002 0.062667 0.057333
2 0.144667 0.42800000000000005 0.034667 0.032
2 0.159667 0.365 0.059333 0.042
3 0.11099999999999999 0.370333 0.051333 0.047333
3 0.13033300000000003 0.29000000000000004 0.115333 0.097333
3 0.5453330000000001 0.388667 0.069333 0.064
3 0.49466699999999997 0.372 0.032 0.041333
2 0.509 0.46466700000000005 0.058 0.061333
2 0.40533300000000005 0.40800000000000003 0.065333 0.061333
2 0.420667 0.361333 0.04 0.042667
2 0.5083329999999999 0.539667 0.046 0.052667
2 0.456333 0.45666700000000005 0.024667 0.030667
2 0.45199999999999996 0.517667 0.077333 0.075333
3 0.375 0.47866699999999995 0.062 0.056
3 0.326333 0.419667 0.084667 0.074
3 0.24033300000000002 0.41233299999999995 0.092667 0.052667
3 0.22566699999999995 0.469 0.078 0.060667
2 0.284667 0.499 0.088 0.082
3 0.11733300000000002 0.49866699999999997 0.050667 0.062667
3 0.04600000000000004 0.512667 0.092 0.093333
3 0.440333 0.594 0.092667 0.077333
3 0.402667 0.646667 0.076 0.061333
2 0.315333 0.625333 0.032 0.026667
3 0.34666699999999995 0.5453330000000001 0.064 0.058667
2 0.19299999999999995 0.544667 0.11 0.090667
3 0.264667 0.5836669999999999 0.061333 0.064667
2 0.18566700000000003 0.616333 0.080667 0.063333
2 0.14633300000000005 0.658667 0.055333 0.06
3 0.169667 0.694333 0.051333 0.047333
3 0.25133300000000003 0.647 0.057333 0.055333
2 0.11599999999999999 0.742667 0.074667 0.082667
2 0.295667 0.692 0.082 0.106667
2 0.375667 0.714 0.060667 0.070667
2 0.45366700000000004 0.6823330000000001 0.047333 0.048667
2 0.43000000000000005 0.753333 0.102667 0.104
2 0.41100000000000003 0.819333 0.056667 0.064
2 0.345 0.8069999999999999 0.086 0.082
2 0.28533299999999995 0.785 0.046667 0.040667
3 0.21666700000000005 0.725333 0.081333 0.068
3 0.20333299999999999 0.7913330000000001 0.1 0.077333
2 0.10766699999999996 0.819667 0.088667 0.074
2 0.03433299999999995 0.782333 0.068667 0.059333
2 0.023333000000000048 0.8446670000000001 0.046667 0.045333
2 0.252 0.845333 0.08 0.089333
2 0.15833299999999995 0.894 0.11 0.089333
2 0.06599999999999995 0.927 0.108 0.118
3 0.22699999999999998 0.935333 0.055333 0.065333
2 0.281667 0.955667 0.054 0.076667
2 0.32166700000000004 0.889667 0.088667 0.080667
2 0.389667 0.891 0.052667 0.052667
0 0.5776669999999999 0.07166700000000004 0.038 0.040667
0 0.20866700000000005 0.249 0.081333 0.066
0 0.6823330000000001 0.354333 0.038 0.051333
0 0.20566700000000004 0.31100000000000005 0.027333 0.032667
0 0.891333 0.444333 0.073333 0.052667
0 0.895333 0.5429999999999999 0.061333 0.055333
0 0.826333 0.695667 0.091333 0.076667
0 0.04466700000000001 0.696333 0.061333 0.051333
0 0.969333 0.907333 0.048 0.057333
0 0.671667 0.912667 0.058 0.049333
0 0.43866700000000003 0.915667 0.026667 0.032667
0 0.17666700000000002 0.956333 0.036 0.034
3 0.093333 0.026000000000000023 0.077333 0.052
3 0.40533300000000005 0.026000000000000023 0.073333 0.052
2 0.870333 0.974 0.108667 0.049333
3 0.6619999999999999 0.961 0.117333 0.076667
3 0.36366699999999996 0.958667 0.120667 0.078667
2 0.031667 0.31266700000000003 0.063333 0.088
