2 0.041 0.824 0.080667 0.133333
1 0.045 0.915 0.086 0.076667
2 0.144 0.84 0.128 0.142667
1 0.133333 0.943 0.090667 0.079333
2 0.195333 0.963333 0.036 0.034667
2 0.220667 0.844333 0.065333 0.120667
2 0.274333 0.869 0.088667 0.118
1 0.327 0.919667 0.052667 0.055333
1 0.373333 0.886 0.068 0.098667
1 0.319333 0.98 0.029333 0.029333
2 0.488333 0.911667 0.147333 0.158
0 0.16 0.443 0.086667 0.083333
0 0.271667 0.448333 0.062 0.082
0 0.336333 0.420667 0.115333 0.098667
0 0.492333 0.488667 0.116667 0.081333
0 0.931667 0.402 0.132667 0.137333
0 0.081333 0.433 0.056 0.034
0 0.286333 0.327 0.118 0.075333
0 0.583667 0.297 0.119333 0.111333
0 0.734333 0.325 0.107333 0.11
0 0.873333 0.216 0.106667 0.146667
0 0.787 0.201 0.100667 0.124667
0 0.701 0.167333 0.103333 0.090667
0 0.7 0.245667 0.056 0.066
0 0.535333 0.178 0.072 0.062667
0 0.641333 0.208333 0.090667 0.074
0 0.454 0.189333 0.069333 0.066667
0 0.283333 0.255 0.076 0.084667
0 0.145 0.197 0.104667 0.094
0 0.163667 0.295333 0.062 0.056
0 0.068 0.094667 0.053333 0.06
0 0.063667 0.04 0.066 0.066667
0 0.347333 0.115 0.153333 0.126
0 0.491333 0.082333 0.109333 0.135333
0 0.704667 0.061 0.072 0.076667
2 0.405333 0.966667 0.129333 0.066667
1 0.058667 0.973333 0.106667 0.052
