2 0.095333 0.928667 0.062667 0.066667
3 0.162333 0.948 0.074 0.092
2 0.124667 0.857333 0.085333 0.069333
2 0.133667 0.784 0.075333 0.072
2 0.258667 0.897667 0.097333 0.111333
2 0.344667 0.933333 0.064 0.068
2 0.348333 0.853333 0.107333 0.089333
2 0.328 0.777667 0.074667 0.076667
2 0.234667 0.775667 0.101333 0.088667
2 0.264667 0.688 0.101333 0.092
2 0.159333 0.721333 0.070667 0.061333
3 0.189333 0.6699999999999999 0.036 0.033333
2 0.137667 0.654 0.055333 0.057333
2 0.052333 0.746333 0.056667 0.058
3 0.074 0.696333 0.058667 0.047333
3 0.063333 0.6166670000000001 0.104 0.106667
3 0.079 0.529333 0.026 0.029333
3 0.174667 0.561667 0.085333 0.086
2 0.245667 0.588333 0.040667 0.05
3 0.176667 0.48466699999999996 0.056 0.054667
2 0.227 0.487 0.022 0.019333
2 0.17 0.398 0.038667 0.036
2 0.017 0.35466699999999995 0.024667 0.038667
2 0.048667 0.360333 0.033333 0.036667
3 0.095667 0.38033300000000003 0.040667 0.056667
3 0.200333 0.33199999999999996 0.083333 0.070667
2 0.061 0.27633300000000005 0.082 0.076667
2 0.071 0.041000000000000036 0.082 0.082
2 0.328333 0.627667 0.080667 0.079333
2 0.335667 0.5373330000000001 0.118 0.096
2 0.255667 0.500667 0.05 0.053333
2 0.259333 0.43033299999999997 0.042667 0.046
2 0.338667 0.44366700000000003 0.129333 0.094
2 0.357333 0.36866699999999997 0.116 0.089333
2 0.343 0.279667 0.087333 0.086
3 0.42 0.303667 0.074667 0.078
3 0.402667 0.20333299999999999 0.096 0.110667
2 0.389 0.11933300000000002 0.083333 0.073333
2 0.382333 0.05600000000000005 0.044667 0.036
2 0.46 0.07899999999999996 0.061333 0.082
2 0.475 0.19299999999999995 0.048667 0.051333
3 0.312 0.19933299999999998 0.070667 0.074667
3 0.324667 0.126 0.057333 0.066667
2 0.263 0.254667 0.086 0.097333
2 0.222 0.16800000000000004 0.073333 0.062667
3 0.240667 0.08799999999999997 0.069333 0.064
2 0.144667 0.12833300000000003 0.074667 0.091333
2 0.07 0.12566699999999997 0.033333 0.032667
2 0.09 0.18899999999999995 0.078667 0.087333
2 0.173333 0.22699999999999998 0.073333 0.094
2 0.419 0.959 0.056667 0.067333
2 0.482333 0.893667 0.091333 0.103333
2 0.394 0.7396670000000001 0.101333 0.139333
2 0.453667 0.816667 0.046 0.045333
2 0.479 0.761667 0.076667 0.072667
2 0.551 0.786333 0.079333 0.087333
2 0.610333 0.788 0.044667 0.036
2 0.636667 0.718 0.092 0.104
2 0.696667 0.654333 0.104 0.09
2 0.764333 0.582667 0.080667 0.074667
2 0.862 0.5449999999999999 0.093333 0.075333
2 0.929667 0.644 0.127333 0.097333
2 0.86 0.695667 0.056 0.048667
2 0.789667 0.666667 0.084667 0.085333
2 0.835 0.6166670000000001 0.039333 0.037333
2 0.736 0.732333 0.073333 0.05
3 0.81 0.7416670000000001 0.044 0.046
2 0.862333 0.7703329999999999 0.076667 0.080667
2 0.866667 0.855 0.068 0.078
2 0.931 0.871667 0.058 0.055333
2 0.822667 0.935333 0.044 0.041333
2 0.743333 0.914667 0.094667 0.094667
2 0.790333 0.843667 0.083333 0.106
2 0.710333 0.812333 0.078 0.09
2 0.654667 0.875 0.092 0.120667
2 0.639333 0.962667 0.097333 0.070667
2 0.422667 0.6333329999999999 0.036 0.029333
2 0.487 0.671 0.087333 0.09
2 0.565667 0.696333 0.07 0.086
2 0.542667 0.613 0.096 0.091333
2 0.455 0.585333 0.082 0.072
2 0.448333 0.496333 0.098 0.091333
3 0.439333 0.41300000000000003 0.066667 0.083333
3 0.511 0.43966700000000003 0.054 0.052667
2 0.534667 0.517 0.068 0.083333
2 0.617667 0.611667 0.051333 0.042
2 0.607333 0.544333 0.08 0.084667
2 0.679667 0.574667 0.094 0.101333
3 0.772667 0.506 0.069333 0.066667
2 0.690667 0.483333 0.108 0.076
2 0.488667 0.32966700000000004 0.065333 0.124667
2 0.56 0.357333 0.092 0.136
2 0.637333 0.372 0.093333 0.104
3 0.604333 0.462333 0.055333 0.059333
2 0.72 0.396667 0.105333 0.097333
2 0.704 0.31866700000000003 0.073333 0.064
2 0.629 0.30000000000000004 0.026 0.026667
2 0.562333 0.256 0.084667 0.066667
3 0.556 0.19366700000000003 0.072 0.063333
2 0.51 0.17466700000000002 0.036 0.032
3 0.543 0.10199999999999998 0.051333 0.056
3 0.529 0.04166700000000001 0.056667 0.056667
3 0.614333 0.11566699999999996 0.075333 0.086
3 0.635667 0.21399999999999997 0.084667 0.093333
3 0.688667 0.07133299999999998 0.032 0.030667
3 0.685667 0.13833300000000004 0.059333 0.052667
2 0.720333 0.17200000000000004 0.023333 0.026667
2 0.722 0.241 0.098667 0.094
2 0.758 0.09366699999999994 0.093333 0.114
2 0.83 0.10466699999999995 0.096 0.105333
2 0.935 0.11733300000000002 0.124667 0.141333
2 0.794 0.41333299999999995 0.065333 0.061333
2 0.864667 0.452333 0.101333 0.080667
2 0.944 0.473 0.070667 0.055333
2 0.933667 0.363 0.096667 0.086
2 0.871333 0.347333 0.056 0.06
2 0.784667 0.33899999999999997 0.062667 0.054
2 0.842667 0.250667 0.124 0.141333
2 0.921333 0.266 0.077333 0.08
0 0.879 0.935 0.067333 0.067333
0 0.56 0.936667 0.046667 0.061333
0 0.409 0.874333 0.055333 0.095333
0 0.274333 0.342333 0.046 0.067333
0 0.126333 0.30233299999999996 0.044667 0.048667
0 0.041 0.408667 0.047333 0.046667
2 0.974667 0.23533300000000001 0.050667 0.102667
2 0.954667 0.787 0.090667 0.102
2 0.927667 0.965667 0.118 0.064667
2 0.231333 0.975667 0.073333 0.047333
2 0.266 0.032332999999999945 0.082667 0.064667
2 0.600667 0.03633299999999995 0.1 0.072667
