2 0.06166700000000003 0.055333 0.118 0.109333
1 0.135 0.048667 0.056667 0.065333
1 0.19966700000000004 0.059667 0.086 0.118
1 0.163667 0.154667 0.083333 0.1
1 0.088333 0.149333 0.075333 0.086667
1 0.04833299999999996 0.244333 0.096667 0.100667
1 0.12933300000000003 0.249333 0.070667 0.1
1 0.20999999999999996 0.211 0.090667 0.107333
1 0.17100000000000004 0.306333 0.087333 0.083333
1 0.088333 0.320667 0.075333 0.070667
1 0.13633300000000004 0.379 0.092667 0.084667
1 0.139 0.469333 0.082 0.090667
1 0.05133299999999996 0.428 0.1 0.106667
1 0.11166699999999996 0.581333 0.084667 0.058667
2 0.06566700000000003 0.661333 0.131333 0.093333
1 0.13733300000000004 0.743667 0.064 0.060667
1 0.08033299999999999 0.724333 0.078 0.067333
1 0.10199999999999998 0.833 0.065333 0.05
1 0.06499999999999995 0.926 0.13 0.112
1 0.151667 0.907667 0.048667 0.042
1 0.17500000000000004 0.943667 0.051333 0.05
1 0.19266700000000003 0.831333 0.110667 0.122667
2 0.26133300000000004 0.814667 0.054667 0.056
2 0.243 0.741667 0.05 0.054
2 0.18899999999999995 0.749333 0.051333 0.050667
1 0.170667 0.655333 0.094667 0.104
2 0.495333 0.847667 0.094667 0.116667
1 0.46266700000000005 0.957333 0.08 0.085333
1 0.379667 0.949 0.100667 0.102
1 0.396667 0.835333 0.108 0.130667
1 0.304667 0.848333 0.093333 0.148667
1 0.29800000000000004 0.956667 0.076 0.086667
1 0.228333 0.929333 0.079333 0.137333
2 0.404 0.727667 0.105333 0.082
2 0.475 0.684667 0.051333 0.065333
2 0.27933300000000005 0.647333 0.042667 0.045333
2 0.32066700000000004 0.694333 0.094667 0.09
2 0.24033300000000002 0.645 0.082 0.119333
1 0.250333 0.564667 0.056667 0.058667
1 0.19333299999999998 0.547333 0.078667 0.073333
1 0.230333 0.462 0.114 0.102667
2 0.23366699999999996 0.373333 0.104667 0.098667
1 0.265 0.283333 0.086 0.090667
1 0.288667 0.191667 0.072 0.084667
1 0.278 0.073333 0.090667 0.134667
2 0.37266699999999997 0.137667 0.137333 0.123333
2 0.5043329999999999 0.068667 0.107333 0.125333
1 0.486333 0.176333 0.115333 0.104667
1 0.36766699999999997 0.228333 0.080667 0.083333
1 0.349 0.318667 0.079333 0.092
1 0.337333 0.412 0.102667 0.094667
2 0.33999999999999997 0.510667 0.097333 0.094667
2 0.325333 0.6 0.073333 0.085333
2 0.401 0.627 0.091333 0.116667
2 0.469 0.579333 0.080667 0.096
1 0.42600000000000005 0.455 0.089333 0.122
1 0.44866700000000004 0.352667 0.129333 0.126667
1 0.446333 0.246 0.087333 0.090667
2 0.565 0.872667 0.039333 0.033333
2 0.681333 0.055 0.033333 0.039333
2 0.5966670000000001 0.087667 0.061333 0.056667
2 0.695667 0.143333 0.083333 0.070667
2 0.676667 0.226667 0.098667 0.096
2 0.593333 0.205333 0.065333 0.070667
2 0.5529999999999999 0.247333 0.095333 0.088
2 0.544333 0.35 0.086 0.085333
2 0.609667 0.374333 0.05 0.067333
2 0.654 0.379 0.038667 0.048667
1 0.5720000000000001 0.443333 0.097333 0.096
2 0.507333 0.461667 0.073333 0.078
2 0.531 0.523 0.09 0.072667
2 0.5433330000000001 0.620667 0.101333 0.129333
2 0.5549999999999999 0.721 0.086 0.074
2 0.633 0.903667 0.080667 0.080667
2 0.6970000000000001 0.921667 0.05 0.05
2 0.607333 0.816 0.112 0.094667
1 0.6579999999999999 0.746 0.113333 0.090667
1 0.632 0.630333 0.098667 0.148667
2 0.620333 0.548667 0.086 0.088
2 0.6433329999999999 0.459 0.057333 0.078
2 0.699333 0.647333 0.036 0.078667
2 0.744667 0.668333 0.042667 0.054
2 0.732333 0.761 0.095333 0.118
2 0.763667 0.874 0.119333 0.133333
2 0.777 0.969667 0.051333 0.046
2 0.8466670000000001 0.872333 0.061333 0.084667
2 0.928 0.879333 0.062667 0.065333
2 0.882667 0.825667 0.1 0.078
2 0.927333 0.725667 0.122667 0.124667
2 0.819667 0.763333 0.092667 0.102667
2 0.837333 0.690333 0.064 0.054
2 0.879333 0.632667 0.126667 0.089333
2 0.7953330000000001 0.599333 0.1 0.1
2 0.802333 0.504667 0.080667 0.094667
2 0.795 0.428333 0.046 0.058
2 0.890667 0.439333 0.096 0.1
2 0.956 0.476333 0.042667 0.046
2 0.899 0.543667 0.112667 0.116667
2 0.962 0.355667 0.072 0.079333
2 0.966 0.23 0.066667 0.089333
2 0.919667 0.313333 0.084667 0.097333
2 0.860667 0.288333 0.102667 0.124667
2 0.790333 0.336333 0.082 0.087333
2 0.725333 0.385667 0.098667 0.111333
2 0.681 0.311 0.076667 0.054
2 0.9053329999999999 0.211333 0.069333 0.06
2 0.892667 0.151667 0.144 0.120667
2 0.829333 0.052667 0.137333 0.098667
2 0.945333 0.099333 0.069333 0.077333
2 0.948667 0.043667 0.068 0.044667
0 0.11166699999999996 0.782667 0.068667 0.052
0 0.15500000000000003 0.965667 0.039333 0.036667
0 0.276667 0.757667 0.034667 0.031333
0 0.45866700000000005 0.505333 0.045333 0.048
0 0.590667 0.145667 0.062667 0.044667
0 0.721 0.078333 0.046 0.048667
0 0.784 0.115 0.077333 0.067333
0 0.813667 0.201 0.075333 0.059333
0 0.6890000000000001 0.453333 0.032667 0.034667
0 0.742 0.487 0.052 0.055333
0 0.865667 0.394 0.040667 0.04
2 0.03966700000000001 0.513667 0.079333 0.086
2 0.031667 0.093333 0.063333 0.08
2 0.02533300000000005 0.181 0.050667 0.056667
2 0.393667 0.052667 0.139333 0.104
2 0.968 0.567 0.062667 0.111333
2 0.85 0.96 0.128 0.08
