3 0.046667 0.917333 0.068 0.056
2 0.144667 0.912667 0.130667 0.134667
2 0.187667 0.832667 0.088667 0.089333
2 0.150667 0.757333 0.102667 0.097333
2 0.025333 0.43233299999999997 0.044 0.05
2 0.067667 0.09899999999999998 0.087333 0.080667
2 0.090667 0.28 0.056 0.069333
2 0.061333 0.36266699999999996 0.030667 0.029333
3 0.137 0.30000000000000004 0.051333 0.078667
2 0.171333 0.573 0.110667 0.114
2 0.265667 0.766667 0.116667 0.121333
2 0.260333 0.891 0.022 0.019333
2 0.222 0.687 0.090667 0.078
2 0.277333 0.613667 0.142667 0.087333
2 0.265667 0.525 0.092667 0.084667
3 0.269333 0.43533299999999997 0.026667 0.033333
3 0.212667 0.427667 0.069333 0.056667
2 0.266333 0.345 0.048667 0.052667
3 0.206 0.328333 0.072 0.072667
2 0.250333 0.24866699999999997 0.108667 0.065333
2 0.292 0.17566700000000002 0.077333 0.075333
3 0.226 0.16400000000000003 0.037333 0.029333
2 0.278 0.08133299999999999 0.169333 0.130667
2 0.422 0.12333300000000003 0.129333 0.137333
2 0.438 0.038000000000000034 0.089333 0.061333
2 0.403667 0.358 0.082 0.068
2 0.42 0.45899999999999996 0.066667 0.072667
2 0.527667 0.24733300000000003 0.179333 0.170667
2 0.548333 0.12366699999999997 0.140667 0.092667
2 0.558667 0.04500000000000004 0.122667 0.080667
2 0.629667 0.314333 0.116667 0.119333
2 0.669 0.16333299999999995 0.140667 0.174667
2 0.768667 0.13 0.094667 0.092
2 0.729667 0.32399999999999995 0.091333 0.069333
2 0.786333 0.270667 0.155333 0.104
2 0.817 0.19999999999999996 0.083333 0.065333
2 0.851667 0.04066700000000001 0.114 0.081333
2 0.876333 0.12633300000000003 0.082 0.079333
2 0.916333 0.20566700000000004 0.087333 0.079333
2 0.914333 0.293667 0.114 0.086
2 0.904667 0.380667 0.108 0.098667
2 0.883667 0.47366699999999995 0.086 0.076667
2 0.810667 0.38133300000000003 0.106667 0.128
2 0.714333 0.39833300000000005 0.083333 0.079333
2 0.696333 0.486333 0.075333 0.084667
2 0.610333 0.40700000000000003 0.078 0.076667
2 0.524 0.393667 0.097333 0.088667
2 0.520667 0.464333 0.090667 0.05
2 0.491333 0.5369999999999999 0.134667 0.114
2 0.601 0.511 0.104667 0.11
2 0.589333 0.598 0.066667 0.061333
2 0.367333 0.957667 0.097333 0.080667
2 0.349667 0.886 0.11 0.088
2 0.380333 0.8069999999999999 0.115333 0.095333
2 0.392333 0.716 0.114 0.097333
3 0.411333 0.608333 0.128 0.11
3 0.491333 0.693667 0.088 0.114
2 0.494667 0.788333 0.125333 0.083333
2 0.483667 0.877333 0.144667 0.102667
2 0.650333 0.945333 0.086 0.061333
2 0.654333 0.884333 0.122 0.083333
2 0.739333 0.9103330000000001 0.074667 0.116667
2 0.649667 0.7873330000000001 0.151333 0.106667
2 0.651 0.7110000000000001 0.084667 0.059333
2 0.668333 0.618 0.152667 0.142667
2 0.774667 0.521667 0.121333 0.091333
2 0.769 0.607667 0.092667 0.086
2 0.753667 0.7476670000000001 0.079333 0.086
2 0.817667 0.927 0.095333 0.103333
2 0.826 0.836667 0.112 0.089333
2 0.856 0.756 0.125333 0.105333
2 0.849667 0.6659999999999999 0.123333 0.094667
2 0.915667 0.870667 0.108667 0.132
2 0.946333 0.733 0.086 0.082
2 0.949 0.648333 0.086 0.082
2 0.954333 0.462333 0.047333 0.048667
0 0.234667 0.915 0.056 0.058
0 0.042333 0.04966700000000002 0.048667 0.040667
0 0.171333 0.04266700000000001 0.085333 0.084
0 0.155667 0.21166700000000005 0.052667 0.07
0 0.300667 0.375667 0.044 0.054
0 0.164667 0.384 0.064 0.072
0 0.208667 0.48166699999999996 0.061333 0.059333
0 0.059333 0.241 0.061333 0.048667
0 0.145 0.978333 0.05 0.039333
0 0.084333 0.795667 0.060667 0.046
0 0.158333 0.672667 0.056667 0.072
0 0.078 0.746333 0.041333 0.043333
0 0.091667 0.661667 0.060667 0.064667
0 0.046667 0.647 0.036 0.043333
0 0.073 0.617667 0.044667 0.051333
0 0.107 0.42900000000000005 0.044667 0.036667
2 0.975667 0.381 0.048667 0.092667
2 0.948333 0.5549999999999999 0.103333 0.122
2 0.046667 0.16800000000000004 0.090667 0.097333
