3 0.838 0.469 0.070667 0.051333
3 0.919667 0.549667 0.071333 0.047333
2 0.886667 0.652 0.125333 0.128
3 0.798 0.559333 0.129333 0.117333
3 0.702 0.525667 0.070667 0.066
3 0.753333 0.668333 0.113333 0.11
3 0.6723330000000001 0.623 0.098 0.128667
3 0.602 0.711 0.088 0.082
3 0.527667 0.648333 0.044667 0.043333
3 0.561667 0.585 0.120667 0.079333
2 0.5966670000000001 0.506 0.117333 0.1
3 0.44899999999999995 0.485333 0.126 0.101333
2 0.43600000000000005 0.22 0.062667 0.062667
2 0.379667 0.159 0.051333 0.05
2 0.43633299999999997 0.599333 0.111333 0.126667
3 0.34299999999999997 0.536333 0.07 0.072667
2 0.396 0.706 0.105333 0.097333
2 0.30600000000000005 0.632333 0.106667 0.132667
2 0.24066699999999996 0.169667 0.04 0.036667
3 0.205333 0.229333 0.093333 0.096
3 0.149667 0.133667 0.07 0.075333
2 0.10633300000000001 0.254667 0.096667 0.114667
3 0.07233299999999998 0.121667 0.076667 0.082
3 0.042332999999999954 0.087333 0.07 0.068
2 0.04600000000000004 0.368667 0.066667 0.092
3 0.140667 0.537667 0.094667 0.075333
3 0.131 0.602333 0.032667 0.038
2 0.06699999999999995 0.707333 0.100667 0.096
2 0.18266700000000002 0.674667 0.130667 0.125333
2 0.13766699999999998 0.783333 0.123333 0.112
2 0.03733299999999995 0.782333 0.074667 0.068667
2 0.09599999999999997 0.866333 0.102667 0.103333
2 0.05900000000000005 0.942667 0.099333 0.085333
2 0.17866700000000002 0.908333 0.093333 0.063333
2 0.21799999999999997 0.840333 0.109333 0.087333
2 0.25733300000000003 0.732333 0.110667 0.118
2 0.293667 0.880667 0.106 0.134667
2 0.473333 0.763667 0.134667 0.128667
2 0.433667 0.850333 0.063333 0.05
2 0.38733300000000004 0.935333 0.136 0.124
2 0.570667 0.832 0.124 0.124
2 0.536333 0.925333 0.142 0.133333
3 0.612333 0.951 0.09 0.083333
3 0.652333 0.847 0.076667 0.096667
2 0.699333 0.767667 0.114667 0.102
2 0.8160000000000001 0.749667 0.105333 0.107333
2 0.7316670000000001 0.904667 0.07 0.062667
1 0.8140000000000001 0.929333 0.108 0.121333
2 0.906 0.782 0.126667 0.128
0 0.228333 0.394667 0.311333 0.36
0 0.305667 0.184667 0.114 0.092
0 0.44999999999999996 0.371333 0.138667 0.137333
0 0.27933300000000005 0.974 0.073333 0.052
0 0.03733299999999995 0.261333 0.044 0.041333
0 0.49566699999999997 0.097667 0.107333 0.126
0 0.870333 0.071667 0.214 0.142
0 0.710333 0.253667 0.443333 0.45
0 0.960667 0.324667 0.068 0.121333
0 0.918667 0.486667 0.062667 0.082667
0 0.879333 0.420667 0.046667 0.056
0 0.7683329999999999 0.837 0.060667 0.076667
0 0.831333 0.855667 0.050667 0.071333
0 0.739 0.963667 0.058 0.064667
0 0.681333 0.932667 0.061333 0.081333
2 0.02633300000000005 0.847667 0.051333 0.091333
3 0.031000000000000028 0.605 0.060667 0.086
2 0.947667 0.896333 0.103333 0.11
2 0.920667 0.955667 0.104 0.088667
2 0.161667 0.959667 0.131333 0.080667
