2 0.063 0.840333 0.078 0.079333
2 0.121 0.934667 0.055333 0.076
2 0.123 0.847 0.051333 0.056667
2 0.192667 0.962333 0.090667 0.072667
2 0.203667 0.884667 0.143333 0.126667
2 0.166333 0.788 0.062 0.066667
2 0.093 0.761333 0.112667 0.096
2 0.028333 0.725 0.042 0.043333
2 0.263 0.821 0.127333 0.143333
2 0.386667 0.919667 0.061333 0.048667
2 0.448 0.928333 0.032 0.039333
2 0.495667 0.951333 0.048667 0.048
2 0.539333 0.97 0.061333 0.056
2 0.583 0.905 0.071333 0.083333
2 0.644667 0.920667 0.066667 0.068
2 0.505 0.891667 0.087333 0.087333
2 0.426 0.860333 0.062667 0.080667
2 0.357333 0.845 0.086667 0.088667
2 0.329667 0.734667 0.127333 0.129333
2 0.22 0.6970000000000001 0.094667 0.11
2 0.135667 0.680667 0.079333 0.090667
2 0.417667 0.758333 0.074 0.074
2 0.495333 0.7873330000000001 0.101333 0.109333
2 0.588 0.800667 0.108 0.141333
2 0.669333 0.831333 0.093333 0.1
2 0.724667 0.9359999999999999 0.104 0.088
1 0.762 0.8506670000000001 0.101333 0.108
2 0.756 0.746333 0.108 0.108667
1 0.826333 0.857 0.051333 0.071333
1 0.867667 0.875 0.048667 0.054
2 0.946667 0.878333 0.096 0.078
1 0.930333 0.798667 0.046 0.065333
2 0.869333 0.774667 0.137333 0.134667
2 0.727333 0.641 0.129333 0.116667
1 0.834 0.675667 0.097333 0.078
2 0.657333 0.706333 0.105333 0.139333
2 0.581 0.6946669999999999 0.058 0.068
2 0.517 0.6583330000000001 0.114 0.146
2 0.417667 0.641 0.118 0.15
2 0.447667 0.546333 0.060667 0.052667
2 0.356 0.521 0.074667 0.076667
2 0.285667 0.502667 0.054 0.062667
2 0.299667 0.599333 0.131333 0.102667
2 0.211333 0.567333 0.092 0.102667
2 0.054 0.656 0.098667 0.1
2 0.045667 0.568667 0.076667 0.077333
2 0.147 0.543667 0.143333 0.116667
2 0.134 0.455333 0.069333 0.06
2 0.049 0.44599999999999995 0.096667 0.134667
2 0.317667 0.417667 0.087333 0.083333
2 0.246 0.37933300000000003 0.069333 0.070667
2 0.133667 0.35966699999999996 0.119333 0.11
2 0.132 0.261667 0.1 0.094
2 0.088333 0.19299999999999995 0.087333 0.079333
2 0.04 0.09666699999999995 0.078667 0.112
2 0.079 0.032332999999999945 0.066 0.064667
2 0.132333 0.08266700000000005 0.094 0.089333
3 0.189 0.07366700000000004 0.052667 0.051333
2 0.269 0.07499999999999996 0.051333 0.043333
2 0.273333 0.14700000000000002 0.093333 0.09
2 0.179667 0.19166700000000003 0.091333 0.11
2 0.257333 0.23533300000000001 0.086667 0.077333
2 0.211 0.29700000000000004 0.09 0.087333
2 0.348 0.352 0.068 0.053333
2 0.356 0.268 0.161333 0.124
2 0.356 0.17033299999999996 0.089333 0.080667
2 0.373333 0.092333 0.073333 0.075333
2 0.410333 0.39433300000000004 0.088667 0.092667
2 0.451667 0.46099999999999997 0.072667 0.082
2 0.483 0.393 0.09 0.082
2 0.47 0.31200000000000006 0.072 0.072
2 0.459333 0.21266700000000005 0.101333 0.093333
2 0.465667 0.11466699999999996 0.127333 0.097333
2 0.442333 0.032332999999999945 0.072667 0.064667
2 0.514333 0.046667000000000014 0.060667 0.058667
2 0.586 0.07699999999999996 0.096 0.122
2 0.656667 0.10599999999999998 0.076 0.069333
2 0.638 0.17700000000000005 0.094667 0.094
2 0.559333 0.15500000000000003 0.068 0.055333
2 0.556667 0.25133300000000003 0.112 0.129333
2 0.555 0.32999999999999996 0.084667 0.066667
2 0.558 0.402667 0.078667 0.070667
2 0.535 0.511667 0.142 0.152667
2 0.644333 0.536 0.123333 0.170667
2 0.728 0.532667 0.072 0.089333
2 0.640667 0.425667 0.069333 0.07
2 0.642667 0.353 0.090667 0.112667
2 0.642667 0.266 0.078667 0.072
2 0.657333 0.030333000000000054 0.049333 0.051333
2 0.801 0.06166700000000003 0.054 0.047333
2 0.967667 0.096333 0.056667 0.055333
2 0.884333 0.08699999999999997 0.054 0.044667
2 0.815 0.13533300000000004 0.107333 0.08
2 0.809667 0.22099999999999997 0.087333 0.09
2 0.720667 0.21666700000000005 0.101333 0.112
2 0.898333 0.242 0.131333 0.1
2 0.733333 0.373 0.101333 0.155333
2 0.799667 0.39233300000000004 0.074 0.088667
2 0.906 0.331333 0.141333 0.094667
1 0.897 0.432667 0.11 0.138667
2 0.807333 0.484 0.113333 0.082667
2 0.828667 0.5816669999999999 0.129333 0.120667
1 0.935333 0.622 0.094667 0.129333
2 0.916333 0.150667 0.102 0.101333
0 0.246667 0.46266700000000005 0.058667 0.072
2 0.948 0.971 0.084 0.056667
2 0.899333 0.952333 0.112 0.094
2 0.804333 0.945 0.131333 0.108667
2 0.614333 0.971333 0.07 0.054667
2 0.047333 0.925333 0.093333 0.117333
2 0.04 0.30400000000000005 0.078667 0.136
2 0.723333 0.04966700000000002 0.109333 0.099333
2 0.967333 0.722 0.065333 0.12
2 0.940333 0.513 0.119333 0.142
2 0.974 0.431667 0.052 0.084667
2 0.921333 0.04966700000000002 0.130667 0.098
2 0.967 0.254667 0.066 0.112
2 0.366667 0.032667 0.093333 0.065333
2 0.026 0.19066700000000003 0.050667 0.06
