1 0.930667 0.9696670000000001 0.124 0.056667
1 0.922 0.915667 0.101333 0.082
1 0.9123330000000001 0.83 0.148667 0.136
2 0.934667 0.710333 0.126667 0.118
1 0.802 0.815667 0.094667 0.082
1 0.738 0.886333 0.094667 0.074
1 0.712333 0.816333 0.092667 0.091333
2 0.816667 0.752333 0.098667 0.063333
2 0.8316669999999999 0.6683330000000001 0.118 0.104667
2 0.841 0.5966670000000001 0.039333 0.041333
1 0.628333 0.931333 0.114 0.130667
1 0.43133299999999997 0.947 0.089333 0.091333
1 0.349 0.931 0.083333 0.120667
1 0.18200000000000005 0.959333 0.096 0.074667
1 0.11166699999999996 0.956667 0.044667 0.069333
1 0.059667000000000026 0.86 0.118 0.14
1 0.121 0.808333 0.118 0.118
1 0.206333 0.849667 0.147333 0.136667
1 0.287667 0.888667 0.115333 0.108
1 0.438333 0.874333 0.086 0.083333
1 0.378667 0.818333 0.094667 0.09
1 0.28800000000000003 0.766 0.108 0.130667
2 0.207333 0.7356670000000001 0.097333 0.114
1 0.46599999999999997 0.812667 0.092 0.096
1 0.564667 0.823333 0.105333 0.102667
2 0.744333 0.6643330000000001 0.076667 0.074
2 0.718667 0.722 0.089333 0.094667
2 0.609 0.794 0.03 0.046667
2 0.635667 0.749 0.119333 0.123333
2 0.65 0.659333 0.070667 0.056
2 0.764 0.576667 0.109333 0.104
2 0.671 0.591333 0.082 0.077333
2 0.548333 0.71 0.084667 0.093333
1 0.581333 0.619667 0.108 0.115333
2 0.476333 0.7196670000000001 0.09 0.095333
2 0.377 0.712333 0.108667 0.114
1 0.31866700000000003 0.652333 0.092 0.103333
2 0.20366700000000004 0.648 0.111333 0.102667
2 0.097333 0.624667 0.093333 0.125333
1 0.15400000000000003 0.567 0.068 0.068667
2 0.391667 0.62 0.074 0.068
1 0.476333 0.624 0.104667 0.126667
2 0.710333 0.5283329999999999 0.091333 0.082
2 0.599333 0.524 0.133333 0.124
2 0.48966699999999996 0.535667 0.108667 0.094
2 0.5986670000000001 0.44466700000000003 0.070667 0.057333
2 0.393 0.550333 0.087333 0.084667
2 0.305667 0.569 0.084667 0.060667
2 0.07766700000000004 0.523333 0.092667 0.094667
2 0.15600000000000003 0.489 0.072 0.084667
1 0.22766699999999995 0.544667 0.112667 0.098667
2 0.32566700000000004 0.509333 0.07 0.061333
1 0.42000000000000004 0.451333 0.156 0.133333
2 0.529333 0.435667 0.093333 0.086
2 0.5333330000000001 0.362 0.076 0.074667
2 0.46466700000000005 0.366333 0.066667 0.063333
2 0.374333 0.355 0.103333 0.091333
1 0.33599999999999997 0.419667 0.098667 0.112667
2 0.252 0.44799999999999995 0.110667 0.1
2 0.262667 0.364333 0.093333 0.076667
2 0.10433300000000001 0.44899999999999995 0.09 0.079333
2 0.123 0.366 0.160667 0.097333
2 0.17566700000000002 0.32799999999999996 0.042 0.037333
2 0.18466700000000003 0.29733299999999996 0.037333 0.04
2 0.227333 0.28800000000000003 0.066667 0.073333
1 0.131 0.281 0.111333 0.087333
2 0.29933299999999996 0.28300000000000003 0.113333 0.103333
2 0.4 0.269667 0.118667 0.11
2 0.474333 0.292667 0.108667 0.108
2 0.43033299999999997 0.18500000000000005 0.09 0.074
2 0.44999999999999996 0.11166699999999996 0.093333 0.087333
2 0.357 0.10299999999999998 0.104667 0.115333
2 0.33399999999999996 0.18300000000000005 0.105333 0.086
2 0.243 0.19433299999999998 0.138 0.116667
1 0.263667 0.12233300000000003 0.09 0.084667
1 0.132 0.19066700000000003 0.096 0.106667
2 0.04633299999999996 0.165667 0.080667 0.071333
2 0.088333 0.07733299999999999 0.083333 0.110667
1 0.17000000000000004 0.10433300000000001 0.108 0.09
2 0.20199999999999996 0.03866700000000001 0.136 0.077333
2 0.30433299999999996 0.04466700000000001 0.079333 0.070667
2 0.48666699999999996 0.03933299999999995 0.110667 0.078667
2 0.568667 0.031000000000000028 0.061333 0.062
2 0.536333 0.10166699999999995 0.082 0.079333
2 0.511667 0.18766700000000003 0.075333 0.074
2 0.943 0.5700000000000001 0.082 0.070667
2 0.866 0.523333 0.113333 0.105333
2 0.789 0.497 0.079333 0.088667
2 0.911 0.41600000000000004 0.084667 0.064
2 0.810333 0.36066699999999996 0.127333 0.130667
2 0.702 0.42233299999999996 0.138667 0.118
2 0.623667 0.334333 0.123333 0.114
2 0.717333 0.33499999999999996 0.069333 0.076667
2 0.835333 0.274667 0.056 0.044
2 0.745 0.262 0.106 0.089333
2 0.657667 0.24466699999999997 0.075333 0.076
2 0.564333 0.23766699999999996 0.05 0.046
2 0.5966670000000001 0.16333299999999995 0.133333 0.138667
2 0.6126670000000001 0.07199999999999995 0.068 0.066667
2 0.715333 0.07466700000000004 0.054667 0.056
2 0.877 0.44899999999999995 0.086 0.056667
2 0.924333 0.349 0.106 0.087333
2 0.941667 0.25733300000000003 0.11 0.090667
2 0.961333 0.18799999999999994 0.070667 0.065333
2 0.896333 0.06699999999999995 0.088667 0.112667
2 0.804667 0.095333 0.094667 0.102667
2 0.866667 0.19999999999999996 0.093333 0.101333
2 0.773 0.18200000000000005 0.106 0.098667
2 0.6966669999999999 0.14933300000000005 0.109333 0.106667
0 0.8109999999999999 0.904667 0.122 0.094667
0 0.622333 0.877667 0.059333 0.046
0 0.712333 0.911667 0.060667 0.048667
0 0.650333 0.828667 0.046 0.04
0 0.496 0.890333 0.052 0.035333
0 0.02733300000000005 0.6583330000000001 0.053333 0.07
0 0.030667 0.7436670000000001 0.061333 0.079333
0 0.118 0.9033329999999999 0.06 0.050667
0 0.04500000000000004 0.573 0.051333 0.066
2 0.04300000000000004 0.029667 0.076667 0.059333
2 0.40233300000000005 0.023666999999999994 0.074 0.047333
2 0.640667 0.023666999999999994 0.069333 0.047333
2 0.972 0.06000000000000005 0.054667 0.056
2 0.965 0.124 0.066 0.061333
2 0.976333 0.42533299999999996 0.046 0.08
2 0.971 0.516 0.056667 0.088
2 0.724 0.965333 0.1 0.068
1 0.5103329999999999 0.951 0.118 0.096667
1 0.269667 0.975333 0.088667 0.048
2 0.05133299999999996 0.9646669999999999 0.102667 0.068
2 0.038000000000000034 0.267667 0.076 0.138
