2 0.739333 0.062667 0.1 0.066667
2 0.753 0.107333 0.051333 0.038667
2 0.762667 0.149 0.073333 0.058
2 0.848 0.085 0.089333 0.078
2 0.931667 0.113667 0.079333 0.084667
2 0.866667 0.172667 0.109333 0.097333
2 0.9646669999999999 0.202 0.066667 0.061333
2 0.907667 0.235333 0.075333 0.069333
2 0.924 0.300333 0.1 0.052667
2 0.817 0.297333 0.083333 0.069333
3 0.777 0.23 0.036667 0.037333
3 0.716 0.196667 0.038667 0.037333
2 0.933 0.331333 0.048667 0.032
2 0.951333 0.367333 0.096 0.096
2 0.9666669999999999 0.435 0.057333 0.042
2 0.873 0.443 0.080667 0.079333
2 0.896333 0.526 0.083333 0.088
2 0.914667 0.600333 0.074667 0.07
3 0.942333 0.672 0.088667 0.076
2 0.841 0.631667 0.078 0.084667
2 0.885333 0.781667 0.110667 0.102
2 0.924333 0.869333 0.063333 0.065333
2 0.946667 0.938667 0.069333 0.068
2 0.843 0.863667 0.087333 0.115333
2 0.768 0.855333 0.076 0.068
2 0.728333 0.922333 0.114 0.119333
2 0.807333 0.967667 0.036 0.038
2 0.679667 0.781 0.078 0.108667
2 0.764 0.756 0.096 0.128
2 0.773333 0.638333 0.065333 0.082
2 0.706 0.666333 0.072 0.082
3 0.656667 0.692 0.032 0.038667
2 0.639667 0.655 0.05 0.051333
2 0.7356670000000001 0.559667 0.047333 0.054
3 0.6890000000000001 0.578 0.043333 0.058667
3 0.614 0.570667 0.096 0.093333
2 0.521333 0.583 0.036 0.038
3 0.585333 0.496333 0.058667 0.060667
2 0.663333 0.515 0.061333 0.054
2 0.635667 0.433667 0.05 0.052667
3 0.684667 0.404 0.076 0.068
2 0.810333 0.493 0.072667 0.084667
2 0.792333 0.415667 0.067333 0.063333
2 0.754333 0.334 0.082 0.097333
3 0.669 0.323333 0.086 0.081333
3 0.657667 0.243667 0.075333 0.080667
2 0.630333 0.155 0.043333 0.054
3 0.5533330000000001 0.111 0.064 0.079333
2 0.525667 0.042667 0.067333 0.057333
2 0.5083329999999999 0.126667 0.028667 0.036
2 0.5860000000000001 0.216333 0.034667 0.038
2 0.536 0.204667 0.076 0.064
2 0.590333 0.272667 0.043333 0.058667
3 0.542333 0.274667 0.048667 0.070667
2 0.610333 0.358 0.044667 0.054667
3 0.5636669999999999 0.351667 0.056667 0.075333
3 0.5549999999999999 0.681667 0.083333 0.087333
2 0.576333 0.758667 0.038 0.044
3 0.472333 0.687 0.054 0.082
2 0.46199999999999997 0.367 0.102667 0.106
3 0.45899999999999996 0.266333 0.075333 0.054
2 0.41533299999999995 0.094 0.065333 0.065333
2 0.425667 0.134 0.036667 0.033333
2 0.438333 0.195667 0.086 0.084667
3 0.33466700000000005 0.075 0.078667 0.084667
2 0.241 0.074 0.086 0.072
3 0.27033300000000005 0.165667 0.044667 0.044667
2 0.14733300000000005 0.07 0.032 0.028
2 0.13066699999999998 0.120333 0.076 0.048667
2 0.029667 0.180667 0.059333 0.08
2 0.13466699999999998 0.192 0.126667 0.094667
2 0.15833299999999995 0.254667 0.028667 0.030667
2 0.06933299999999998 0.243333 0.06 0.044
3 0.06799999999999995 0.298333 0.093333 0.068667
3 0.277 0.218667 0.075333 0.066667
2 0.36866699999999997 0.222 0.102667 0.093333
2 0.359 0.311 0.039333 0.043333
3 0.29300000000000004 0.318 0.056667 0.065333
3 0.29000000000000004 0.383 0.062667 0.074
2 0.37366699999999997 0.382333 0.095333 0.091333
2 0.35466699999999995 0.442667 0.038667 0.042667
3 0.32066700000000004 0.476667 0.062667 0.056
3 0.40833299999999995 0.479 0.087333 0.074
2 0.47866699999999995 0.507333 0.038667 0.036
3 0.485333 0.752667 0.046667 0.04
2 0.386 0.667 0.057333 0.05
2 0.32066700000000004 0.709333 0.076 0.090667
2 0.17200000000000004 0.339333 0.101333 0.077333
3 0.10199999999999998 0.346 0.066667 0.038667
3 0.10066699999999995 0.392667 0.08 0.065333
3 0.031667 0.405667 0.063333 0.060667
3 0.052000000000000046 0.447667 0.064 0.042
3 0.08266700000000005 0.487333 0.089333 0.076
2 0.21199999999999997 0.415 0.094667 0.068667
2 0.23533300000000001 0.497667 0.094667 0.080667
2 0.263 0.570333 0.080667 0.076667
2 0.34166700000000005 0.524 0.062 0.044
2 0.34766699999999995 0.563 0.044667 0.042
2 0.37266699999999997 0.597 0.061333 0.043333
2 0.30833299999999997 0.647 0.018 0.020667
2 0.11866699999999997 0.576667 0.041333 0.041333
2 0.18200000000000005 0.605333 0.093333 0.088
2 0.11666699999999997 0.663 0.101333 0.078
2 0.220333 0.685333 0.111333 0.097333
2 0.156667 0.734333 0.070667 0.071333
2 0.07833299999999999 0.739667 0.075333 0.084667
2 0.24166699999999997 0.767 0.092667 0.094
3 0.18733299999999997 0.822667 0.076 0.072
3 0.11533300000000002 0.823333 0.068 0.073333
2 0.04566700000000001 0.877 0.040667 0.055333
2 0.11033300000000001 0.908667 0.086 0.097333
2 0.07199999999999995 0.965333 0.08 0.069333
2 0.19933299999999998 0.923333 0.105333 0.106667
2 0.273 0.847667 0.091333 0.080667
2 0.289667 0.929 0.083333 0.084667
2 0.35966699999999996 0.869333 0.084667 0.101333
2 0.41933299999999996 0.765 0.057333 0.051333
2 0.467333 0.796333 0.053333 0.044667
2 0.521 0.842 0.087333 0.128
2 0.43300000000000005 0.845667 0.082 0.11
3 0.402667 0.954 0.070667 0.06
2 0.576667 0.964667 0.065333 0.070667
2 0.623667 0.924 0.026 0.030667
2 0.607 0.833 0.074 0.084667
2 0.13333300000000003 0.526 0.021333 0.026667
3 0.511667 0.273333 0.027333 0.034667
2 0.5123329999999999 0.224 0.040667 0.058667
0 0.33499999999999996 0.770667 0.075333 0.050667
0 0.405 0.541 0.044667 0.048667
0 0.798 0.568 0.072 0.062667
0 0.747 0.504 0.051333 0.046667
0 0.723 0.457333 0.032667 0.032
0 0.581 0.431333 0.038 0.030667
0 0.502 0.453 0.028 0.040667
0 0.215333 0.267667 0.092 0.114
0 0.396667 0.297 0.042667 0.043333
0 0.649 0.125667 0.054 0.043333
0 0.252667 0.125333 0.061333 0.041333
0 0.909 0.058333 0.047333 0.052667
2 0.490333 0.969333 0.083333 0.061333
2 0.969333 0.76 0.06 0.102667
2 0.974667 0.031 0.049333 0.060667
2 0.760667 0.022 0.076 0.042667
2 0.385667 0.029667 0.064667 0.058
2 0.22999999999999998 0.022 0.065333 0.042667
2 0.017000000000000015 0.506333 0.034 0.044667
2 0.031667 0.578 0.063333 0.08
2 0.02633300000000005 0.769 0.052667 0.092667
2 0.18300000000000005 0.977667 0.063333 0.043333
