3 0.036333 0.85 0.047333 0.048
2 0.04 0.6026670000000001 0.070667 0.088
2 0.097667 0.648 0.044667 0.064
3 0.146333 0.7763329999999999 0.058 0.071333
3 0.163667 0.866667 0.087333 0.098667
3 0.227 0.886 0.083333 0.101333
2 0.252333 0.953333 0.074 0.077333
2 0.382667 0.887 0.133333 0.144667
2 0.462333 0.900667 0.079333 0.1
3 0.41 0.782 0.072 0.076
2 0.260333 0.713667 0.083333 0.082
3 0.182333 0.6719999999999999 0.03 0.037333
3 0.229 0.608333 0.118 0.087333
3 0.293333 0.640333 0.074667 0.082
3 0.368333 0.669333 0.055333 0.065333
2 0.473333 0.632 0.093333 0.076
3 0.570667 0.774 0.068 0.069333
2 0.732333 0.902667 0.111333 0.126667
2 0.688 0.809667 0.064 0.074
2 0.636333 0.711667 0.078 0.075333
2 0.660667 0.625 0.101333 0.104667
3 0.716333 0.746667 0.026 0.033333
2 0.796 0.769333 0.036 0.034667
2 0.873333 0.764 0.078667 0.098667
2 0.920667 0.9339999999999999 0.104 0.1
2 0.554 0.55 0.026667 0.024
2 0.062667 0.454333 0.1 0.09
2 0.108 0.377667 0.093333 0.071333
3 0.030667 0.36466699999999996 0.036 0.041333
2 0.158 0.475 0.078667 0.074
2 0.093667 0.297667 0.119333 0.088667
2 0.066333 0.19066700000000003 0.102 0.102667
2 0.085333 0.061000000000000054 0.128 0.118
2 0.138333 0.12933300000000003 0.051333 0.068
2 0.156 0.247 0.072 0.079333
2 0.225333 0.27833300000000005 0.044 0.044667
2 0.259333 0.377667 0.137333 0.128667
2 0.208333 0.18466700000000003 0.084667 0.093333
2 0.198333 0.08599999999999997 0.087333 0.096
2 0.295333 0.21499999999999997 0.104 0.118
2 0.266333 0.11433300000000002 0.074 0.078
2 0.276667 0.037667000000000006 0.069333 0.075333
2 0.337333 0.148667 0.073333 0.101333
2 0.423333 0.08199999999999996 0.065333 0.054667
2 0.42 0.025666999999999995 0.041333 0.047333
2 0.496333 0.04466700000000001 0.103333 0.089333
2 0.493333 0.12066699999999997 0.072 0.090667
2 0.442667 0.16733299999999995 0.157333 0.116
2 0.427333 0.259 0.124 0.066
2 0.569333 0.092333 0.065333 0.072667
2 0.340667 0.420667 0.030667 0.04
2 0.407333 0.34766699999999995 0.146667 0.155333
2 0.528 0.375667 0.133333 0.160667
2 0.540667 0.28800000000000003 0.064 0.061333
2 0.627333 0.35 0.106667 0.118667
2 0.633667 0.25833300000000003 0.07 0.071333
2 0.712667 0.11233300000000002 0.1 0.112667
2 0.779667 0.06533299999999997 0.047333 0.057333
2 0.783 0.14600000000000002 0.038 0.04
2 0.667 0.476333 0.144667 0.164667
2 0.786333 0.497333 0.119333 0.137333
2 0.825667 0.49366699999999997 0.047333 0.05
2 0.955333 0.6910000000000001 0.045333 0.055333
2 0.884333 0.643667 0.104667 0.114
2 0.935667 0.531333 0.128667 0.136
2 0.78 0.33799999999999997 0.104 0.108
2 0.862333 0.354333 0.074 0.076667
3 0.96 0.304667 0.069333 0.069333
2 0.888 0.27733300000000005 0.044 0.036
2 0.817 0.24166699999999997 0.114 0.084667
2 0.869333 0.164667 0.062667 0.056
2 0.892 0.10066699999999995 0.066667 0.056
2 0.951 0.05366700000000002 0.074 0.083333
0 0.943333 0.422667 0.06 0.057333
0 0.942333 0.38033300000000003 0.056667 0.047333
0 0.921667 0.8586670000000001 0.059333 0.06
0 0.848 0.867 0.061333 0.071333
0 0.779333 0.826667 0.062667 0.073333
0 0.804667 0.725333 0.032 0.034667
0 0.857667 0.41933299999999996 0.054 0.06
0 0.822667 0.134 0.056 0.070667
0 0.843333 0.08166700000000005 0.046667 0.054
0 0.804333 0.09899999999999998 0.042 0.036667
0 0.667333 0.211333 0.049333 0.054667
0 0.565333 0.477333 0.034667 0.038667
0 0.538667 0.593 0.082667 0.064667
0 0.581667 0.637 0.076667 0.066
0 0.488333 0.732333 0.064667 0.05
0 0.606 0.917333 0.088 0.065333
0 0.296333 0.782 0.066 0.054667
0 0.38 0.721 0.053333 0.060667
0 0.334667 0.747 0.050667 0.059333
0 0.303667 0.912 0.048667 0.068
0 0.078333 0.800333 0.040667 0.039333
0 0.060667 0.757667 0.034667 0.040667
0 0.094667 0.746333 0.037333 0.038
0 0.136333 0.715667 0.064667 0.07
0 0.114667 0.564333 0.038667 0.044667
0 0.226333 0.5369999999999999 0.060667 0.062
0 0.285333 0.532 0.056 0.058667
0 0.346 0.527667 0.046667 0.058
0 0.391333 0.525667 0.049333 0.052667
0 0.444333 0.473333 0.066 0.056
0 0.511333 0.5243329999999999 0.065333 0.039333
0 0.623 0.05466700000000002 0.047333 0.049333
0 0.193667 0.023333000000000048 0.063333 0.045333
0 0.183333 0.318333 0.036 0.03
0 0.164667 0.5756669999999999 0.06 0.063333
0 0.026667 0.776 0.04 0.048
0 0.030667 0.29300000000000004 0.049333 0.048667
2 0.617 0.979667 0.080667 0.039333
2 0.468 0.970667 0.089333 0.057333
2 0.029 0.944333 0.056667 0.094
2 0.714 0.02066699999999999 0.054667 0.041333
2 0.878 0.023666999999999994 0.090667 0.047333
