2 0.896 0.043 0.037333 0.046
2 0.641 0.073333 0.091333 0.101333
3 0.5816669999999999 0.124667 0.079333 0.081333
2 0.618 0.185 0.104 0.083333
2 0.787667 0.130333 0.084667 0.092667
2 0.863667 0.145 0.054 0.042
2 0.837333 0.187667 0.073333 0.05
3 0.924333 0.327 0.055333 0.05
2 0.724333 0.138 0.047333 0.056
2 0.7216670000000001 0.218333 0.055333 0.058
2 0.779333 0.252667 0.129333 0.098667
2 0.868 0.274 0.104 0.146667
2 0.77 0.339333 0.072 0.072
2 0.655667 0.260667 0.120667 0.098667
3 0.610333 0.326 0.05 0.042667
2 0.683333 0.358 0.098667 0.093333
2 0.9339999999999999 0.402 0.044 0.038667
2 0.865333 0.417 0.054667 0.060667
2 0.815333 0.411333 0.062667 0.064
2 0.891667 0.478 0.068667 0.066667
2 0.855333 0.545333 0.106667 0.101333
3 0.948 0.649667 0.036 0.031333
2 0.865333 0.645333 0.142667 0.106667
2 0.885333 0.779 0.046667 0.056667
3 0.782 0.674 0.032 0.028
2 0.770667 0.711667 0.042667 0.042
2 0.726667 0.733667 0.032 0.03
3 0.7416670000000001 0.812333 0.076667 0.087333
3 0.7663329999999999 0.883667 0.048667 0.052667
3 0.853333 0.874 0.074667 0.074667
3 0.917333 0.865667 0.066667 0.072667
2 0.927667 0.927667 0.051333 0.046
2 0.792333 0.951 0.052667 0.051333
2 0.708333 0.947667 0.071333 0.078
2 0.621333 0.921333 0.058667 0.072
2 0.583333 0.921667 0.018667 0.020667
3 0.671333 0.871333 0.056 0.061333
2 0.666667 0.784 0.065333 0.066667
3 0.609 0.782333 0.039333 0.036667
2 0.586667 0.835 0.069333 0.072667
3 0.6373329999999999 0.742 0.032 0.033333
2 0.626333 0.704 0.031333 0.032
3 0.5609999999999999 0.748333 0.038 0.038
2 0.632 0.437667 0.096 0.080667
2 0.726333 0.439 0.104667 0.083333
2 0.7416670000000001 0.525333 0.102 0.094667
2 0.655667 0.531667 0.09 0.084667
2 0.739333 0.611333 0.102667 0.074667
3 0.5389999999999999 0.431667 0.046 0.043333
3 0.545667 0.471 0.020667 0.022
2 0.5640000000000001 0.536667 0.04 0.038667
2 0.5123329999999999 0.577 0.051333 0.052667
2 0.44399999999999995 0.608667 0.036 0.030667
3 0.47366699999999995 0.687333 0.059333 0.06
3 0.54 0.651 0.068 0.062
3 0.616 0.651333 0.072 0.062667
2 0.565 0.700333 0.046 0.042
2 0.494333 0.747667 0.040667 0.039333
2 0.529 0.837333 0.023333 0.032
2 0.505667 0.829333 0.023333 0.030667
2 0.498333 0.951 0.048667 0.048667
2 0.39333300000000004 0.86 0.065333 0.074667
2 0.42700000000000005 0.908667 0.083333 0.094667
3 0.338333 0.946333 0.058 0.072667
3 0.259667 0.918667 0.062 0.069333
2 0.17766700000000002 0.884667 0.071333 0.065333
3 0.19466700000000003 0.96 0.089333 0.08
3 0.13766699999999998 0.840667 0.043333 0.050667
3 0.15900000000000003 0.806667 0.032667 0.032
2 0.451333 0.812333 0.048 0.048667
2 0.403 0.675333 0.046 0.058667
2 0.422667 0.758 0.094667 0.093333
2 0.36866699999999997 0.790667 0.044 0.049333
3 0.33199999999999996 0.81 0.037333 0.056
2 0.28400000000000003 0.809333 0.072 0.098667
2 0.31133299999999997 0.868667 0.029333 0.030667
3 0.24233300000000002 0.854333 0.055333 0.055333
3 0.21599999999999997 0.775667 0.089333 0.086
3 0.19099999999999995 0.722667 0.096667 0.08
2 0.10966699999999996 0.767667 0.079333 0.082
2 0.10466699999999995 0.691667 0.102667 0.084667
2 0.277 0.712 0.042 0.037333
3 0.342333 0.697 0.075333 0.056667
2 0.384 0.614333 0.041333 0.044667
2 0.318333 0.626667 0.084667 0.066667
2 0.24433300000000002 0.653 0.079333 0.083333
2 0.150667 0.606 0.102667 0.108
2 0.06299999999999994 0.580333 0.114 0.11
3 0.21599999999999997 0.567667 0.053333 0.059333
2 0.278667 0.556667 0.069333 0.070667
2 0.359 0.542667 0.088667 0.090667
3 0.335333 0.478 0.036 0.036
3 0.048667000000000016 0.496 0.070667 0.072
2 0.11033300000000001 0.444333 0.078 0.079333
3 0.255667 0.479667 0.107333 0.094
2 0.42600000000000005 0.531 0.033333 0.036667
3 0.40833299999999995 0.455333 0.040667 0.042667
2 0.47066699999999995 0.430333 0.073333 0.092667
2 0.44799999999999995 0.333 0.069333 0.064667
3 0.48466699999999996 0.361333 0.034667 0.036
3 0.384667 0.377 0.085333 0.083333
2 0.304667 0.395667 0.072 0.076667
2 0.23466699999999996 0.406333 0.065333 0.048667
2 0.08499999999999996 0.367 0.082 0.083333
2 0.03733299999999995 0.427667 0.04 0.056667
3 0.13266699999999998 0.349 0.044 0.063333
3 0.19866700000000004 0.34 0.078667 0.078667
3 0.30700000000000005 0.325667 0.043333 0.05
3 0.26733300000000004 0.324667 0.058667 0.078667
2 0.35066699999999995 0.297667 0.053333 0.05
2 0.396667 0.234333 0.061333 0.062
3 0.472333 0.251 0.056667 0.048667
3 0.5636669999999999 0.26 0.043333 0.044
3 0.529333 0.220667 0.073333 0.068
2 0.462333 0.162333 0.11 0.092667
2 0.430667 0.083 0.106667 0.079333
3 0.35 0.117 0.06 0.060667
2 0.28533299999999995 0.145333 0.08 0.070667
3 0.31666700000000003 0.212667 0.070667 0.061333
3 0.25533300000000003 0.230333 0.06 0.038
2 0.21099999999999997 0.167 0.087333 0.096667
2 0.13733300000000004 0.204667 0.057333 0.056
3 0.08566700000000005 0.066333 0.080667 0.074
2 0.161667 0.033 0.044667 0.046
3 0.20766700000000005 0.095667 0.063333 0.040667
0 0.883333 0.963 0.057333 0.064667
0 0.03700000000000003 0.798333 0.048667 0.05
0 0.818667 0.797 0.072 0.080667
0 0.42400000000000004 0.577333 0.053333 0.046667
0 0.487 0.485 0.043333 0.040667
0 0.832333 0.460667 0.040667 0.038667
0 0.17400000000000004 0.430667 0.038667 0.046667
0 0.523 0.313333 0.058 0.036
0 0.28233299999999995 0.096667 0.046 0.033333
0 0.358333 0.047 0.051333 0.072667
0 0.759333 0.060667 0.045333 0.036
0 0.807333 0.064667 0.033333 0.036
0 0.892 0.109 0.053333 0.042
2 0.44799999999999995 0.976667 0.062667 0.046667
2 0.661333 0.981667 0.054667 0.036667
2 0.96 0.722667 0.078667 0.1
2 0.9646669999999999 0.476333 0.069333 0.107333
2 0.963667 0.198 0.071333 0.094667
2 0.721 0.018 0.060667 0.034667
2 0.41400000000000003 0.021667 0.077333 0.042
2 0.30100000000000005 0.027333 0.087333 0.053333
2 0.04833299999999996 0.1 0.096667 0.106667
2 0.04466700000000001 0.267333 0.089333 0.108
3 0.06299999999999994 0.182667 0.05 0.048
2 0.02066699999999999 0.646667 0.037333 0.053333
2 0.030000000000000027 0.713667 0.06 0.055333
