3 0.918667 0.854 0.065333 0.068
3 0.922667 0.934 0.076 0.072
3 0.888667 0.758333 0.092 0.092667
2 0.824667 0.805 0.094667 0.127333
2 0.807333 0.913333 0.137333 0.092
2 0.732333 0.859667 0.095333 0.104667
2 0.744667 0.763 0.078667 0.078
3 0.8220000000000001 0.641 0.066667 0.072667
3 0.825333 0.546667 0.109333 0.108
3 0.746 0.617333 0.068 0.066667
2 0.7476670000000001 0.691 0.059333 0.063333
2 0.6803330000000001 0.682 0.088667 0.081333
3 0.786 0.393 0.069333 0.059333
3 0.776667 0.466333 0.06 0.05
2 0.691333 0.487333 0.058667 0.06
2 0.6553329999999999 0.771667 0.093333 0.080667
2 0.639667 0.835333 0.094 0.069333
2 0.6146670000000001 0.891667 0.1 0.059333
2 0.627667 0.965667 0.071333 0.068667
2 0.5636669999999999 0.945 0.078 0.086
2 0.499667 0.910667 0.078 0.097333
2 0.482 0.978 0.065333 0.044
2 0.569 0.8 0.078 0.081333
2 0.49766699999999997 0.752 0.159333 0.161333
2 0.42800000000000005 0.795 0.073333 0.058
2 0.41500000000000004 0.856667 0.080667 0.068
2 0.5876669999999999 0.589667 0.084667 0.075333
2 0.584333 0.672333 0.086 0.082
3 0.5920000000000001 0.516 0.085333 0.072
2 0.503 0.532667 0.092667 0.092
2 0.346 0.547333 0.209333 0.124
2 0.411667 0.657 0.084667 0.084667
2 0.33366700000000005 0.636667 0.084667 0.072
2 0.258 0.64 0.074667 0.068
2 0.32266700000000004 0.716 0.109333 0.082667
2 0.357333 0.807667 0.054667 0.066
2 0.29333299999999995 0.821667 0.096 0.111333
2 0.30100000000000005 0.900667 0.132667 0.058667
2 0.29900000000000004 0.964667 0.123333 0.064
2 0.231333 0.802 0.061333 0.072
2 0.21766700000000005 0.7 0.106 0.096
2 0.16833299999999995 0.745333 0.056667 0.061333
2 0.13866699999999998 0.820333 0.097333 0.091333
2 0.12866699999999998 0.914667 0.108 0.1
2 0.11466699999999996 0.739 0.069333 0.079333
2 0.10266699999999995 0.661 0.066667 0.059333
2 0.058667000000000025 0.727667 0.076 0.087333
2 0.651667 0.120333 0.064667 0.080667
2 0.64 0.207667 0.092 0.091333
2 0.630333 0.302667 0.122 0.104
2 0.6046670000000001 0.384667 0.065333 0.062667
2 0.632333 0.448667 0.071333 0.088
2 0.525333 0.448 0.085333 0.074667
2 0.435667 0.437667 0.078 0.084667
2 0.527667 0.347667 0.083333 0.083333
2 0.556333 0.251333 0.088667 0.109333
2 0.5760000000000001 0.128 0.082667 0.137333
2 0.513667 0.176333 0.122 0.09
2 0.46766700000000005 0.249333 0.07 0.072
2 0.49 0.077667 0.110667 0.115333
2 0.41633299999999995 0.129667 0.083333 0.086
2 0.382667 0.058667 0.094667 0.116
2 0.38933300000000004 0.209667 0.090667 0.095333
2 0.26833300000000004 0.054 0.082 0.104
2 0.27933300000000005 0.134 0.104 0.069333
2 0.28700000000000003 0.211667 0.111333 0.124667
2 0.18100000000000005 0.076 0.179333 0.133333
2 0.16400000000000003 0.190333 0.106667 0.11
2 0.07533299999999998 0.194333 0.073333 0.076667
2 0.18100000000000005 0.274333 0.115333 0.075333
2 0.19499999999999995 0.347 0.082 0.087333
2 0.265 0.384333 0.078 0.086
2 0.07866700000000004 0.277667 0.072 0.082
2 0.022666999999999993 0.281333 0.045333 0.066667
2 0.11233300000000002 0.366 0.083333 0.072
2 0.247 0.498667 0.119333 0.114667
2 0.15100000000000002 0.446333 0.088667 0.078
2 0.15500000000000003 0.53 0.083333 0.094667
2 0.060667000000000026 0.583667 0.105333 0.084667
2 0.06499999999999995 0.507667 0.127333 0.075333
2 0.055332999999999966 0.434 0.108 0.089333
2 0.44266700000000003 0.319333 0.066667 0.068
2 0.355 0.438 0.091333 0.072
2 0.365 0.372 0.119333 0.062667
2 0.31466700000000003 0.304 0.064 0.073333
2 0.375333 0.298 0.073333 0.094667
0 0.48566699999999996 0.616667 0.114 0.1
0 0.917667 0.082 0.163333 0.162667
2 0.031000000000000028 0.912667 0.062 0.1
2 0.02633300000000005 0.346667 0.052667 0.066667
2 0.38433300000000004 0.958333 0.09 0.083333
2 0.17400000000000004 0.947333 0.133333 0.105333
0 0.861333 0.152667 0.216 0.176
0 0.8466670000000001 0.3 0.226667 0.192
