2 0.882 0.927 0.126667 0.115333
2 0.955 0.875333 0.075333 0.068
2 0.889667 0.812667 0.127333 0.108
2 0.866667 0.724 0.114667 0.078667
2 0.949333 0.649667 0.092 0.094
2 0.835333 0.615667 0.138667 0.143333
2 0.95 0.567 0.090667 0.071333
2 0.882667 0.49266699999999997 0.130667 0.092
2 0.866667 0.346 0.157333 0.16
2 0.9013329999999999 0.20499999999999996 0.152 0.119333
2 0.832333 0.14 0.047333 0.038667
2 0.907 0.11333300000000002 0.056667 0.038667
2 0.765 0.41300000000000003 0.084667 0.084667
3 0.6910000000000001 0.39333300000000004 0.05 0.081333
2 0.74 0.248 0.101333 0.138667
2 0.787667 0.06000000000000005 0.043333 0.062667
2 0.757333 0.12533300000000003 0.066667 0.088
2 0.6743330000000001 0.124 0.091333 0.121333
2 0.712 0.04966700000000002 0.064 0.052667
2 0.617333 0.06633299999999998 0.105333 0.111333
2 0.5389999999999999 0.08766700000000005 0.051333 0.051333
2 0.582667 0.15933299999999995 0.074667 0.069333
2 0.6473329999999999 0.273 0.093333 0.114
2 0.625 0.39133300000000004 0.095333 0.130667
2 0.569333 0.44866700000000004 0.070667 0.062667
2 0.572667 0.274 0.064 0.088
2 0.5303329999999999 0.373333 0.11 0.130667
2 0.515667 0.24833300000000003 0.114 0.108667
2 0.434667 0.351 0.093333 0.100667
2 0.43033299999999997 0.269 0.087333 0.080667
2 0.343333 0.36366699999999996 0.101333 0.144667
2 0.34266700000000005 0.258 0.1 0.094667
2 0.361 0.14900000000000002 0.058 0.09
2 0.30000000000000004 0.15933299999999995 0.065333 0.092
2 0.469333 0.05466700000000002 0.096 0.104
2 0.394667 0.06133299999999997 0.070667 0.088
2 0.31299999999999994 0.06533299999999997 0.111333 0.098667
2 0.23399999999999999 0.13666699999999998 0.066667 0.068
2 0.134 0.216333 0.102667 0.091333
2 0.14633300000000005 0.13033300000000003 0.086 0.080667
2 0.06799999999999995 0.12133300000000002 0.070667 0.073333
2 0.101333 0.351 0.137333 0.088667
2 0.20066700000000004 0.30233299999999996 0.128 0.103333
2 0.241 0.38733300000000004 0.063333 0.061333
2 0.21166700000000005 0.459333 0.058 0.049333
2 0.11933300000000002 0.475333 0.06 0.057333
2 0.047667000000000015 0.439333 0.095333 0.101333
2 0.09599999999999997 0.531 0.06 0.051333
2 0.08966700000000005 0.603 0.094 0.084667
2 0.08966700000000005 0.6703330000000001 0.114 0.05
2 0.09066700000000005 0.714333 0.102667 0.054
2 0.16100000000000003 0.546333 0.062 0.082
2 0.217333 0.542 0.097333 0.124
2 0.219333 0.6186670000000001 0.065333 0.068
2 0.30700000000000005 0.5489999999999999 0.087333 0.09
2 0.35766699999999996 0.491333 0.07 0.064
2 0.395667 0.626 0.126 0.12
2 0.609333 0.517 0.066667 0.062
2 0.517333 0.500333 0.092 0.076667
2 0.540333 0.5836669999999999 0.092667 0.082
2 0.539667 0.6703330000000001 0.052667 0.047333
2 0.6910000000000001 0.589333 0.096667 0.126667
2 0.62 0.5920000000000001 0.074667 0.065333
2 0.10333300000000001 0.782333 0.110667 0.095333
2 0.07433299999999998 0.846333 0.091333 0.056667
2 0.06233299999999997 0.903 0.056667 0.048667
2 0.13 0.914667 0.130667 0.133333
2 0.18700000000000006 0.858333 0.088667 0.082
2 0.27733300000000005 0.835 0.102667 0.092667
2 0.31233299999999997 0.748333 0.09 0.124667
2 0.221333 0.749667 0.1 0.075333
2 0.24233300000000002 0.693667 0.083333 0.082
2 0.37266699999999997 0.768667 0.061333 0.101333
2 0.427667 0.764333 0.056667 0.09
2 0.489 0.782667 0.079333 0.102667
2 0.49866699999999997 0.8586670000000001 0.076 0.078667
2 0.44366700000000003 0.865 0.047333 0.075333
2 0.42400000000000004 0.928667 0.069333 0.056
2 0.337333 0.925333 0.096 0.093333
2 0.34299999999999997 0.847667 0.038 0.054
2 0.393 0.860667 0.068667 0.092
2 0.631 0.887667 0.116667 0.107333
2 0.586333 0.808 0.087333 0.08
2 0.5429999999999999 0.744667 0.082 0.096
2 0.673 0.8240000000000001 0.072667 0.073333
2 0.683333 0.749667 0.06 0.047333
2 0.735 0.91 0.084667 0.085333
2 0.779667 0.827333 0.122 0.158667
0 0.969 0.739333 0.054 0.072
0 0.19733299999999998 0.06733299999999998 0.108 0.065333
0 0.9083330000000001 0.047667000000000015 0.122 0.094
0 0.494333 0.146667 0.128667 0.12
0 0.21899999999999997 0.22766699999999995 0.052667 0.064667
2 0.06333299999999997 0.04700000000000004 0.126667 0.092667
2 0.968333 0.33499999999999996 0.062 0.135333
2 0.636667 0.956333 0.186667 0.086
2 0.265667 0.953667 0.111333 0.091333
2 0.048667000000000016 0.26333300000000004 0.097333 0.110667
