2 0.054 0.127667 0.098667 0.112667
2 0.122333 0.109333 0.051333 0.062667
2 0.182667 0.026333 0.074667 0.048667
2 0.184333 0.126 0.05 0.062667
3 0.234667 0.136333 0.054667 0.05
3 0.150667 0.194 0.066667 0.068
2 0.233333 0.201 0.078667 0.074
2 0.287 0.095 0.078 0.088667
2 0.351333 0.141333 0.068 0.076
2 0.366667 0.040667 0.070667 0.074667
2 0.416 0.122333 0.050667 0.05
2 0.503667 0.034667 0.047333 0.062667
2 0.578667 0.039333 0.064 0.074667
3 0.629667 0.070667 0.055333 0.06
2 0.707 0.065 0.059333 0.064667
2 0.680667 0.123333 0.062667 0.06
2 0.742333 0.139333 0.063333 0.058667
2 0.816 0.133667 0.044 0.047333
2 0.838333 0.062 0.078 0.073333
3 0.927333 0.054333 0.069333 0.078
2 0.876333 0.152667 0.040667 0.04
2 0.543 0.135 0.079333 0.088667
2 0.476 0.089333 0.030667 0.033333
2 0.443 0.042333 0.074 0.083333
2 0.458333 0.165 0.068667 0.062
3 0.611333 0.158 0.06 0.081333
2 0.661 0.196333 0.079333 0.086
2 0.723 0.216333 0.07 0.068667
2 0.787 0.245333 0.075333 0.104
2 0.845333 0.214 0.028 0.036
2 0.838667 0.278667 0.034667 0.037333
2 0.918333 0.255333 0.087333 0.065333
2 0.952 0.19 0.074667 0.065333
2 0.871667 0.355333 0.088667 0.078667
2 0.363 0.246333 0.088667 0.091333
2 0.466 0.226333 0.069333 0.051333
2 0.437 0.296333 0.083333 0.108667
2 0.502667 0.313667 0.057333 0.059333
3 0.52 0.252667 0.061333 0.06
2 0.579333 0.285333 0.057333 0.069333
3 0.550667 0.383 0.066667 0.056667
2 0.634667 0.315333 0.096 0.1
3 0.682 0.365667 0.065333 0.072667
2 0.656667 0.429 0.065333 0.059333
2 0.581333 0.438 0.089333 0.066667
3 0.607 0.381 0.026 0.022
2 0.754667 0.317 0.072 0.052667
2 0.750667 0.377333 0.086667 0.070667
3 0.809667 0.376 0.038 0.042667
3 0.938667 0.424667 0.096 0.073333
2 0.913333 0.513667 0.064 0.059333
3 0.837 0.545333 0.083333 0.068
3 0.908333 0.569667 0.048667 0.042
3 0.819667 0.597667 0.048667 0.042
2 0.633667 0.506 0.084667 0.089333
2 0.731 0.500667 0.116667 0.102667
3 0.799333 0.449 0.086667 0.086
3 0.86 0.474667 0.068 0.065333
3 0.696667 0.574667 0.064 0.052
2 0.728333 0.615 0.052667 0.071333
2 0.802 0.653667 0.092 0.082
3 0.953 0.686333 0.082 0.075333
3 0.787 0.724 0.091333 0.072
3 0.865333 0.719 0.076 0.076667
2 0.907667 0.757667 0.042 0.05
2 0.979 0.803 0.042 0.044667
3 0.921667 0.815667 0.05 0.05
2 0.849333 0.792667 0.094667 0.073333
2 0.84 0.859333 0.101333 0.070667
2 0.970333 0.929 0.055333 0.048667
2 0.902 0.936333 0.130667 0.122
3 0.860333 0.972333 0.052667 0.05
2 0.084667 0.252 0.065333 0.038667
2 0.098667 0.313 0.076 0.075333
2 0.189667 0.312333 0.139333 0.120667
1 0.240333 0.347 0.051333 0.054
2 0.323667 0.368333 0.118 0.091333
2 0.395333 0.402333 0.108 0.084667
1 0.317 0.444333 0.051333 0.056667
1 0.375333 0.474667 0.068 0.062667
2 0.456 0.458 0.097333 0.088
1 0.426333 0.536333 0.071333 0.083333
2 0.513667 0.515667 0.084667 0.088667
2 0.492333 0.570333 0.063333 0.048667
2 0.576333 0.542667 0.084667 0.112
2 0.621333 0.601333 0.072 0.068
2 0.668 0.656667 0.068 0.093333
2 0.7 0.726667 0.078667 0.097333
2 0.745 0.811333 0.086 0.1
3 0.747333 0.880333 0.054667 0.038
3 0.659667 0.887333 0.074 0.090667
2 0.634 0.966333 0.074667 0.064667
2 0.583333 0.902667 0.057333 0.065333
2 0.599333 0.837333 0.044 0.070667
1 0.557667 0.767 0.055333 0.05
2 0.541667 0.827667 0.092667 0.079333
2 0.518667 0.897 0.074667 0.074
2 0.461333 0.937 0.070667 0.112667
2 0.394667 0.933667 0.062667 0.055333
3 0.404333 0.878333 0.076667 0.047333
2 0.418667 0.821 0.1 0.083333
2 0.500667 0.763667 0.056 0.059333
2 0.424333 0.744333 0.099333 0.087333
2 0.457667 0.666333 0.058 0.056667
2 0.509 0.697667 0.07 0.07
2 0.583333 0.659333 0.068 0.037333
2 0.584 0.701667 0.074667 0.058
2 0.526 0.639333 0.064 0.064
2 0.476333 0.61 0.059333 0.041333
1 0.243 0.431667 0.087333 0.064667
1 0.167333 0.408 0.069333 0.065333
1 0.157 0.476667 0.087333 0.077333
2 0.109 0.437667 0.047333 0.052667
2 0.063333 0.465667 0.094667 0.096667
2 0.040333 0.539333 0.056667 0.053333
2 0.089667 0.595 0.103333 0.116667
2 0.184667 0.567333 0.062667 0.064
1 0.289333 0.533 0.064 0.048667
2 0.39 0.609 0.098667 0.119333
2 0.324333 0.618667 0.042 0.069333
2 0.263333 0.590667 0.094667 0.082667
2 0.075667 0.679 0.05 0.048667
2 0.157667 0.656667 0.103333 0.121333
2 0.312333 0.706 0.118 0.141333
2 0.232667 0.688667 0.050667 0.045333
1 0.216333 0.745333 0.083333 0.06
2 0.136 0.743333 0.068 0.056
2 0.045667 0.770667 0.087333 0.090667
2 0.092 0.826667 0.098667 0.089333
2 0.200333 0.831667 0.115333 0.115333
2 0.282333 0.815667 0.05 0.058
1 0.252667 0.896667 0.065333 0.062667
2 0.176667 0.909667 0.062667 0.054
2 0.066667 0.913667 0.096 0.084667
2 0.239 0.965 0.07 0.066
3 0.059 0.974 0.052667 0.044
2 0.691667 0.948 0.031333 0.037333
2 0.629 0.748667 0.098 0.090667
3 0.666333 0.807667 0.071333 0.080667
0 0.974 0.883667 0.052 0.05
0 0.237 0.477 0.054 0.031333
0 0.876 0.413667 0.045333 0.042
0 0.052333 0.393333 0.05 0.034667
0 0.048667 0.316 0.033333 0.048
0 0.296333 0.273333 0.056667 0.050667
0 0.248 0.242667 0.056 0.048
0 0.810333 0.196 0.047333 0.041333
0 0.353 0.089667 0.040667 0.028667
0 0.771 0.079 0.032667 0.038
2 0.770333 0.958667 0.088667 0.082667
1 0.549333 0.969 0.065333 0.062
2 0.141333 0.966667 0.110667 0.066667
2 0.075667 0.044333 0.136667 0.087333
2 0.777333 0.024333 0.069333 0.047333
2 0.982 0.059 0.036 0.078
2 0.957 0.610333 0.086 0.082
