2 0.056 0.926 0.070667 0.081333
2 0.117 0.954333 0.040667 0.047333
2 0.205 0.970333 0.043333 0.040667
2 0.149667 0.815 0.120667 0.154
2 0.060333 0.6886669999999999 0.042 0.038667
2 0.031 0.528 0.060667 0.078667
2 0.108333 0.587 0.09 0.119333
2 0.173 0.6779999999999999 0.084667 0.072
2 0.204667 0.5896669999999999 0.122667 0.112667
1 0.243333 0.6839999999999999 0.056 0.046667
2 0.229 0.757333 0.062 0.077333
2 0.257667 0.842667 0.056667 0.041333
2 0.292 0.932333 0.084 0.114
2 0.357667 0.959667 0.028667 0.038
2 0.447667 0.979667 0.054 0.039333
2 0.394667 0.908667 0.116 0.14
1 0.334333 0.851667 0.05 0.052667
1 0.313 0.774667 0.040667 0.04
2 0.066667 0.45699999999999996 0.1 0.055333
2 0.076667 0.38133300000000003 0.088 0.097333
2 0.104333 0.30833299999999997 0.043333 0.040667
2 0.040333 0.22666699999999995 0.076667 0.089333
2 0.205667 0.248 0.059333 0.058667
2 0.190333 0.343333 0.114 0.109333
2 0.176667 0.49166699999999997 0.028 0.028667
2 0.279667 0.525667 0.035333 0.034
2 0.304333 0.43533299999999997 0.114 0.117333
2 0.323 0.617333 0.042 0.034667
2 0.362667 0.654667 0.102667 0.109333
2 0.351667 0.548333 0.094 0.120667
2 0.386333 0.384 0.104667 0.096
1 0.463667 0.415667 0.034 0.024667
1 0.370333 0.30633299999999997 0.019333 0.022
2 0.417 0.478 0.096667 0.085333
2 0.454667 0.578333 0.101333 0.104667
2 0.505 0.353 0.068667 0.07
2 0.405667 0.738 0.056667 0.064
2 0.498 0.767667 0.044 0.036667
2 0.455 0.6966669999999999 0.111333 0.124
2 0.521 0.6890000000000001 0.035333 0.046
2 0.492 0.925333 0.076 0.110667
2 0.551667 0.921667 0.044667 0.071333
2 0.618 0.951 0.085333 0.078
2 0.545 0.763667 0.052667 0.094
2 0.583 0.793 0.059333 0.071333
2 0.556 0.842 0.053333 0.046667
2 0.624333 0.859667 0.107333 0.123333
2 0.652333 0.801667 0.05 0.05
2 0.717667 0.878667 0.123333 0.158667
2 0.778 0.8466670000000001 0.042667 0.045333
2 0.511667 0.505333 0.092667 0.098667
2 0.591333 0.5183329999999999 0.08 0.084667
2 0.61 0.646 0.122667 0.136
2 0.687 0.548 0.055333 0.052
2 0.676667 0.486333 0.084 0.071333
1 0.708667 0.43766700000000003 0.038667 0.035333
2 0.693333 0.40133300000000005 0.052 0.044
1 0.594 0.379 0.04 0.042
2 0.667667 0.744 0.07 0.061333
2 0.702333 0.662667 0.080667 0.112
2 0.729667 0.743 0.052667 0.05
2 0.747667 0.5780000000000001 0.074 0.068
2 0.753 0.516 0.054 0.058667
1 0.783 0.46199999999999997 0.036667 0.041333
2 0.848667 0.858 0.101333 0.102667
2 0.888 0.949 0.056 0.068667
2 0.942 0.947667 0.052 0.058
2 0.930333 0.886667 0.051333 0.042667
2 0.902667 0.782333 0.105333 0.09
3 0.858667 0.719333 0.082667 0.078667
3 0.843333 0.6763330000000001 0.04 0.038
2 0.781333 0.6843330000000001 0.082667 0.134
2 0.833333 0.602 0.105333 0.12
2 0.918 0.574667 0.064 0.070667
0 0.880667 0.32166700000000004 0.218667 0.211333
0 0.841333 0.14933300000000005 0.152 0.158667
0 0.899 0.04700000000000004 0.111333 0.094
0 0.743667 0.09199999999999997 0.200667 0.184
0 0.660667 0.272667 0.197333 0.193333
0 0.542 0.22666699999999995 0.158667 0.18
0 0.500667 0.048667000000000016 0.141333 0.097333
0 0.354667 0.11933300000000002 0.161333 0.161333
0 0.728 0.794 0.042667 0.052
0 0.522 0.601 0.04 0.047333
0 0.507667 0.872333 0.060667 0.071333
0 0.271 0.747 0.052667 0.052667
0 0.203 0.819667 0.054 0.058
0 0.081333 0.627667 0.050667 0.038
0 0.145333 0.9299999999999999 0.050667 0.038667
