2 0.04366700000000001 0.951333 0.082 0.078667
2 0.03733299999999995 0.871 0.074667 0.098
2 0.11499999999999999 0.861 0.088667 0.076667
2 0.23633300000000002 0.928333 0.115333 0.078
3 0.122 0.925 0.069333 0.048667
2 0.10833300000000001 0.775 0.115333 0.131333
2 0.07466700000000004 0.720333 0.074667 0.088667
2 0.24666699999999997 0.836667 0.092 0.102667
2 0.18999999999999995 0.81 0.092 0.098667
2 0.07466700000000004 0.641667 0.082667 0.068667
2 0.20099999999999996 0.706333 0.075333 0.111333
2 0.019333000000000045 0.578667 0.038667 0.048
3 0.04400000000000004 0.227333 0.058667 0.028
2 0.06133299999999997 0.274667 0.093333 0.066667
2 0.12666699999999997 0.379667 0.054667 0.052667
2 0.07666700000000004 0.385667 0.076 0.078
2 0.036667000000000005 0.423667 0.068 0.084667
2 0.025666999999999995 0.494 0.051333 0.045333
2 0.149667 0.538333 0.075333 0.072667
2 0.11199999999999999 0.494333 0.097333 0.112667
2 0.17400000000000004 0.402333 0.042667 0.044667
2 0.19966700000000004 0.268667 0.044667 0.038667
2 0.242 0.413 0.057333 0.055333
2 0.22166699999999995 0.489 0.114 0.084667
2 0.22466699999999995 0.573667 0.092 0.104667
2 0.29533299999999996 0.665333 0.144 0.124
2 0.348333 0.744667 0.075333 0.070667
2 0.348333 0.830667 0.111333 0.106667
2 0.372 0.568667 0.069333 0.072
2 0.314333 0.527667 0.087333 0.115333
2 0.32299999999999995 0.452 0.05 0.056
2 0.399 0.443333 0.095333 0.134667
2 0.472 0.505333 0.074667 0.070667
2 0.46066700000000005 0.602 0.094667 0.122667
2 0.48 0.414333 0.1 0.086
2 0.35166699999999995 0.283333 0.059333 0.065333
2 0.273 0.141 0.082 0.146
2 0.378 0.164667 0.132 0.136
2 0.461333 0.211333 0.068 0.073333
2 0.542667 0.234 0.113333 0.113333
2 0.508 0.308333 0.110667 0.112667
2 0.41900000000000004 0.326667 0.091333 0.098667
2 0.45366700000000004 0.759667 0.088667 0.120667
2 0.511 0.893333 0.052667 0.068
2 0.43133299999999997 0.937667 0.105333 0.120667
2 0.563333 0.962 0.092 0.064
2 0.5816669999999999 0.888333 0.075333 0.086
2 0.654333 0.927 0.048667 0.047333
2 0.655667 0.860333 0.079333 0.078
2 0.604 0.791 0.105333 0.106
2 0.526667 0.776333 0.076 0.079333
2 0.5303329999999999 0.693 0.108667 0.115333
2 0.657333 0.380667 0.068 0.078667
2 0.6293329999999999 0.466667 0.057333 0.065333
2 0.536333 0.582 0.082 0.085333
2 0.615 0.570667 0.078 0.101333
2 0.670667 0.635333 0.097333 0.110667
2 0.661667 0.713667 0.046 0.051333
2 0.614 0.698333 0.062667 0.084667
2 0.7336670000000001 0.857 0.048667 0.046
2 0.731 0.925 0.079333 0.087333
2 0.822667 0.885333 0.06 0.058667
2 0.743333 0.766667 0.129333 0.129333
2 0.8356669999999999 0.743667 0.080667 0.086
2 0.892667 0.802 0.086667 0.058667
2 0.887333 0.860667 0.072 0.061333
2 0.889667 0.928667 0.080667 0.069333
2 0.96 0.868 0.073333 0.090667
2 0.9646669999999999 0.775667 0.069333 0.080667
2 0.895 0.718 0.112667 0.070667
2 0.898667 0.646667 0.098667 0.072
2 0.772667 0.645 0.128 0.112667
2 0.780667 0.453 0.06 0.056667
2 0.763 0.538333 0.138 0.127333
2 0.849667 0.530667 0.058 0.062667
2 0.8466670000000001 0.471333 0.072 0.072
2 0.865667 0.393 0.126 0.09
2 0.956667 0.403667 0.056 0.058
2 0.931667 0.510333 0.124667 0.142
0 0.138 0.641 0.041333 0.039333
0 0.11233300000000002 0.6 0.036667 0.032
0 0.07733299999999999 0.217333 0.036 0.052
0 0.06499999999999995 0.099 0.036667 0.042
0 0.11633300000000002 0.060333 0.036667 0.03
0 0.20233299999999999 0.130333 0.064667 0.074
0 0.124 0.196 0.056 0.068
0 0.16333299999999995 0.229667 0.081333 0.078
0 0.577 0.080667 0.071333 0.070667
0 0.623 0.154667 0.074 0.085333
0 0.611667 0.330333 0.135333 0.168667
0 0.728 0.083667 0.114667 0.123333
0 0.717667 0.204667 0.140667 0.142667
0 0.850333 0.119 0.146 0.164667
0 0.923 0.278333 0.131333 0.17
0 0.022666999999999993 0.175333 0.036 0.033333
0 0.828333 0.274 0.107333 0.145333
0 0.503333 0.126333 0.061333 0.067333
