3 0.817667 0.05133299999999996 0.082 0.096
3 0.719667 0.137 0.055333 0.05
3 0.722 0.06466700000000003 0.096 0.077333
2 0.926 0.47 0.098667 0.110667
2 0.842667 0.43899999999999995 0.070667 0.082
3 0.767 0.42000000000000004 0.058 0.058667
1 0.731667 0.378667 0.035333 0.036
2 0.780333 0.322333 0.040667 0.040667
2 0.677333 0.45899999999999996 0.076 0.078
2 0.748333 0.481 0.051333 0.044667
2 0.678333 0.377667 0.075333 0.074
2 0.594667 0.43733299999999997 0.064 0.073333
1 0.538 0.481333 0.028 0.025333
2 0.647 0.270667 0.087333 0.106667
2 0.585333 0.348 0.069333 0.077333
2 0.497333 0.40333300000000005 0.066667 0.058667
2 0.522 0.33466700000000005 0.076 0.078667
2 0.551 0.24033300000000002 0.118 0.112667
3 0.622 0.18400000000000005 0.026667 0.033333
2 0.566333 0.155667 0.031333 0.043333
3 0.517667 0.14400000000000002 0.062 0.066667
2 0.470667 0.138 0.032 0.033333
3 0.481333 0.051000000000000045 0.094667 0.102
1 0.555 0.08799999999999997 0.048667 0.030667
2 0.413333 0.118 0.032 0.034667
3 0.46 0.215333 0.056 0.054667
2 0.449667 0.30600000000000005 0.076667 0.1
2 0.426667 0.378 0.025333 0.029333
2 0.356 0.28333299999999995 0.094667 0.145333
2 0.394333 0.18733299999999997 0.084667 0.090667
2 0.353333 0.08966700000000005 0.102667 0.116667
2 0.248333 0.14933300000000005 0.104667 0.102667
2 0.279 0.256 0.087333 0.102667
1 0.453333 0.495333 0.030667 0.036
2 0.381 0.45466700000000004 0.080667 0.072
2 0.291333 0.43633299999999997 0.078667 0.079333
3 0.250667 0.406 0.033333 0.036
1 0.189667 0.311667 0.018 0.019333
2 0.174667 0.217333 0.101333 0.125333
2 0.099667 0.19999999999999996 0.043333 0.057333
3 0.047 0.18533299999999997 0.059333 0.069333
2 0.102667 0.11499999999999999 0.106667 0.087333
2 0.195667 0.04833299999999996 0.048667 0.046
3 0.036667 0.09299999999999997 0.033333 0.046
3 0.105333 0.28800000000000003 0.045333 0.038667
3 0.318 0.554667 0.032 0.036
3 0.261667 0.5800000000000001 0.088667 0.102667
3 0.195 0.606333 0.024667 0.022
2 0.139333 0.629 0.08 0.084667
2 0.136333 0.5429999999999999 0.086 0.074
2 0.171333 0.46666700000000005 0.092 0.078667
2 0.087333 0.43899999999999995 0.073333 0.079333
2 0.120333 0.37 0.082 0.064
1 0.062333 0.275 0.026 0.031333
2 0.069667 0.513667 0.080667 0.084667
3 0.074667 0.6006670000000001 0.048 0.038667
2 0.065 0.673 0.068667 0.075333
2 0.038 0.967333 0.044 0.050667
2 0.075333 0.886667 0.125333 0.122667
1 0.181 0.882 0.072667 0.065333
2 0.211667 0.814667 0.078 0.074667
2 0.238667 0.965333 0.070667 0.068
2 0.282333 0.915 0.103333 0.115333
3 0.334 0.743 0.066667 0.071333
2 0.299 0.801333 0.111333 0.129333
2 0.390667 0.786667 0.056 0.061333
2 0.426333 0.8396669999999999 0.054 0.058
2 0.37 0.930333 0.097333 0.115333
2 0.427667 0.942333 0.046 0.058
2 0.497667 0.874667 0.019333 0.034667
3 0.551 0.890667 0.028667 0.030667
2 0.509333 0.7436670000000001 0.037333 0.042
1 0.463 0.74 0.05 0.062667
2 0.499667 0.79 0.031333 0.032
3 0.489333 0.666667 0.056 0.062667
2 0.561667 0.675 0.108667 0.120667
2 0.556667 0.7743329999999999 0.06 0.078
2 0.590667 0.849333 0.082667 0.061333
2 0.614667 0.787667 0.065333 0.076667
2 0.653667 0.707667 0.082 0.080667
1 0.684667 0.644333 0.034667 0.040667
2 0.753333 0.651667 0.061333 0.051333
2 0.773333 0.7 0.045333 0.052
3 0.73 0.734 0.062667 0.074667
2 0.687667 0.81 0.088667 0.101333
2 0.672667 0.886 0.069333 0.065333
3 0.650333 0.945667 0.063333 0.059333
2 0.721333 0.966333 0.041333 0.048667
3 0.749333 0.9 0.033333 0.037333
1 0.789333 0.915333 0.033333 0.037333
2 0.767667 0.838333 0.079333 0.088667
3 0.795667 0.7663329999999999 0.046 0.048667
2 0.850333 0.941333 0.088667 0.068
2 0.844333 0.868667 0.076667 0.08
2 0.857333 0.795 0.064 0.05
2 0.848333 0.7436670000000001 0.054 0.058
2 0.918333 0.871667 0.075333 0.075333
1 0.175333 0.389667 0.038667 0.039333
0 0.858667 0.24433300000000002 0.130667 0.132667
0 0.848 0.38133300000000003 0.077333 0.049333
0 0.828667 0.506667 0.052 0.061333
0 0.837333 0.634667 0.072 0.069333
0 0.739667 0.21799999999999997 0.100667 0.124
0 0.732667 0.327333 0.062667 0.061333
0 0.665667 0.16133299999999995 0.052667 0.058667
0 0.652333 0.11233300000000002 0.047333 0.043333
0 0.577333 0.02633300000000005 0.046667 0.052667
0 0.497333 0.530667 0.057333 0.084
0 0.483667 0.45699999999999996 0.062 0.055333
0 0.311 0.363 0.060667 0.07
0 0.232333 0.33699999999999997 0.074 0.071333
0 0.211 0.646 0.051333 0.066667
2 0.962 0.04500000000000004 0.076 0.083333
2 0.957667 0.29000000000000004 0.084667 0.108
2 0.969 0.667667 0.062 0.087333
2 0.951333 0.752667 0.097333 0.084
3 0.976333 0.838333 0.047333 0.09
3 0.955667 0.954333 0.087333 0.088667
2 0.477 0.946333 0.095333 0.106
1 0.180667 0.967 0.06 0.064667
2 0.114333 0.971667 0.107333 0.055333
2 0.040667 0.339333 0.078667 0.097333
3 0.115667 0.03533299999999995 0.102 0.070667
3 0.283 0.04266700000000001 0.108667 0.085333
3 0.629 0.033332999999999946 0.083333 0.066667
3 0.966333 0.13033300000000003 0.067333 0.095333
