1 0.44866700000000004 0.05466700000000002 0.153333 0.109333
1 0.24066699999999996 0.09699999999999998 0.146667 0.155333
1 0.16333299999999995 0.11633300000000002 0.066667 0.078
1 0.095333 0.08166700000000005 0.094667 0.083333
1 0.155667 0.20099999999999996 0.143333 0.132667
1 0.39233300000000004 0.18300000000000005 0.196667 0.214
2 0.534 0.16500000000000004 0.133333 0.147333
2 0.518667 0.292667 0.146667 0.102667
2 0.5 0.376667 0.14 0.068
2 0.485333 0.45399999999999996 0.189333 0.133333
2 0.374333 0.45099999999999996 0.080667 0.100667
2 0.342333 0.371333 0.160667 0.173333
2 0.21799999999999997 0.378 0.085333 0.076
2 0.23399999999999999 0.30100000000000005 0.102667 0.096667
2 0.13466699999999998 0.285667 0.106667 0.083333
2 0.12366699999999997 0.36966699999999997 0.120667 0.11
2 0.09099999999999997 0.458333 0.088667 0.084667
2 0.46866699999999994 0.560667 0.172 0.144
2 0.391 0.611 0.091333 0.086
2 0.47366699999999995 0.725 0.102 0.083333
1 0.24233300000000002 0.760667 0.147333 0.097333
1 0.11733300000000002 0.762 0.105333 0.094667
1 0.150667 0.847333 0.161333 0.129333
1 0.101333 0.947 0.113333 0.104667
2 0.18966700000000003 0.949 0.072667 0.09
2 0.282667 0.929333 0.105333 0.14
0 0.18766700000000003 0.5736669999999999 0.375333 0.323333
0 0.438333 0.861667 0.246 0.248667
0 0.865 0.939333 0.060667 0.072
0 0.8260000000000001 0.897667 0.056 0.036667
0 0.907 0.834333 0.184667 0.118
0 0.891667 0.71 0.215333 0.169333
0 0.9053329999999999 0.49266699999999997 0.188 0.268
0 0.910667 0.28700000000000003 0.066667 0.05
2 0.04400000000000004 0.033667 0.088 0.067333
