1 0.02066699999999999 0.152 0.041333 0.061333
1 0.08566700000000005 0.167333 0.088667 0.122667
1 0.13633300000000004 0.051333 0.146 0.088
1 0.17533299999999996 0.109 0.057333 0.039333
1 0.18333299999999997 0.147333 0.068 0.04
1 0.17333299999999996 0.188 0.077333 0.058667
1 0.22066699999999995 0.217333 0.1 0.058667
1 0.235 0.286667 0.138 0.092
1 0.254667 0.352667 0.065333 0.057333
1 0.18433299999999997 0.348 0.078 0.064
1 0.09599999999999997 0.270667 0.062667 0.057333
1 0.04400000000000004 0.229 0.072 0.076667
1 0.11466699999999996 0.35 0.072 0.088
1 0.06433299999999997 0.474333 0.120667 0.15
1 0.13966699999999999 0.471 0.080667 0.076667
1 0.18833299999999997 0.418 0.086 0.085333
1 0.287667 0.43 0.120667 0.102667
1 0.303667 0.507667 0.094 0.088667
1 0.232333 0.501 0.054 0.05
1 0.16633299999999995 0.551333 0.119333 0.093333
1 0.04700000000000004 0.699333 0.083333 0.094667
1 0.17966700000000002 0.668 0.187333 0.16
1 0.09399999999999997 0.814 0.108 0.126667
2 0.138 0.918 0.132 0.121333
1 0.18766700000000003 0.797333 0.084667 0.101333
1 0.239 0.744333 0.087333 0.084667
1 0.281667 0.688333 0.080667 0.091333
1 0.32399999999999995 0.613333 0.068 0.058667
1 0.356 0.691667 0.070667 0.076667
2 0.378 0.759 0.090667 0.066
1 0.234333 0.907667 0.066 0.086
1 0.24266699999999997 0.839333 0.066667 0.066667
1 0.279 0.787333 0.07 0.070667
1 0.297667 0.883667 0.059333 0.083333
1 0.349 0.923 0.051333 0.058
1 0.402 0.857 0.098667 0.084667
2 0.405667 0.923667 0.054 0.043333
0 0.799667 0.740667 0.178 0.144
0 0.761333 0.668 0.134667 0.081333
0 0.646 0.575 0.153333 0.166
0 0.582333 0.451 0.168667 0.120667
0 0.668667 0.423 0.064 0.052667
0 0.5493330000000001 0.323667 0.072 0.088667
0 0.49766699999999997 0.24 0.108667 0.129333
0 0.488333 0.058667 0.13 0.096
0 0.619667 0.165 0.104667 0.098
0 0.654667 0.238333 0.082667 0.075333
0 0.693667 0.310333 0.108667 0.096667
0 0.827 0.595 0.083333 0.13
0 0.894333 0.588333 0.09 0.112667
0 0.9299999999999999 0.554667 0.097333 0.108
0 0.977 0.740667 0.039333 0.045333
0 0.912 0.48 0.038667 0.046667
0 0.861333 0.405333 0.076 0.053333
0 0.756667 0.441333 0.108 0.110667
0 0.810333 0.345 0.099333 0.120667
0 0.816333 0.250333 0.119333 0.122
0 0.63 0.074333 0.110667 0.094
0 0.766 0.082333 0.082667 0.094
0 0.929667 0.322333 0.139333 0.134
0 0.876667 0.212667 0.092 0.12
0 0.888333 0.059 0.103333 0.118
0 0.9410000000000001 0.901667 0.038 0.039333
2 0.026000000000000023 0.076333 0.052 0.079333
2 0.02733300000000005 0.939667 0.054667 0.07
2 0.042332999999999954 0.604 0.084667 0.101333
2 0.042332999999999954 0.377667 0.084667 0.087333
2 0.03833299999999995 0.286333 0.075333 0.100667
2 0.25833300000000003 0.968333 0.126 0.059333
