3 0.019333 0.048667 0.029333 0.026667
2 0.125333 0.064333 0.042667 0.05
3 0.242667 0.096667 0.133333 0.129333
3 0.334667 0.118 0.046667 0.046667
3 0.319333 0.185667 0.136 0.09
3 0.065333 0.202333 0.122667 0.102
3 0.114667 0.289 0.088 0.082
3 0.209 0.26 0.094 0.098667
3 0.302667 0.267333 0.090667 0.084
3 0.394 0.217667 0.045333 0.032667
3 0.390667 0.253 0.056 0.044667
3 0.09 0.401 0.086667 0.106
3 0.181 0.340333 0.074 0.055333
3 0.176333 0.388667 0.07 0.048
3 0.166333 0.452667 0.079333 0.078667
3 0.261667 0.391333 0.07 0.064
3 0.262667 0.444333 0.053333 0.044667
3 0.282 0.337 0.04 0.035333
3 0.365 0.324 0.048667 0.030667
3 0.357667 0.414 0.038 0.028
3 0.417 0.367667 0.060667 0.051333
3 0.370667 0.027 0.048 0.05
3 0.560333 0.029 0.079333 0.056667
2 0.502 0.064667 0.024 0.025333
3 0.424 0.133667 0.052 0.047333
3 0.463 0.187333 0.028667 0.041333
3 0.461667 0.259 0.052667 0.052667
3 0.542333 0.253 0.051333 0.056667
3 0.532667 0.198333 0.113333 0.111333
3 0.579 0.148667 0.026 0.024
2 0.599333 0.076333 0.029333 0.043333
2 0.658667 0.143 0.034667 0.042
2 0.71 0.174667 0.032 0.033333
2 0.679333 0.058667 0.041333 0.026667
3 0.741333 0.072 0.073333 0.077333
2 0.664 0.224 0.050667 0.038667
3 0.61 0.249667 0.030667 0.034
2 0.529 0.329333 0.052667 0.041333
3 0.542333 0.388667 0.11 0.078667
2 0.521 0.444667 0.039333 0.053333
3 0.446333 0.432333 0.103333 0.09
2 0.590333 0.457667 0.040667 0.043333
2 0.617 0.387667 0.052667 0.055333
2 0.635 0.337333 0.067333 0.054667
2 0.678667 0.456667 0.057333 0.062667
2 0.768 0.323667 0.028 0.035333
3 0.737667 0.528667 0.064667 0.048
2 0.656 0.551667 0.017333 0.020667
2 0.680667 0.587 0.016 0.022
2 0.717333 0.605333 0.041333 0.038667
2 0.632 0.633667 0.041333 0.047333
2 0.572333 0.572 0.060667 0.056
2 0.506667 0.511667 0.045333 0.044667
2 0.5 0.583333 0.030667 0.030667
3 0.560333 0.651667 0.063333 0.063333
2 0.476 0.628667 0.054667 0.058667
2 0.462667 0.68 0.041333 0.042667
3 0.337667 0.506 0.055333 0.042667
3 0.086 0.496333 0.093333 0.071333
3 0.143 0.562667 0.108667 0.090667
3 0.238 0.541333 0.034667 0.041333
3 0.124333 0.64 0.055333 0.054667
3 0.054667 0.613667 0.094667 0.112667
3 0.118 0.704333 0.053333 0.040667
3 0.046 0.732 0.089333 0.12
3 0.100333 0.782333 0.05 0.043333
3 0.055 0.820333 0.034 0.027333
3 0.092667 0.838 0.044 0.042667
3 0.265667 0.741 0.060667 0.051333
3 0.248 0.798667 0.077333 0.062667
3 0.239667 0.843 0.044667 0.042
3 0.117 0.913333 0.09 0.12
3 0.207333 0.923667 0.089333 0.116667
3 0.294 0.926 0.057333 0.064
3 0.161667 0.841333 0.031333 0.026667
3 0.312333 0.836667 0.054 0.052
3 0.352333 0.751 0.039333 0.042
3 0.356 0.804333 0.048 0.054
3 0.410667 0.793667 0.069333 0.082
3 0.394667 0.874 0.066667 0.076
3 0.485667 0.935 0.139333 0.13
3 0.488 0.83 0.088 0.073333
3 0.565 0.838667 0.039333 0.038667
3 0.590667 0.799667 0.058667 0.048667
2 0.601 0.761667 0.043333 0.028667
3 0.604667 0.708333 0.069333 0.064667
3 0.520333 0.757333 0.095333 0.089333
3 0.631667 0.880333 0.032667 0.031333
2 0.601333 0.940667 0.032 0.033333
3 0.703333 0.918333 0.073333 0.079333
3 0.713 0.843333 0.068667 0.058667
3 0.743 0.766667 0.134 0.125333
2 0.770333 0.680333 0.044667 0.040667
2 0.785667 0.637333 0.044667 0.038667
3 0.782333 0.846 0.034 0.029333
3 0.831 0.958 0.044667 0.04
3 0.942333 0.880333 0.042 0.038
2 0.93 0.921 0.042667 0.043333
2 0.871 0.809333 0.016667 0.021333
2 0.850333 0.878 0.026 0.026667
3 0.754667 0.453667 0.070667 0.068667
3 0.825333 0.525333 0.077333 0.078667
3 0.881 0.492667 0.039333 0.033333
3 0.837667 0.414667 0.067333 0.053333
2 0.916667 0.447333 0.045333 0.038667
3 0.955333 0.324333 0.048 0.042
3 0.953333 0.261333 0.088 0.088
2 0.871333 0.251667 0.066667 0.072667
2 0.823333 0.300333 0.041333 0.064667
2 0.884667 0.332667 0.077333 0.065333
3 0.808 0.205 0.070667 0.080667
3 0.908 0.163667 0.12 0.119333
3 0.84 0.060667 0.034667 0.037333
3 0.937333 0.050333 0.125333 0.099333
3 0.983333 0.138333 0.033333 0.040667
2 0.677 0.085667 0.038 0.026
0 0.280667 0.682667 0.057333 0.061333
0 0.161667 0.812333 0.036667 0.046
0 0.017333 0.880667 0.033333 0.049333
0 0.087 0.872 0.042 0.036
0 0.34 0.543 0.050667 0.03
0 0.322333 0.585 0.036667 0.039333
0 0.346667 0.610333 0.048 0.039333
0 0.606333 0.521667 0.098 0.091333
0 0.831333 0.461333 0.069333 0.057333
0 0.711667 0.338 0.062 0.045333
0 0.354 0.357667 0.038667 0.038
0 0.232333 0.325333 0.043333 0.045333
0 0.642333 0.29 0.038 0.04
0 0.666667 0.260333 0.048 0.044667
0 0.791 0.139333 0.09 0.074667
0 0.431333 0.28 0.048 0.048
0 0.123 0.198667 0.048667 0.048
0 0.103333 0.098333 0.049333 0.046
0 0.148 0.100333 0.04 0.048667
0 0.173 0.147 0.039333 0.044667
0 0.231 0.200667 0.048667 0.052
0 0.405333 0.185333 0.04 0.038667
0 0.521 0.116 0.064667 0.058667
3 0.92 0.968333 0.089333 0.063333
2 0.671 0.981667 0.056667 0.035333
2 0.360667 0.943 0.096 0.114
3 0.031667 0.282667 0.062 0.086667
