2 0.958 0.868 0.065333 0.057333
2 0.855 0.951333 0.074 0.062667
2 0.883667 0.879667 0.07 0.07
2 0.810667 0.838667 0.118667 0.108
2 0.849667 0.7476670000000001 0.083333 0.084667
2 0.949333 0.72 0.041333 0.044
1 0.923667 0.739333 0.056667 0.046667
2 0.8993329999999999 0.799333 0.045333 0.058667
2 0.975 0.6739999999999999 0.048667 0.08
2 0.897667 0.6663330000000001 0.091333 0.098
2 0.954667 0.589 0.077333 0.075333
1 0.8993329999999999 0.602333 0.038667 0.040667
1 0.953667 0.525 0.05 0.051333
2 0.806 0.547667 0.108 0.075333
1 0.777 0.6723330000000001 0.048667 0.052667
2 0.726667 0.870667 0.057333 0.069333
1 0.7006669999999999 0.942 0.046667 0.065333
2 0.789 0.910667 0.068667 0.065333
2 0.7663329999999999 0.966 0.075333 0.065333
2 0.531667 0.935 0.076667 0.086
2 0.6206670000000001 0.895333 0.094667 0.084
2 0.648333 0.814333 0.104667 0.099333
2 0.567 0.779667 0.062 0.060667
2 0.732333 0.771667 0.134 0.116667
2 0.6839999999999999 0.708333 0.069333 0.051333
2 0.583 0.722 0.034 0.030667
2 0.601667 0.654 0.123333 0.142667
2 0.522 0.641 0.092 0.086
2 0.45866700000000005 0.6643330000000001 0.066667 0.062
2 0.499333 0.7110000000000001 0.022667 0.023333
2 0.45999999999999996 0.603667 0.069333 0.059333
1 0.632667 0.5453330000000001 0.052 0.06
2 0.554667 0.548333 0.049333 0.047333
2 0.577333 0.516667 0.057333 0.044
2 0.477333 0.542333 0.105333 0.07
2 0.30533299999999997 0.5780000000000001 0.073333 0.065333
1 0.22866699999999995 0.555667 0.036 0.035333
2 0.20666700000000005 0.6393329999999999 0.046667 0.056
3 0.242 0.73 0.078667 0.084
2 0.33399999999999996 0.762333 0.12 0.119333
2 0.43700000000000006 0.771 0.092667 0.100667
2 0.46299999999999997 0.884 0.083333 0.110667
2 0.39033300000000004 0.872 0.062 0.088
3 0.364333 0.963667 0.051333 0.047333
3 0.19233299999999998 0.927333 0.086 0.116
2 0.298667 0.871333 0.110667 0.125333
2 0.404 0.503333 0.116 0.121333
2 0.502 0.432667 0.085333 0.082667
1 0.588667 0.46499999999999997 0.037333 0.040667
2 0.599 0.433667 0.035333 0.028667
2 0.656667 0.49266699999999997 0.077333 0.092
2 0.6639999999999999 0.43333299999999997 0.041333 0.034667
2 0.5613330000000001 0.36966699999999997 0.113333 0.116667
2 0.647667 0.320333 0.084667 0.122
1 0.659333 0.24333300000000002 0.044 0.032
2 0.5676669999999999 0.258 0.118 0.109333
2 0.501 0.209333 0.032667 0.038667
2 0.894333 0.515 0.068667 0.063333
2 0.901667 0.44799999999999995 0.076667 0.068
2 0.986 0.472333 0.026667 0.042
2 0.928 0.38133300000000003 0.04 0.042667
1 0.948 0.301667 0.037333 0.042
2 0.756 0.46599999999999997 0.042667 0.042667
2 0.790333 0.33766700000000005 0.152667 0.135333
2 0.314333 0.483 0.074 0.098
3 0.26033300000000004 0.46666700000000005 0.036667 0.048
2 0.20766700000000005 0.44966700000000004 0.088667 0.078
2 0.28300000000000003 0.384 0.040667 0.037333
2 0.363 0.39833300000000005 0.087333 0.084667
2 0.43300000000000005 0.403 0.059333 0.078
2 0.22299999999999998 0.273 0.058 0.060667
2 0.322333 0.28 0.13 0.104
2 0.41033299999999995 0.16100000000000003 0.119333 0.146
2 0.35966699999999996 0.07466700000000004 0.100667 0.086667
2 0.28533299999999995 0.122 0.018667 0.018667
2 0.526 0.12133300000000002 0.113333 0.129333
2 0.632333 0.11466699999999996 0.100667 0.129333
2 0.455333 0.04366700000000001 0.086667 0.078
2 0.714 0.08333299999999999 0.06 0.068
2 0.9666669999999999 0.059667000000000026 0.044 0.088667
2 0.872667 0.12866699999999998 0.054667 0.036
2 0.871 0.06566700000000003 0.143333 0.119333
2 0.9359999999999999 0.13 0.041333 0.041333
2 0.834333 0.166667 0.064667 0.057333
2 0.910667 0.206333 0.114667 0.111333
1 0.753333 0.18433299999999997 0.037333 0.042
2 0.732667 0.256 0.078667 0.06
1 0.823333 0.24133300000000002 0.034667 0.038667
2 0.16000000000000003 0.5349999999999999 0.073333 0.07
2 0.13166699999999998 0.627667 0.032667 0.031333
2 0.28733299999999995 0.645 0.048 0.028667
3 0.08966700000000005 0.955667 0.094 0.080667
2 0.057667000000000024 0.873333 0.020667 0.021333
2 0.138 0.834 0.033333 0.030667
0 0.09266700000000005 0.07133299999999998 0.150667 0.142667
0 0.7969999999999999 0.03533299999999995 0.060667 0.062667
0 0.796 0.281 0.045333 0.039333
0 0.7146669999999999 0.213333 0.056 0.041333
0 0.604 0.401667 0.050667 0.05
0 0.749 0.373 0.055333 0.054
0 0.8316669999999999 0.45199999999999996 0.044667 0.056
0 0.690333 0.39533300000000005 0.05 0.050667
0 0.7006669999999999 0.65 0.068 0.078667
0 0.35866699999999996 0.681667 0.078667 0.068667
0 0.05733299999999997 0.678667 0.114667 0.156
0 0.953667 0.792333 0.091333 0.099333
0 0.687 0.886667 0.032667 0.046667
0 0.544667 0.858 0.072 0.068
0 0.6206670000000001 0.961667 0.068 0.056667
2 0.554333 0.027000000000000024 0.116667 0.054
2 0.962667 0.23633300000000002 0.073333 0.072667
2 0.959 0.956333 0.080667 0.086
2 0.443333 0.964 0.104 0.070667
