2 0.875667 0.072 0.078 0.073333
2 0.890667 0.135 0.069333 0.072667
2 0.795667 0.141333 0.115333 0.112
2 0.701333 0.056667 0.106667 0.106667
2 0.6583330000000001 0.124667 0.118 0.109333
2 0.552 0.079667 0.069333 0.088667
2 0.43600000000000005 0.061667 0.126667 0.122
1 0.32299999999999995 0.114333 0.127333 0.122
1 0.31666700000000003 0.202333 0.121333 0.076667
1 0.33866700000000005 0.304667 0.169333 0.173333
2 0.48966699999999996 0.247 0.172667 0.162
2 0.44566700000000004 0.347 0.146 0.140667
2 0.345 0.447333 0.175333 0.166667
2 0.8336669999999999 0.219 0.100667 0.112667
2 0.915333 0.193667 0.057333 0.055333
2 0.902667 0.252333 0.088 0.082
2 0.758667 0.249 0.056 0.078
2 0.667333 0.22 0.102667 0.094667
2 0.6859999999999999 0.280333 0.101333 0.09
2 0.8049999999999999 0.343667 0.124667 0.119333
2 0.7763329999999999 0.450333 0.120667 0.104667
2 0.576333 0.380333 0.09 0.076667
2 0.6046670000000001 0.442 0.058667 0.061333
2 0.494333 0.466333 0.128667 0.104667
2 0.414667 0.537 0.094667 0.09
2 0.544333 0.55 0.154 0.150667
1 0.342333 0.649 0.160667 0.172667
2 0.45699999999999996 0.659667 0.115333 0.148667
2 0.554333 0.654667 0.087333 0.094667
2 0.648667 0.618333 0.101333 0.144667
2 0.7376670000000001 0.610333 0.142 0.147333
2 0.8296669999999999 0.604667 0.05 0.072
2 0.943667 0.474333 0.072667 0.083333
2 0.826333 0.501667 0.066 0.078
2 0.885333 0.502333 0.064 0.087333
2 0.918 0.598333 0.106667 0.104667
2 0.868 0.751 0.090667 0.154
2 0.958333 0.913333 0.080667 0.056
2 0.929 0.820333 0.135333 0.172667
2 0.773333 0.763 0.104 0.15
2 0.6890000000000001 0.756 0.074 0.105333
2 0.7316670000000001 0.878 0.082 0.108
2 0.816667 0.920667 0.116 0.144
2 0.599333 0.804333 0.12 0.178
2 0.655667 0.869333 0.087333 0.096
2 0.505 0.782333 0.086 0.108667
2 0.387667 0.802667 0.151333 0.132
2 0.358333 0.919 0.154 0.123333
2 0.481 0.914333 0.122 0.132667
2 0.560333 0.943 0.096667 0.114
0 0.91 0.366333 0.089333 0.102
0 0.760333 0.512 0.058 0.045333
0 0.6759999999999999 0.496333 0.104 0.084667
0 0.671667 0.412 0.095333 0.092
0 0.449333 0.163333 0.12 0.094667
0 0.03500000000000003 0.916333 0.07 0.139333
0 0.8089999999999999 0.068333 0.060667 0.068667
2 0.958667 0.079 0.081333 0.108667
2 0.30733299999999997 0.027 0.12 0.052667
0 0.692333 0.356667 0.088667 0.073333
0 0.873 0.414667 0.092667 0.082667
