3 0.850333 0.552 0.072667 0.072
2 0.930667 0.621667 0.129333 0.122
2 0.894667 0.726667 0.102667 0.090667
2 0.810333 0.651 0.118 0.127333
3 0.7316670000000001 0.608 0.068667 0.052
2 0.681 0.688333 0.131333 0.131333
3 0.654 0.542333 0.084 0.075333
2 0.6859999999999999 0.453 0.132 0.107333
3 0.755333 0.255333 0.093333 0.1
2 0.757667 0.181 0.051333 0.048667
2 0.663333 0.147333 0.084 0.092
3 0.5796669999999999 0.114333 0.103333 0.114
2 0.638 0.251667 0.130667 0.119333
2 0.601667 0.370333 0.116667 0.106
3 0.538 0.318 0.065333 0.073333
2 0.568667 0.694 0.085333 0.112
3 0.511 0.593667 0.094 0.095333
3 0.42700000000000005 0.562333 0.100667 0.100667
2 0.47566699999999995 0.435333 0.114 0.133333
3 0.481333 0.192667 0.104 0.113333
3 0.43733299999999997 0.282333 0.089333 0.104667
2 0.384 0.363 0.105333 0.116667
3 0.36266699999999996 0.466 0.082667 0.077333
2 0.367 0.215667 0.098 0.118
3 0.351 0.08 0.11 0.101333
3 0.292667 0.422 0.032 0.029333
2 0.28300000000000003 0.21 0.071333 0.101333
2 0.261667 0.304333 0.116667 0.116667
2 0.23166699999999996 0.373333 0.058 0.046667
2 0.19899999999999995 0.43 0.094 0.094667
3 0.25233300000000003 0.529333 0.043333 0.034667
3 0.12266699999999997 0.130667 0.08 0.074667
2 0.07766700000000004 0.046667 0.09 0.084
3 0.10299999999999998 0.207 0.084667 0.087333
3 0.06000000000000005 0.134 0.038667 0.041333
2 0.19599999999999995 0.193667 0.105333 0.107333
3 0.15733299999999995 0.296333 0.089333 0.082
2 0.07833299999999999 0.302667 0.088667 0.113333
2 0.55 0.952 0.096 0.070667
2 0.48766699999999996 0.692667 0.068667 0.077333
2 0.768667 0.748667 0.098667 0.116
2 0.644667 0.789 0.12 0.086
2 0.724333 0.850667 0.107333 0.104
2 0.7723329999999999 0.918667 0.091333 0.098667
2 0.664667 0.909667 0.08 0.082
0 0.14900000000000002 0.364667 0.084667 0.074667
0 0.05933299999999997 0.566 0.097333 0.093333
0 0.22966699999999995 0.622333 0.282 0.228667
0 0.38533300000000004 0.807 0.468 0.386
0 0.10666699999999996 0.515667 0.076 0.099333
0 0.14900000000000002 0.356667 0.076667 0.072
0 0.18899999999999995 0.029333 0.063333 0.057333
0 0.318333 0.139 0.092667 0.075333
0 0.5533330000000001 0.225 0.046667 0.043333
0 0.523667 0.261 0.051333 0.043333
0 0.871 0.352333 0.256667 0.398
3 0.262667 0.028667 0.081333 0.053333
2 0.956333 0.801667 0.086 0.151333
2 0.887 0.943 0.15 0.114
