1 0.91 0.061667 0.106667 0.119333
2 0.839333 0.049333 0.073333 0.097333
2 0.775333 0.115333 0.070667 0.068
1 0.872333 0.146 0.082 0.068
1 0.959333 0.177 0.08 0.091333
1 0.96 0.102 0.078667 0.061333
1 0.867 0.223 0.151333 0.091333
2 0.838333 0.298667 0.078 0.078667
2 0.935 0.325 0.118 0.098
2 0.927333 0.400667 0.102667 0.077333
1 0.941333 0.485333 0.102667 0.089333
2 0.89 0.566 0.122667 0.102667
2 0.869667 0.636667 0.056667 0.036
3 0.804667 0.611333 0.04 0.04
2 0.829333 0.474333 0.129333 0.147333
2 0.738667 0.448 0.061333 0.056
2 0.708 0.514 0.064 0.06
2 0.7723329999999999 0.368333 0.076667 0.082
1 0.715667 0.174667 0.123333 0.1
2 0.766667 0.268667 0.068 0.089333
2 0.688 0.264 0.096 0.106667
2 0.672667 0.342667 0.070667 0.066667
2 0.646333 0.428 0.112667 0.106667
2 0.628333 0.500667 0.087333 0.069333
2 0.617 0.574333 0.104667 0.096667
1 0.695333 0.588667 0.064 0.068
2 0.5920000000000001 0.059667 0.134667 0.107333
1 0.593333 0.143 0.134667 0.092667
1 0.593333 0.222333 0.14 0.09
3 0.49266699999999997 0.223 0.058667 0.055333
1 0.496333 0.127667 0.079333 0.107333
2 0.40333300000000005 0.187333 0.129333 0.134667
1 0.39533300000000005 0.101 0.061333 0.047333
2 0.292667 0.146 0.105333 0.096
2 0.33566700000000005 0.241667 0.063333 0.048667
2 0.415667 0.287 0.051333 0.052667
1 0.471 0.291667 0.09 0.098
2 0.38033300000000003 0.324333 0.088667 0.100667
2 0.290667 0.319333 0.106667 0.090667
2 0.23099999999999998 0.291667 0.107333 0.11
1 0.47666699999999995 0.372667 0.085333 0.064
1 0.573 0.317333 0.122 0.12
2 0.554 0.410667 0.066667 0.072
2 0.5349999999999999 0.476333 0.059333 0.054
1 0.452333 0.459667 0.124667 0.123333
2 0.28933299999999995 0.405333 0.137333 0.104
2 0.24066699999999996 0.456333 0.042667 0.052667
2 0.18866700000000003 0.408333 0.061333 0.056667
1 0.15100000000000002 0.465333 0.078 0.076
2 0.19599999999999995 0.509333 0.101333 0.136
2 0.27033300000000005 0.564 0.114 0.106667
2 0.36066699999999996 0.587333 0.072 0.068
2 0.356 0.502333 0.076 0.114
1 0.28933299999999995 0.478667 0.070667 0.064
2 0.44166700000000003 0.536 0.082 0.057333
2 0.43100000000000005 0.608333 0.082 0.087333
2 0.882 0.717333 0.070667 0.064
2 0.969 0.747333 0.055333 0.054667
2 0.958667 0.942333 0.06 0.036667
2 0.912 0.805667 0.056 0.074
2 0.839333 0.871667 0.070667 0.075333
2 0.727333 0.93 0.044 0.041333
2 0.837333 0.78 0.094667 0.102667
2 0.7663329999999999 0.76 0.07 0.070667
2 0.799667 0.687 0.078 0.108667
2 0.712333 0.685333 0.114 0.125333
2 0.725333 0.835333 0.073333 0.072
2 0.648667 0.911 0.129333 0.120667
2 0.653667 0.811667 0.078 0.083333
3 0.617 0.775667 0.040667 0.036667
2 0.560667 0.861667 0.053333 0.058
2 0.633667 0.711333 0.071333 0.070667
1 0.617667 0.65 0.075333 0.057333
3 0.853 0.965333 0.038 0.029333
2 0.528 0.545333 0.088 0.094667
2 0.523333 0.629333 0.092 0.070667
2 0.555667 0.706667 0.084667 0.098667
2 0.498333 0.769667 0.083333 0.084667
2 0.47466699999999995 0.73 0.033333 0.033333
2 0.421667 0.755667 0.088667 0.087333
2 0.395 0.831667 0.084667 0.082
2 0.46566700000000005 0.824333 0.048667 0.05
2 0.362333 0.911333 0.086 0.096
2 0.564667 0.961333 0.084 0.077333
2 0.46266700000000005 0.941333 0.118667 0.117333
2 0.30500000000000005 0.957333 0.058 0.066667
1 0.27233300000000005 0.903333 0.118 0.128
2 0.20599999999999996 0.957667 0.057333 0.072667
1 0.14433300000000004 0.932667 0.080667 0.086667
1 0.060667000000000026 0.897333 0.089333 0.104
2 0.17400000000000004 0.829333 0.126667 0.126667
1 0.06766700000000003 0.817667 0.096667 0.080667
2 0.16633299999999995 0.736 0.07 0.073333
2 0.10166699999999995 0.733333 0.068667 0.088
2 0.251 0.764 0.080667 0.078667
2 0.33166700000000005 0.787333 0.078 0.096
2 0.31699999999999995 0.662667 0.09 0.098667
2 0.237 0.687333 0.086 0.093333
1 0.18366700000000002 0.608333 0.068667 0.056667
1 0.15500000000000003 0.667333 0.078 0.064
1 0.08866700000000005 0.617333 0.125333 0.161333
2 0.374667 0.716667 0.053333 0.052
2 0.41633299999999995 0.674333 0.091333 0.072667
0 0.28133300000000006 0.820667 0.064 0.062667
0 0.49366699999999997 0.861333 0.072667 0.06
0 0.494333 0.686 0.054 0.038667
0 0.725333 0.100333 0.052 0.048667
0 0.676667 0.127667 0.048 0.062
0 0.8376669999999999 0.356 0.048667 0.041333
0 0.7110000000000001 0.374667 0.056667 0.069333
0 0.751667 0.587333 0.060667 0.046667
0 0.7763329999999999 0.860667 0.059333 0.062667
0 0.8069999999999999 0.95 0.028667 0.02
0 0.374 0.409333 0.062667 0.061333
0 0.06299999999999994 0.117 0.032667 0.031333
2 0.05266700000000002 0.962333 0.104 0.075333
2 0.965667 0.854667 0.067333 0.117333
2 0.951667 0.597333 0.095333 0.157333
2 0.975667 0.039667 0.047333 0.078
2 0.45066700000000004 0.044333 0.172 0.087333
