2 0.072 0.875667 0.073333 0.078
2 0.135 0.890667 0.072667 0.069333
2 0.141333 0.795667 0.112 0.115333
2 0.056667 0.701333 0.106667 0.106667
2 0.124667 0.6583330000000001 0.109333 0.118
2 0.079667 0.552 0.088667 0.069333
2 0.061667 0.43600000000000005 0.122 0.126667
1 0.114333 0.32299999999999995 0.122 0.127333
1 0.202333 0.31666700000000003 0.076667 0.121333
1 0.304667 0.33866700000000005 0.173333 0.169333
2 0.247 0.48966699999999996 0.162 0.172667
2 0.347 0.44566700000000004 0.140667 0.146
2 0.447333 0.345 0.166667 0.175333
2 0.219 0.8336669999999999 0.112667 0.100667
2 0.193667 0.915333 0.055333 0.057333
2 0.252333 0.902667 0.082 0.088
2 0.249 0.758667 0.078 0.056
2 0.22 0.667333 0.094667 0.102667
2 0.280333 0.6859999999999999 0.09 0.101333
2 0.343667 0.8049999999999999 0.119333 0.124667
2 0.450333 0.7763329999999999 0.104667 0.120667
2 0.380333 0.576333 0.076667 0.09
2 0.442 0.6046670000000001 0.061333 0.058667
2 0.466333 0.494333 0.104667 0.128667
2 0.537 0.414667 0.09 0.094667
2 0.55 0.544333 0.150667 0.154
1 0.649 0.342333 0.172667 0.160667
2 0.659667 0.45699999999999996 0.148667 0.115333
2 0.654667 0.554333 0.094667 0.087333
2 0.618333 0.648667 0.144667 0.101333
2 0.610333 0.7376670000000001 0.147333 0.142
2 0.604667 0.8296669999999999 0.072 0.05
2 0.474333 0.943667 0.083333 0.072667
2 0.501667 0.826333 0.078 0.066
2 0.502333 0.885333 0.087333 0.064
2 0.598333 0.918 0.104667 0.106667
2 0.751 0.868 0.154 0.090667
2 0.913333 0.958333 0.056 0.080667
2 0.820333 0.929 0.172667 0.135333
2 0.763 0.773333 0.15 0.104
2 0.756 0.6890000000000001 0.105333 0.074
2 0.878 0.7316670000000001 0.108 0.082
2 0.920667 0.816667 0.144 0.116
2 0.804333 0.599333 0.178 0.12
2 0.869333 0.655667 0.096 0.087333
2 0.782333 0.505 0.108667 0.086
2 0.802667 0.387667 0.132 0.151333
2 0.919 0.358333 0.123333 0.154
2 0.914333 0.481 0.132667 0.122
2 0.943 0.560333 0.114 0.096667
0 0.366333 0.91 0.102 0.089333
0 0.512 0.760333 0.045333 0.058
0 0.496333 0.6759999999999999 0.084667 0.104
0 0.412 0.671667 0.092 0.095333
0 0.163333 0.449333 0.094667 0.12
0 0.916333 0.03500000000000003 0.139333 0.07
0 0.068333 0.8089999999999999 0.068667 0.060667
2 0.079 0.958667 0.108667 0.081333
2 0.027 0.30733299999999997 0.052667 0.12
0 0.356667 0.692333 0.073333 0.088667
0 0.414667 0.873 0.082667 0.092667
