3 0.917333 0.953333 0.056 0.068
2 0.912667 0.855333 0.134667 0.130667
2 0.832667 0.812333 0.089333 0.088667
2 0.757333 0.849333 0.097333 0.102667
2 0.43233299999999997 0.974667 0.05 0.044
2 0.09899999999999998 0.932333 0.080667 0.087333
2 0.28 0.909333 0.069333 0.056
2 0.36266699999999996 0.938667 0.029333 0.030667
3 0.30000000000000004 0.863 0.078667 0.051333
2 0.573 0.828667 0.114 0.110667
2 0.766667 0.734333 0.121333 0.116667
2 0.891 0.7396670000000001 0.019333 0.022
2 0.687 0.778 0.078 0.090667
2 0.613667 0.722667 0.087333 0.142667
2 0.525 0.734333 0.084667 0.092667
3 0.43533299999999997 0.730667 0.033333 0.026667
3 0.427667 0.7873330000000001 0.056667 0.069333
2 0.345 0.7336670000000001 0.052667 0.048667
3 0.328333 0.794 0.072667 0.072
2 0.24866699999999997 0.749667 0.065333 0.108667
2 0.17566700000000002 0.708 0.075333 0.077333
3 0.16400000000000003 0.774 0.029333 0.037333
2 0.08133299999999999 0.722 0.130667 0.169333
2 0.12333300000000003 0.5780000000000001 0.137333 0.129333
2 0.038000000000000034 0.562 0.061333 0.089333
2 0.358 0.596333 0.068 0.082
2 0.45899999999999996 0.5800000000000001 0.072667 0.066667
2 0.24733300000000003 0.472333 0.170667 0.179333
2 0.12366699999999997 0.45166700000000004 0.092667 0.140667
2 0.04500000000000004 0.441333 0.080667 0.122667
2 0.314333 0.370333 0.119333 0.116667
2 0.16333299999999995 0.33099999999999996 0.174667 0.140667
2 0.13 0.231333 0.092 0.094667
2 0.32399999999999995 0.27033300000000005 0.069333 0.091333
2 0.270667 0.21366700000000005 0.104 0.155333
2 0.19999999999999996 0.18300000000000005 0.065333 0.083333
2 0.04066700000000001 0.14833300000000005 0.081333 0.114
2 0.12633300000000003 0.12366699999999997 0.079333 0.082
2 0.20566700000000004 0.08366700000000005 0.079333 0.087333
2 0.293667 0.08566700000000005 0.086 0.114
2 0.380667 0.095333 0.098667 0.108
2 0.47366699999999995 0.11633300000000002 0.076667 0.086
2 0.38133300000000003 0.18933299999999997 0.128 0.106667
2 0.39833300000000005 0.285667 0.079333 0.083333
2 0.486333 0.303667 0.084667 0.075333
2 0.40700000000000003 0.389667 0.076667 0.078
2 0.393667 0.476 0.088667 0.097333
2 0.464333 0.479333 0.05 0.090667
2 0.5369999999999999 0.508667 0.114 0.134667
2 0.511 0.399 0.11 0.104667
2 0.598 0.410667 0.061333 0.066667
2 0.957667 0.632667 0.080667 0.097333
2 0.886 0.650333 0.088 0.11
2 0.8069999999999999 0.619667 0.095333 0.115333
2 0.716 0.607667 0.097333 0.114
3 0.608333 0.588667 0.11 0.128
3 0.693667 0.508667 0.114 0.088
2 0.788333 0.505333 0.083333 0.125333
2 0.877333 0.5163329999999999 0.102667 0.144667
2 0.945333 0.34966699999999995 0.061333 0.086
2 0.884333 0.34566699999999995 0.083333 0.122
2 0.9103330000000001 0.260667 0.116667 0.074667
2 0.7873330000000001 0.350333 0.106667 0.151333
2 0.7110000000000001 0.349 0.059333 0.084667
2 0.618 0.33166700000000005 0.142667 0.152667
2 0.521667 0.225333 0.091333 0.121333
2 0.607667 0.23099999999999998 0.086 0.092667
2 0.7476670000000001 0.24633300000000002 0.086 0.079333
2 0.927 0.18233299999999997 0.103333 0.095333
2 0.836667 0.17400000000000004 0.089333 0.112
2 0.756 0.14400000000000002 0.105333 0.125333
2 0.6659999999999999 0.15033300000000005 0.094667 0.123333
2 0.870667 0.08433299999999999 0.132 0.108667
2 0.733 0.05366700000000002 0.082 0.086
2 0.648333 0.051000000000000045 0.082 0.086
2 0.462333 0.04566700000000001 0.048667 0.047333
0 0.915 0.765333 0.058 0.056
0 0.04966700000000002 0.957667 0.040667 0.048667
0 0.04266700000000001 0.828667 0.084 0.085333
0 0.21166700000000005 0.844333 0.07 0.052667
0 0.375667 0.699333 0.054 0.044
0 0.384 0.835333 0.072 0.064
0 0.48166699999999996 0.7913330000000001 0.059333 0.061333
0 0.241 0.940667 0.048667 0.061333
0 0.978333 0.855 0.039333 0.05
0 0.795667 0.915667 0.046 0.060667
0 0.672667 0.8416669999999999 0.072 0.056667
0 0.746333 0.922 0.043333 0.041333
0 0.661667 0.9083330000000001 0.064667 0.060667
0 0.647 0.953333 0.043333 0.036
0 0.617667 0.927 0.051333 0.044667
0 0.42900000000000005 0.893 0.036667 0.044667
2 0.381 0.02433300000000005 0.092667 0.048667
2 0.5549999999999999 0.05166700000000002 0.122 0.103333
2 0.16800000000000004 0.953333 0.097333 0.090667
