2 0.72 0.069667 0.077333 0.108667
2 0.63 0.085667 0.092 0.087333
3 0.728333 0.165 0.091333 0.084667
2 0.609667 0.163667 0.131333 0.092667
2 0.646667 0.247 0.1 0.107333
3 0.721 0.245667 0.048667 0.054
2 0.555667 0.245667 0.084667 0.087333
2 0.465333 0.081 0.132 0.106
2 0.471333 0.192667 0.097333 0.104
2 0.367333 0.083 0.056 0.074
2 0.270667 0.062333 0.134667 0.120667
2 0.12933300000000003 0.076 0.16 0.137333
2 0.20499999999999996 0.202 0.111333 0.161333
2 0.29500000000000004 0.198333 0.094 0.159333
2 0.37933300000000003 0.185667 0.104 0.146
2 0.11933300000000002 0.243333 0.162667 0.161333
2 0.34299999999999997 0.302667 0.051333 0.06
2 0.341333 0.384 0.068 0.066667
2 0.27033300000000005 0.331667 0.078 0.09
2 0.17300000000000004 0.343 0.078 0.079333
2 0.30900000000000005 0.44 0.047333 0.052
2 0.224333 0.426667 0.163333 0.202667
1 0.11099999999999999 0.441333 0.071333 0.098667
2 0.13333300000000003 0.539333 0.176 0.12
2 0.144667 0.637667 0.134667 0.088667
2 0.09166700000000005 0.729667 0.064667 0.078
2 0.10533300000000001 0.841333 0.106667 0.101333
2 0.28033300000000005 0.835667 0.054 0.079333
2 0.206333 0.833 0.088667 0.092667
2 0.19433299999999998 0.917 0.123333 0.091333
2 0.087333 0.925333 0.098667 0.097333
2 0.16733299999999995 0.727667 0.094667 0.123333
2 0.24866699999999997 0.712 0.112 0.137333
2 0.34466699999999995 0.690667 0.098667 0.074667
2 0.33399999999999996 0.617667 0.08 0.084667
2 0.32299999999999995 0.507333 0.114 0.138667
2 0.42933299999999996 0.520667 0.106667 0.170667
2 0.544667 0.619 0.134667 0.084667
2 0.531333 0.501667 0.094667 0.142
2 0.614 0.530667 0.093333 0.082667
2 0.653667 0.437333 0.122 0.098667
2 0.757 0.352667 0.051333 0.06
2 0.681667 0.343333 0.079333 0.077333
2 0.604333 0.338 0.082 0.094667
2 0.49166699999999997 0.349 0.140667 0.139333
2 0.44099999999999995 0.394333 0.086 0.076667
0 0.851333 0.943333 0.141333 0.113333
0 0.687667 0.963 0.146 0.074
0 0.520667 0.947 0.172 0.106
0 0.359 0.909 0.119333 0.103333
0 0.389667 0.787 0.191333 0.158
0 0.495 0.844 0.175333 0.170667
0 0.685 0.89 0.186 0.116
0 0.9299999999999999 0.876333 0.104 0.084667
0 0.8546670000000001 0.787333 0.152 0.178667
0 0.7256670000000001 0.781667 0.183333 0.151333
0 0.582333 0.699333 0.134 0.141333
0 0.698 0.691 0.134667 0.127333
0 0.807333 0.599333 0.244 0.185333
0 0.875667 0.455 0.238 0.175333
0 0.877667 0.282 0.242 0.189333
0 0.884333 0.146667 0.186 0.185333
0 0.870333 0.076 0.258 0.149333
0 0.43500000000000005 0.694 0.07 0.061333
2 0.031000000000000028 0.820667 0.060667 0.096
2 0.03533299999999995 0.725 0.070667 0.098
2 0.04933299999999996 0.622333 0.098667 0.116667
2 0.07133299999999998 0.362333 0.142667 0.119333
0 0.952667 0.956 0.068 0.081333
