2 0.068333 0.918667 0.075333 0.077333
2 0.066333 0.827 0.048667 0.044667
2 0.143667 0.950667 0.080667 0.072
2 0.126 0.859 0.034667 0.032667
2 0.181667 0.880667 0.056667 0.04
2 0.101333 0.771333 0.029333 0.030667
2 0.177333 0.801333 0.068 0.065333
2 0.129667 0.798667 0.016667 0.021333
2 0.25 0.8220000000000001 0.065333 0.073333
2 0.226667 0.976333 0.041333 0.043333
2 0.278667 0.904 0.068 0.070667
2 0.347667 0.855 0.047333 0.052667
2 0.355 0.923667 0.084667 0.087333
2 0.427 0.943 0.052667 0.046
2 0.430667 0.869333 0.066667 0.068
2 0.444 0.799333 0.101333 0.072
3 0.365667 0.761333 0.099333 0.101333
3 0.291333 0.756333 0.048 0.075333
2 0.232333 0.729 0.055333 0.051333
2 0.149 0.721 0.096667 0.079333
2 0.035667 0.750667 0.056667 0.041333
2 0.058667 0.697333 0.092 0.093333
2 0.104 0.627 0.070667 0.096667
3 0.061667 0.593667 0.05 0.039333
2 0.067667 0.5203329999999999 0.104667 0.083333
3 0.143 0.547667 0.051333 0.047333
2 0.195333 0.629 0.106667 0.107333
2 0.212 0.56 0.070667 0.065333
2 0.280333 0.5700000000000001 0.028667 0.028
2 0.314333 0.577 0.024667 0.022
2 0.257333 0.675 0.074667 0.074
2 0.338667 0.675 0.070667 0.064667
3 0.497667 0.886333 0.042 0.046
2 0.478667 0.736667 0.06 0.061333
3 0.097667 0.442333 0.036667 0.039333
2 0.191667 0.400667 0.082 0.066667
2 0.166333 0.46966699999999995 0.084667 0.079333
2 0.247 0.493 0.084667 0.107333
3 0.284667 0.42300000000000004 0.037333 0.047333
2 0.316667 0.505 0.068 0.080667
3 0.362 0.44099999999999995 0.06 0.063333
2 0.419 0.418667 0.020667 0.022667
3 0.395667 0.527 0.059333 0.060667
3 0.474 0.544333 0.038667 0.038
3 0.449 0.6273329999999999 0.05 0.066667
2 0.517 0.648 0.094 0.094667
2 0.579 0.6603330000000001 0.046 0.055333
2 0.527333 0.734667 0.037333 0.048
2 0.563667 0.749333 0.038 0.066667
3 0.560667 0.909667 0.070667 0.102
3 0.517 0.961667 0.080667 0.072667
2 0.599667 0.848333 0.082 0.087333
2 0.633667 0.772 0.094 0.093333
3 0.634333 0.9319999999999999 0.062 0.076
2 0.648333 0.696333 0.038 0.044667
3 0.691333 0.873333 0.090667 0.101333
2 0.704667 0.687667 0.077333 0.09
2 0.733333 0.618333 0.065333 0.048667
2 0.797333 0.574333 0.041333 0.044667
2 0.808 0.638667 0.048 0.06
3 0.887 0.597333 0.054 0.057333
2 0.908667 0.5589999999999999 0.030667 0.027333
3 0.863667 0.661667 0.074 0.072667
2 0.840667 0.733333 0.061333 0.06
3 0.776 0.707667 0.06 0.07
2 0.766333 0.793667 0.079333 0.078
2 0.827 0.819667 0.047333 0.054
2 0.765667 0.958333 0.047333 0.056667
2 0.778667 0.895333 0.070667 0.097333
2 0.905333 0.937 0.065333 0.088667
2 0.961 0.928333 0.044667 0.048667
2 0.895333 0.832667 0.029333 0.041333
2 0.911 0.753 0.09 0.087333
2 0.950333 0.6799999999999999 0.078 0.066667
3 0.034333 0.255667 0.040667 0.051333
2 0.108 0.28600000000000003 0.112 0.124
2 0.06 0.17900000000000005 0.105333 0.09
2 0.081 0.10399999999999998 0.078 0.068
2 0.16 0.057667000000000024 0.077333 0.114
2 0.088 0.031667 0.056 0.063333
3 0.179 0.155667 0.054 0.043333
2 0.153333 0.21299999999999997 0.094667 0.075333
2 0.195 0.30200000000000005 0.083333 0.092
3 0.251 0.230333 0.074 0.09
2 0.236333 0.08466700000000005 0.075333 0.114667
2 0.316667 0.11399999999999999 0.068 0.106667
2 0.348333 0.055332999999999966 0.035333 0.037333
2 0.320667 0.20899999999999996 0.065333 0.078
2 0.282333 0.32166700000000004 0.07 0.080667
3 0.351667 0.346333 0.055333 0.052667
2 0.433 0.35766699999999996 0.082 0.07
3 0.499 0.36566699999999996 0.044667 0.047333
2 0.395 0.20399999999999996 0.091333 0.096
2 0.390667 0.13333300000000003 0.050667 0.048
2 0.412333 0.06266700000000003 0.084667 0.093333
2 0.490667 0.10266699999999995 0.064 0.073333
3 0.476667 0.162667 0.058667 0.062667
2 0.468333 0.237 0.072667 0.114
2 0.574 0.11733300000000002 0.094667 0.122667
2 0.660667 0.08766700000000005 0.068 0.082
2 0.634333 0.15633300000000006 0.051333 0.05
2 0.604333 0.20699999999999996 0.052667 0.059333
2 0.543 0.250667 0.084667 0.1
2 0.62 0.26933300000000004 0.069333 0.062667
2 0.583 0.31599999999999995 0.064667 0.058667
2 0.580333 0.37066699999999997 0.043333 0.042667
2 0.687 0.291667 0.054 0.056667
2 0.711 0.16933299999999996 0.079333 0.073333
2 0.759667 0.04366700000000001 0.082 0.075333
3 0.778 0.12666699999999997 0.041333 0.032
2 0.845333 0.052000000000000046 0.06 0.056
2 0.912 0.08599999999999997 0.062667 0.057333
2 0.919667 0.16533299999999995 0.083333 0.06
2 0.793333 0.19699999999999995 0.072 0.051333
3 0.586333 0.5223329999999999 0.05 0.059333
2 0.595333 0.46599999999999997 0.062667 0.061333
2 0.632333 0.405667 0.072667 0.092667
2 0.637333 0.335333 0.042667 0.041333
2 0.693 0.35566699999999996 0.054 0.043333
2 0.765 0.27333300000000005 0.098 0.098667
2 0.852333 0.22799999999999998 0.056667 0.062667
2 0.876 0.281667 0.068 0.054
3 0.921667 0.24166699999999997 0.051333 0.064667
2 0.634 0.597333 0.1 0.098667
2 0.626667 0.527 0.028 0.027333
2 0.693333 0.544667 0.064 0.065333
2 0.670333 0.477 0.09 0.072667
2 0.699 0.41400000000000003 0.058 0.062667
2 0.756667 0.368 0.06 0.062667
2 0.751667 0.432667 0.042 0.036
2 0.772667 0.5063329999999999 0.053333 0.055333
2 0.806667 0.442333 0.057333 0.060667
2 0.837333 0.38333300000000003 0.076 0.068
3 0.854 0.47366699999999995 0.042667 0.051333
2 0.923333 0.34566699999999995 0.078667 0.076667
2 0.910333 0.422667 0.086 0.069333
2 0.935 0.477 0.094 0.083333
0 0.950333 0.852 0.056667 0.068
0 0.978333 0.576667 0.034 0.028
0 0.676667 0.229333 0.056 0.046667
0 0.51 0.48966699999999996 0.044 0.052667
0 0.484333 0.8220000000000001 0.039333 0.04
0 0.523333 0.834 0.033333 0.029333
0 0.356 0.30400000000000005 0.034667 0.030667
0 0.386 0.593 0.034667 0.035333
0 0.297 0.619667 0.075333 0.068667
0 0.259667 0.16533299999999995 0.064667 0.052
0 0.064667 0.862 0.053333 0.034667
0 0.093333 0.374667 0.065333 0.086667
2 0.978333 0.11966699999999997 0.043333 0.074
2 0.970333 0.250667 0.059333 0.085333
2 0.973 0.374333 0.054 0.066
2 0.969 0.773667 0.060667 0.084667
2 0.845 0.9696670000000001 0.079333 0.059333
2 0.578667 0.980667 0.044 0.037333
2 0.312333 0.983667 0.059333 0.028667
2 0.031 0.429667 0.060667 0.088667
2 0.268 0.031667 0.090667 0.063333
2 0.471667 0.028333000000000053 0.079333 0.055333
2 0.567667 0.03733299999999995 0.111333 0.070667
2 0.681 0.029667 0.066 0.059333
2 0.945 0.016000000000000014 0.038 0.032
2 0.947333 0.97 0.098667 0.058667
