2 0.19733299999999998 0.062667 0.088 0.069333
2 0.24833300000000003 0.165 0.118 0.095333
2 0.311667 0.242667 0.135333 0.109333
1 0.321333 0.317 0.058667 0.044667
1 0.223333 0.267667 0.082667 0.098
1 0.23766699999999996 0.344 0.096667 0.113333
2 0.16100000000000003 0.256667 0.067333 0.073333
2 0.08666700000000005 0.243333 0.108 0.162667
1 0.21299999999999997 0.442333 0.099333 0.102
2 0.257 0.527333 0.112667 0.090667
2 0.386667 0.514667 0.138667 0.114667
1 0.412667 0.574667 0.066667 0.046667
1 0.42400000000000004 0.625 0.090667 0.076667
2 0.43899999999999995 0.720667 0.116667 0.106667
1 0.31766700000000003 0.802 0.112667 0.105333
2 0.31599999999999995 0.645667 0.128 0.147333
2 0.21599999999999997 0.774 0.094667 0.134667
2 0.15133300000000005 0.695 0.061333 0.091333
2 0.10366699999999995 0.681 0.047333 0.046
2 0.07533299999999998 0.764 0.112 0.12
1 0.165667 0.586667 0.104667 0.1
2 0.12833300000000003 0.500333 0.102 0.083333
1 0.086333 0.486333 0.031333 0.031333
2 0.08033299999999999 0.383 0.103333 0.111333
2 0.056332999999999966 0.453 0.063333 0.055333
2 0.095333 0.643667 0.050667 0.034
2 0.05900000000000005 0.898667 0.098 0.125333
2 0.14800000000000002 0.926667 0.102667 0.106667
2 0.208333 0.872333 0.071333 0.072667
2 0.30933299999999997 0.903333 0.081333 0.088
2 0.255 0.897333 0.044667 0.057333
1 0.405667 0.847667 0.092667 0.092667
1 0.40933299999999995 0.923333 0.097333 0.084
1 0.359 0.961667 0.047333 0.048667
0 0.131 0.124 0.144667 0.148
0 0.16333299999999995 0.344 0.062667 0.093333
0 0.26333300000000004 0.591 0.04 0.044667
0 0.34299999999999997 0.391 0.171333 0.183333
0 0.5796669999999999 0.258 0.038 0.041333
0 0.883333 0.087667 0.193333 0.167333
2 0.048667000000000016 0.578333 0.097333 0.208667
2 0.04166700000000001 0.067333 0.076667 0.132
2 0.11566699999999996 0.044 0.132667 0.085333
