1 0.929 0.083 0.112667 0.087333
2 0.812667 0.063 0.104 0.106
2 0.813333 0.172333 0.172 0.152667
1 0.867333 0.263333 0.125333 0.096
1 0.800667 0.353667 0.061333 0.09
1 0.894333 0.323333 0.112667 0.062667
2 0.939667 0.168333 0.119333 0.116667
1 0.886 0.399667 0.104 0.112667
1 0.8089999999999999 0.438 0.067333 0.058667
2 0.903667 0.459333 0.080667 0.070667
2 0.7396670000000001 0.517 0.111333 0.106
1 0.859667 0.521333 0.138 0.110667
1 0.876333 0.617667 0.128667 0.118
1 0.953333 0.685667 0.089333 0.140667
2 0.897333 0.747667 0.090667 0.088667
2 0.750667 0.617667 0.122667 0.120667
2 0.7803329999999999 0.706667 0.148667 0.098667
2 0.867333 0.836667 0.056 0.072
2 0.794 0.815 0.102667 0.126
2 0.6970000000000001 0.788 0.09 0.158667
1 0.604 0.661333 0.062667 0.069333
1 0.665 0.569667 0.051333 0.044667
1 0.654667 0.610667 0.069333 0.065333
2 0.511667 0.679 0.052667 0.046
2 0.518667 0.740667 0.058667 0.053333
2 0.453333 0.801333 0.028 0.034667
2 0.606333 0.749 0.094 0.106
2 0.6473329999999999 0.858667 0.096 0.110667
2 0.748333 0.936333 0.112667 0.119333
2 0.6513329999999999 0.951 0.085333 0.076667
2 0.532333 0.849 0.116667 0.17
2 0.45666700000000005 0.885667 0.062667 0.076667
2 0.502667 0.633333 0.145333 0.134667
1 0.554333 0.502667 0.115333 0.137333
2 0.644333 0.486 0.087333 0.104
2 0.622333 0.406667 0.056667 0.068
1 0.601333 0.335333 0.068 0.069333
1 0.727 0.433 0.086 0.082
2 0.7026669999999999 0.350333 0.142667 0.127333
1 0.694333 0.277 0.104667 0.080667
1 0.6859999999999999 0.199333 0.121333 0.1
2 0.6743330000000001 0.12 0.080667 0.058667
1 0.640667 0.081 0.136 0.155333
2 0.550667 0.108667 0.069333 0.089333
2 0.5720000000000001 0.208 0.101333 0.101333
1 0.590333 0.293333 0.038 0.044
1 0.513 0.318667 0.108667 0.097333
2 0.542333 0.401667 0.111333 0.086
1 0.44366700000000003 0.54 0.124667 0.132
2 0.30000000000000004 0.564333 0.134667 0.106
2 0.22899999999999998 0.612333 0.079333 0.076667
2 0.09866699999999995 0.646333 0.132 0.114
2 0.10333300000000001 0.548 0.097333 0.101333
2 0.19299999999999995 0.528667 0.092667 0.096
2 0.10066699999999995 0.453667 0.072 0.09
2 0.17233299999999996 0.461333 0.092667 0.094667
1 0.256 0.471 0.1 0.119333
1 0.32766700000000004 0.437333 0.126 0.142667
1 0.43533299999999997 0.416333 0.12 0.120667
2 0.40633300000000006 0.312333 0.114 0.118
2 0.257667 0.356 0.13 0.102667
2 0.16233299999999995 0.373333 0.079333 0.081333
2 0.14233300000000004 0.279333 0.080667 0.105333
2 0.05266700000000002 0.272 0.101333 0.121333
2 0.24733300000000003 0.255 0.165333 0.115333
1 0.48266699999999996 0.224 0.138667 0.130667
1 0.38933300000000004 0.217 0.094667 0.078
2 0.44299999999999995 0.125333 0.135333 0.125333
2 0.35466699999999995 0.162333 0.097333 0.11
1 0.33899999999999997 0.067 0.123333 0.127333
2 0.25333300000000003 0.056 0.092 0.110667
2 0.20066700000000004 0.09 0.128 0.142667
2 0.05400000000000005 0.116667 0.068 0.101333
2 0.04700000000000004 0.04 0.054 0.06
2 0.12233300000000003 0.150333 0.087333 0.103333
2 0.21199999999999997 0.168333 0.097333 0.078
2 0.16800000000000004 0.724667 0.148 0.137333
2 0.08233299999999999 0.744 0.047333 0.057333
2 0.252667 0.711 0.054667 0.054
2 0.27 0.786 0.089333 0.101333
2 0.329333 0.668333 0.134667 0.111333
2 0.34866699999999995 0.747333 0.088 0.069333
2 0.36266699999999996 0.823333 0.098667 0.093333
1 0.19733299999999998 0.81 0.076 0.069333
1 0.10366699999999995 0.847667 0.155333 0.13
2 0.12066699999999997 0.932667 0.109333 0.1
2 0.21366700000000005 0.884333 0.082 0.092667
2 0.29333299999999995 0.917 0.132 0.144667
2 0.37633300000000003 0.882333 0.051333 0.05
0 0.05300000000000005 0.191 0.048667 0.032667
0 0.42800000000000005 0.698667 0.070667 0.054667
2 0.947 0.816 0.103333 0.133333
2 0.909 0.024667 0.122 0.048
1 0.5393330000000001 0.029 0.105333 0.056667
2 0.43766700000000003 0.037333 0.136667 0.073333
