3 0.5083329999999999 0.866333 0.038 0.040667
3 0.390667 0.767 0.036 0.05
3 0.14733300000000005 0.759333 0.065333 0.068
3 0.17700000000000005 0.819333 0.060667 0.065333
3 0.47766699999999995 0.920667 0.062 0.06
3 0.418667 0.942333 0.046667 0.05
2 0.381 0.875333 0.047333 0.044
2 0.361 0.821 0.056667 0.044667
2 0.19899999999999995 0.891667 0.080667 0.084667
3 0.11766699999999997 0.895667 0.074 0.076667
2 0.22899999999999998 0.962333 0.043333 0.043333
3 0.920667 0.09 0.042667 0.045333
3 0.85 0.113 0.057333 0.042
3 0.770667 0.102667 0.068 0.062667
3 0.688333 0.070333 0.078 0.084667
3 0.784667 0.176667 0.073333 0.069333
2 0.9013329999999999 0.169667 0.132 0.114
2 0.840667 0.258667 0.102667 0.094667
3 0.916 0.267333 0.064 0.066667
2 0.933 0.341667 0.051333 0.051333
3 0.8526670000000001 0.359333 0.104 0.096
2 0.884 0.428333 0.064 0.047333
2 0.926333 0.520667 0.09 0.098667
2 0.823667 0.487 0.128667 0.151333
2 0.954667 0.596333 0.061333 0.047333
2 0.877 0.635 0.127333 0.114
2 0.938333 0.737667 0.083333 0.083333
2 0.977 0.889333 0.044667 0.069333
2 0.937333 0.907333 0.076 0.072
2 0.89 0.968 0.065333 0.057333
2 0.932667 0.837667 0.061333 0.052667
2 0.899 0.803 0.052667 0.044667
2 0.8220000000000001 0.825333 0.096 0.092
3 0.8546670000000001 0.744667 0.064 0.069333
2 0.805667 0.698333 0.043333 0.046
2 0.756667 0.676667 0.065333 0.064
2 0.738667 0.769667 0.093333 0.116667
2 0.665333 0.820667 0.126667 0.132
2 0.5680000000000001 0.810667 0.06 0.070667
3 0.5353330000000001 0.741333 0.069333 0.070667
2 0.45899999999999996 0.726 0.066 0.070667
2 0.661 0.707333 0.09 0.084
2 0.691667 0.619333 0.104667 0.093333
2 0.632 0.553333 0.042667 0.041333
3 0.559667 0.552 0.054 0.064
2 0.534667 0.465 0.090667 0.095333
2 0.708333 0.524667 0.087333 0.073333
3 0.761 0.560333 0.043333 0.05
2 0.675 0.465 0.09 0.079333
3 0.7090000000000001 0.385667 0.091333 0.079333
2 0.5986670000000001 0.365667 0.068 0.066
2 0.628333 0.312 0.122 0.093333
2 0.609667 0.239333 0.082 0.072
2 0.516 0.234333 0.110667 0.154
2 0.5876669999999999 0.162333 0.087333 0.079333
2 0.5469999999999999 0.104 0.143333 0.104
2 0.498 0.041333 0.102667 0.081333
3 0.364 0.040667 0.029333 0.046667
3 0.390667 0.067667 0.030667 0.046
3 0.40633300000000006 0.120333 0.05 0.046
3 0.42700000000000005 0.164333 0.047333 0.044667
3 0.37633300000000003 0.345333 0.031333 0.029333
3 0.353333 0.269 0.064 0.056667
3 0.32799999999999996 0.181667 0.068 0.071333
2 0.29533299999999996 0.105333 0.072 0.076
2 0.19233299999999998 0.052 0.099333 0.102667
2 0.07499999999999996 0.051 0.071333 0.079333
2 0.23299999999999998 0.156667 0.082 0.093333
2 0.121 0.148 0.11 0.098667
2 0.03633299999999995 0.131 0.072667 0.080667
2 0.06599999999999995 0.217333 0.113333 0.097333
2 0.17866700000000002 0.256 0.094667 0.102667
3 0.260667 0.238333 0.069333 0.079333
2 0.278 0.315 0.062667 0.056667
3 0.13533300000000004 0.345667 0.056 0.059333
2 0.10466699999999995 0.294667 0.064 0.066667
2 0.04300000000000004 0.326333 0.046 0.046
2 0.089333 0.411 0.136 0.11
2 0.163667 0.456 0.076667 0.064
2 0.25733300000000003 0.46 0.033333 0.030667
2 0.10833300000000001 0.533 0.059333 0.071333
2 0.06666700000000003 0.635333 0.101333 0.105333
2 0.03633299999999995 0.537667 0.072667 0.088667
2 0.031333000000000055 0.710667 0.025333 0.034667
2 0.18200000000000005 0.524667 0.090667 0.104
2 0.266 0.530333 0.113333 0.104667
2 0.35 0.488667 0.090667 0.096
2 0.442333 0.491333 0.096667 0.098667
2 0.46666700000000005 0.574667 0.096 0.085333
2 0.385 0.579667 0.082 0.091333
2 0.30300000000000005 0.616333 0.079333 0.084667
2 0.206333 0.629 0.114 0.11
3 0.278667 0.685667 0.066667 0.048667
3 0.397667 0.667667 0.055333 0.071333
2 0.503333 0.656 0.128 0.094667
3 0.616 0.615667 0.045333 0.042
0 0.037667000000000006 0.879333 0.075333 0.08
0 0.635 0.891 0.051333 0.058
0 0.679333 0.912333 0.052 0.056667
0 0.747333 0.927333 0.081333 0.076
0 0.730333 0.870333 0.039333 0.043333
0 0.058667000000000025 0.793 0.062667 0.068667
0 0.07433299999999998 0.729333 0.07 0.086667
0 0.146667 0.693667 0.077333 0.068667
0 0.30300000000000005 0.803667 0.068667 0.051333
0 0.629 0.766667 0.047333 0.048
0 0.251 0.398333 0.139333 0.11
0 0.457333 0.329 0.052 0.043333
0 0.779333 0.400333 0.050667 0.048667
0 0.781667 0.328 0.044667 0.048
0 0.699667 0.272 0.048667 0.042667
0 0.690333 0.237333 0.043333 0.046667
0 0.720333 0.153 0.048667 0.036667
0 0.694 0.133667 0.04 0.034
0 0.6353329999999999 0.087667 0.033333 0.034
0 0.839333 0.059667 0.06 0.066
0 0.767667 0.046667 0.075333 0.061333
3 0.036667000000000005 0.962667 0.073333 0.074667
3 0.14733300000000005 0.969 0.077333 0.062
3 0.34566699999999995 0.974 0.059333 0.052
2 0.967333 0.667333 0.064 0.093333
2 0.954 0.472 0.090667 0.122667
