2 0.937 0.159667 0.078 0.079333
2 0.879 0.065333 0.055333 0.076
2 0.877 0.153 0.051333 0.056667
2 0.807333 0.037667 0.090667 0.072667
2 0.796333 0.115333 0.143333 0.126667
2 0.8336669999999999 0.212 0.062 0.066667
2 0.907 0.238667 0.112667 0.096
2 0.971667 0.275 0.042 0.043333
2 0.737 0.179 0.127333 0.143333
2 0.613333 0.080333 0.061333 0.048667
2 0.552 0.071667 0.032 0.039333
2 0.5043329999999999 0.048667 0.048667 0.048
2 0.46066700000000005 0.03 0.061333 0.056
2 0.41700000000000004 0.095 0.071333 0.083333
2 0.355333 0.079333 0.066667 0.068
2 0.495 0.108333 0.087333 0.087333
2 0.5740000000000001 0.139667 0.062667 0.080667
2 0.642667 0.155 0.086667 0.088667
2 0.6703330000000001 0.265333 0.127333 0.129333
2 0.78 0.303 0.094667 0.11
2 0.864333 0.319333 0.079333 0.090667
2 0.582333 0.241667 0.074 0.074
2 0.504667 0.212667 0.101333 0.109333
2 0.41200000000000003 0.199333 0.108 0.141333
2 0.33066700000000004 0.168667 0.093333 0.1
2 0.27533300000000005 0.064 0.104 0.088
1 0.238 0.149333 0.101333 0.108
2 0.244 0.253667 0.108 0.108667
1 0.17366700000000002 0.143 0.051333 0.071333
1 0.13233300000000003 0.125 0.048667 0.054
2 0.053332999999999964 0.121667 0.096 0.078
1 0.06966700000000003 0.201333 0.046 0.065333
2 0.13066699999999998 0.225333 0.137333 0.134667
2 0.272667 0.359 0.129333 0.116667
1 0.16600000000000004 0.324333 0.097333 0.078
2 0.34266700000000005 0.293667 0.105333 0.139333
2 0.41900000000000004 0.305333 0.058 0.068
2 0.483 0.341667 0.114 0.146
2 0.582333 0.359 0.118 0.15
2 0.552333 0.453667 0.060667 0.052667
2 0.644 0.479 0.074667 0.076667
2 0.714333 0.497333 0.054 0.062667
2 0.700333 0.400667 0.131333 0.102667
2 0.788667 0.432667 0.092 0.102667
2 0.946 0.344 0.098667 0.1
2 0.954333 0.431333 0.076667 0.077333
2 0.853 0.456333 0.143333 0.116667
2 0.866 0.544667 0.069333 0.06
2 0.951 0.554 0.096667 0.134667
2 0.6823330000000001 0.582333 0.087333 0.083333
2 0.754 0.620667 0.069333 0.070667
2 0.866333 0.640333 0.119333 0.11
2 0.868 0.738333 0.1 0.094
2 0.911667 0.807 0.087333 0.079333
2 0.96 0.903333 0.078667 0.112
2 0.921 0.967667 0.066 0.064667
2 0.867667 0.917333 0.094 0.089333
3 0.8109999999999999 0.926333 0.052667 0.051333
2 0.731 0.925 0.051333 0.043333
2 0.726667 0.853 0.093333 0.09
2 0.820333 0.808333 0.091333 0.11
2 0.742667 0.764667 0.086667 0.077333
2 0.789 0.703 0.09 0.087333
2 0.652 0.648 0.068 0.053333
2 0.644 0.732 0.161333 0.124
2 0.644 0.829667 0.089333 0.080667
2 0.626667 0.907667 0.073333 0.075333
2 0.5896669999999999 0.605667 0.088667 0.092667
2 0.548333 0.539 0.072667 0.082
2 0.517 0.607 0.09 0.082
2 0.53 0.688 0.072 0.072
2 0.540667 0.787333 0.101333 0.093333
2 0.534333 0.885333 0.127333 0.097333
2 0.557667 0.967667 0.072667 0.064667
2 0.48566699999999996 0.953333 0.060667 0.058667
2 0.41400000000000003 0.923 0.096 0.122
2 0.343333 0.894 0.076 0.069333
2 0.362 0.823 0.094667 0.094
2 0.44066700000000003 0.845 0.068 0.055333
2 0.443333 0.748667 0.112 0.129333
2 0.44499999999999995 0.67 0.084667 0.066667
2 0.44199999999999995 0.597333 0.078667 0.070667
2 0.46499999999999997 0.488333 0.142 0.152667
2 0.35566699999999996 0.464 0.123333 0.170667
2 0.272 0.467333 0.072 0.089333
2 0.359333 0.574333 0.069333 0.07
2 0.357333 0.647 0.090667 0.112667
2 0.357333 0.734 0.078667 0.072
2 0.34266700000000005 0.969667 0.049333 0.051333
2 0.19899999999999995 0.938333 0.054 0.047333
2 0.032332999999999945 0.903667 0.056667 0.055333
2 0.11566699999999996 0.913 0.054 0.044667
2 0.18500000000000005 0.864667 0.107333 0.08
2 0.19033299999999997 0.779 0.087333 0.09
2 0.27933300000000005 0.783333 0.101333 0.112
2 0.10166699999999995 0.758 0.131333 0.1
2 0.266667 0.627 0.101333 0.155333
2 0.20033299999999998 0.607667 0.074 0.088667
2 0.09399999999999997 0.668667 0.141333 0.094667
1 0.10299999999999998 0.567333 0.11 0.138667
2 0.19266700000000003 0.516 0.113333 0.082667
2 0.17133299999999996 0.418333 0.129333 0.120667
1 0.06466700000000003 0.378 0.094667 0.129333
2 0.08366700000000005 0.849333 0.102 0.101333
0 0.753333 0.537333 0.058667 0.072
2 0.052000000000000046 0.029 0.084 0.056667
2 0.10066699999999995 0.047667 0.112 0.094
2 0.19566700000000004 0.055 0.131333 0.108667
2 0.385667 0.028667 0.07 0.054667
2 0.952667 0.074667 0.093333 0.117333
2 0.96 0.696 0.078667 0.136
2 0.276667 0.950333 0.109333 0.099333
2 0.032667 0.278 0.065333 0.12
2 0.059667000000000026 0.487 0.119333 0.142
2 0.026000000000000023 0.568333 0.052 0.084667
2 0.07866700000000004 0.950333 0.130667 0.098
2 0.03300000000000003 0.745333 0.066 0.112
2 0.6333329999999999 0.967333 0.093333 0.065333
2 0.974 0.809333 0.050667 0.06
