1 0.616 0.862667 0.125333 0.134667
1 0.471333 0.884333 0.197333 0.191333
1 0.509 0.775667 0.116667 0.116667
1 0.225 0.886 0.148667 0.097333
1 0.086667 0.823667 0.169333 0.182
1 0.175667 0.787667 0.091333 0.09
1 0.247 0.817 0.082 0.074
1 0.437333 0.7316670000000001 0.073333 0.078
1 0.310333 0.7933330000000001 0.147333 0.090667
1 0.334667 0.708 0.134667 0.113333
1 0.213 0.6843330000000001 0.116667 0.108667
2 0.112333 0.7146669999999999 0.074 0.064
1 0.583333 0.6623330000000001 0.137333 0.116667
1 0.468667 0.644667 0.12 0.132
1 0.367333 0.6226670000000001 0.102667 0.101333
1 0.264667 0.594 0.1 0.089333
2 0.152333 0.601667 0.116667 0.120667
1 0.089667 0.5656669999999999 0.114 0.112667
2 0.047667 0.49466699999999997 0.095333 0.082667
2 0.735667 0.595333 0.15 0.144
2 0.611 0.546 0.120667 0.134667
1 0.5 0.533667 0.134667 0.135333
2 0.383333 0.542333 0.098667 0.083333
2 0.319333 0.513 0.054667 0.056667
1 0.250667 0.478333 0.092 0.112667
1 0.180667 0.489333 0.070667 0.104
1 0.107667 0.44266700000000003 0.078 0.094667
1 0.163333 0.394667 0.066667 0.070667
1 0.057333 0.41700000000000004 0.114667 0.146
1 0.229667 0.354 0.124667 0.128
1 0.339 0.372333 0.118 0.176667
1 0.455333 0.419667 0.106667 0.095333
1 0.462667 0.34066700000000005 0.098667 0.070667
1 0.432667 0.258667 0.169333 0.165333
2 0.469667 0.16700000000000004 0.084667 0.068667
2 0.320333 0.21266700000000005 0.083333 0.068
1 0.225667 0.22866699999999995 0.206 0.161333
1 0.107333 0.220333 0.102667 0.106
1 0.243667 0.13366699999999998 0.083333 0.068667
1 0.367333 0.12733300000000003 0.117333 0.108
1 0.417667 0.05266700000000002 0.122 0.105333
2 0.618667 0.22599999999999998 0.130667 0.12
1 0.77 0.480333 0.166667 0.144667
2 0.628 0.40333300000000005 0.204 0.196
1 0.804333 0.396667 0.148667 0.108
2 0.814 0.31366700000000003 0.106667 0.080667
2 0.749333 0.25933300000000004 0.146667 0.141333
2 0.647333 0.124 0.124 0.109333
2 0.88 0.21899999999999997 0.138667 0.122
2 0.930667 0.10733300000000001 0.124 0.129333
2 0.791333 0.12866699999999998 0.168 0.138667
1 0.424333 0.477333 0.082 0.074667
2 0.144 0.06766700000000003 0.138667 0.135333
2 0.279667 0.06166700000000003 0.155333 0.123333
1 0.854 0.03533299999999995 0.152 0.070667
1 0.205333 0.967333 0.097333 0.064
2 0.308667 0.958667 0.112 0.081333
1 0.064333 0.947 0.128667 0.104667
2 0.054333 0.29433299999999996 0.108667 0.126
1 0.065667 0.12166699999999997 0.131333 0.154
2 0.613333 0.029667 0.093333 0.059333
