1 0.909 0.094333 0.127333 0.11
2 0.917333 0.178 0.164 0.136
1 0.779 0.128667 0.126 0.129333
2 0.782 0.270333 0.154667 0.215333
2 0.83 0.394 0.064 0.062667
2 0.638667 0.243333 0.162667 0.202667
1 0.531333 0.119333 0.141333 0.134667
1 0.38733300000000004 0.14 0.134667 0.148
1 0.492333 0.217 0.106 0.078
1 0.463333 0.275 0.102667 0.084667
2 0.48666699999999996 0.347 0.077333 0.074
2 0.25433300000000003 0.162 0.143333 0.134667
1 0.24433300000000002 0.061 0.079333 0.09
2 0.14300000000000002 0.071667 0.123333 0.115333
2 0.088333 0.186 0.124667 0.132
1 0.361 0.264333 0.128667 0.124667
2 0.355 0.352333 0.108667 0.087333
1 0.277667 0.280333 0.056667 0.087333
1 0.18466700000000003 0.300667 0.126667 0.230667
2 0.095333 0.306 0.061333 0.089333
2 0.06733299999999998 0.377333 0.102667 0.106667
2 0.23466699999999996 0.424 0.085333 0.082667
2 0.10266699999999995 0.453667 0.096 0.076667
2 0.20699999999999996 0.517667 0.120667 0.104667
2 0.11433300000000002 0.547667 0.078 0.127333
2 0.04300000000000004 0.540333 0.071333 0.083333
2 0.04300000000000004 0.622 0.071333 0.076
2 0.20066700000000004 0.615 0.110667 0.092667
2 0.10066699999999995 0.687333 0.110667 0.101333
2 0.042332999999999954 0.758 0.07 0.073333
2 0.11033300000000001 0.777 0.07 0.078
2 0.17866700000000002 0.792 0.097333 0.1
2 0.21299999999999997 0.696 0.083333 0.105333
2 0.29233299999999995 0.677 0.091333 0.111333
2 0.303667 0.760333 0.083333 0.080667
2 0.29300000000000004 0.874667 0.168667 0.185333
2 0.18466700000000003 0.919667 0.088 0.083333
2 0.06566700000000003 0.95 0.075333 0.082667
2 0.397667 0.844667 0.080667 0.108
2 0.41033299999999995 0.943 0.058 0.087333
2 0.484 0.940667 0.1 0.116
2 0.572667 0.943333 0.066667 0.069333
2 0.566667 0.830333 0.101333 0.159333
2 0.479 0.844 0.082 0.098667
2 0.664667 0.820667 0.122667 0.126667
2 0.6759999999999999 0.941 0.138667 0.118
2 0.839333 0.835667 0.194667 0.154
2 0.7276670000000001 0.759 0.09 0.083333
2 0.607667 0.396333 0.136667 0.139333
2 0.529 0.482333 0.112667 0.119333
1 0.400667 0.477333 0.146667 0.170667
2 0.32899999999999996 0.431 0.082 0.072667
2 0.30400000000000005 0.504667 0.062667 0.077333
2 0.395667 0.597 0.143333 0.118
2 0.5389999999999999 0.592 0.112667 0.108
2 0.542333 0.681 0.114 0.119333
2 0.42633299999999996 0.691333 0.128667 0.132
2 0.47 0.764667 0.097333 0.068
2 0.641 0.593333 0.106 0.136
2 0.797667 0.457333 0.114 0.125333
2 0.7743329999999999 0.569 0.144667 0.151333
2 0.721333 0.662333 0.128 0.11
2 0.915333 0.546667 0.168 0.168
2 0.851 0.653667 0.083333 0.082
2 0.935333 0.662 0.089333 0.070667
2 0.937333 0.723333 0.104 0.070667
2 0.836 0.727333 0.098667 0.076
2 0.13633300000000004 0.970333 0.103333 0.059333
2 0.948667 0.884667 0.098667 0.154667
2 0.800333 0.958667 0.122 0.082667
2 0.922333 0.316333 0.151333 0.158
2 0.721333 0.059 0.102667 0.116667
2 0.619333 0.071667 0.133333 0.142
2 0.43899999999999995 0.049 0.127333 0.096667
2 0.32966700000000004 0.035333 0.115333 0.069333
2 0.048667000000000016 0.062667 0.097333 0.124
2 0.36566699999999996 0.968667 0.087333 0.062667
2 0.023666999999999994 0.936333 0.044667 0.127333
0 0.683667 0.454333 0.183333 0.187333
