2 0.18000000000000005 0.29200000000000004 0.072 0.054667
2 0.23966699999999996 0.235 0.142 0.098
2 0.13733300000000004 0.18133299999999997 0.129333 0.128
2 0.10433300000000001 0.262 0.082 0.069333
2 0.06033299999999997 0.314333 0.111333 0.118
2 0.057667000000000024 0.392667 0.052667 0.046667
2 0.03433299999999995 0.453333 0.068667 0.065333
2 0.11433300000000002 0.45099999999999996 0.088667 0.094
2 0.20699999999999996 0.47066699999999995 0.104667 0.105333
2 0.31966700000000003 0.36966699999999997 0.079333 0.079333
2 0.246 0.386667 0.065333 0.062667
2 0.15833299999999995 0.350333 0.138 0.11
2 0.49366699999999997 0.40233300000000005 0.044667 0.055333
2 0.41433299999999995 0.383 0.055333 0.07
2 0.388 0.45666700000000005 0.097333 0.074667
2 0.35166699999999995 0.527333 0.148667 0.102667
2 0.379 0.638667 0.074 0.069333
2 0.31033299999999997 0.607667 0.139333 0.080667
2 0.21099999999999997 0.6493329999999999 0.048667 0.036
2 0.289667 0.679333 0.078 0.068
2 0.342333 0.7150000000000001 0.034 0.044667
2 0.257667 0.744 0.060667 0.053333
2 0.18799999999999994 0.762 0.041333 0.038667
2 0.09099999999999997 0.5696669999999999 0.160667 0.126
2 0.10899999999999999 0.6859999999999999 0.086 0.064
2 0.07199999999999995 0.7703329999999999 0.137333 0.119333
2 0.05733299999999997 0.906667 0.114667 0.121333
2 0.143667 0.872 0.060667 0.074667
2 0.210333 0.888 0.086 0.096
2 0.23666699999999996 0.808667 0.074667 0.070667
3 0.528667 0.515667 0.064 0.059333
2 0.590333 0.550333 0.051333 0.059333
2 0.558333 0.613333 0.035333 0.036
2 0.489 0.591333 0.074 0.064
2 0.45199999999999996 0.679 0.08 0.114
2 0.42333299999999996 0.7356670000000001 0.032 0.036667
2 0.384 0.848 0.113333 0.161333
2 0.473333 0.8566670000000001 0.096 0.138667
3 0.55 0.864667 0.037333 0.036
2 0.5716669999999999 0.789 0.083333 0.11
3 0.605 0.6743330000000001 0.05 0.052667
3 0.653 0.628667 0.112667 0.110667
3 0.763333 0.647 0.097333 0.080667
3 0.753667 0.714333 0.05 0.051333
3 0.683333 0.72 0.070667 0.065333
2 0.736 0.756333 0.04 0.044667
2 0.659667 0.792667 0.076667 0.077333
2 0.629667 0.871667 0.091333 0.078
2 0.609 0.947 0.036667 0.044667
2 0.706333 0.91 0.055333 0.062667
2 0.858333 0.944333 0.059333 0.086
2 0.947 0.907333 0.082 0.068
2 0.816667 0.735 0.068 0.059333
2 0.7743329999999999 0.948333 0.118 0.102
2 0.728333 0.819 0.044667 0.055333
2 0.948 0.9696670000000001 0.069333 0.059333
2 0.538 0.904667 0.030667 0.032
0 0.925333 0.24966699999999997 0.148 0.17
0 0.7723329999999999 0.05366700000000002 0.239333 0.107333
0 0.5776669999999999 0.07399999999999995 0.098 0.097333
0 0.508667 0.11233300000000002 0.041333 0.043333
0 0.32366700000000004 0.06866700000000003 0.131333 0.12
0 0.406667 0.14033300000000004 0.072 0.063333
0 0.942667 0.429667 0.113333 0.172667
0 0.930667 0.555667 0.1 0.098
0 0.808 0.541667 0.056 0.048667
0 0.8336669999999999 0.47266699999999995 0.112667 0.109333
0 0.795 0.431667 0.063333 0.079333
0 0.805667 0.359333 0.108667 0.089333
0 0.6393329999999999 0.469333 0.098667 0.08
0 0.546667 0.277 0.384 0.359333
0 0.210333 0.709667 0.07 0.068667
0 0.536333 0.708 0.051333 0.046667
0 0.913333 0.7723329999999999 0.172 0.202
0 0.37266699999999997 0.739333 0.050667 0.066667
0 0.210333 0.712333 0.07 0.068667
0 0.43000000000000005 0.947667 0.054667 0.044667
2 0.501 0.974667 0.083333 0.049333
2 0.03600000000000003 0.671333 0.072 0.081333
