3 0.181333 0.959 0.068 0.060667
2 0.077667 0.939667 0.103333 0.086
2 0.26 0.97 0.056 0.056
2 0.33 0.955 0.070667 0.080667
2 0.150333 0.886667 0.155333 0.1
2 0.130667 0.777667 0.12 0.11
2 0.071667 0.689667 0.11 0.124667
2 0.116333 0.604333 0.091333 0.060667
2 0.1 0.46666700000000005 0.125333 0.206667
1 0.154 0.679 0.073333 0.092667
2 0.224 0.806333 0.08 0.088667
2 0.303333 0.845667 0.094667 0.118
2 0.232333 0.7146669999999999 0.096667 0.1
2 0.230333 0.63 0.100667 0.088
2 0.220333 0.538 0.123333 0.097333
1 0.215667 0.41800000000000004 0.142 0.154667
2 0.326667 0.753 0.097333 0.082
2 0.317667 0.6639999999999999 0.095333 0.096
2 0.314333 0.554 0.124667 0.126667
2 0.352333 0.41233299999999995 0.146 0.215333
2 0.413667 0.596333 0.095333 0.108667
2 0.402333 0.689667 0.084667 0.083333
2 0.383667 0.857667 0.083333 0.116667
2 0.440667 0.768667 0.092 0.094667
1 0.47 0.39233300000000004 0.116 0.247333
2 0.530333 0.485333 0.092667 0.125333
2 0.606 0.505 0.077333 0.088667
1 0.574 0.35066699999999995 0.125333 0.186667
2 0.671 0.359 0.114 0.17
2 0.771667 0.34966699999999995 0.134 0.223333
1 0.889667 0.31966700000000003 0.115333 0.220667
2 0.927333 0.47366699999999995 0.142667 0.126
2 0.807333 0.48266699999999996 0.094667 0.089333
2 0.712 0.476333 0.108 0.094
2 0.662667 0.552333 0.112 0.123333
2 0.470333 0.884333 0.140667 0.152667
2 0.525333 0.642333 0.136 0.163333
2 0.544667 0.764 0.1 0.096
2 0.54 0.918 0.090667 0.129333
2 0.613 0.948 0.106 0.097333
2 0.677 0.8993329999999999 0.116667 0.125333
2 0.634333 0.782 0.084667 0.073333
2 0.762667 0.575 0.102667 0.11
2 0.879667 0.565 0.116667 0.104667
2 0.814667 0.6393329999999999 0.101333 0.105333
2 0.829333 0.603667 0.072 0.052667
2 0.773333 0.727333 0.106667 0.1
2 0.671333 0.689333 0.1 0.128
2 0.768333 0.946333 0.091333 0.099333
2 0.814667 0.863333 0.065333 0.072
2 0.727667 0.827 0.147333 0.158
2 0.874 0.918667 0.116 0.136
2 0.863 0.766667 0.108667 0.112
2 0.892 0.6890000000000001 0.069333 0.059333
2 0.950333 0.761 0.086 0.079333
2 0.934 0.823667 0.1 0.062
0 0.209333 0.10233300000000001 0.18 0.184667
0 0.397333 0.06499999999999995 0.145333 0.13
0 0.312 0.08399999999999996 0.041333 0.045333
0 0.040333 0.097333 0.076667 0.166667
0 0.041333 0.852333 0.046667 0.054
0 0.035333 0.766 0.036 0.044
2 0.963 0.930667 0.066 0.102667
2 0.967667 0.674667 0.064667 0.106667
2 0.954333 0.5836669999999999 0.09 0.108667
2 0.4 0.963 0.085333 0.072667
2 0.029333 0.604 0.052 0.090667
