2 0.109333 0.103333 0.069333 0.074667
2 0.232 0.087 0.090667 0.084667
2 0.294667 0.045 0.070667 0.075333
3 0.253 0.151 0.051333 0.046
2 0.295333 0.100667 0.030667 0.036
2 0.349 0.072667 0.086 0.086667
2 0.421 0.075333 0.054 0.058667
2 0.388333 0.036667 0.044667 0.033333
2 0.395667 0.151667 0.084667 0.106
2 0.313333 0.163667 0.092 0.107333
2 0.284 0.24 0.053333 0.057333
2 0.477667 0.079333 0.048667 0.061333
2 0.060667 0.314667 0.036 0.032
3 0.195 0.225333 0.122 0.094667
2 0.159667 0.304 0.084667 0.068
2 0.239667 0.309333 0.083333 0.078667
2 0.107 0.321667 0.043333 0.048667
2 0.103667 0.383333 0.099333 0.082667
2 0.197333 0.408667 0.101333 0.125333
3 0.082 0.452667 0.042667 0.034667
2 0.061667 0.519667 0.042 0.044667
2 0.127333 0.716 0.036 0.033333
2 0.193667 0.533667 0.114 0.124667
2 0.251333 0.472667 0.078667 0.061333
2 0.548 0.056667 0.097333 0.090667
2 0.525667 0.144333 0.122 0.09
2 0.629333 0.063333 0.070667 0.098667
2 0.707 0.065 0.09 0.084667
2 0.743 0.021333 0.062 0.038667
2 0.905 0.034333 0.052667 0.056667
2 0.824333 0.073333 0.114 0.081333
2 0.909 0.143 0.088667 0.118
2 0.843333 0.174 0.068 0.110667
2 0.783 0.144333 0.083333 0.112667
2 0.707 0.146 0.071333 0.102667
2 0.629667 0.149667 0.086 0.087333
2 0.739333 0.24 0.1 0.090667
2 0.643 0.266333 0.104667 0.154
2 0.562333 0.234333 0.09 0.11
2 0.487333 0.237667 0.068 0.086
2 0.414667 0.247 0.074667 0.084667
2 0.348667 0.311667 0.121333 0.083333
2 0.438333 0.322667 0.058 0.074667
2 0.525667 0.333 0.127333 0.11
2 0.716667 0.317667 0.112 0.076667
2 0.811667 0.322667 0.080667 0.092
2 0.892333 0.335 0.078 0.111333
2 0.963 0.338 0.074 0.089333
3 0.948667 0.411 0.070667 0.048667
2 0.845 0.488 0.058 0.044
3 0.829333 0.413667 0.070667 0.079333
3 0.760667 0.409333 0.069333 0.088
2 0.668 0.404667 0.121333 0.089333
2 0.468333 0.39 0.051333 0.052
2 0.413 0.420333 0.080667 0.11
2 0.326667 0.465 0.062667 0.056667
2 0.338333 0.393333 0.072667 0.092
2 0.287 0.397333 0.055333 0.064
2 0.278667 0.547 0.058667 0.062
2 0.359 0.551 0.106 0.115333
3 0.442333 0.557333 0.078 0.086667
2 0.466 0.476 0.092 0.101333
2 0.548667 0.470667 0.076 0.124
3 0.627667 0.481333 0.092667 0.098667
2 0.722 0.492 0.096 0.094667
2 0.722333 0.579667 0.082 0.091333
2 0.644333 0.571 0.084667 0.088667
3 0.546667 0.568333 0.105333 0.086
3 0.543 0.638 0.040667 0.041333
2 0.611 0.636667 0.082 0.064
3 0.547 0.698333 0.054 0.046
2 0.633333 0.700667 0.076 0.069333
2 0.704333 0.703333 0.051333 0.061333
2 0.833333 0.627333 0.032 0.029333
2 0.454667 0.674 0.030667 0.033333
3 0.346 0.629333 0.06 0.064
2 0.282 0.627667 0.068 0.084667
2 0.303333 0.689667 0.069333 0.048667
2 0.222667 0.615 0.064 0.068667
2 0.206333 0.678 0.080667 0.058667
3 0.234667 0.738 0.06 0.058667
3 0.289 0.738 0.062 0.058667
3 0.354667 0.738333 0.064 0.079333
3 0.386333 0.681 0.082 0.072667
0 0.067667 0.912333 0.134 0.146
0 0.404333 0.831667 0.178 0.166
0 0.393 0.951 0.123333 0.098
0 0.571 0.802667 0.195333 0.2
0 0.534667 0.946667 0.149333 0.106667
0 0.737667 0.897333 0.19 0.205333
0 0.113333 0.582 0.038667 0.029333
0 0.17 0.077333 0.037333 0.046667
0 0.737 0.726333 0.028667 0.039333
2 0.367 0.02 0.095333 0.038667
2 0.830333 0.019333 0.102 0.037333
2 0.966333 0.082 0.067333 0.14
2 0.957333 0.237333 0.085333 0.1
0 0.911 0.587667 0.178 0.307333
