2 0.956333 0.062667 0.086 0.105333
2 0.873333 0.092 0.068 0.053333
2 0.883333 0.152667 0.085333 0.073333
2 0.922333 0.221333 0.092667 0.097333
3 0.952 0.289333 0.044 0.046667
2 0.816667 0.201667 0.042667 0.058
2 0.7166669999999999 0.148333 0.070667 0.079333
2 0.7969999999999999 0.119667 0.084667 0.091333
2 0.656667 0.203 0.068 0.083333
2 0.574333 0.205 0.091333 0.091333
2 0.584667 0.285667 0.073333 0.087333
2 0.679333 0.288333 0.101333 0.087333
2 0.754 0.226 0.093333 0.101333
2 0.8506670000000001 0.261667 0.094667 0.078
2 0.781 0.313 0.047333 0.039333
2 0.790333 0.353667 0.048667 0.046
2 0.868667 0.330333 0.092 0.079333
2 0.959 0.356667 0.078 0.068
2 0.895667 0.394 0.059333 0.057333
2 0.824333 0.403 0.060667 0.052667
2 0.632667 0.363333 0.061333 0.068
2 0.718 0.367 0.098667 0.108667
2 0.940333 0.465 0.115333 0.128667
2 0.953667 0.556 0.083333 0.058667
2 0.843667 0.501667 0.058 0.058
2 0.753333 0.489333 0.128 0.156
2 0.627667 0.443333 0.09 0.1
2 0.657 0.524 0.084667 0.084
2 0.701667 0.618333 0.084667 0.091333
2 0.798667 0.613667 0.14 0.107333
2 0.884667 0.615 0.034667 0.040667
2 0.8396669999999999 0.697667 0.124667 0.078
2 0.734 0.694 0.082667 0.073333
2 0.756 0.762 0.061333 0.068
2 0.855 0.770333 0.119333 0.112667
2 0.945 0.817667 0.083333 0.076667
2 0.865333 0.856667 0.090667 0.081333
2 0.764 0.853 0.132 0.124667
2 0.6970000000000001 0.935667 0.079333 0.079333
2 0.601333 0.890667 0.052 0.074667
2 0.663 0.863 0.083333 0.091333
2 0.641 0.783667 0.127333 0.088667
2 0.6146670000000001 0.699667 0.156 0.076667
2 0.600333 0.613667 0.116667 0.09
3 0.507 0.572 0.048667 0.057333
2 0.568667 0.542 0.105333 0.092
2 0.530667 0.450333 0.109333 0.119333
2 0.457333 0.455333 0.069333 0.065333
2 0.536667 0.723333 0.074667 0.098667
2 0.44299999999999995 0.374 0.143333 0.117333
2 0.5083329999999999 0.322 0.079333 0.078667
2 0.488333 0.260333 0.05 0.05
2 0.329333 0.327333 0.073333 0.076
2 0.341333 0.409 0.065333 0.083333
2 0.38733300000000004 0.455333 0.032 0.034667
2 0.25433300000000003 0.382333 0.079333 0.083333
2 0.14300000000000002 0.313 0.09 0.111333
2 0.06666700000000003 0.340667 0.096 0.150667
2 0.24466699999999997 0.302 0.070667 0.072
2 0.607 0.069333 0.084667 0.093333
2 0.525667 0.095 0.080667 0.114
2 0.44066700000000003 0.096 0.1 0.105333
2 0.41400000000000003 0.037333 0.096 0.070667
2 0.456333 0.179667 0.080667 0.078
2 0.321333 0.08 0.072 0.070667
2 0.257 0.112333 0.043333 0.056667
2 0.237 0.051 0.044667 0.048667
2 0.152667 0.041 0.042667 0.05
2 0.08333299999999999 0.073333 0.052 0.062667
3 0.10399999999999998 0.143667 0.06 0.055333
2 0.11666699999999997 0.212 0.090667 0.073333
1 0.17666700000000002 0.086333 0.068 0.052667
2 0.18833299999999997 0.138667 0.078 0.078667
2 0.363333 0.131667 0.058667 0.059333
1 0.358333 0.188667 0.079333 0.062667
2 0.28733299999999995 0.172 0.068 0.06
2 0.210333 0.229667 0.091333 0.094
1 0.304667 0.243 0.092 0.084667
2 0.40133300000000005 0.266667 0.109333 0.098667
2 0.10966699999999996 0.445667 0.092667 0.084667
2 0.19566700000000004 0.463 0.092667 0.086
2 0.289667 0.458667 0.086 0.069333
2 0.40033300000000005 0.528333 0.083333 0.075333
2 0.31200000000000006 0.538 0.105333 0.092
2 0.21799999999999997 0.538 0.090667 0.077333
2 0.136 0.538667 0.134667 0.132
2 0.04300000000000004 0.533 0.062 0.071333
2 0.440333 0.620333 0.087333 0.084667
2 0.34966699999999995 0.626667 0.082 0.077333
2 0.243 0.622667 0.051333 0.056
2 0.159667 0.665 0.118 0.120667
2 0.07199999999999995 0.628667 0.098667 0.106667
2 0.029000000000000026 0.717 0.051333 0.047333
2 0.095333 0.705667 0.072 0.086
2 0.248 0.710333 0.110667 0.122
2 0.362333 0.707 0.107333 0.083333
2 0.44699999999999995 0.701 0.056667 0.079333
2 0.059667000000000026 0.798333 0.118 0.102
2 0.17700000000000005 0.767 0.091333 0.083333
2 0.289667 0.799333 0.075333 0.066667
2 0.36366699999999996 0.789 0.054 0.05
2 0.21466700000000005 0.838667 0.094667 0.088
2 0.122 0.891333 0.106667 0.126667
2 0.07566700000000004 0.962667 0.094 0.074667
2 0.24366699999999997 0.910667 0.116667 0.104
2 0.32366700000000004 0.875333 0.082 0.086667
2 0.40533300000000005 0.869 0.096 0.115333
2 0.478333 0.785333 0.114 0.1
2 0.505 0.869 0.111333 0.140667
2 0.41500000000000004 0.962 0.076667 0.076
2 0.494 0.021667 0.068 0.042
0 0.17200000000000004 0.377 0.077333 0.067333
0 0.05033299999999996 0.25 0.05 0.044
0 0.014000000000000012 0.023333 0.024 0.036
2 0.266 0.969 0.077333 0.058
2 0.169667 0.971 0.111333 0.056667
2 0.537667 0.956667 0.179333 0.086667
2 0.846 0.955 0.096 0.09
2 0.871333 0.030667 0.077333 0.06
2 0.760333 0.054333 0.119333 0.106
2 0.03933299999999995 0.178 0.078667 0.124
2 0.35166699999999995 0.963667 0.060667 0.072667
2 0.960333 0.616 0.078 0.074667
