1 0.05466700000000002 0.551333 0.109333 0.153333
1 0.09699999999999998 0.759333 0.155333 0.146667
1 0.11633300000000002 0.836667 0.078 0.066667
1 0.08166700000000005 0.904667 0.083333 0.094667
1 0.20099999999999996 0.844333 0.132667 0.143333
1 0.18300000000000005 0.607667 0.214 0.196667
2 0.16500000000000004 0.466 0.147333 0.133333
2 0.292667 0.481333 0.102667 0.146667
2 0.376667 0.5 0.068 0.14
2 0.45399999999999996 0.514667 0.133333 0.189333
2 0.45099999999999996 0.625667 0.100667 0.080667
2 0.371333 0.657667 0.173333 0.160667
2 0.378 0.782 0.076 0.085333
2 0.30100000000000005 0.766 0.096667 0.102667
2 0.285667 0.865333 0.083333 0.106667
2 0.36966699999999997 0.876333 0.11 0.120667
2 0.458333 0.909 0.084667 0.088667
2 0.560667 0.531333 0.144 0.172
2 0.611 0.609 0.086 0.091333
2 0.725 0.526333 0.083333 0.102
1 0.760667 0.757667 0.097333 0.147333
1 0.762 0.882667 0.094667 0.105333
1 0.847333 0.849333 0.129333 0.161333
1 0.947 0.898667 0.104667 0.113333
2 0.949 0.810333 0.09 0.072667
2 0.929333 0.717333 0.14 0.105333
0 0.5736669999999999 0.812333 0.323333 0.375333
0 0.861667 0.561667 0.248667 0.246
0 0.939333 0.135 0.072 0.060667
0 0.897667 0.174 0.036667 0.056
0 0.834333 0.093 0.118 0.184667
0 0.71 0.108333 0.169333 0.215333
0 0.49266699999999997 0.094667 0.268 0.188
0 0.28700000000000003 0.089333 0.05 0.066667
2 0.033667 0.956 0.067333 0.088
