2 0.965 0.078333 0.052667 0.054
2 0.895333 0.032333 0.081333 0.063333
1 0.9053329999999999 0.091 0.046667 0.034
1 0.951333 0.161667 0.066667 0.060667
2 0.957667 0.298 0.07 0.058667
2 0.891333 0.258 0.078667 0.094667
2 0.877333 0.148333 0.066667 0.082
1 0.837 0.042 0.032667 0.033333
1 0.833333 0.072 0.041333 0.033333
2 0.822333 0.164333 0.086 0.07
2 0.8089999999999999 0.246667 0.126 0.104
2 0.765 0.297333 0.083333 0.081333
2 0.855667 0.318 0.027333 0.026667
1 0.797333 0.118333 0.053333 0.062
1 0.748667 0.137333 0.054667 0.062667
2 0.774 0.033333 0.054667 0.065333
2 0.723333 0.052 0.062667 0.092
2 0.6533329999999999 0.069667 0.044 0.052667
2 0.6659999999999999 0.142333 0.086667 0.094
2 0.584333 0.020667 0.048667 0.038667
2 0.5816669999999999 0.116333 0.03 0.034
2 0.515333 0.065 0.050667 0.052667
2 0.585333 0.199 0.065333 0.088667
2 0.648 0.204 0.037333 0.052
1 0.657667 0.292333 0.046 0.048667
2 0.922667 0.374667 0.086667 0.085333
2 0.886 0.441 0.061333 0.046
2 0.914 0.511667 0.048 0.048667
2 0.927667 0.595667 0.079333 0.07
2 0.942333 0.687667 0.086 0.079333
2 0.951 0.771333 0.091333 0.062667
2 0.873 0.741 0.063333 0.075333
1 0.851667 0.661 0.044667 0.058
2 0.845667 0.580333 0.094 0.079333
3 0.842667 0.497 0.084 0.088667
2 0.7723329999999999 0.486 0.062 0.072
2 0.766 0.418667 0.042667 0.036
1 0.792 0.643667 0.048 0.052667
2 0.751333 0.627667 0.057333 0.052667
2 0.739333 0.554333 0.081333 0.075333
3 0.687 0.454 0.059333 0.062667
2 0.720333 0.378667 0.067333 0.081333
1 0.6599999999999999 0.346667 0.046667 0.054667
2 0.621 0.389 0.054 0.067333
3 0.5856669999999999 0.296 0.044667 0.056
3 0.5489999999999999 0.441 0.040667 0.043333
3 0.537667 0.499333 0.031333 0.037333
2 0.550667 0.551 0.057333 0.058
3 0.5369999999999999 0.613 0.059333 0.064667
2 0.5820000000000001 0.661667 0.052 0.056667
2 0.636 0.687 0.049333 0.051333
3 0.642 0.748667 0.046667 0.058667
2 0.7046669999999999 0.73 0.070667 0.088
2 0.7336670000000001 0.665667 0.019333 0.020667
2 0.7783329999999999 0.739333 0.054 0.064
2 0.799333 0.803333 0.068 0.06
2 0.568667 0.791 0.096 0.112667
2 0.45566700000000004 0.108 0.016667 0.017333
2 0.529 0.243 0.020667 0.023333
2 0.491333 0.174333 0.122667 0.128667
2 0.38733300000000004 0.185 0.042667 0.035333
2 0.337333 0.032333 0.042667 0.038
2 0.30033299999999996 0.068 0.055333 0.037333
2 0.238 0.037 0.038667 0.042
2 0.331333 0.135333 0.089333 0.077333
2 0.252 0.116 0.073333 0.1
3 0.19999999999999996 0.098667 0.036 0.056
3 0.542333 0.343 0.098 0.122
3 0.47166699999999995 0.367 0.054 0.068667
3 0.497 0.422 0.058 0.042667
2 0.484 0.478667 0.077333 0.062667
3 0.473 0.527667 0.072667 0.040667
3 0.45099999999999996 0.576 0.066 0.054667
2 0.478333 0.637667 0.051333 0.05
2 0.47466699999999995 0.744 0.094667 0.089333
2 0.41033299999999995 0.762667 0.046 0.076
2 0.41200000000000003 0.614667 0.04 0.04
2 0.37 0.686 0.073333 0.092
2 0.35166699999999995 0.765667 0.072667 0.064667
2 0.279 0.745333 0.079333 0.085333
2 0.288667 0.826 0.041333 0.049333
3 0.28 0.668 0.077333 0.078667
3 0.32366700000000004 0.603333 0.07 0.064
2 0.24866699999999997 0.582 0.052 0.058667
3 0.318333 0.499 0.058 0.062
3 0.275 0.484333 0.035333 0.042
3 0.276667 0.425667 0.054667 0.067333
3 0.31766700000000003 0.393 0.056667 0.048667
3 0.335333 0.444667 0.069333 0.057333
3 0.36066699999999996 0.465667 0.034667 0.031333
3 0.40233300000000005 0.478 0.063333 0.06
3 0.37633300000000003 0.539 0.095333 0.095333
3 0.39933300000000005 0.406667 0.061333 0.053333
2 0.376 0.249667 0.065333 0.086
2 0.32999999999999996 0.215333 0.062667 0.069333
2 0.23533300000000001 0.184667 0.065333 0.062667
2 0.17600000000000005 0.133667 0.045333 0.031333
2 0.18133299999999997 0.161333 0.053333 0.033333
3 0.10766699999999996 0.064333 0.079333 0.09
2 0.087333 0.134667 0.065333 0.058667
2 0.08433299999999999 0.203 0.044667 0.044667
2 0.05900000000000005 0.325 0.068667 0.054
2 0.020333000000000045 0.358 0.040667 0.037333
2 0.05900000000000005 0.387333 0.075333 0.058667
2 0.152667 0.372333 0.068 0.055333
2 0.22966699999999995 0.335 0.088667 0.084667
2 0.29600000000000004 0.303667 0.069333 0.075333
3 0.204333 0.427667 0.078 0.063333
3 0.20299999999999996 0.496333 0.096667 0.074
2 0.140667 0.535667 0.093333 0.092667
2 0.06399999999999995 0.486333 0.032 0.020667
2 0.19433299999999998 0.651 0.075333 0.066
2 0.15000000000000002 0.703667 0.058667 0.058
2 0.08466700000000005 0.617333 0.089333 0.105333
3 0.149667 0.602333 0.040667 0.038
2 0.13766699999999998 0.797 0.071333 0.060667
2 0.092333 0.699333 0.048667 0.050667
2 0.036667000000000005 0.672667 0.050667 0.057333
2 0.05600000000000005 0.782667 0.112 0.137333
2 0.124 0.861 0.081333 0.084667
3 0.20999999999999996 0.879 0.056 0.044667
3 0.22699999999999998 0.817 0.075333 0.082
3 0.24466699999999997 0.951 0.037333 0.032667
2 0.343333 0.849667 0.093333 0.104667
3 0.278667 0.903667 0.045333 0.05
2 0.31799999999999995 0.945333 0.092 0.089333
2 0.43766700000000003 0.884333 0.099333 0.147333
2 0.538333 0.922 0.091333 0.122667
2 0.645 0.836 0.076667 0.084
3 0.619 0.918 0.060667 0.070667
2 0.703333 0.914667 0.050667 0.052
2 0.7236670000000001 0.843667 0.078 0.095333
2 0.8 0.875 0.066667 0.062
2 0.775 0.949333 0.086 0.088
3 0.909333 0.839 0.074667 0.074
3 0.911 0.92 0.028667 0.033333
3 0.649 0.528 0.062 0.064
3 0.6699999999999999 0.608333 0.101333 0.091333
0 0.19066700000000003 0.95 0.088 0.096
0 0.08599999999999997 0.447 0.042667 0.027333
0 0.04833299999999996 0.264667 0.080667 0.070667
0 0.17800000000000005 0.255667 0.052 0.047333
0 0.139 0.277667 0.054 0.056667
0 0.27133300000000005 0.214 0.061333 0.084
0 0.348 0.344333 0.04 0.035333
0 0.403 0.341667 0.064667 0.066
0 0.447333 0.052667 0.069333 0.064
0 0.651 0.257667 0.038 0.035333
0 0.632667 0.470333 0.028 0.035333
0 0.685 0.977333 0.054 0.045333
0 0.720333 0.491667 0.059333 0.058
0 0.7026669999999999 0.173 0.050667 0.068667
0 0.736333 0.267 0.031333 0.034
0 0.822333 0.404 0.052667 0.054667
0 0.931 0.216 0.027333 0.042667
2 0.048667000000000016 0.925333 0.094667 0.149333
2 0.031667 0.537667 0.056667 0.091333
2 0.024666999999999994 0.176333 0.049333 0.067333
2 0.655 0.024667 0.099333 0.048
1 0.972 0.027333 0.054667 0.053333
2 0.965333 0.235667 0.068 0.072667
2 0.971667 0.867 0.055333 0.086
