2 0.086333 0.293333 0.092667 0.097333
2 0.171 0.23 0.086 0.116
1 0.238 0.214667 0.042667 0.052
1 0.185667 0.312333 0.091333 0.096667
1 0.272333 0.309 0.100667 0.120667
1 0.367 0.328667 0.099333 0.110667
2 0.437 0.175667 0.106 0.132667
1 0.502 0.156333 0.042667 0.07
1 0.555 0.143667 0.068667 0.079333
1 0.650333 0.118667 0.114 0.1
2 0.564667 0.238 0.142667 0.125333
2 0.455 0.292667 0.095333 0.128
2 0.165667 0.426 0.167333 0.161333
1 0.770667 0.155333 0.092 0.093333
1 0.729333 0.251333 0.110667 0.101333
2 0.695333 0.352 0.12 0.118667
1 0.515333 0.394667 0.098667 0.104
2 0.181333 0.538 0.050667 0.061333
2 0.051333 0.549 0.077333 0.063333
2 0.021 0.607 0.039333 0.055333
2 0.06 0.617 0.050667 0.072667
2 0.154 0.609333 0.073333 0.073333
2 0.276 0.555667 0.113333 0.100667
2 0.304 0.460333 0.106667 0.094
2 0.370667 0.495667 0.061333 0.067333
2 0.407 0.468667 0.032667 0.030667
2 0.027 0.700667 0.044667 0.049333
2 0.112 0.700333 0.117333 0.114
2 0.22 0.659667 0.092 0.09
2 0.292333 0.690667 0.051333 0.04
2 0.334667 0.625667 0.129333 0.116667
2 0.378667 0.7 0.065333 0.044
2 0.415 0.622333 0.056667 0.071333
2 0.469333 0.540333 0.12 0.119333
2 0.505667 0.487333 0.074 0.04
2 0.569667 0.476333 0.040667 0.046
2 0.537333 0.545667 0.041333 0.05
2 0.570333 0.553333 0.063333 0.086667
2 0.575667 0.612333 0.072667 0.046
2 0.459667 0.617 0.035333 0.03
2 0.37 0.552667 0.04 0.028
1 0.179667 0.793333 0.075333 0.058667
1 0.206333 0.86 0.059333 0.050667
1 0.236333 0.832333 0.055333 0.066
2 0.320667 0.854667 0.112 0.081333
2 0.415333 0.797667 0.058667 0.044667
2 0.459667 0.731 0.148667 0.126
2 0.478 0.835 0.113333 0.082
2 0.574667 0.811667 0.077333 0.055333
2 0.628667 0.643 0.030667 0.031333
2 0.671667 0.487667 0.154 0.128667
2 0.627333 0.670667 0.022667 0.02
2 0.761 0.614 0.066 0.06
2 0.863 0.634 0.104667 0.093333
2 0.835333 0.696667 0.04 0.030667
2 0.684667 0.71 0.058667 0.062667
2 0.764667 0.703667 0.112 0.127333
2 0.839 0.723333 0.039333 0.028
2 0.917 0.739 0.099333 0.096667
2 0.818 0.800667 0.078667 0.08
2 0.871 0.827 0.05 0.038
2 0.72 0.798 0.118667 0.1
2 0.672333 0.839667 0.063333 0.039333
2 0.709333 0.878667 0.042667 0.041333
2 0.785 0.876667 0.064667 0.050667
2 0.933667 0.882333 0.079333 0.088667
2 0.945333 0.817 0.085333 0.059333
2 0.972667 0.729 0.038667 0.044667
2 0.848667 0.393 0.094667 0.083333
2 0.809333 0.493667 0.085333 0.102
2 0.781667 0.561667 0.024667 0.019333
2 0.824667 0.311667 0.06 0.055333
2 0.829667 0.244 0.091333 0.062667
1 0.856333 0.163333 0.082 0.086667
2 0.615333 0.412667 0.082667 0.053333
2 0.616333 0.466333 0.046 0.055333
2 0.349 0.778333 0.068667 0.066
2 0.772 0.961333 0.073333 0.077333
2 0.654667 0.922667 0.156 0.154667
2 0.850333 0.915333 0.092667 0.125333
2 0.954 0.966 0.052 0.049333
2 0.974667 0.917667 0.04 0.044667
0 0.578 0.876 0.105333 0.070667
0 0.153667 0.863 0.055333 0.046
0 0.621 0.777333 0.048667 0.045333
0 0.271 0.769 0.063333 0.059333
0 0.551 0.733333 0.060667 0.061333
0 0.618 0.776667 0.050667 0.046667
0 0.591667 0.683333 0.066 0.052
0 0.541667 0.657333 0.058 0.054667
0 0.124333 0.539667 0.100667 0.078
0 0.889 0.451667 0.222 0.295333
0 0.053667 0.397 0.106 0.135333
0 0.274 0.381333 0.081333 0.066667
0 0.328333 0.19 0.168667 0.154667
0 0.653667 0.188 0.054 0.041333
0 0.601667 0.732333 0.039333 0.044667
0 0.951667 0.673 0.036667 0.040667
2 0.527 0.954667 0.116667 0.090667
2 0.413667 0.952333 0.11 0.095333
2 0.279667 0.933 0.095333 0.086
2 0.030333 0.971333 0.058 0.050667
2 0.953333 0.203333 0.093333 0.150667
