2 0.064667 0.923667 0.125333 0.098
2 0.074667 0.761333 0.097333 0.086667
2 0.023 0.647 0.036667 0.047333
2 0.061 0.667667 0.079333 0.11
2 0.121333 0.675667 0.090667 0.118
2 0.174667 0.6026670000000001 0.090667 0.082667
2 0.207667 0.6839999999999999 0.108667 0.096
2 0.186333 0.792333 0.123333 0.111333
2 0.241667 0.931333 0.118 0.134667
2 0.064333 0.583333 0.059333 0.053333
2 0.123 0.514 0.060667 0.048
2 0.126 0.581333 0.04 0.044
2 0.063 0.505333 0.034 0.036
2 0.027 0.478 0.052667 0.078667
3 0.14 0.36 0.102667 0.118667
2 0.207333 0.292667 0.052 0.057333
3 0.234667 0.371333 0.088 0.093333
3 0.321667 0.395667 0.088667 0.123333
3 0.376333 0.35166699999999995 0.058 0.084667
3 0.421 0.336333 0.040667 0.056667
3 0.472667 0.34099999999999997 0.073333 0.084667
3 0.426667 0.414667 0.062667 0.065333
3 0.428 0.501667 0.097333 0.099333
1 0.310333 0.6313329999999999 0.038 0.042667
3 0.301333 0.702 0.070667 0.106667
3 0.365 0.652333 0.07 0.083333
2 0.354 0.721333 0.034667 0.044
2 0.372667 0.804333 0.090667 0.087333
2 0.425667 0.964 0.075333 0.069333
3 0.498 0.266 0.050667 0.056
2 0.550667 0.27433300000000005 0.034667 0.034
2 0.537333 0.353333 0.052 0.049333
2 0.525667 0.42600000000000005 0.100667 0.076
2 0.530333 0.5123329999999999 0.060667 0.064667
2 0.580333 0.495333 0.054 0.061333
2 0.507 0.598333 0.107333 0.099333
2 0.590333 0.597 0.046 0.048667
2 0.465333 0.6803330000000001 0.044 0.046
2 0.458333 0.915667 0.092667 0.066
2 0.462333 0.834667 0.102 0.096
2 0.536333 0.8220000000000001 0.039333 0.038667
2 0.552667 0.905667 0.088 0.116667
3 0.510667 0.743 0.082667 0.083333
2 0.596 0.7663329999999999 0.069333 0.072667
2 0.665 0.865333 0.104667 0.129333
2 0.607333 0.830333 0.050667 0.056667
2 0.615667 0.35866699999999996 0.05 0.046667
2 0.679 0.304667 0.038 0.034667
2 0.671667 0.360333 0.059333 0.064667
3 0.771 0.28833299999999995 0.055333 0.046
2 0.759667 0.36366699999999996 0.067333 0.078
2 0.769 0.45966700000000005 0.091333 0.099333
2 0.705667 0.453333 0.034 0.034667
2 0.652333 0.517 0.078 0.080667
2 0.707 0.523 0.031333 0.031333
1 0.839667 0.583 0.026 0.022
2 0.806333 0.614 0.034 0.032
2 0.906 0.810333 0.062667 0.080667
2 0.969 0.904 0.062 0.054667
2 0.966667 0.963333 0.066667 0.068
2 0.878333 0.889667 0.078 0.059333
2 0.78 0.871667 0.085333 0.060667
3 0.79 0.800667 0.078667 0.078667
2 0.836667 0.816667 0.029333 0.037333
2 0.698333 0.7110000000000001 0.142 0.155333
3 0.713667 0.606333 0.018 0.018
2 0.755 0.22699999999999998 0.102 0.088667
2 0.712 0.08099999999999996 0.042667 0.044667
2 0.664333 0.15700000000000003 0.076667 0.096667
2 0.609 0.142667 0.036667 0.04
2 0.582667 0.13 0.038667 0.042667
3 0.56 0.07633299999999998 0.086667 0.095333
2 0.572 0.21099999999999997 0.057333 0.042
3 0.498333 0.19133299999999998 0.096667 0.097333
3 0.500667 0.10999999999999999 0.037333 0.038667
3 0.37 0.254667 0.098667 0.061333
3 0.382667 0.20499999999999996 0.070667 0.060667
3 0.39 0.15400000000000003 0.041333 0.04
3 0.430667 0.204333 0.037333 0.043333
2 0.422 0.07633299999999998 0.102667 0.108667
2 0.347667 0.08666700000000005 0.040667 0.044
2 0.261333 0.21566700000000005 0.044 0.043333
2 0.301 0.15133300000000005 0.046 0.048
3 0.256 0.07666700000000004 0.036 0.048
3 0.247333 0.04466700000000001 0.050667 0.04
3 0.297667 0.029667 0.048667 0.05
3 0.228333 0.155667 0.096667 0.076667
3 0.214333 0.10266699999999995 0.082 0.057333
3 0.153 0.11333300000000002 0.03 0.030667
2 0.603667 0.431667 0.047333 0.046
2 0.642 0.598 0.052 0.062667
3 0.567667 0.688333 0.082 0.086
0 0.833333 0.11666699999999997 0.165333 0.158667
0 0.882 0.33699999999999997 0.189333 0.191333
0 0.900667 0.46799999999999997 0.198667 0.204
0 0.907 0.734667 0.044667 0.045333
0 0.815667 0.724333 0.035333 0.036667
0 0.679333 0.40833299999999995 0.029333 0.023333
0 0.704333 0.42700000000000005 0.026 0.026
0 0.492333 0.07899999999999996 0.027333 0.03
0 0.418 0.5760000000000001 0.029333 0.030667
0 0.434 0.259 0.061333 0.064667
0 0.301333 0.256 0.024 0.025333
0 0.286333 0.12 0.054 0.041333
0 0.288 0.453333 0.070667 0.042667
0 0.258 0.625333 0.062667 0.056
0 0.198333 0.528 0.038 0.036
0 0.189 0.46966699999999995 0.035333 0.044667
0 0.053333 0.407667 0.042667 0.042
2 0.871333 0.963 0.104 0.072667
2 0.776333 0.952333 0.09 0.092667
2 0.637667 0.962667 0.115333 0.073333
2 0.505333 0.974333 0.073333 0.05
2 0.063333 0.846 0.125333 0.109333
2 0.152667 0.02433300000000005 0.072 0.048667
2 0.383 0.032667 0.122 0.065333
