2 0.06033299999999997 0.880333 0.060667 0.062
2 0.14533300000000005 0.917333 0.066667 0.069333
2 0.214333 0.950333 0.086 0.091333
2 0.296667 0.888 0.092 0.094667
2 0.31233299999999997 0.961667 0.054 0.058
1 0.37 0.892667 0.025333 0.024
3 0.378667 0.962333 0.066667 0.074
2 0.42500000000000004 0.887333 0.064667 0.098667
3 0.38333300000000003 0.710667 0.062667 0.073333
3 0.41100000000000003 0.767333 0.059333 0.066667
2 0.5569999999999999 0.709333 0.071333 0.068
2 0.483 0.711 0.082 0.082
2 0.499667 0.793 0.084667 0.084667
2 0.5720000000000001 0.768333 0.062667 0.058
2 0.5103329999999999 0.876 0.094 0.104
2 0.536333 0.960667 0.07 0.078667
3 0.607667 0.976 0.052667 0.042667
2 0.593 0.908 0.064667 0.088
2 0.6583330000000001 0.909333 0.062 0.093333
2 0.641 0.808 0.072667 0.088
2 0.73 0.827333 0.066667 0.076
2 0.743 0.911667 0.084667 0.088667
2 0.815333 0.853 0.078667 0.091333
2 0.926333 0.771667 0.076667 0.112667
2 0.915333 0.906 0.109333 0.105333
2 0.853333 0.765667 0.077333 0.086
3 0.758 0.726667 0.101333 0.102667
2 0.695667 0.727333 0.023333 0.034667
2 0.748667 0.655333 0.029333 0.034667
2 0.6839999999999999 0.649667 0.046667 0.048667
2 0.890667 0.683667 0.064 0.075333
2 0.915333 0.633667 0.042667 0.039333
2 0.863667 0.637667 0.043333 0.044667
2 0.852 0.595667 0.044 0.040667
2 0.973 0.658 0.052667 0.057333
2 0.799333 0.599667 0.033333 0.040667
0 0.06699999999999995 0.753 0.134 0.19
0 0.20799999999999996 0.768333 0.185333 0.186
0 0.09566699999999995 0.587 0.131333 0.092667
0 0.23166699999999996 0.633 0.139333 0.135333
0 0.355 0.624333 0.147333 0.127333
0 0.553667 0.561 0.146 0.139333
0 0.677667 0.569667 0.118 0.124667
0 0.853333 0.455333 0.092 0.074667
0 0.826667 0.523333 0.081333 0.072
0 0.775 0.449333 0.068667 0.074667
0 0.6739999999999999 0.48 0.125333 0.102667
0 0.575333 0.468333 0.072 0.062
0 0.16633299999999995 0.481333 0.126 0.113333
0 0.16200000000000003 0.386 0.144 0.125333
0 0.047667000000000015 0.321333 0.095333 0.090667
0 0.33199999999999996 0.494333 0.197333 0.135333
0 0.054332999999999965 0.519 0.108667 0.132667
0 0.060667000000000026 0.398667 0.112 0.129333
0 0.942333 0.488667 0.114 0.154667
0 0.742 0.502667 0.042667 0.046667
0 0.811333 0.341333 0.152 0.158667
0 0.702 0.39 0.092 0.1
0 0.5836669999999999 0.391667 0.151333 0.154
0 0.46866699999999994 0.401667 0.112 0.120667
0 0.357 0.398333 0.107333 0.100667
0 0.268 0.250333 0.209333 0.152667
0 0.38433300000000004 0.308333 0.132667 0.120667
0 0.643 0.277 0.19 0.143333
0 0.7236670000000001 0.229333 0.116667 0.116
0 0.798333 0.191333 0.116667 0.105333
0 0.860667 0.114667 0.134667 0.129333
0 0.697667 0.132 0.11 0.094667
0 0.5549999999999999 0.194333 0.111333 0.118
0 0.37066699999999997 0.212 0.1 0.081333
0 0.10533300000000001 0.176 0.16 0.158667
0 0.23966699999999996 0.105667 0.144667 0.140667
0 0.40633300000000006 0.107667 0.163333 0.187333
0 0.937 0.226 0.124667 0.116
0 0.944 0.356333 0.110667 0.171333
0 0.6863330000000001 0.043667 0.083333 0.084667
0 0.570333 0.076333 0.160667 0.127333
0 0.07099999999999995 0.057333 0.131333 0.112
0 0.14033300000000004 0.637667 0.080667 0.107333
2 0.46466700000000005 0.967333 0.072 0.065333
2 0.689333 0.969667 0.094667 0.059333
2 0.809667 0.964667 0.122 0.070667
