2 0.093667 0.045667 0.103333 0.09
2 0.077667 0.140667 0.084667 0.074667
2 0.059667 0.196333 0.048667 0.05
2 0.114667 0.239333 0.064 0.069333
2 0.195 0.049667 0.080667 0.087333
2 0.19 0.134333 0.098667 0.09
2 0.189 0.201667 0.079333 0.060667
2 0.193 0.258667 0.084667 0.069333
2 0.107 0.54 0.115333 0.101333
2 0.063 0.426 0.122 0.145333
2 0.140333 0.366333 0.082 0.084667
2 0.206667 0.329667 0.101333 0.083333
2 0.253333 0.372 0.102667 0.096
2 0.283333 0.429667 0.081333 0.055333
2 0.345333 0.358 0.094667 0.098667
2 0.273667 0.226 0.09 0.112
2 0.286 0.103333 0.104 0.105333
2 0.389667 0.08 0.080667 0.104
2 0.294333 0.028333 0.076667 0.055333
2 0.454 0.071333 0.068 0.1
2 0.402 0.167 0.094667 0.086
2 0.341 0.218667 0.075333 0.094667
2 0.400667 0.263 0.12 0.108667
2 0.234667 0.481333 0.132 0.098667
2 0.222 0.557333 0.104 0.086667
2 0.368667 0.461667 0.092 0.108667
2 0.529333 0.029667 0.070667 0.055333
2 0.526667 0.092 0.096 0.1
2 0.643333 0.104667 0.101333 0.069333
2 0.648 0.186333 0.097333 0.108667
2 0.734 0.202333 0.122667 0.107333
2 0.823 0.067667 0.096667 0.087333
2 0.84 0.135 0.068 0.072667
2 0.891 0.035333 0.075333 0.069333
2 0.928667 0.131 0.097333 0.091333
2 0.96 0.182 0.08 0.065333
2 0.895 0.213667 0.075333 0.048667
2 0.955667 0.259333 0.074 0.101333
2 0.882667 0.282333 0.092 0.094
2 0.808667 0.276 0.065333 0.073333
2 0.449333 0.392 0.105333 0.12
2 0.457667 0.499333 0.086 0.066667
2 0.436 0.555333 0.098667 0.070667
2 0.543333 0.459333 0.068 0.076
2 0.518 0.261333 0.088 0.108
2 0.529333 0.354 0.070667 0.090667
2 0.598 0.292667 0.066667 0.076
2 0.686333 0.320667 0.176667 0.137333
2 0.785333 0.350333 0.061333 0.075333
2 0.909 0.362667 0.086 0.069333
2 0.971 0.345667 0.040667 0.054
2 0.931333 0.443333 0.133333 0.102667
2 0.917667 0.524 0.086 0.094667
2 0.717333 0.416333 0.12 0.082
2 0.656333 0.480667 0.142 0.133333
2 0.763 0.495 0.119333 0.111333
2 0.848667 0.489333 0.052 0.069333
2 0.812333 0.570333 0.142 0.09
2 0.843 0.647333 0.074 0.064
2 0.732667 0.646667 0.141333 0.132
2 0.584333 0.549 0.119333 0.106
2 0.535333 0.615667 0.077333 0.075333
2 0.947 0.649667 0.106 0.107333
2 0.751333 0.743333 0.098667 0.077333
2 0.824333 0.750333 0.058 0.096667
2 0.878667 0.761 0.072 0.120667
2 0.953 0.761667 0.082 0.108667
2 0.935 0.851 0.13 0.098
2 0.947667 0.920667 0.083333 0.062667
2 0.607667 0.704667 0.163333 0.164
2 0.703667 0.816333 0.147333 0.107333
2 0.675 0.895667 0.071333 0.079333
2 0.740333 0.919333 0.102 0.096
2 0.81 0.892 0.065333 0.125333
2 0.875 0.902667 0.068667 0.104
2 0.544 0.854667 0.130667 0.141333
2 0.415333 0.896 0.090667 0.094667
2 0.323 0.897 0.091333 0.123333
2 0.208667 0.921 0.134667 0.086
2 0.193 0.838667 0.159333 0.109333
2 0.172667 0.746333 0.097333 0.083333
2 0.067333 0.731 0.086667 0.088667
2 0.067333 0.647 0.097333 0.104667
2 0.137667 0.659333 0.054 0.093333
2 0.203 0.653 0.084667 0.108667
3 0.348 0.587333 0.094667 0.098667
2 0.415333 0.736 0.062667 0.073333
2 0.360333 0.761667 0.075333 0.083333
2 0.248667 0.728 0.054667 0.061333
2 0.322333 0.676667 0.148667 0.161333
2 0.869333 0.973667 0.081333 0.052667
2 0.788667 0.977333 0.070667 0.045333
2 0.432 0.976667 0.076 0.046667
2 0.314 0.970333 0.073333 0.059333
2 0.064 0.940333 0.126667 0.119333
2 0.042 0.849667 0.081333 0.084667
2 0.039667 0.291333 0.078 0.086667
