2 0.946333 0.21 0.102 0.102667
2 0.850333 0.138 0.13 0.122667
2 0.760333 0.096667 0.140667 0.144
1 0.671667 0.129667 0.062 0.082
2 0.489 0.092333 0.102 0.120667
2 0.567333 0.138 0.117333 0.113333
2 0.521333 0.217 0.126667 0.127333
2 0.35 0.063 0.158667 0.116667
2 0.354333 0.166333 0.154 0.116667
2 0.621 0.282 0.116667 0.124
2 0.822333 0.239 0.099333 0.100667
2 0.724333 0.243667 0.128667 0.136667
2 0.853 0.308333 0.076667 0.07
2 0.7763329999999999 0.335333 0.09 0.084
2 0.819667 0.392 0.104667 0.1
2 0.9359999999999999 0.295667 0.057333 0.07
2 0.646 0.379667 0.110667 0.084667
3 0.722667 0.407 0.032 0.031333
2 0.616333 0.471 0.079333 0.086
2 0.537667 0.406 0.106 0.106667
2 0.35466699999999995 0.272667 0.145333 0.114667
2 0.397667 0.376667 0.124667 0.121333
2 0.31233299999999997 0.419667 0.095333 0.09
2 0.371 0.49 0.108667 0.098667
3 0.281 0.533667 0.071333 0.094
3 0.381 0.591333 0.11 0.102667
2 0.479333 0.527333 0.1 0.104
2 0.736 0.49 0.098667 0.096
3 0.813667 0.545667 0.098 0.091333
3 0.731 0.590667 0.071333 0.082667
3 0.831 0.633667 0.126 0.084667
3 0.939333 0.670667 0.092 0.073333
3 0.785667 0.739 0.071333 0.072667
2 0.48 0.639333 0.093333 0.104
2 0.523667 0.698667 0.052667 0.058667
2 0.41733299999999995 0.760667 0.104 0.108
2 0.488 0.829 0.046667 0.05
3 0.688 0.674667 0.074667 0.072
3 0.663 0.606667 0.07 0.061333
3 0.20999999999999996 0.561667 0.082667 0.078
3 0.19299999999999995 0.506667 0.056667 0.044
3 0.23566699999999996 0.458 0.035333 0.04
2 0.10166699999999995 0.498333 0.134 0.136667
3 0.05233299999999996 0.630333 0.104667 0.09
3 0.11699999999999999 0.407667 0.056667 0.048667
2 0.07299999999999995 0.422667 0.056667 0.053333
2 0.033332999999999946 0.445 0.042667 0.039333
2 0.264667 0.342333 0.108 0.111333
2 0.17933299999999996 0.379 0.092 0.095333
2 0.14633300000000005 0.295667 0.108667 0.126
3 0.05833299999999997 0.313667 0.083333 0.092667
3 0.04300000000000004 0.362667 0.051333 0.038667
2 0.22999999999999998 0.248 0.112 0.089333
2 0.05500000000000005 0.222333 0.094 0.071333
2 0.209333 0.144 0.130667 0.110667
2 0.22266699999999995 0.058 0.112 0.105333
2 0.06866700000000003 0.116667 0.133333 0.128
0 0.23299999999999998 0.906 0.267333 0.188
0 0.18400000000000005 0.717333 0.368 0.308
0 0.503667 0.905667 0.079333 0.07
0 0.6273329999999999 0.938667 0.089333 0.086667
0 0.6886669999999999 0.901667 0.106667 0.087333
0 0.88 0.88 0.238667 0.24
0 0.609 0.787333 0.202 0.248
0 0.956 0.593667 0.081333 0.124667
0 0.551667 0.487 0.075333 0.067333
0 0.20266700000000004 0.456333 0.049333 0.052667
0 0.926333 0.471 0.082 0.080667
0 0.920667 0.385667 0.068 0.076667
0 0.557667 0.319333 0.063333 0.057333
0 0.461333 0.285667 0.074667 0.074
0 0.873 0.208667 0.042 0.044
0 0.676667 0.182 0.048 0.036
0 0.635667 0.204333 0.034 0.03
0 0.974 0.028 0.049333 0.054667
0 0.862667 0.049667 0.093333 0.071333
0 0.637667 0.099667 0.058 0.063333
2 0.974667 0.386333 0.049333 0.096667
2 0.6413329999999999 0.038333 0.108 0.074
1 0.542667 0.029 0.090667 0.056667
2 0.098333 0.049 0.139333 0.096667
