2 0.18000000000000005 0.708 0.072 0.054667
2 0.23966699999999996 0.765 0.142 0.098
2 0.13733300000000004 0.818667 0.129333 0.128
2 0.10433300000000001 0.738 0.082 0.069333
2 0.06033299999999997 0.685667 0.111333 0.118
2 0.057667000000000024 0.607333 0.052667 0.046667
2 0.03433299999999995 0.546667 0.068667 0.065333
2 0.11433300000000002 0.549 0.088667 0.094
2 0.20699999999999996 0.529333 0.104667 0.105333
2 0.31966700000000003 0.630333 0.079333 0.079333
2 0.246 0.613333 0.065333 0.062667
2 0.15833299999999995 0.649667 0.138 0.11
2 0.49366699999999997 0.597667 0.044667 0.055333
2 0.41433299999999995 0.617 0.055333 0.07
2 0.388 0.543333 0.097333 0.074667
2 0.35166699999999995 0.472667 0.148667 0.102667
2 0.379 0.361333 0.074 0.069333
2 0.31033299999999997 0.392333 0.139333 0.080667
2 0.21099999999999997 0.350667 0.048667 0.036
2 0.289667 0.320667 0.078 0.068
2 0.342333 0.285 0.034 0.044667
2 0.257667 0.256 0.060667 0.053333
2 0.18799999999999994 0.238 0.041333 0.038667
2 0.09099999999999997 0.430333 0.160667 0.126
2 0.10899999999999999 0.314 0.086 0.064
2 0.07199999999999995 0.229667 0.137333 0.119333
2 0.05733299999999997 0.093333 0.114667 0.121333
2 0.143667 0.128 0.060667 0.074667
2 0.210333 0.112 0.086 0.096
2 0.23666699999999996 0.191333 0.074667 0.070667
3 0.528667 0.484333 0.064 0.059333
2 0.590333 0.449667 0.051333 0.059333
2 0.558333 0.386667 0.035333 0.036
2 0.489 0.408667 0.074 0.064
2 0.45199999999999996 0.321 0.08 0.114
2 0.42333299999999996 0.264333 0.032 0.036667
2 0.384 0.152 0.113333 0.161333
2 0.473333 0.143333 0.096 0.138667
3 0.55 0.135333 0.037333 0.036
2 0.5716669999999999 0.211 0.083333 0.11
3 0.605 0.325667 0.05 0.052667
3 0.653 0.371333 0.112667 0.110667
3 0.763333 0.353 0.097333 0.080667
3 0.753667 0.285667 0.05 0.051333
3 0.683333 0.28 0.070667 0.065333
2 0.736 0.243667 0.04 0.044667
2 0.659667 0.207333 0.076667 0.077333
2 0.629667 0.128333 0.091333 0.078
2 0.609 0.053 0.036667 0.044667
2 0.706333 0.09 0.055333 0.062667
2 0.858333 0.055667 0.059333 0.086
2 0.947 0.092667 0.082 0.068
2 0.816667 0.265 0.068 0.059333
2 0.7743329999999999 0.051667 0.118 0.102
2 0.728333 0.181 0.044667 0.055333
2 0.948 0.030333 0.069333 0.059333
2 0.538 0.095333 0.030667 0.032
0 0.925333 0.750333 0.148 0.17
0 0.7723329999999999 0.946333 0.239333 0.107333
0 0.5776669999999999 0.926 0.098 0.097333
0 0.508667 0.887667 0.041333 0.043333
0 0.32366700000000004 0.931333 0.131333 0.12
0 0.406667 0.859667 0.072 0.063333
0 0.942667 0.570333 0.113333 0.172667
0 0.930667 0.444333 0.1 0.098
0 0.808 0.458333 0.056 0.048667
0 0.8336669999999999 0.527333 0.112667 0.109333
0 0.795 0.568333 0.063333 0.079333
0 0.805667 0.640667 0.108667 0.089333
0 0.6393329999999999 0.530667 0.098667 0.08
0 0.546667 0.723 0.384 0.359333
0 0.210333 0.290333 0.07 0.068667
0 0.536333 0.292 0.051333 0.046667
0 0.913333 0.227667 0.172 0.202
0 0.37266699999999997 0.260667 0.050667 0.066667
0 0.210333 0.287667 0.07 0.068667
0 0.43000000000000005 0.052333 0.054667 0.044667
2 0.501 0.025333 0.083333 0.049333
2 0.03600000000000003 0.328667 0.072 0.081333
