2 0.901667 0.039667 0.096667 0.072667
2 0.928667 0.126 0.101333 0.108
2 0.807333 0.048333 0.098667 0.091333
2 0.7170000000000001 0.041333 0.058 0.054667
2 0.83 0.15 0.096 0.098667
2 0.949667 0.218333 0.088667 0.104667
2 0.859667 0.245 0.095333 0.118
2 0.776 0.240667 0.08 0.084
2 0.8546670000000001 0.329 0.069333 0.044667
2 0.963667 0.430333 0.07 0.060667
2 0.741333 0.109333 0.056 0.053333
2 0.758333 0.168667 0.074 0.066667
2 0.680667 0.189 0.028 0.038
2 0.6663330000000001 0.111 0.100667 0.11
2 0.574333 0.120333 0.079333 0.095333
2 0.544667 0.041333 0.056 0.072
2 0.6126670000000001 0.21 0.110667 0.101333
2 0.630667 0.280667 0.036 0.033333
2 0.726333 0.311 0.120667 0.092667
2 0.748667 0.384333 0.065333 0.056667
2 0.661 0.413667 0.106 0.120667
2 0.817333 0.429667 0.070667 0.078
2 0.878333 0.480667 0.088667 0.094667
2 0.763667 0.460667 0.036667 0.037333
2 0.45499999999999996 0.044333 0.063333 0.07
2 0.382 0.073 0.076 0.076667
2 0.30933299999999997 0.031333 0.066667 0.053333
2 0.26333300000000004 0.072667 0.06 0.069333
2 0.21199999999999997 0.148 0.069333 0.086667
2 0.28733299999999995 0.157667 0.048 0.048667
2 0.27733300000000005 0.131333 0.022667 0.02
2 0.47166699999999995 0.140333 0.092667 0.079333
2 0.401 0.148 0.056667 0.076
2 0.35866699999999996 0.19 0.086667 0.093333
2 0.32899999999999996 0.245667 0.056667 0.048667
2 0.26033300000000004 0.24 0.060667 0.052
2 0.275 0.301 0.066 0.075333
2 0.338333 0.314 0.062 0.068
2 0.432667 0.231333 0.072 0.08
2 0.37933300000000003 0.269667 0.041333 0.047333
2 0.521333 0.254333 0.114667 0.106
2 0.487333 0.210667 0.034667 0.033333
2 0.5243329999999999 0.326333 0.039333 0.036667
2 0.44266700000000003 0.310667 0.068 0.065333
2 0.390667 0.329 0.045333 0.07
2 0.477333 0.383333 0.125333 0.114667
2 0.494 0.435333 0.029333 0.028
2 0.396667 0.422 0.056 0.097333
2 0.355 0.417667 0.031333 0.040667
2 0.31666700000000003 0.383333 0.094667 0.085333
2 0.23566699999999996 0.414667 0.040667 0.045333
2 0.25333300000000003 0.468 0.082667 0.08
2 0.18400000000000005 0.453333 0.052 0.049333
2 0.922 0.548333 0.062667 0.066
2 0.6970000000000001 0.508667 0.076667 0.070667
2 0.797667 0.548667 0.102 0.098667
2 0.810333 0.625667 0.088667 0.071333
2 0.96 0.634333 0.034667 0.027333
2 0.877 0.618333 0.031333 0.028667
2 0.898 0.678 0.097333 0.062667
2 0.83 0.698333 0.08 0.074
2 0.745 0.662667 0.042 0.045333
2 0.762667 0.731 0.052 0.048667
2 0.859333 0.768333 0.06 0.062
2 0.825333 0.799 0.050667 0.058
2 0.567 0.446333 0.074 0.07
2 0.604 0.534 0.105333 0.101333
2 0.48066699999999996 0.464 0.036 0.036
2 0.497333 0.493333 0.078667 0.062667
2 0.354 0.547 0.042667 0.048667
2 0.361333 0.579333 0.036 0.026667
2 0.40700000000000003 0.538667 0.058 0.06
2 0.16433299999999995 0.507667 0.051333 0.055333
2 0.20299999999999996 0.544 0.063333 0.053333
2 0.28033300000000005 0.548333 0.094 0.074
2 0.19599999999999995 0.588 0.065333 0.042667
2 0.21799999999999997 0.640667 0.096 0.092
2 0.304667 0.626333 0.090667 0.082
2 0.383667 0.658333 0.067333 0.067333
2 0.37933300000000003 0.608 0.032 0.032
2 0.46766700000000005 0.570667 0.055333 0.062667
2 0.43766700000000003 0.604 0.039333 0.029333
2 0.388 0.709333 0.064 0.049333
2 0.324333 0.744667 0.028667 0.024
2 0.22599999999999998 0.722 0.08 0.072
2 0.17866700000000002 0.746333 0.044 0.052667
2 0.20233299999999999 0.826667 0.099333 0.097333
1 0.269 0.825333 0.039333 0.046667
2 0.33866700000000005 0.811333 0.025333 0.022667
2 0.35766699999999996 0.840333 0.035333 0.035333
2 0.418667 0.859 0.070667 0.07
2 0.491333 0.891333 0.057333 0.052
2 0.375333 0.935667 0.050667 0.060667
2 0.5283329999999999 0.555667 0.052667 0.059333
2 0.532 0.618667 0.070667 0.068
2 0.579 0.663333 0.062 0.061333
2 0.663 0.623 0.034 0.032667
2 0.65 0.680333 0.089333 0.068667
2 0.647 0.732667 0.068667 0.053333
2 0.522667 0.757333 0.072 0.073333
2 0.56 0.863 0.041333 0.043333
2 0.611667 0.809333 0.127333 0.113333
2 0.670667 0.879 0.038667 0.038
2 0.28400000000000003 0.903667 0.092 0.099333
2 0.30833299999999997 0.947667 0.043333 0.05
2 0.16033299999999995 0.946333 0.036667 0.039333
2 0.960333 0.844667 0.068667 0.072
2 0.922333 0.875667 0.092667 0.111333
2 0.873667 0.890333 0.047333 0.072667
2 0.801667 0.869 0.087333 0.083333
2 0.84 0.92 0.065333 0.052
2 0.05400000000000005 0.933333 0.086667 0.062667
2 0.13433300000000004 0.872667 0.031333 0.041333
2 0.12633300000000003 0.822 0.062 0.050667
2 0.09799999999999998 0.803333 0.044 0.041333
2 0.032667 0.839333 0.064 0.073333
2 0.10666699999999996 0.731 0.090667 0.058
2 0.14400000000000002 0.646667 0.046667 0.049333
2 0.136 0.601667 0.034667 0.03
2 0.04300000000000004 0.577333 0.080667 0.077333
2 0.09266700000000005 0.498 0.08 0.1
2 0.143667 0.419 0.062 0.059333
2 0.08266700000000005 0.422667 0.073333 0.082667
2 0.15600000000000003 0.355667 0.125333 0.091333
2 0.06166700000000003 0.350667 0.047333 0.046667
2 0.022333000000000047 0.414333 0.044667 0.046
2 0.17933299999999996 0.251333 0.085333 0.070667
2 0.100333 0.278 0.068667 0.068
2 0.04066700000000001 0.292333 0.061333 0.062
2 0.03200000000000003 0.239667 0.045333 0.044667
2 0.09066700000000005 0.208333 0.066667 0.072667
2 0.16133299999999995 0.181333 0.072 0.066667
2 0.16400000000000003 0.058 0.073333 0.085333
2 0.10399999999999998 0.038667 0.049333 0.066667
2 0.13333300000000003 0.120333 0.046667 0.048667
2 0.056332999999999966 0.122 0.079333 0.077333
2 0.029667 0.040667 0.052667 0.068
2 0.7046669999999999 0.562 0.04 0.034667
1 0.711667 0.605333 0.046 0.04
0 0.12033300000000002 0.773333 0.071333 0.045333
0 0.06566700000000003 0.878667 0.048667 0.041333
0 0.42633299999999996 0.951 0.076667 0.079333
0 0.5986670000000001 0.886333 0.042667 0.051333
0 0.6719999999999999 0.92 0.050667 0.045333
0 0.779667 0.802333 0.05 0.052667
0 0.904667 0.719333 0.046667 0.041333
0 0.575333 0.715 0.044 0.040667
0 0.524667 0.678667 0.061333 0.050667
0 0.750333 0.619667 0.048667 0.039333
0 0.6126670000000001 0.631667 0.053333 0.051333
0 0.34099999999999997 0.496333 0.047333 0.056667
0 0.594 0.413 0.030667 0.035333
0 0.606 0.325 0.056 0.047333
0 0.25433300000000003 0.200333 0.036667 0.038
2 0.22066699999999995 0.957333 0.12 0.085333
2 0.506 0.977333 0.090667 0.045333
2 0.669333 0.957667 0.145333 0.084667
2 0.962 0.502333 0.074667 0.099333
2 0.943 0.349667 0.112667 0.155333
2 0.03433299999999995 0.175 0.068667 0.074
