2 0.960333 0.098333 0.072667 0.096667
2 0.874 0.071333 0.108 0.101333
2 0.951667 0.192667 0.091333 0.098667
2 0.958667 0.283 0.054667 0.058
2 0.85 0.17 0.098667 0.096
2 0.781667 0.050333 0.104667 0.088667
2 0.755 0.140333 0.118 0.095333
2 0.759333 0.224 0.084 0.08
2 0.671 0.145333 0.044667 0.069333
2 0.5696669999999999 0.036333 0.060667 0.07
2 0.890667 0.258667 0.053333 0.056
2 0.831333 0.241667 0.066667 0.074
2 0.8109999999999999 0.319333 0.038 0.028
2 0.889 0.333667 0.11 0.100667
2 0.879667 0.425667 0.095333 0.079333
2 0.958667 0.455333 0.072 0.056
2 0.79 0.387333 0.101333 0.110667
2 0.719333 0.369333 0.033333 0.036
2 0.6890000000000001 0.273667 0.092667 0.120667
2 0.615667 0.251333 0.056667 0.065333
2 0.586333 0.339 0.120667 0.106
2 0.570333 0.182667 0.078 0.070667
2 0.519333 0.121667 0.094667 0.088667
2 0.5393330000000001 0.236333 0.037333 0.036667
2 0.955667 0.545 0.07 0.063333
2 0.927 0.618 0.076667 0.076
2 0.968667 0.690667 0.053333 0.066667
2 0.927333 0.736667 0.069333 0.06
2 0.852 0.788 0.086667 0.069333
2 0.842333 0.712667 0.048667 0.048
2 0.868667 0.722667 0.02 0.022667
2 0.859667 0.528333 0.079333 0.092667
2 0.852 0.599 0.076 0.056667
2 0.81 0.641333 0.093333 0.086667
2 0.754333 0.671 0.048667 0.056667
2 0.76 0.739667 0.052 0.060667
2 0.6990000000000001 0.725 0.075333 0.066
2 0.6859999999999999 0.661667 0.068 0.062
2 0.768667 0.567333 0.08 0.072
2 0.730333 0.620667 0.047333 0.041333
2 0.7456670000000001 0.478667 0.106 0.114667
2 0.7893330000000001 0.512667 0.033333 0.034667
2 0.673667 0.475667 0.036667 0.039333
2 0.689333 0.557333 0.065333 0.068
2 0.671 0.609333 0.07 0.045333
2 0.6166670000000001 0.522667 0.114667 0.125333
2 0.564667 0.506 0.028 0.029333
2 0.5780000000000001 0.603333 0.097333 0.056
2 0.582333 0.645 0.040667 0.031333
2 0.6166670000000001 0.683333 0.085333 0.094667
2 0.585333 0.764333 0.045333 0.040667
2 0.532 0.746667 0.08 0.082667
2 0.546667 0.816 0.049333 0.052
2 0.45166700000000004 0.078 0.066 0.062667
2 0.491333 0.303 0.070667 0.076667
2 0.451333 0.202333 0.098667 0.102
2 0.374333 0.189667 0.071333 0.088667
2 0.36566699999999996 0.04 0.027333 0.034667
2 0.381667 0.123 0.028667 0.031333
2 0.32199999999999995 0.102 0.062667 0.097333
2 0.301667 0.17 0.074 0.08
2 0.337333 0.255 0.045333 0.042
2 0.269 0.237333 0.048667 0.052
2 0.23166699999999996 0.140667 0.062 0.06
2 0.20099999999999996 0.174667 0.058 0.050667
2 0.553667 0.433 0.07 0.074
2 0.46599999999999997 0.396 0.101333 0.105333
2 0.536 0.519333 0.036 0.036
2 0.506667 0.502667 0.062667 0.078667
2 0.45299999999999996 0.646 0.048667 0.042667
2 0.420667 0.638667 0.026667 0.036
2 0.461333 0.593 0.06 0.058
2 0.492333 0.835667 0.055333 0.051333
2 0.45599999999999996 0.797 0.053333 0.063333
2 0.45166700000000004 0.719667 0.074 0.094
2 0.41200000000000003 0.804 0.042667 0.065333
2 0.359333 0.782 0.092 0.096
2 0.37366699999999997 0.695333 0.082 0.090667
2 0.34166700000000005 0.616333 0.067333 0.067333
2 0.392 0.620667 0.032 0.032
2 0.42933299999999996 0.532333 0.062667 0.055333
2 0.396 0.562333 0.029333 0.039333
2 0.290667 0.612 0.049333 0.064
2 0.25533300000000003 0.675667 0.024 0.028667
2 0.278 0.774 0.072 0.08
2 0.253667 0.821333 0.052667 0.044
2 0.17333299999999996 0.797667 0.097333 0.099333
1 0.17466700000000002 0.731 0.046667 0.039333
2 0.18866700000000003 0.661333 0.022667 0.025333
2 0.159667 0.642333 0.035333 0.035333
2 0.14100000000000001 0.581333 0.07 0.070667
2 0.10866699999999996 0.508667 0.052 0.057333
2 0.06433299999999997 0.624667 0.060667 0.050667
2 0.444333 0.471667 0.059333 0.052667
2 0.38133300000000003 0.468 0.068 0.070667
2 0.33666700000000005 0.421 0.061333 0.062
2 0.377 0.337 0.032667 0.034
2 0.31966700000000003 0.35 0.068667 0.089333
2 0.26733300000000004 0.353 0.053333 0.068667
2 0.24266699999999997 0.477333 0.073333 0.072
2 0.137 0.44 0.043333 0.041333
2 0.19066700000000003 0.388333 0.113333 0.127333
2 0.121 0.329333 0.038 0.038667
2 0.096333 0.716 0.099333 0.092
2 0.05233299999999996 0.691667 0.05 0.043333
2 0.05366700000000002 0.839667 0.039333 0.036667
2 0.15533300000000005 0.039667 0.072 0.068667
2 0.12433300000000003 0.077667 0.111333 0.092667
2 0.10966699999999996 0.126333 0.072667 0.047333
2 0.131 0.198333 0.083333 0.087333
2 0.07999999999999996 0.16 0.052 0.065333
2 0.06666700000000003 0.946 0.062667 0.086667
2 0.12733300000000003 0.865667 0.041333 0.031333
2 0.17800000000000005 0.873667 0.050667 0.062
2 0.19666700000000004 0.902 0.041333 0.044
2 0.160667 0.967333 0.073333 0.064
2 0.269 0.893333 0.058 0.090667
2 0.353333 0.856 0.049333 0.046667
2 0.39833300000000005 0.864 0.03 0.034667
2 0.422667 0.957 0.077333 0.080667
2 0.502 0.907333 0.1 0.08
2 0.581 0.856333 0.059333 0.062
2 0.577333 0.917333 0.082667 0.073333
2 0.644333 0.844 0.091333 0.125333
2 0.6493329999999999 0.938333 0.046667 0.047333
2 0.5856669999999999 0.977667 0.046 0.044667
2 0.748667 0.820667 0.070667 0.085333
2 0.722 0.899667 0.068 0.068667
2 0.707667 0.959333 0.062 0.061333
2 0.760333 0.968 0.044667 0.045333
2 0.791667 0.909333 0.072667 0.066667
2 0.818667 0.838667 0.066667 0.072
2 0.942 0.836 0.085333 0.073333
2 0.961333 0.896 0.066667 0.049333
2 0.879667 0.866667 0.048667 0.046667
2 0.878 0.943667 0.077333 0.079333
2 0.959333 0.970333 0.068 0.052667
2 0.43799999999999994 0.295333 0.034667 0.04
1 0.394667 0.288333 0.04 0.046
0 0.22666699999999995 0.879667 0.045333 0.071333
0 0.12133300000000002 0.934333 0.041333 0.048667
0 0.049000000000000044 0.573667 0.079333 0.076667
0 0.11366699999999996 0.401333 0.051333 0.042667
0 0.07999999999999996 0.328 0.045333 0.050667
0 0.19766700000000004 0.220333 0.052667 0.05
0 0.280667 0.095333 0.041333 0.046667
0 0.28500000000000003 0.424667 0.040667 0.044
0 0.321333 0.475333 0.050667 0.061333
0 0.38033300000000003 0.249667 0.039333 0.048667
0 0.368333 0.387333 0.051333 0.053333
0 0.503667 0.659 0.056667 0.047333
0 0.587 0.406 0.035333 0.030667
0 0.675 0.394 0.047333 0.056
0 0.799667 0.745667 0.038 0.036667
2 0.04266700000000001 0.779333 0.085333 0.12
2 0.022666999999999993 0.494 0.045333 0.090667
2 0.042332999999999954 0.330667 0.084667 0.145333
2 0.49766699999999997 0.038 0.099333 0.074667
2 0.650333 0.057 0.155333 0.112667
2 0.825 0.965667 0.074 0.068667
