2 0.883333 0.942667 0.045333 0.045333
2 0.712 0.786333 0.1 0.108667
3 0.786333 0.845 0.087333 0.088667
2 0.794 0.759667 0.038667 0.048667
2 0.678667 0.879 0.092 0.09
2 0.753333 0.92 0.072 0.074667
2 0.663333 0.958 0.061333 0.070667
2 0.616 0.806667 0.074667 0.081333
3 0.641667 0.722 0.046 0.054667
3 0.577 0.69 0.094 0.093333
3 0.528333 0.761 0.044667 0.043333
2 0.53 0.919667 0.072 0.119333
2 0.589667 0.954 0.058 0.070667
3 0.597 0.890667 0.048667 0.056
2 0.438 0.959333 0.088 0.081333
2 0.446 0.854667 0.098667 0.125333
2 0.374333 0.829 0.058 0.059333
2 0.257 0.845667 0.051333 0.056667
2 0.174333 0.885 0.066 0.075333
2 0.224333 0.919 0.086 0.079333
2 0.299333 0.953333 0.077333 0.074667
2 0.322333 0.872667 0.074 0.092
2 0.360333 0.922667 0.055333 0.069333
2 0.902 0.779667 0.102667 0.080667
2 0.934 0.704667 0.072 0.072
2 0.837667 0.704333 0.120667 0.086
2 0.853333 0.634 0.125333 0.069333
2 0.873667 0.558667 0.140667 0.089333
2 0.791 0.490667 0.063333 0.058667
2 0.972667 0.531 0.054667 0.063333
3 0.971333 0.462667 0.057333 0.052
2 0.898 0.485667 0.105333 0.076667
2 0.928667 0.405333 0.097333 0.070667
2 0.891667 0.303333 0.087333 0.072
2 0.967 0.321 0.066 0.066
2 0.937667 0.236333 0.123333 0.083333
2 0.932667 0.051 0.066667 0.076667
2 0.854 0.063667 0.070667 0.095333
2 0.764667 0.096667 0.092 0.101333
2 0.637333 0.044333 0.06 0.051333
2 0.670333 0.108667 0.052667 0.069333
2 0.595667 0.113 0.084667 0.091333
2 0.464333 0.114333 0.047333 0.047333
2 0.046333 0.095 0.078 0.083333
2 0.073667 0.027 0.071333 0.05
2 0.121 0.097667 0.074 0.108667
2 0.158333 0.026 0.026 0.032
2 0.209667 0.099667 0.112667 0.098
2 0.309333 0.041333 0.064 0.076
2 0.223 0.028333 0.086 0.055333
2 0.573667 0.023333 0.054 0.045333
2 0.255667 0.158 0.092667 0.093333
2 0.179333 0.187667 0.076 0.078
2 0.020667 0.213333 0.032 0.037333
2 0.057333 0.206 0.033333 0.036
2 0.102333 0.197667 0.044667 0.036667
3 0.039 0.294667 0.028667 0.030667
2 0.088333 0.268667 0.060667 0.072
2 0.155 0.279667 0.072667 0.072667
3 0.343 0.185 0.046 0.042
2 0.227333 0.331 0.066667 0.07
3 0.154 0.373 0.101333 0.084667
3 0.044333 0.441667 0.082 0.084667
2 0.114667 0.469333 0.064 0.093333
2 0.170333 0.476667 0.055333 0.061333
3 0.147 0.542333 0.051333 0.05
2 0.054 0.576667 0.068 0.077333
3 0.122333 0.595667 0.071333 0.048667
2 0.073 0.735667 0.111333 0.120667
2 0.114 0.664333 0.037333 0.036667
2 0.170333 0.694333 0.091333 0.084667
2 0.271333 0.623333 0.061333 0.065333
2 0.249333 0.698333 0.033333 0.046
2 0.276667 0.707333 0.034667 0.041333
2 0.385333 0.740667 0.038667 0.030667
2 0.310333 0.774 0.088667 0.094667
2 0.223667 0.787667 0.084667 0.083333
3 0.130667 0.826 0.04 0.037333
2 0.203 0.584333 0.056667 0.054
2 0.225 0.523333 0.107333 0.070667
3 0.299333 0.547667 0.050667 0.047333
3 0.350667 0.514333 0.046667 0.052667
2 0.265667 0.448333 0.116667 0.095333
2 0.325 0.383667 0.035333 0.039333
2 0.357 0.430333 0.046 0.048667
3 0.325667 0.671 0.07 0.05
2 0.362 0.591 0.1 0.083333
2 0.403333 0.675667 0.072 0.080667
2 0.461 0.627 0.074 0.080667
2 0.498667 0.686 0.065333 0.068
3 0.596 0.612667 0.068 0.061333
2 0.676667 0.642667 0.096 0.076
2 0.711667 0.573333 0.091333 0.065333
2 0.726667 0.458667 0.037333 0.036
2 0.714 0.511333 0.090667 0.058667
2 0.633333 0.558667 0.065333 0.08
2 0.639667 0.496 0.03 0.030667
2 0.599333 0.455333 0.072 0.06
2 0.571 0.52 0.074 0.064
2 0.410667 0.553 0.061333 0.058
2 0.400333 0.474 0.048667 0.044
2 0.471667 0.457333 0.086 0.077333
2 0.522667 0.475333 0.036 0.053333
2 0.386667 0.319333 0.041333 0.034667
2 0.375667 0.358 0.039333 0.042667
2 0.435333 0.387 0.066667 0.056667
2 0.479333 0.396667 0.029333 0.032
2 0.484667 0.543667 0.093333 0.083333
2 0.423 0.338 0.024667 0.025333
2 0.449333 0.318667 0.025333 0.030667
2 0.475667 0.308667 0.024667 0.030667
2 0.405667 0.427333 0.040667 0.032
2 0.543 0.406667 0.079333 0.081333
2 0.629667 0.384333 0.078 0.09
3 0.783333 0.367 0.042667 0.05
2 0.725 0.335667 0.107333 0.112667
2 0.767333 0.258667 0.094667 0.089333
2 0.776333 0.183667 0.095333 0.078
2 0.696667 0.199667 0.077333 0.071333
2 0.685333 0.263 0.077333 0.078
2 0.526333 0.19 0.046 0.057333
2 0.425333 0.171333 0.098667 0.077333
2 0.379333 0.250333 0.093333 0.060667
2 0.53 0.302 0.089333 0.1
2 0.584667 0.339333 0.062667 0.08
2 0.608333 0.265 0.080667 0.076667
2 0.633333 0.199667 0.054667 0.059333
2 0.571667 0.190667 0.047333 0.053333
3 0.569667 0.238333 0.046 0.046
0 0.151667 0.931667 0.027333 0.028667
0 0.966333 0.822 0.063333 0.066667
0 0.907 0.840333 0.055333 0.046
0 0.851333 0.875 0.045333 0.048667
0 0.161 0.747667 0.038 0.028667
0 0.148667 0.780333 0.037333 0.032667
0 0.537 0.602667 0.075333 0.073333
0 0.812 0.425667 0.053333 0.059333
2 0.963333 0.941333 0.072 0.117333
2 0.048667 0.961333 0.096 0.077333
2 0.056 0.858333 0.108 0.124667
2 0.021 0.675 0.040667 0.059333
2 0.390667 0.037333 0.090667 0.073333
2 0.503 0.035667 0.082 0.07
2 0.707667 0.029333 0.075333 0.056
2 0.793 0.029 0.080667 0.056667
2 0.962 0.154333 0.074667 0.079333
2 0.975667 0.731333 0.048667 0.110667
