1 0.906 0.929333 0.06 0.049333
1 0.816667 0.951 0.049333 0.05
2 0.769333 0.958333 0.042667 0.05
1 0.878667 0.882 0.050667 0.056
1 0.822667 0.879667 0.037333 0.046
2 0.938 0.829333 0.121333 0.109333
3 0.846 0.815333 0.077333 0.070667
2 0.767 0.848 0.076667 0.084
1 0.714333 0.933333 0.048667 0.037333
2 0.643 0.925 0.074 0.054
3 0.49866699999999997 0.919667 0.129333 0.074
3 0.490333 0.8506670000000001 0.126 0.069333
2 0.38633300000000004 0.889667 0.064667 0.054
2 0.32799999999999996 0.850333 0.06 0.059333
2 0.24433300000000002 0.855333 0.042 0.053333
2 0.357 0.785 0.078 0.071333
3 0.268 0.728667 0.088 0.065333
3 0.362 0.7146669999999999 0.088 0.085333
2 0.43100000000000005 0.721 0.066 0.060667
2 0.391667 0.796 0.123333 0.045333
1 0.507333 0.7046669999999999 0.028 0.037333
2 0.504667 0.663667 0.072 0.066
1 0.44799999999999995 0.6663330000000001 0.056 0.048667
3 0.32299999999999995 0.613 0.072667 0.07
2 0.278667 0.582667 0.049333 0.045333
2 0.260667 0.557667 0.061333 0.063333
2 0.28800000000000003 0.49866699999999997 0.034667 0.030667
1 0.477333 0.5800000000000001 0.050667 0.057333
1 0.573333 0.517667 0.066667 0.072667
1 0.389667 0.633667 0.026 0.040667
2 0.619 0.752 0.067333 0.064
2 0.6703330000000001 0.842 0.055333 0.065333
2 0.597333 0.839 0.096 0.107333
2 0.702333 0.758 0.098 0.097333
2 0.784667 0.752333 0.070667 0.067333
1 0.945 0.7170000000000001 0.068667 0.051333
2 0.813333 0.6699999999999999 0.089333 0.094667
2 0.7026669999999999 0.636 0.132 0.133333
2 0.824667 0.589333 0.034667 0.044
1 0.837333 0.520667 0.030667 0.034667
2 0.687667 0.513667 0.106 0.102
1 0.599 0.450333 0.038 0.035333
2 0.502667 0.484 0.070667 0.061333
2 0.917 0.500333 0.07 0.063333
2 0.9410000000000001 0.42900000000000005 0.106 0.083333
2 0.943667 0.371333 0.05 0.037333
2 0.965333 0.32166700000000004 0.068 0.09
2 0.877 0.373333 0.09 0.098667
2 0.711333 0.35866699999999996 0.086667 0.130667
2 0.781667 0.387 0.099333 0.171333
2 0.613 0.38333300000000003 0.096667 0.097333
2 0.621 0.30733299999999997 0.102 0.068
2 0.554333 0.28433299999999995 0.074 0.092667
2 0.5373330000000001 0.410667 0.052 0.06
1 0.5349999999999999 0.350333 0.040667 0.038
2 0.467333 0.348 0.046667 0.061333
1 0.43600000000000005 0.44466700000000003 0.08 0.088
2 0.30033299999999996 0.441333 0.026 0.026667
2 0.30233299999999996 0.412667 0.03 0.025333
3 0.31699999999999995 0.317333 0.115333 0.109333
2 0.244 0.260667 0.053333 0.058667
3 0.31799999999999995 0.22266699999999995 0.089333 0.076
3 0.33566700000000005 0.123 0.11 0.094
3 0.29600000000000004 0.06566700000000003 0.082667 0.068667
3 0.36166699999999996 0.03300000000000003 0.066 0.066
2 0.6006670000000001 0.08866700000000005 0.089333 0.084
2 0.6699999999999999 0.10533300000000001 0.044 0.034667
2 0.752 0.07399999999999995 0.081333 0.102667
2 0.883667 0.19799999999999995 0.160667 0.116
3 0.655667 0.153667 0.095333 0.056667
1 0.5796669999999999 0.15200000000000002 0.042 0.037333
2 0.638 0.228333 0.106667 0.091333
2 0.733333 0.25133300000000003 0.108 0.090667
3 0.18200000000000005 0.07933299999999999 0.094667 0.109333
3 0.10533300000000001 0.08366700000000005 0.044 0.043333
3 0.040000000000000036 0.12466699999999997 0.044 0.046667
3 0.10233300000000001 0.17233299999999996 0.047333 0.046
3 0.165667 0.211333 0.052667 0.048
3 0.07699999999999996 0.22866699999999995 0.115333 0.102667
2 0.06566700000000003 0.32866700000000004 0.034 0.034667
3 0.13933300000000004 0.39033300000000004 0.02 0.024667
2 0.12266699999999997 0.517333 0.074667 0.065333
2 0.07033299999999998 0.5123329999999999 0.023333 0.020667
2 0.11866699999999997 0.586667 0.04 0.030667
3 0.10699999999999998 0.638667 0.086 0.094667
3 0.18666700000000003 0.600333 0.084 0.083333
3 0.253 0.656667 0.083333 0.074667
3 0.17700000000000005 0.702 0.071333 0.077333
3 0.100333 0.7356670000000001 0.084667 0.100667
3 0.18100000000000005 0.815333 0.132667 0.114667
3 0.06999999999999995 0.850333 0.112 0.09
2 0.06166700000000003 0.919667 0.036667 0.035333
2 0.141667 0.933333 0.048667 0.050667
3 0.35666699999999996 0.955 0.129333 0.088667
0 0.45699999999999996 0.09966699999999995 0.040667 0.034
0 0.5183329999999999 0.07866700000000004 0.019333 0.025333
0 0.5609999999999999 0.014000000000000012 0.035333 0.028
0 0.825 0.09966699999999995 0.043333 0.054
0 0.904 0.06999999999999995 0.081333 0.052
0 0.568333 0.21699999999999997 0.044667 0.063333
0 0.402 0.18400000000000005 0.061333 0.086667
0 0.17766700000000002 0.152667 0.023333 0.030667
0 0.20566700000000004 0.16633299999999995 0.026 0.03
0 0.484333 0.28133300000000006 0.063333 0.065333
0 0.361333 0.41533299999999995 0.046667 0.04
0 0.878 0.552667 0.092 0.052
0 0.775333 0.581333 0.102667 0.088
0 0.626333 0.5946670000000001 0.07 0.068
0 0.554333 0.590333 0.038 0.046
0 0.39033300000000004 0.5656669999999999 0.038 0.043333
0 0.18999999999999995 0.523333 0.034667 0.041333
0 0.17866700000000002 0.554333 0.04 0.031333
0 0.058667000000000025 0.587 0.033333 0.031333
0 0.30500000000000005 0.681333 0.075333 0.061333
0 0.29533299999999996 0.812333 0.061333 0.048667
0 0.093333 0.934333 0.041333 0.051333
0 0.28433299999999995 0.947 0.028667 0.031333
0 0.5720000000000001 0.924667 0.045333 0.046667
2 0.04700000000000004 0.055332999999999966 0.094 0.109333
2 0.44666700000000004 0.04266700000000001 0.101333 0.085333
2 0.912 0.02533300000000005 0.093333 0.050667
2 0.951333 0.658667 0.096 0.121333
2 0.038000000000000034 0.6946669999999999 0.076 0.161333
2 0.021666999999999992 0.30433299999999996 0.043333 0.102
