2 0.758333 0.072667 0.095333 0.110667
2 0.816333 0.163667 0.148667 0.09
2 0.9319999999999999 0.263 0.068 0.111333
2 0.845333 0.267 0.138667 0.108667
2 0.721333 0.261333 0.105333 0.102667
3 0.863 0.343333 0.080667 0.061333
3 0.865 0.407333 0.082 0.066667
3 0.775667 0.342333 0.075333 0.080667
2 0.610333 0.324 0.096667 0.089333
3 0.6759999999999999 0.364333 0.1 0.072667
3 0.695333 0.444667 0.128 0.094667
2 0.527 0.401 0.136667 0.095333
2 0.49366699999999997 0.313667 0.072667 0.074
2 0.453333 0.527333 0.125333 0.16
3 0.5533330000000001 0.543333 0.077333 0.094667
3 0.630333 0.539 0.079333 0.080667
2 0.631 0.623333 0.078 0.088
3 0.546333 0.631667 0.080667 0.076667
3 0.632 0.706667 0.088 0.073333
2 0.524 0.722667 0.133333 0.105333
3 0.6353329999999999 0.791333 0.066667 0.068
3 0.666667 0.889333 0.045333 0.077333
2 0.596333 0.886333 0.080667 0.080667
2 0.513667 0.898333 0.087333 0.104667
2 0.40333300000000005 0.898 0.138667 0.134667
2 0.34299999999999997 0.956 0.056667 0.061333
2 0.459333 0.797667 0.1 0.088667
2 0.558333 0.809667 0.098 0.079333
2 0.392667 0.739333 0.1 0.086667
2 0.378 0.639333 0.129333 0.108
2 0.646 0.09 0.14 0.170667
2 0.504 0.088667 0.142667 0.168
2 0.597333 0.209333 0.196 0.204
2 0.44499999999999995 0.208 0.114 0.181333
2 0.31466700000000003 0.198333 0.169333 0.223333
2 0.37733300000000003 0.309 0.102667 0.083333
2 0.28800000000000003 0.054 0.102667 0.104
2 0.18600000000000005 0.115667 0.178667 0.216667
1 0.05166700000000002 0.104 0.103333 0.116
1 0.11366699999999996 0.325333 0.220667 0.236
1 0.230333 0.344667 0.143333 0.138667
2 0.210333 0.436667 0.103333 0.094667
2 0.06266700000000003 0.467 0.125333 0.106
2 0.320333 0.519333 0.15 0.204
2 0.19366700000000003 0.550333 0.124667 0.142
1 0.10333300000000001 0.526 0.089333 0.088
1 0.06966700000000003 0.646333 0.139333 0.172667
1 0.17900000000000005 0.674 0.146 0.125333
2 0.272 0.662333 0.070667 0.082
2 0.275667 0.735 0.142 0.080667
1 0.20066700000000004 0.78 0.097333 0.132
1 0.11533300000000002 0.783667 0.098667 0.13
2 0.256 0.849667 0.064 0.056667
2 0.18833299999999997 0.896667 0.075333 0.101333
2 0.267 0.926667 0.083333 0.072
2 0.086333 0.911 0.082 0.084667
0 0.781333 0.895333 0.221333 0.202667
0 0.809333 0.433 0.061333 0.044667
0 0.8586670000000001 0.461 0.062667 0.051333
0 0.9143330000000001 0.059667 0.17 0.116667
2 0.05166700000000002 0.829 0.103333 0.123333
2 0.5736669999999999 0.954667 0.120667 0.090667
0 0.802667 0.547333 0.249333 0.193333
0 0.938667 0.661333 0.102667 0.152
0 0.756333 0.676333 0.198 0.156667
0 0.796667 0.760333 0.153333 0.092667
