2 0.102333 0.866667 0.087333 0.085333
2 0.114333 0.773667 0.111333 0.112667
2 0.06 0.7256670000000001 0.094667 0.086
2 0.125333 0.6763330000000001 0.077333 0.068667
2 0.201667 0.802667 0.094 0.070667
2 0.215667 0.717333 0.122 0.110667
2 0.208 0.6146670000000001 0.070667 0.061333
2 0.051 0.646 0.054 0.04
2 0.073333 0.575 0.124 0.107333
2 0.085 0.48666699999999996 0.108667 0.069333
2 0.067333 0.388667 0.130667 0.132
2 0.041333 0.29800000000000004 0.070667 0.074667
1 0.177 0.511 0.086 0.082
2 0.188 0.42000000000000004 0.169333 0.097333
2 0.250333 0.43899999999999995 0.047333 0.051333
2 0.111667 0.24933300000000003 0.078 0.089333
2 0.094 0.170667 0.057333 0.065333
2 0.08 0.05933299999999997 0.096 0.118667
2 0.171 0.07566700000000004 0.086 0.099333
2 0.181667 0.17800000000000005 0.131333 0.104
2 0.197333 0.266 0.097333 0.08
2 0.208667 0.337333 0.1 0.062667
2 0.248 0.538333 0.098667 0.122
2 0.324 0.5433330000000001 0.077333 0.098667
2 0.28 0.6226670000000001 0.070667 0.061333
2 0.393333 0.497 0.1 0.082
2 0.509333 0.465333 0.073333 0.065333
2 0.593667 0.491 0.05 0.047333
2 0.667667 0.527667 0.087333 0.095333
2 0.745667 0.543667 0.051333 0.05
2 0.906 0.503 0.092 0.079333
2 0.935 0.42700000000000005 0.106 0.080667
2 0.935333 0.339333 0.128 0.136
2 0.846667 0.41533299999999995 0.037333 0.032
2 0.856667 0.322333 0.06 0.074
2 0.797667 0.303667 0.05 0.044667
2 0.294333 0.22499999999999998 0.09 0.092667
2 0.329 0.14233300000000004 0.059333 0.052667
2 0.374 0.07033299999999998 0.1 0.080667
2 0.304 0.03633299999999995 0.088 0.072667
2 0.390667 0.16733299999999995 0.086667 0.097333
2 0.375 0.26033300000000004 0.118 0.080667
2 0.365 0.337333 0.074 0.073333
2 0.428 0.342333 0.064 0.07
2 0.449 0.11266699999999996 0.063333 0.06
2 0.482333 0.17233299999999996 0.094 0.087333
2 0.561 0.17766700000000002 0.084667 0.107333
2 0.616667 0.09699999999999998 0.068 0.054
1 0.570333 0.04633299999999996 0.075333 0.092667
2 0.519 0.295667 0.151333 0.126
2 0.504333 0.384 0.080667 0.084
2 0.580333 0.403 0.112667 0.112667
2 0.676667 0.42500000000000004 0.105333 0.120667
2 0.682667 0.333333 0.133333 0.096
2 0.651 0.228333 0.115333 0.119333
2 0.678667 0.14100000000000001 0.093333 0.078
2 0.712333 0.087333 0.074 0.06
2 0.805 0.101333 0.154 0.129333
2 0.856 0.042332999999999954 0.053333 0.05
2 0.744333 0.21799999999999997 0.084667 0.101333
2 0.756 0.44999999999999996 0.069333 0.073333
2 0.771333 0.37 0.092 0.092
2 0.831 0.21366700000000005 0.108667 0.120667
2 0.917667 0.21599999999999997 0.112667 0.097333
2 0.946 0.14300000000000002 0.1 0.079333
2 0.936333 0.06866700000000003 0.086 0.074667
2 0.243667 0.936667 0.083333 0.1
2 0.322 0.949 0.062667 0.080667
2 0.378333 0.971 0.047333 0.043333
2 0.264667 0.852 0.101333 0.092
2 0.359333 0.786667 0.096 0.105333
1 0.350333 0.883667 0.072667 0.083333
2 0.432333 0.8200000000000001 0.086 0.105333
2 0.436 0.928 0.112 0.106667
2 0.542 0.952667 0.105333 0.090667
2 0.494333 0.851333 0.076667 0.114667
2 0.562 0.864667 0.062667 0.105333
2 0.717 0.924667 0.116667 0.098667
2 0.616667 0.916333 0.068 0.048667
2 0.615 0.857667 0.064667 0.072667
2 0.670667 0.8160000000000001 0.126667 0.113333
2 0.647 0.738667 0.082 0.068
2 0.567 0.732 0.083333 0.096
2 0.497 0.7006669999999999 0.062 0.050667
2 0.336667 0.6603330000000001 0.064 0.088667
2 0.419333 0.675667 0.096 0.086
2 0.379667 0.577 0.052667 0.055333
2 0.437 0.584667 0.084667 0.093333
2 0.472 0.527 0.045333 0.039333
2 0.476333 0.623667 0.079333 0.118
2 0.524667 0.638667 0.052 0.070667
2 0.547 0.548667 0.095333 0.096
2 0.592333 0.603 0.083333 0.087333
2 0.618333 0.659 0.083333 0.086
2 0.694667 0.679333 0.102667 0.126667
2 0.797 0.8466670000000001 0.082 0.081333
1 0.790667 0.713333 0.1 0.074667
2 0.819 0.581 0.087333 0.111333
2 0.885 0.587333 0.044667 0.037333
1 0.851 0.6603330000000001 0.079333 0.052667
2 0.861 0.916 0.043333 0.041333
2 0.946667 0.877667 0.070667 0.059333
2 0.855333 0.821667 0.101333 0.075333
2 0.873333 0.738333 0.098667 0.086
2 0.951 0.757333 0.071333 0.064
2 0.933333 0.599333 0.065333 0.069333
0 0.847667 0.513667 0.031333 0.039333
0 0.937 0.821 0.064667 0.078
0 0.813333 0.889667 0.044 0.063333
0 0.763667 0.631 0.086 0.09
0 0.730333 0.776667 0.055333 0.069333
0 0.802 0.480333 0.049333 0.058
0 0.480667 0.766667 0.076 0.084
0 0.421333 0.41400000000000003 0.093333 0.088
0 0.327 0.7110000000000001 0.044667 0.048667
0 0.047333 0.822333 0.036 0.056667
0 0.022333 0.09199999999999997 0.027333 0.032
2 0.959333 0.536 0.081333 0.088
2 0.959333 0.621667 0.081333 0.108667
2 0.623333 0.964333 0.08 0.068667
2 0.031667 0.9103330000000001 0.062 0.067333
2 0.483 0.05933299999999997 0.102 0.118667
