2 0.052667 0.078333 0.037333 0.042
2 0.129 0.052667 0.112667 0.096
2 0.494333 0.074 0.087333 0.084
2 0.478 0.154 0.065333 0.062667
3 0.431333 0.037667 0.057333 0.074
3 0.393 0.055667 0.051333 0.047333
2 0.317 0.047667 0.115333 0.094
2 0.220333 0.055333 0.075333 0.076
2 0.314333 0.126 0.147333 0.096
2 0.197333 0.122667 0.093333 0.08
2 0.1 0.128333 0.114667 0.078
2 0.178667 0.197667 0.066667 0.063333
2 0.079333 0.205333 0.101333 0.078667
2 0.066667 0.282333 0.090667 0.094
2 0.162333 0.276 0.120667 0.134667
2 0.267667 0.282333 0.083333 0.086
2 0.295667 0.207333 0.123333 0.110667
2 0.395333 0.171 0.072 0.083333
2 0.595333 0.070667 0.094667 0.076
2 0.577667 0.159333 0.112667 0.126667
2 0.575 0.245 0.051333 0.047333
2 0.471333 0.222667 0.130667 0.094667
2 0.420333 0.299 0.124667 0.124667
2 0.699333 0.083 0.044 0.043333
2 0.686667 0.157333 0.105333 0.130667
2 0.779333 0.115 0.098667 0.135333
2 0.869 0.071667 0.080667 0.120667
2 0.946667 0.094667 0.074667 0.136
3 0.903 0.173333 0.043333 0.048
2 0.842333 0.165 0.07 0.084667
2 0.874333 0.252333 0.114 0.118
2 0.964667 0.237 0.066667 0.076667
2 0.759333 0.209333 0.102667 0.096
2 0.643 0.249 0.084667 0.067333
2 0.720667 0.280333 0.093333 0.087333
2 0.614333 0.333 0.080667 0.120667
2 0.523333 0.31 0.098667 0.105333
2 0.233 0.363333 0.083333 0.070667
2 0.319667 0.321667 0.079333 0.082
2 0.099333 0.383667 0.130667 0.103333
2 0.082 0.490667 0.14 0.133333
1 0.231333 0.427 0.174667 0.122
2 0.377333 0.459333 0.072 0.073333
2 0.413667 0.400333 0.112667 0.106
2 0.471667 0.470333 0.078 0.082
2 0.439333 0.542 0.069333 0.064
2 0.368 0.520667 0.070667 0.068
2 0.286333 0.522333 0.09 0.15
3 0.338333 0.588 0.060667 0.064
2 0.417333 0.636667 0.102667 0.125333
2 0.395333 0.721333 0.102667 0.1
2 0.310333 0.668 0.091333 0.134667
2 0.231 0.64 0.083333 0.085333
3 0.067333 0.595667 0.069333 0.074
2 0.144333 0.611667 0.11 0.116667
2 0.212667 0.694 0.076 0.057333
2 0.129333 0.683667 0.076 0.063333
2 0.089 0.77 0.084667 0.094667
2 0.186333 0.785 0.112667 0.147333
2 0.279333 0.752333 0.068 0.076667
2 0.068 0.863 0.132 0.147333
2 0.244333 0.855333 0.146 0.126667
2 0.145667 0.958667 0.051333 0.082667
2 0.221 0.949333 0.087333 0.066667
2 0.332667 0.918 0.116 0.096
2 0.377667 0.834667 0.120667 0.165333
2 0.501333 0.798333 0.096 0.082
2 0.464 0.881667 0.106667 0.104667
2 0.552667 0.850333 0.062667 0.060667
2 0.547333 0.921 0.078667 0.083333
3 0.62 0.93 0.028 0.029333
2 0.640333 0.857333 0.087333 0.116
2 0.707667 0.912667 0.060667 0.069333
1 0.797 0.919 0.135333 0.151333
2 0.676667 0.790667 0.062667 0.066667
2 0.716667 0.832333 0.048 0.05
2 0.764 0.785 0.093333 0.083333
2 0.829 0.843667 0.084667 0.083333
2 0.895333 0.927333 0.074667 0.101333
2 0.963333 0.932333 0.066667 0.099333
2 0.914667 0.834667 0.089333 0.098667
2 0.973 0.807333 0.052667 0.069333
2 0.863333 0.751 0.105333 0.095333
2 0.802667 0.704 0.090667 0.093333
2 0.712333 0.700667 0.120667 0.102667
2 0.858667 0.656 0.098667 0.1
2 0.963 0.679 0.074 0.087333
2 0.956 0.587667 0.088 0.094
2 0.876333 0.569 0.048667 0.054
2 0.820667 0.556333 0.068 0.084667
2 0.741667 0.597 0.102 0.104667
2 0.528333 0.723333 0.155333 0.137333
2 0.615333 0.699 0.070667 0.067333
1 0.627 0.624 0.122 0.092
2 0.65 0.539667 0.096 0.115333
2 0.545 0.553333 0.119333 0.105333
2 0.498 0.617667 0.072 0.095333
2 0.569667 0.473333 0.076667 0.052
2 0.587333 0.424 0.065333 0.058667
2 0.519333 0.395 0.098667 0.086
1 0.753333 0.497333 0.097333 0.097333
2 0.668 0.431667 0.090667 0.082
3 0.869 0.325333 0.047333 0.064
2 0.798667 0.331 0.098667 0.119333
1 0.697333 0.349 0.106667 0.083333
2 0.760333 0.416333 0.106 0.09
2 0.88 0.392667 0.133333 0.088
2 0.834667 0.481 0.096 0.108667
2 0.923 0.461333 0.111333 0.130667
0 0.616667 0.755667 0.029333 0.035333
2 0.675667 0.964667 0.132667 0.070667
3 0.971667 0.747 0.056667 0.059333
