2 0.6226670000000001 0.839 0.124 0.154
2 0.7196670000000001 0.857667 0.082 0.080667
2 0.742667 0.803 0.077333 0.056667
2 0.752333 0.735667 0.091333 0.083333
2 0.656667 0.691667 0.141333 0.140667
2 0.687667 0.609667 0.076667 0.062
2 0.761667 0.646333 0.084667 0.086
2 0.767667 0.573667 0.047333 0.046
2 0.7 0.53 0.101333 0.077333
2 0.7150000000000001 0.456333 0.088667 0.068667
2 0.8029999999999999 0.490333 0.09 0.087333
2 0.751 0.373667 0.124667 0.112667
2 0.788667 0.263667 0.158667 0.115333
2 0.837333 0.171 0.130667 0.115333
2 0.852333 0.080333 0.114 0.084667
2 0.921333 0.136 0.06 0.070667
2 0.939333 0.076667 0.068 0.068
2 0.948667 0.268667 0.098667 0.094667
1 0.899 0.430667 0.059333 0.065333
2 0.857333 0.334667 0.073333 0.088
2 0.9123330000000001 0.349333 0.080667 0.105333
2 0.8396669999999999 0.421333 0.080667 0.094667
2 0.848 0.585333 0.102667 0.108
2 0.91 0.545 0.114667 0.122
2 0.956333 0.468333 0.086 0.112667
2 0.837 0.913333 0.15 0.141333
2 0.815667 0.806333 0.076667 0.072667
2 0.879667 0.721 0.120667 0.143333
2 0.942 0.866667 0.076 0.085333
2 0.963333 0.754667 0.072 0.128
0 0.351333 0.683333 0.078667 0.06
0 0.161667 0.797667 0.074 0.094
0 0.318333 0.542667 0.047333 0.049333
0 0.216333 0.031 0.068667 0.060667
0 0.07433299999999998 0.055333 0.064667 0.061333
0 0.13833300000000004 0.148333 0.055333 0.040667
0 0.10366699999999995 0.214 0.136667 0.098667
0 0.19399999999999995 0.308333 0.16 0.187333
0 0.06133299999999997 0.324667 0.101333 0.122667
0 0.10399999999999998 0.441 0.132 0.120667
0 0.499333 0.030667 0.048 0.044
2 0.580667 0.954333 0.124 0.091333
2 0.935667 0.952333 0.088667 0.095333
2 0.954667 0.169667 0.089333 0.098
