1 0.044332999999999956 0.143667 0.062 0.082
2 0.10266699999999995 0.15500000000000003 0.070667 0.080667
2 0.09099999999999997 0.06366700000000003 0.091333 0.111333
1 0.15900000000000003 0.097333 0.055333 0.068
1 0.161667 0.035667000000000004 0.05 0.047333
2 0.217333 0.086333 0.077333 0.076667
1 0.19166700000000003 0.18266700000000002 0.082 0.1
1 0.27233300000000005 0.19699999999999995 0.082 0.116667
2 0.340333 0.221333 0.071333 0.098667
2 0.342333 0.13566699999999998 0.091333 0.083333
1 0.348333 0.06333299999999997 0.079333 0.074667
1 0.399 0.22266699999999995 0.05 0.073333
1 0.451333 0.24533300000000002 0.068 0.1
1 0.49666699999999997 0.251667 0.036 0.071333
2 0.545667 0.25933300000000004 0.076667 0.089333
1 0.566667 0.17333299999999996 0.118667 0.1
1 0.47266699999999995 0.14800000000000002 0.094667 0.1
1 0.40900000000000003 0.158667 0.052667 0.065333
1 0.42633299999999996 0.100333 0.048667 0.040667
2 0.421667 0.035667000000000004 0.078 0.060667
2 0.5 0.06633299999999998 0.078667 0.080667
2 0.602 0.07533299999999998 0.108 0.106667
2 0.795667 0.39 0.11 0.097333
2 0.893 0.42333299999999996 0.11 0.105333
2 0.930667 0.341333 0.076 0.077333
2 0.87 0.32599999999999996 0.094667 0.08
1 0.786 0.314333 0.093333 0.082
2 0.787 0.22399999999999998 0.122 0.101333
1 0.893333 0.249 0.098667 0.074
2 0.960333 0.26433300000000004 0.072667 0.074
1 0.888667 0.16700000000000004 0.098667 0.087333
1 0.962667 0.19599999999999995 0.070667 0.070667
1 0.9319999999999999 0.09266700000000005 0.106667 0.105333
2 0.832667 0.10399999999999998 0.061333 0.064
0 0.13733300000000004 0.6659999999999999 0.036 0.038667
0 0.11699999999999999 0.981667 0.036667 0.034
0 0.289667 0.45099999999999996 0.034 0.038
2 0.938 0.027666999999999997 0.105333 0.054
2 0.968 0.45399999999999996 0.062667 0.116
2 0.023666999999999994 0.059667000000000026 0.047333 0.062
