3 0.958333 0.124667 0.076667 0.068
3 0.946667 0.069667 0.030667 0.042
3 0.898667 0.063667 0.076 0.095333
3 0.798 0.037333 0.061333 0.065333
3 0.8240000000000001 0.114 0.102667 0.1
3 0.7050000000000001 0.059333 0.055333 0.068
3 0.925 0.227 0.046 0.044667
3 0.8526670000000001 0.242 0.045333 0.04
2 0.972333 0.365667 0.040667 0.032667
2 0.956333 0.379333 0.039333 0.030667
2 0.966 0.420667 0.044 0.042667
3 0.915333 0.398333 0.034667 0.038
2 0.887333 0.323333 0.04 0.054667
3 0.8376669999999999 0.341667 0.046 0.048667
3 0.780667 0.289667 0.073333 0.084667
3 0.7256670000000001 0.258 0.042 0.054667
3 0.6803330000000001 0.248667 0.043333 0.066667
3 0.749667 0.196333 0.048667 0.044667
3 0.684667 0.161 0.054667 0.076667
3 0.5800000000000001 0.045667 0.058667 0.076667
3 0.611 0.113 0.104667 0.114
3 0.5083329999999999 0.147667 0.031333 0.03
2 0.536667 0.123333 0.025333 0.042667
2 0.619333 0.207333 0.096 0.092
2 0.55 0.297667 0.032 0.03
2 0.47766699999999995 0.308667 0.087333 0.086667
2 0.529667 0.217 0.091333 0.096667
2 0.43533299999999997 0.238667 0.097333 0.112
2 0.41733299999999995 0.163333 0.08 0.070667
3 0.45066700000000004 0.106 0.053333 0.064
3 0.393 0.054333 0.092667 0.083333
2 0.25833300000000003 0.025333 0.048667 0.044
2 0.34666699999999995 0.125333 0.092 0.105333
2 0.245 0.101333 0.088667 0.104
2 0.14533300000000005 0.053333 0.094667 0.102667
2 0.07399999999999995 0.086667 0.064 0.058667
2 0.03533299999999995 0.154667 0.066667 0.072
2 0.10366699999999995 0.157333 0.078 0.086667
2 0.18400000000000005 0.144333 0.086667 0.11
2 0.219333 0.223333 0.057333 0.057333
2 0.29733299999999996 0.244667 0.093333 0.130667
2 0.24066699999999996 0.275 0.036 0.051333
3 0.16733299999999995 0.331 0.082667 0.078
2 0.07833299999999999 0.296333 0.047333 0.05
3 0.11033300000000001 0.378 0.094 0.1
2 0.21366700000000005 0.42 0.054 0.074667
3 0.14033300000000004 0.461333 0.040667 0.038667
2 0.300667 0.470667 0.030667 0.029333
2 0.25133300000000003 0.565667 0.057333 0.055333
2 0.28133300000000006 0.634333 0.044 0.038
2 0.086333 0.552333 0.048667 0.046
2 0.09366699999999994 0.603667 0.047333 0.051333
2 0.09666699999999995 0.647667 0.064 0.042
3 0.031667 0.671333 0.051333 0.056
2 0.10699999999999998 0.717 0.11 0.086
2 0.14633300000000005 0.778333 0.088667 0.058
3 0.21499999999999997 0.721 0.048667 0.05
3 0.24433300000000002 0.805 0.076667 0.087333
2 0.092333 0.845 0.124667 0.124667
2 0.10766699999999996 0.942 0.122 0.105333
2 0.7376670000000001 0.348333 0.09 0.087333
2 0.746 0.421 0.098667 0.083333
2 0.653667 0.341333 0.086 0.093333
2 0.665333 0.434333 0.073333 0.071333
2 0.574333 0.372667 0.060667 0.058667
2 0.5 0.393333 0.037333 0.036
2 0.440333 0.435 0.104667 0.094
3 0.355333 0.458667 0.065333 0.074667
2 0.381667 0.538333 0.084667 0.082
3 0.402 0.604667 0.089333 0.064
2 0.461333 0.515 0.070667 0.064667
3 0.481333 0.573333 0.058667 0.057333
2 0.5449999999999999 0.537333 0.080667 0.073333
2 0.5680000000000001 0.604 0.093333 0.070667
2 0.507667 0.647 0.106 0.082
2 0.42633299999999996 0.668 0.059333 0.070667
2 0.371333 0.687333 0.058667 0.070667
2 0.391667 0.770333 0.104667 0.09
2 0.46399999999999997 0.804667 0.090667 0.089333
2 0.550667 0.777 0.077333 0.078
2 0.5283329999999999 0.702333 0.080667 0.054
3 0.593 0.668333 0.051333 0.05
2 0.632 0.522 0.093333 0.104
2 0.730667 0.530667 0.098667 0.1
3 0.661667 0.604667 0.078 0.064
3 0.85 0.517 0.06 0.052667
2 0.743 0.623667 0.084667 0.083333
2 0.822667 0.638333 0.072 0.079333
2 0.832 0.710667 0.037333 0.029333
3 0.769333 0.712333 0.054667 0.054
2 0.7 0.743333 0.068 0.077333
2 0.618 0.738667 0.052 0.045333
2 0.571333 0.858333 0.072 0.084667
2 0.639667 0.81 0.083333 0.088
2 0.922 0.731 0.098667 0.094
2 0.948667 0.818 0.078667 0.065333
3 0.854333 0.783 0.084667 0.059333
2 0.7853330000000001 0.818333 0.064 0.060667
2 0.880333 0.868333 0.087333 0.075333
2 0.751333 0.903333 0.098667 0.105333
2 0.853667 0.951667 0.083333 0.086
2 0.5263329999999999 0.460333 0.063333 0.055333
0 0.18666700000000003 0.889 0.06 0.07
0 0.267667 0.921667 0.046 0.040667
0 0.26033300000000004 0.963333 0.035333 0.036
0 0.518667 0.951 0.038667 0.038
0 0.6663330000000001 0.894 0.079333 0.061333
0 0.594333 0.913667 0.043333 0.043333
0 0.675333 0.952 0.056 0.048
0 0.788667 0.770667 0.044 0.033333
0 0.639 0.673667 0.038 0.035333
0 0.128 0.595333 0.028 0.034667
0 0.852333 0.281333 0.052667 0.034667
0 0.568333 0.328667 0.048667 0.041333
0 0.447333 0.37 0.057333 0.041333
0 0.407667 0.311667 0.027333 0.031333
0 0.367333 0.265333 0.046667 0.046667
0 0.16733299999999995 0.263 0.036 0.032667
0 0.10933300000000001 0.248333 0.041333 0.035333
0 0.03866700000000001 0.196667 0.065333 0.074667
0 0.511333 0.075667 0.042667 0.068667
0 0.935667 0.181 0.042 0.038
0 0.765333 0.098 0.052 0.049333
2 0.984 0.198 0.029333 0.053333
2 0.45699999999999996 0.969667 0.091333 0.059333
