3 0.044667 0.111333 0.062667 0.061333
2 0.137 0.084333 0.075333 0.084667
2 0.246667 0.016333 0.038667 0.028667
2 0.236 0.051667 0.068 0.044667
2 0.317333 0.067 0.044 0.047333
2 0.217 0.111667 0.082 0.088667
3 0.113333 0.176667 0.102667 0.092
2 0.288333 0.136667 0.044667 0.030667
2 0.293 0.19 0.09 0.076
2 0.371667 0.225333 0.060667 0.066667
2 0.41 0.291333 0.034667 0.029333
2 0.346 0.301 0.06 0.048667
3 0.273 0.267 0.075333 0.063333
2 0.189667 0.247667 0.083333 0.078
3 0.022 0.249667 0.037333 0.046
2 0.085333 0.263 0.094667 0.080667
2 0.162667 0.315667 0.057333 0.042
2 0.152667 0.386667 0.037333 0.030667
3 0.232667 0.385667 0.105333 0.082
2 0.258333 0.323 0.076667 0.048667
3 0.321333 0.352333 0.069333 0.074
3 0.383333 0.383 0.065333 0.062
2 0.428 0.403333 0.026667 0.030667
2 0.302667 0.424667 0.070667 0.057333
2 0.043667 0.388333 0.075333 0.054
2 0.053333 0.449333 0.038667 0.033333
2 0.086 0.536667 0.14 0.092
2 0.060667 0.638667 0.1 0.096
2 0.134 0.613333 0.058667 0.065333
2 0.198 0.524 0.072 0.053333
2 0.211 0.467333 0.092667 0.069333
2 0.292333 0.496333 0.078 0.083333
3 0.341667 0.499667 0.040667 0.046
2 0.297 0.585667 0.087333 0.082
2 0.191667 0.613333 0.051333 0.062667
2 0.251333 0.628333 0.068 0.058
2 0.242 0.699 0.098667 0.072667
2 0.160333 0.684667 0.086 0.065333
2 0.102 0.804667 0.056 0.056
2 0.195667 0.804667 0.112667 0.102667
1 0.254333 0.836333 0.051333 0.055333
2 0.180667 0.898 0.065333 0.065333
2 0.082 0.952333 0.096 0.095333
1 0.257 0.920667 0.084667 0.068
1 0.330333 0.94 0.051333 0.052
1 0.384 0.970333 0.066667 0.048667
2 0.341 0.872667 0.111333 0.122667
2 0.412667 0.902667 0.098667 0.096
3 0.562667 0.878 0.06 0.066667
2 0.595333 0.933 0.092 0.082
2 0.671 0.928667 0.056667 0.068
2 0.377667 0.749 0.087333 0.099333
2 0.478667 0.731667 0.058667 0.051333
2 0.441 0.805333 0.080667 0.090667
2 0.514 0.815667 0.062667 0.055333
3 0.534667 0.757333 0.06 0.072
2 0.593 0.781 0.059333 0.083333
2 0.647 0.817667 0.084667 0.120667
3 0.695667 0.860667 0.048667 0.073333
2 0.766 0.885667 0.084 0.084667
3 0.827 0.877 0.047333 0.044667
2 0.766 0.815667 0.058667 0.052667
2 0.882 0.836 0.081333 0.062667
3 0.813 0.958667 0.088667 0.074667
3 0.924667 0.918 0.066667 0.070667
3 0.966333 0.955 0.067333 0.064667
2 0.93 0.754 0.092 0.070667
3 0.960667 0.690667 0.069333 0.072
2 0.35 0.632333 0.073333 0.066
2 0.425667 0.620333 0.063333 0.048667
2 0.463333 0.666333 0.074667 0.068667
2 0.491 0.584667 0.032667 0.032
2 0.552667 0.634333 0.090667 0.082
2 0.622333 0.654 0.062 0.073333
2 0.674333 0.699 0.075333 0.091333
2 0.737667 0.725333 0.079333 0.066667
2 0.804333 0.747 0.059333 0.11
2 0.846667 0.764333 0.025333 0.058
2 0.858667 0.704667 0.034667 0.041333
2 0.887 0.642 0.044667 0.033333
2 0.827667 0.619 0.043333 0.040667
3 0.755667 0.631333 0.071333 0.068
3 0.690333 0.625333 0.059333 0.044
2 0.705667 0.562667 0.062 0.072
3 0.647333 0.573333 0.068 0.068
2 0.667667 0.069333 0.05 0.065333
2 0.795667 0.047 0.023333 0.020667
3 0.712333 0.102 0.043333 0.064
2 0.772667 0.095333 0.069333 0.070667
2 0.827 0.120333 0.044667 0.043333
2 0.9 0.147667 0.073333 0.072667
2 0.820667 0.198333 0.070667 0.062
3 0.943667 0.262 0.075333 0.073333
3 0.858333 0.273333 0.043333 0.04
2 0.787 0.28 0.058 0.062667
2 0.707667 0.254667 0.094 0.1
3 0.927 0.343333 0.075333 0.066667
2 0.898667 0.413333 0.062667 0.062667
2 0.973 0.444 0.042 0.04
2 0.754 0.349667 0.068 0.062
2 0.703667 0.371333 0.055333 0.056
3 0.740333 0.410333 0.064667 0.047333
2 0.740333 0.461 0.087333 0.048667
2 0.816667 0.425333 0.070667 0.064
2 0.871 0.49 0.056667 0.045333
3 0.940333 0.548 0.074 0.065333
2 0.853667 0.554667 0.075333 0.077333
2 0.787333 0.506667 0.073333 0.070667
2 0.383333 0.539333 0.073333 0.069333
2 0.409 0.477 0.022 0.022
2 0.468667 0.483667 0.069333 0.058
2 0.452333 0.558 0.078 0.081333
2 0.513333 0.534333 0.044 0.043333
2 0.582 0.540667 0.073333 0.061333
2 0.615333 0.475333 0.073333 0.066667
2 0.644333 0.41 0.074 0.074667
2 0.566 0.399667 0.066667 0.059333
2 0.512 0.417667 0.072 0.076667
3 0.513667 0.344333 0.051333 0.054
2 0.542333 0.476 0.075333 0.070667
2 0.644667 0.124667 0.037333 0.045333
2 0.684 0.167667 0.053333 0.062
2 0.628333 0.186 0.055333 0.062667
2 0.61 0.247667 0.068 0.063333
2 0.596667 0.33 0.058667 0.062667
3 0.534667 0.289333 0.078667 0.061333
3 0.475667 0.261667 0.05 0.055333
2 0.496667 0.213667 0.022667 0.026
2 0.553 0.241333 0.046 0.037333
2 0.572 0.192667 0.068 0.068
2 0.592333 0.084333 0.088667 0.123333
2 0.516667 0.072 0.06 0.057333
3 0.459667 0.069667 0.059333 0.05
2 0.458 0.112667 0.033333 0.030667
2 0.508333 0.152333 0.071333 0.076667
3 0.439333 0.169667 0.069333 0.075333
2 0.392333 0.113 0.091333 0.116667
0 0.487333 0.859667 0.041333 0.05
0 0.530333 0.912 0.040667 0.029333
0 0.881 0.898 0.035333 0.038667
0 0.063 0.884667 0.048667 0.041333
0 0.576333 0.722667 0.059333 0.066667
0 0.311667 0.77 0.062 0.048
0 0.257667 0.735667 0.051333 0.059333
0 0.342667 0.689667 0.06 0.044667
0 0.820667 0.67 0.056 0.054667
0 0.170333 0.736667 0.044667 0.033333
0 0.135333 0.432667 0.046667 0.04
0 0.373667 0.462333 0.026 0.03
0 0.977667 0.321 0.032667 0.032667
0 0.657 0.335 0.035333 0.032667
0 0.464667 0.341667 0.046667 0.043333
0 0.754667 0.157333 0.052 0.053333
0 0.577667 0.028333 0.044667 0.035333
2 0.464667 0.969 0.089333 0.062
2 0.165333 0.962333 0.086667 0.075333
2 0.035667 0.752667 0.07 0.082667
2 0.056333 0.028333 0.099333 0.055333
2 0.737333 0.032667 0.093333 0.064
2 0.864 0.045 0.105333 0.088667
2 0.952 0.062 0.096 0.122667
2 0.967667 0.179 0.064667 0.091333
