2 0.957 0.104 0.046 0.037333
2 0.926667 0.359 0.101333 0.091333
3 0.875333 0.418333 0.081333 0.079333
2 0.815 0.382 0.083333 0.104
2 0.869667 0.212333 0.092667 0.084667
2 0.855 0.136333 0.042 0.054
2 0.812333 0.162667 0.05 0.073333
3 0.673 0.075667 0.05 0.055333
2 0.862 0.275667 0.056 0.047333
2 0.781667 0.278333 0.058 0.055333
2 0.747333 0.220667 0.098667 0.129333
2 0.726 0.132 0.146667 0.104
2 0.660667 0.23 0.072 0.072
2 0.739333 0.344333 0.098667 0.120667
3 0.6739999999999999 0.389667 0.042667 0.05
2 0.642 0.316667 0.093333 0.098667
2 0.598 0.066 0.038667 0.044
2 0.583 0.134667 0.060667 0.054667
2 0.588667 0.184667 0.064 0.062667
2 0.522 0.108333 0.066667 0.068667
2 0.45466700000000004 0.144667 0.101333 0.106667
3 0.350333 0.052 0.031333 0.036
2 0.35466699999999995 0.134667 0.106667 0.142667
2 0.22099999999999997 0.114667 0.056667 0.046667
3 0.32599999999999996 0.218 0.028 0.032
2 0.28833299999999995 0.229333 0.042 0.042667
2 0.26633300000000004 0.273333 0.03 0.032
3 0.18766700000000003 0.258333 0.087333 0.076667
3 0.11633300000000002 0.233667 0.052667 0.048667
3 0.126 0.146667 0.074667 0.074667
3 0.13433300000000004 0.082667 0.072667 0.066667
2 0.07233299999999998 0.072333 0.046 0.051333
2 0.049000000000000044 0.207667 0.051333 0.052667
2 0.05233299999999996 0.291667 0.078 0.071333
2 0.07866700000000004 0.378667 0.072 0.058667
2 0.07833299999999999 0.416667 0.020667 0.018667
3 0.12866699999999998 0.328667 0.061333 0.056
2 0.21599999999999997 0.333333 0.066667 0.065333
3 0.21766700000000005 0.391 0.036667 0.039333
2 0.16500000000000004 0.413333 0.072667 0.069333
3 0.258 0.362667 0.033333 0.032
2 0.29600000000000004 0.373667 0.032 0.031333
3 0.251667 0.439 0.038 0.038
2 0.562333 0.368 0.080667 0.096
2 0.5609999999999999 0.273667 0.083333 0.104667
2 0.47466699999999995 0.258333 0.094667 0.102
2 0.468333 0.344333 0.084667 0.09
2 0.388667 0.260667 0.074667 0.102667
3 0.568333 0.461 0.043333 0.046
3 0.529 0.454333 0.022 0.020667
2 0.463333 0.436 0.038667 0.04
2 0.42300000000000004 0.487667 0.052667 0.051333
2 0.39133300000000004 0.556 0.030667 0.036
3 0.31266700000000003 0.526333 0.06 0.059333
3 0.349 0.46 0.062 0.068
3 0.34866699999999995 0.384 0.062667 0.072
2 0.299667 0.435 0.042 0.046
2 0.25233300000000003 0.505667 0.039333 0.040667
2 0.162667 0.471 0.032 0.023333
2 0.170667 0.494333 0.030667 0.023333
2 0.049000000000000044 0.501667 0.048667 0.048667
2 0.14 0.606667 0.074667 0.065333
2 0.091333 0.573 0.094667 0.083333
3 0.05366700000000002 0.661667 0.072667 0.058
3 0.08133299999999999 0.740333 0.069333 0.062
2 0.11533300000000002 0.822333 0.065333 0.071333
3 0.040000000000000036 0.805333 0.08 0.089333
3 0.15933299999999995 0.862333 0.050667 0.043333
3 0.19333299999999998 0.841 0.032 0.032667
2 0.18766700000000003 0.548667 0.048667 0.048
2 0.32466700000000004 0.597 0.058667 0.046
2 0.242 0.577333 0.093333 0.094667
2 0.209333 0.631333 0.049333 0.044
3 0.18999999999999995 0.668 0.056 0.037333
2 0.19066700000000003 0.716 0.098667 0.072
2 0.13133300000000003 0.688667 0.030667 0.029333
3 0.145667 0.757667 0.055333 0.055333
3 0.224333 0.784 0.086 0.089333
3 0.27733300000000005 0.809 0.08 0.096667
2 0.232333 0.890333 0.082 0.079333
2 0.30833299999999997 0.895333 0.084667 0.102667
2 0.28800000000000003 0.723 0.037333 0.042
3 0.30300000000000005 0.657667 0.056667 0.075333
2 0.385667 0.616 0.044667 0.041333
2 0.373333 0.681667 0.066667 0.084667
2 0.347 0.755667 0.083333 0.079333
2 0.394 0.849333 0.108 0.102667
2 0.419667 0.937 0.11 0.114
3 0.43233299999999997 0.784 0.059333 0.053333
2 0.443333 0.721333 0.070667 0.069333
2 0.457333 0.641 0.090667 0.088667
3 0.522 0.664667 0.036 0.036
3 0.504 0.951333 0.072 0.070667
2 0.555667 0.889667 0.079333 0.078
3 0.5203329999999999 0.744333 0.094 0.107333
2 0.469 0.574 0.036667 0.033333
3 0.544667 0.591667 0.042667 0.040667
2 0.5696669999999999 0.529333 0.092667 0.073333
2 0.667 0.552 0.064667 0.069333
3 0.638667 0.515333 0.036 0.034667
3 0.623 0.615333 0.083333 0.085333
2 0.604333 0.695333 0.076667 0.072
2 0.593667 0.765333 0.048667 0.065333
2 0.633 0.915 0.083333 0.082
2 0.572333 0.962667 0.056667 0.04
3 0.651 0.867333 0.063333 0.044
3 0.6599999999999999 0.801333 0.078667 0.078667
3 0.6743330000000001 0.693 0.05 0.043333
3 0.675333 0.732667 0.078667 0.058667
2 0.702333 0.649333 0.05 0.053333
2 0.765667 0.603333 0.062 0.061333
3 0.749 0.527667 0.048667 0.056667
3 0.74 0.436333 0.044 0.043333
3 0.779333 0.470667 0.068 0.073333
2 0.8376669999999999 0.537667 0.092667 0.11
2 0.917 0.569333 0.079333 0.106667
3 0.883 0.65 0.060667 0.06
2 0.8546670000000001 0.714667 0.070667 0.08
3 0.7873330000000001 0.683333 0.061333 0.070667
3 0.769667 0.744667 0.038 0.06
2 0.833 0.789 0.096667 0.087333
2 0.7953330000000001 0.862667 0.056 0.057333
3 0.933667 0.914333 0.074 0.080667
2 0.967 0.838333 0.046 0.044667
3 0.904333 0.792333 0.040667 0.063333
0 0.03700000000000003 0.116667 0.064667 0.057333
0 0.20166700000000004 0.963 0.05 0.048667
0 0.20299999999999996 0.181333 0.080667 0.072
0 0.422667 0.576 0.046667 0.053333
0 0.515 0.513 0.040667 0.043333
0 0.5393330000000001 0.167667 0.038667 0.040667
0 0.569333 0.826 0.046667 0.038667
0 0.686667 0.477 0.036 0.058
0 0.9033329999999999 0.717667 0.033333 0.046
0 0.953 0.641667 0.072667 0.051333
0 0.939333 0.240667 0.036 0.045333
0 0.935333 0.192667 0.036 0.033333
0 0.891 0.108 0.042 0.053333
2 0.023333000000000048 0.552 0.046667 0.062667
2 0.018333000000000044 0.338667 0.036667 0.054667
2 0.27733300000000005 0.04 0.1 0.078667
2 0.523667 0.035333 0.107333 0.069333
2 0.802 0.036333 0.094667 0.071333
2 0.982 0.279 0.034667 0.060667
2 0.978333 0.586 0.042 0.077333
2 0.972667 0.699 0.053333 0.087333
2 0.9 0.951667 0.106667 0.096667
2 0.732667 0.955333 0.108 0.089333
3 0.817333 0.937 0.048 0.05
2 0.353333 0.979333 0.053333 0.037333
2 0.28633299999999995 0.97 0.055333 0.06
