2 0.173 0.031 0.058 0.05
2 0.353 0.047667 0.079333 0.094
2 0.451333 0.050667 0.085333 0.1
2 0.124 0.141 0.113333 0.15
2 0.067667 0.241333 0.131333 0.170667
2 0.035 0.325667 0.068667 0.086
2 0.209 0.176667 0.106 0.173333
2 0.305667 0.153667 0.092667 0.112667
2 0.398 0.207333 0.128 0.182667
2 0.493333 0.177 0.096 0.128667
2 0.606333 0.191333 0.147333 0.121333
2 0.643667 0.298667 0.15 0.133333
2 0.525 0.308667 0.104667 0.12
2 0.607667 0.409333 0.17 0.129333
2 0.636667 0.532667 0.138667 0.145333
2 0.504333 0.486333 0.146 0.211333
1 0.592333 0.631667 0.058 0.051333
2 0.437 0.364667 0.088667 0.098667
2 0.419667 0.488667 0.051333 0.068
2 0.362333 0.451 0.123333 0.174
2 0.340333 0.284 0.098 0.130667
2 0.259667 0.279667 0.079333 0.116667
2 0.186333 0.338 0.11 0.1
2 0.253333 0.415 0.094667 0.118
2 0.162667 0.415667 0.106667 0.099333
2 0.072 0.447667 0.129333 0.144667
2 0.230667 0.547 0.134667 0.136667
1 0.114667 0.613333 0.113333 0.170667
1 0.112333 0.735667 0.154 0.11
2 0.209667 0.663667 0.092667 0.107333
2 0.291667 0.658 0.120667 0.121333
2 0.343333 0.585 0.098667 0.106
2 0.268667 0.762667 0.1 0.1
2 0.172333 0.818333 0.159333 0.15
2 0.150667 0.928 0.144 0.102667
2 0.378333 0.769 0.114 0.143333
1 0.490333 0.777 0.112667 0.152667
2 0.613333 0.771 0.105333 0.122
2 0.573 0.834667 0.060667 0.065333
2 0.552333 0.920333 0.15 0.146
2 0.617667 0.959333 0.087333 0.081333
1 0.272667 0.925 0.102667 0.138
2 0.375 0.944667 0.151333 0.110667
2 0.357 0.834333 0.151333 0.120667
0 0.477333 0.638333 0.164 0.122
0 0.543 0.701667 0.103333 0.087333
0 0.947667 0.909667 0.104667 0.144667
0 0.956333 0.778667 0.083333 0.118667
0 0.973333 0.611667 0.053333 0.107333
0 0.961333 0.311333 0.077333 0.122667
2 0.048333 0.881 0.095333 0.171333
2 0.039 0.604 0.076667 0.104
2 0.088 0.048 0.114667 0.094667
2 0.259333 0.039667 0.110667 0.078
2 0.549667 0.069667 0.118 0.138
2 0.664 0.079333 0.145333 0.157333
