2 0.936333 0.070333 0.087333 0.088667
2 0.853 0.090333 0.084667 0.104667
2 0.926667 0.200667 0.14 0.12
2 0.882 0.386 0.172 0.118667
2 0.8029999999999999 0.207667 0.092667 0.111333
2 0.744 0.099333 0.161333 0.192
2 0.895333 0.511333 0.166667 0.132
2 0.813 0.464 0.094 0.106667
2 0.898333 0.644667 0.094 0.096
2 0.958667 0.737667 0.078667 0.087333
2 0.949 0.889667 0.087333 0.086
2 0.874667 0.841 0.12 0.124667
2 0.867 0.714 0.123333 0.073333
2 0.792 0.894667 0.085333 0.073333
2 0.773333 0.822 0.102667 0.065333
2 0.753333 0.752 0.132 0.089333
2 0.599 0.116 0.118 0.141333
2 0.562 0.208333 0.061333 0.087333
2 0.636 0.253667 0.169333 0.152667
2 0.7046669999999999 0.262333 0.201333 0.118
2 0.730333 0.359667 0.124667 0.095333
2 0.726 0.454333 0.082667 0.082
2 0.624667 0.357667 0.074667 0.063333
2 0.630667 0.447333 0.104 0.098667
1 0.558 0.407667 0.061333 0.078
2 0.723333 0.537 0.097333 0.075333
2 0.636333 0.521 0.079333 0.056667
1 0.552333 0.513333 0.088667 0.092
2 0.603 0.558667 0.043333 0.065333
2 0.681667 0.637 0.186 0.124667
2 0.813667 0.627667 0.080667 0.082
3 0.862 0.760667 0.056 0.036
2 0.642 0.743667 0.081333 0.094
2 0.5776669999999999 0.792667 0.083333 0.1
2 0.595667 0.865333 0.080667 0.065333
2 0.577333 0.921667 0.108 0.075333
2 0.533667 0.690333 0.092667 0.098
2 0.498333 0.794333 0.083333 0.082
2 0.480333 0.875333 0.075333 0.068
2 0.537667 0.588333 0.087333 0.091333
2 0.49266699999999997 0.101333 0.086667 0.076
2 0.43100000000000005 0.071333 0.115333 0.130667
2 0.47166699999999995 0.176333 0.155333 0.095333
2 0.489 0.255 0.082 0.083333
2 0.42133299999999996 0.233333 0.06 0.057333
2 0.41100000000000003 0.312667 0.114 0.106667
1 0.493333 0.365333 0.121333 0.109333
1 0.477333 0.455667 0.133333 0.087333
2 0.46499999999999997 0.514667 0.091333 0.08
2 0.398667 0.426 0.070667 0.069333
2 0.385667 0.559667 0.094 0.104667
1 0.45366700000000004 0.607 0.108667 0.102
2 0.424667 0.672 0.12 0.070667
2 0.426667 0.742333 0.104 0.078
2 0.383 0.817333 0.096667 0.1
2 0.406667 0.918 0.094667 0.090667
2 0.32799999999999996 0.097 0.112 0.115333
2 0.23166699999999996 0.057 0.083333 0.104667
2 0.32666700000000004 0.205667 0.096 0.095333
2 0.304667 0.287 0.104 0.088667
2 0.23066699999999996 0.173 0.104 0.111333
2 0.125 0.150667 0.115333 0.110667
2 0.13566699999999998 0.257667 0.080667 0.083333
2 0.19966700000000004 0.320667 0.111333 0.134667
2 0.049000000000000044 0.243333 0.079333 0.070667
2 0.31000000000000005 0.371667 0.104 0.106
1 0.28433299999999995 0.459 0.066 0.052667
2 0.30600000000000005 0.531333 0.101333 0.094667
2 0.21399999999999997 0.517333 0.098667 0.128
2 0.28633299999999995 0.644667 0.146 0.14
2 0.204333 0.616 0.051333 0.066667
2 0.09899999999999998 0.431333 0.071333 0.053333
2 0.11133300000000002 0.536667 0.132 0.141333
2 0.294667 0.724333 0.065333 0.044667
2 0.287667 0.808333 0.09 0.115333
2 0.28633299999999995 0.916667 0.082 0.088
2 0.21899999999999997 0.875667 0.058 0.063333
2 0.17700000000000005 0.955333 0.142 0.089333
2 0.149667 0.880667 0.080667 0.088
2 0.20499999999999996 0.809 0.078 0.060667
2 0.20599999999999996 0.722333 0.106667 0.107333
2 0.10999999999999999 0.642333 0.106667 0.075333
2 0.08566700000000005 0.709333 0.124667 0.102667
2 0.10866699999999996 0.788667 0.070667 0.070667
0 0.06733299999999998 0.323667 0.072 0.07
0 0.733 0.858333 0.040667 0.039333
2 0.060667000000000026 0.827333 0.121333 0.174667
2 0.32799999999999996 0.019333 0.110667 0.037333
2 0.878333 0.962 0.07 0.076
2 0.02200000000000002 0.951667 0.044 0.064667
