2 0.890667 0.896667 0.069333 0.074667
2 0.768 0.913 0.090667 0.084667
2 0.705333 0.955 0.070667 0.075333
3 0.747 0.849 0.051333 0.046
2 0.7046669999999999 0.8993329999999999 0.030667 0.036
2 0.651 0.927333 0.086 0.086667
2 0.579 0.924667 0.054 0.058667
2 0.611667 0.963333 0.044667 0.033333
2 0.604333 0.848333 0.084667 0.106
2 0.686667 0.836333 0.092 0.107333
2 0.716 0.76 0.053333 0.057333
2 0.5223329999999999 0.920667 0.048667 0.061333
2 0.939333 0.685333 0.036 0.032
3 0.8049999999999999 0.774667 0.122 0.094667
2 0.840333 0.696 0.084667 0.068
2 0.760333 0.6906669999999999 0.083333 0.078667
2 0.893 0.6783330000000001 0.043333 0.048667
2 0.896333 0.6166670000000001 0.099333 0.082667
2 0.802667 0.591333 0.101333 0.125333
3 0.918 0.5473330000000001 0.042667 0.034667
2 0.938333 0.480333 0.042 0.044667
2 0.872667 0.28400000000000003 0.036 0.033333
2 0.806333 0.466333 0.114 0.124667
2 0.748667 0.527333 0.078667 0.061333
2 0.45199999999999996 0.943333 0.097333 0.090667
2 0.474333 0.855667 0.122 0.09
2 0.37066699999999997 0.936667 0.070667 0.098667
2 0.29300000000000004 0.935 0.09 0.084667
2 0.257 0.978667 0.062 0.038667
2 0.09499999999999997 0.965667 0.052667 0.056667
2 0.17566700000000002 0.926667 0.114 0.081333
2 0.09099999999999997 0.857 0.088667 0.118
2 0.156667 0.8260000000000001 0.068 0.110667
2 0.21699999999999997 0.855667 0.083333 0.112667
2 0.29300000000000004 0.854 0.071333 0.102667
2 0.370333 0.850333 0.086 0.087333
2 0.260667 0.76 0.1 0.090667
2 0.357 0.7336670000000001 0.104667 0.154
2 0.43766700000000003 0.765667 0.09 0.11
2 0.512667 0.762333 0.068 0.086
2 0.585333 0.753 0.074667 0.084667
2 0.6513329999999999 0.688333 0.121333 0.083333
2 0.561667 0.677333 0.058 0.074667
2 0.474333 0.667 0.127333 0.11
2 0.28333299999999995 0.6823330000000001 0.112 0.076667
2 0.18833299999999997 0.677333 0.080667 0.092
2 0.10766699999999996 0.665 0.078 0.111333
2 0.03700000000000003 0.6619999999999999 0.074 0.089333
3 0.05133299999999996 0.589 0.070667 0.048667
2 0.15500000000000003 0.512 0.058 0.044
3 0.170667 0.586333 0.070667 0.079333
3 0.23933300000000002 0.590667 0.069333 0.088
2 0.33199999999999996 0.595333 0.121333 0.089333
2 0.531667 0.61 0.051333 0.052
2 0.587 0.5796669999999999 0.080667 0.11
2 0.673333 0.5349999999999999 0.062667 0.056667
2 0.661667 0.6066670000000001 0.072667 0.092
2 0.7130000000000001 0.6026670000000001 0.055333 0.064
2 0.721333 0.45299999999999996 0.058667 0.062
2 0.641 0.44899999999999995 0.106 0.115333
3 0.557667 0.44266700000000003 0.078 0.086667
2 0.534 0.524 0.092 0.101333
2 0.451333 0.529333 0.076 0.124
3 0.372333 0.518667 0.092667 0.098667
2 0.278 0.508 0.096 0.094667
2 0.277667 0.42033299999999996 0.082 0.091333
2 0.35566699999999996 0.42900000000000005 0.084667 0.088667
3 0.453333 0.431667 0.105333 0.086
3 0.45699999999999996 0.362 0.040667 0.041333
2 0.389 0.363333 0.082 0.064
3 0.45299999999999996 0.301667 0.054 0.046
2 0.36666699999999997 0.29933299999999996 0.076 0.069333
2 0.295667 0.296667 0.051333 0.061333
2 0.166667 0.37266699999999997 0.032 0.029333
2 0.5453330000000001 0.32599999999999996 0.030667 0.033333
3 0.654 0.37066699999999997 0.06 0.064
2 0.718 0.372333 0.068 0.084667
2 0.6966669999999999 0.31033299999999997 0.069333 0.048667
2 0.777333 0.385 0.064 0.068667
2 0.793667 0.32199999999999995 0.080667 0.058667
3 0.765333 0.262 0.06 0.058667
3 0.7110000000000001 0.262 0.062 0.058667
3 0.6453329999999999 0.261667 0.064 0.079333
3 0.613667 0.31899999999999995 0.082 0.072667
0 0.932333 0.08766700000000005 0.134 0.146
0 0.595667 0.16833299999999995 0.178 0.166
0 0.607 0.049000000000000044 0.123333 0.098
0 0.42900000000000005 0.19733299999999998 0.195333 0.2
0 0.465333 0.053332999999999964 0.149333 0.106667
0 0.26233300000000004 0.10266699999999995 0.19 0.205333
0 0.886667 0.41800000000000004 0.038667 0.029333
0 0.83 0.922667 0.037333 0.046667
0 0.263 0.273667 0.028667 0.039333
2 0.633 0.98 0.095333 0.038667
2 0.169667 0.980667 0.102 0.037333
2 0.033667 0.918 0.067333 0.14
2 0.04266700000000001 0.762667 0.085333 0.1
0 0.08899999999999997 0.41233299999999995 0.178 0.307333
