2 0.956333 0.061 0.083333 0.112667
2 0.920667 0.157667 0.097333 0.119333
2 0.843333 0.168667 0.078667 0.094667
1 0.872333 0.073667 0.076667 0.09
1 0.8029999999999999 0.059667 0.074 0.107333
2 0.765667 0.166667 0.115333 0.126667
1 0.718333 0.064 0.095333 0.106667
1 0.626667 0.116667 0.070667 0.068
2 0.517 0.108333 0.095333 0.120667
2 0.433667 0.07 0.068667 0.102667
2 0.785667 0.409667 0.096667 0.079333
1 0.778 0.468 0.065333 0.042667
1 0.775333 0.518 0.101333 0.068
2 0.747333 0.568 0.073333 0.042667
2 0.744 0.617333 0.092 0.061333
1 0.728333 0.689 0.118 0.087333
2 0.720333 0.766667 0.088667 0.073333
1 0.679 0.778 0.047333 0.06
2 0.683 0.856333 0.078 0.072667
1 0.677333 0.914667 0.097333 0.064
1 0.644 0.953333 0.08 0.066667
1 0.698 0.389667 0.097333 0.114
2 0.611333 0.357667 0.088 0.106
2 0.552333 0.354 0.039333 0.065333
2 0.597 0.455 0.075333 0.088667
1 0.6799999999999999 0.476333 0.092 0.082
1 0.6843330000000001 0.545333 0.075333 0.064
2 0.657 0.616667 0.084667 0.096
2 0.586667 0.608333 0.068 0.074
1 0.626 0.529667 0.041333 0.052667
2 0.5656669999999999 0.533333 0.062 0.070667
2 0.512 0.425 0.105333 0.115333
2 0.483 0.514667 0.122 0.133333
2 0.477333 0.333333 0.064 0.065333
2 0.42333299999999996 0.302667 0.089333 0.104
2 0.405 0.4 0.111333 0.096
2 0.38833300000000004 0.511 0.080667 0.123333
2 0.338333 0.278 0.116667 0.132
2 0.232333 0.278667 0.115333 0.130667
2 0.30033299999999996 0.373 0.11 0.096667
2 0.31000000000000005 0.469 0.090667 0.116667
2 0.274 0.543 0.088 0.082
2 0.20999999999999996 0.522333 0.057333 0.059333
2 0.22999999999999998 0.451333 0.069333 0.078667
2 0.16833299999999995 0.432 0.051333 0.057333
2 0.13833300000000004 0.484667 0.058 0.057333
2 0.128 0.356333 0.068 0.072667
2 0.08899999999999997 0.428333 0.056667 0.05
2 0.06599999999999995 0.506333 0.030667 0.039333
2 0.04066700000000001 0.504667 0.024 0.030667
2 0.04633299999999996 0.344333 0.076667 0.084667
2 0.611 0.740333 0.080667 0.079333
1 0.616333 0.801333 0.072667 0.054667
1 0.5946670000000001 0.868 0.129333 0.088
1 0.594 0.938667 0.056 0.062667
1 0.546333 0.957667 0.056667 0.083333
1 0.493333 0.943667 0.076 0.106
1 0.43000000000000005 0.928667 0.1 0.092
2 0.46366700000000005 0.841 0.122 0.108667
2 0.41733299999999995 0.753 0.066667 0.084667
2 0.5389999999999999 0.703667 0.079333 0.080667
2 0.45799999999999996 0.676 0.089333 0.102667
2 0.381667 0.655 0.075333 0.083333
2 0.352333 0.727667 0.07 0.079333
2 0.35166699999999995 0.825667 0.102 0.119333
1 0.34666699999999995 0.925667 0.074667 0.088667
1 0.281667 0.883333 0.106 0.16
2 0.26833300000000004 0.972333 0.064667 0.054
2 0.19666700000000004 0.950667 0.072 0.077333
2 0.18666700000000003 0.868 0.101333 0.124
1 0.21899999999999997 0.791 0.091333 0.083333
2 0.28433299999999995 0.708333 0.072667 0.082
2 0.299667 0.626333 0.091333 0.09
2 0.20866700000000005 0.613667 0.096 0.112667
2 0.13233300000000003 0.777667 0.071333 0.079333
1 0.20366700000000004 0.714667 0.091333 0.094667
2 0.13233300000000003 0.582667 0.071333 0.105333
2 0.06000000000000005 0.582667 0.06 0.08
2 0.04133299999999995 0.666667 0.072 0.088
2 0.10533300000000001 0.682667 0.130667 0.130667
2 0.06566700000000003 0.761 0.043333 0.046
2 0.038000000000000034 0.816 0.032 0.038667
2 0.028000000000000025 0.884667 0.034667 0.045333
2 0.06766700000000003 0.906333 0.042 0.047333
2 0.12533300000000003 0.918 0.052 0.062667
1 0.10599999999999998 0.850667 0.093333 0.077333
2 0.555667 0.796333 0.043333 0.047333
2 0.15100000000000002 0.256333 0.060667 0.074
2 0.347333 0.050667 0.090667 0.097333
2 0.339333 0.98 0.057333 0.04
2 0.26733300000000004 0.041 0.117333 0.080667
2 0.555667 0.035333 0.099333 0.069333
2 0.637 0.043 0.094 0.084667
