2 0.904667 0.076 0.110667 0.073333
2 0.88 0.147333 0.108 0.069333
2 0.916667 0.215667 0.142667 0.099333
2 0.847667 0.299 0.086 0.091333
2 0.925667 0.314333 0.080667 0.091333
2 0.946 0.422 0.04 0.054667
2 0.866 0.445 0.086667 0.078
2 0.916667 0.589333 0.112 0.146667
2 0.814667 0.565 0.074667 0.056667
2 0.843 0.637 0.046 0.048667
3 0.812 0.512667 0.033333 0.033333
3 0.760333 0.391667 0.080667 0.084667
3 0.7090000000000001 0.465 0.047333 0.048667
3 0.729333 0.535 0.029333 0.024667
2 0.708 0.716333 0.068 0.071333
2 0.792667 0.711333 0.1 0.108
2 0.902667 0.779667 0.068 0.075333
2 0.811333 0.806667 0.096 0.088
2 0.936667 0.863 0.092 0.108667
2 0.953667 0.954333 0.083333 0.091333
2 0.860333 0.902 0.091333 0.1
2 0.788 0.948667 0.105333 0.102667
3 0.702333 0.961667 0.047333 0.075333
2 0.628333 0.897333 0.116667 0.136
2 0.6533329999999999 0.79 0.089333 0.112
3 0.5329999999999999 0.831 0.051333 0.060667
3 0.505 0.733 0.075333 0.076667
3 0.5413330000000001 0.649667 0.065333 0.076667
3 0.602 0.627 0.046667 0.052667
3 0.617333 0.706667 0.049333 0.052
2 0.5776669999999999 0.54 0.043333 0.048
3 0.5589999999999999 0.46 0.055333 0.066667
2 0.619333 0.450333 0.04 0.047333
2 0.671333 0.302333 0.097333 0.074
2 0.5429999999999999 0.383 0.064667 0.068667
2 0.46166700000000005 0.378 0.039333 0.038667
3 0.386667 0.398333 0.074667 0.074
3 0.30900000000000005 0.443 0.080667 0.084667
2 0.356 0.326333 0.064 0.079333
3 0.39233300000000004 0.211333 0.088667 0.092
3 0.38233300000000003 0.112 0.086 0.062667
3 0.483 0.135667 0.051333 0.056667
2 0.548333 0.156333 0.048667 0.051333
2 0.5986670000000001 0.071 0.096 0.119333
2 0.6743330000000001 0.028667 0.05 0.037333
2 0.766667 0.06 0.052 0.074667
2 0.703333 0.087 0.092 0.079333
2 0.715333 0.158667 0.06 0.08
2 0.638 0.202667 0.102667 0.106667
3 0.20266700000000004 0.108 0.06 0.054667
2 0.08266700000000005 0.052 0.1 0.1
2 0.11266699999999996 0.145 0.093333 0.091333
2 0.042332999999999954 0.188667 0.080667 0.073333
2 0.134 0.232333 0.1 0.086
3 0.259667 0.279 0.048667 0.051333
3 0.22766699999999995 0.187333 0.095333 0.109333
2 0.050000000000000044 0.268667 0.096 0.097333
2 0.06733299999999998 0.364333 0.117333 0.122
2 0.18666700000000003 0.317667 0.158667 0.120667
2 0.20966700000000005 0.415667 0.118 0.088667
2 0.10833300000000001 0.445667 0.076667 0.079333
3 0.07833299999999999 0.503 0.075333 0.055333
3 0.11233300000000002 0.553667 0.056667 0.051333
2 0.22766699999999995 0.51 0.138 0.105333
2 0.250667 0.572 0.12 0.090667
3 0.19866700000000004 0.635 0.057333 0.047333
2 0.282667 0.660667 0.12 0.093333
3 0.307667 0.730333 0.114 0.092667
3 0.41333299999999995 0.776333 0.097333 0.087333
3 0.05266700000000002 0.683667 0.096 0.078
2 0.054332999999999965 0.762667 0.108667 0.121333
2 0.163667 0.737333 0.11 0.109333
2 0.16833299999999995 0.833667 0.115333 0.088667
2 0.272 0.839333 0.101333 0.113333
3 0.35066699999999995 0.858 0.046667 0.042667
2 0.387 0.929667 0.088667 0.094
2 0.20899999999999996 0.923333 0.078 0.078667
2 0.11466699999999996 0.913667 0.1 0.084667
2 0.387667 0.677333 0.024667 0.029333
2 0.534667 0.299667 0.072 0.087333
0 0.486333 0.905667 0.056667 0.047333
0 0.32166700000000004 0.928 0.027333 0.046667
0 0.394 0.833 0.024 0.027333
0 0.7256670000000001 0.781667 0.048667 0.054
0 0.447333 0.692667 0.061333 0.073333
0 0.878 0.703667 0.052 0.05
0 0.923333 0.647667 0.056 0.040667
0 0.746333 0.574667 0.058 0.057333
0 0.6986669999999999 0.591 0.034667 0.032667
0 0.544333 0.588 0.060667 0.064
0 0.39 0.592667 0.024 0.030667
0 0.343333 0.601333 0.033333 0.036
0 0.37 0.566 0.030667 0.037333
0 0.476333 0.535333 0.064667 0.062667
0 0.42300000000000004 0.485333 0.09 0.1
0 0.637667 0.535667 0.055333 0.074
0 0.685 0.529667 0.043333 0.039333
0 0.646667 0.397333 0.076 0.056
0 0.44566700000000004 0.408667 0.023333 0.024
0 0.31999999999999995 0.264667 0.038667 0.046667
0 0.724667 0.235 0.054667 0.046
0 0.765 0.275667 0.060667 0.059333
0 0.786333 0.192 0.063333 0.070667
0 0.031000000000000028 0.136 0.05 0.054667
0 0.506667 0.101333 0.038667 0.045333
0 0.771667 0.137 0.044667 0.039333
0 0.165667 0.017667 0.03 0.031333
2 0.05800000000000005 0.974667 0.072 0.050667
2 0.24866699999999997 0.972333 0.1 0.054
2 0.957667 0.742 0.083333 0.113333
2 0.965333 0.507333 0.068 0.1
2 0.981 0.294333 0.036667 0.096667
2 0.937667 0.036667 0.123333 0.072
3 0.027000000000000024 0.605 0.054 0.086
2 0.037667000000000006 0.929333 0.075333 0.121333
