2 0.927333 0.913667 0.097333 0.154
1 0.845333 0.922667 0.105333 0.141333
1 0.757667 0.913667 0.075333 0.128667
1 0.665 0.937667 0.102 0.124667
1 0.583 0.918333 0.051333 0.042
1 0.5780000000000001 0.961667 0.065333 0.047333
2 0.515333 0.965 0.045333 0.054
1 0.811333 0.792667 0.096 0.124
1 0.865333 0.720667 0.068 0.068
2 0.925667 0.676333 0.106 0.082
2 0.7110000000000001 0.751667 0.09 0.072667
2 0.610333 0.750333 0.075333 0.086
2 0.642 0.838667 0.066667 0.06
2 0.720667 0.828 0.090667 0.092
2 0.5333330000000001 0.765667 0.062667 0.058
2 0.465333 0.802667 0.068 0.062667
2 0.560333 0.857333 0.094 0.105333
2 0.48266699999999996 0.878 0.072 0.097333
2 0.393667 0.826 0.07 0.065333
2 0.410667 0.903333 0.1 0.094667
2 0.278 0.960333 0.096 0.078
2 0.17633299999999996 0.869667 0.092667 0.091333
2 0.07566700000000004 0.864 0.116667 0.130667
2 0.12033300000000002 0.947667 0.05 0.039333
2 0.15200000000000002 0.781 0.064 0.072667
1 0.34099999999999997 0.891333 0.05 0.057333
2 0.273667 0.885333 0.074 0.064
2 0.304667 0.801 0.130667 0.126
2 0.29233299999999995 0.72 0.108667 0.092
2 0.217333 0.758667 0.064 0.069333
2 0.050000000000000044 0.770333 0.052 0.046
2 0.677 0.680333 0.083333 0.062
1 0.836 0.638 0.068 0.058667
1 0.75 0.641333 0.104 0.137333
1 0.931 0.597 0.116667 0.084667
1 0.942333 0.522 0.083333 0.068
2 0.907 0.476333 0.092667 0.082
2 0.959667 0.410333 0.076667 0.080667
2 0.843 0.477667 0.076667 0.087333
1 0.865667 0.554333 0.080667 0.083333
2 0.798 0.554667 0.089333 0.074667
2 0.7743329999999999 0.481667 0.083333 0.087333
2 0.688333 0.476 0.116667 0.096
2 0.648667 0.583 0.093333 0.123333
2 0.569333 0.584667 0.068 0.096
3 0.5820000000000001 0.657333 0.029333 0.030667
2 0.5083329999999999 0.689333 0.146 0.130667
2 0.413667 0.645667 0.11 0.115333
2 0.33399999999999996 0.643667 0.049333 0.05
2 0.37 0.556 0.144 0.128
2 0.49366699999999997 0.58 0.096667 0.101333
2 0.46799999999999997 0.488667 0.088 0.096
2 0.558333 0.485 0.092667 0.094
2 0.930333 0.305 0.112667 0.112667
2 0.872333 0.367 0.087333 0.096667
2 0.7989999999999999 0.383667 0.083333 0.091333
2 0.951 0.075333 0.083333 0.092
2 0.955333 0.173333 0.070667 0.062667
2 0.968 0.230333 0.048 0.043333
2 0.855 0.038667 0.111333 0.076
2 0.868333 0.127333 0.082 0.073333
2 0.897 0.203667 0.087333 0.084667
2 0.823 0.275333 0.106 0.105333
2 0.800667 0.198333 0.072 0.059333
2 0.772667 0.101667 0.072 0.058
2 0.705667 0.086667 0.059333 0.064
2 0.759667 0.162 0.071333 0.068
1 0.679333 0.154667 0.097333 0.102667
2 0.639667 0.099667 0.058 0.048667
1 0.709667 0.237333 0.107333 0.093333
2 0.757667 0.286 0.039333 0.037333
2 0.732667 0.349 0.1 0.132667
2 0.656333 0.362333 0.094 0.11
2 0.639667 0.274 0.042 0.028
2 0.641667 0.300333 0.035333 0.03
2 0.5700000000000001 0.306 0.072 0.066667
2 0.580333 0.401 0.056667 0.076667
2 0.514 0.393 0.073333 0.087333
2 0.43899999999999995 0.399333 0.087333 0.1
2 0.345333 0.443333 0.136 0.105333
2 0.49566699999999997 0.322667 0.043333 0.046667
2 0.590333 0.222 0.104667 0.098667
2 0.583333 0.130333 0.088 0.076667
2 0.564667 0.062 0.038667 0.04
2 0.493 0.123333 0.098 0.109333
3 0.423667 0.097 0.026 0.040667
2 0.453333 0.234333 0.094667 0.115333
3 0.523 0.215 0.019333 0.026
3 0.42300000000000004 0.160667 0.027333 0.029333
3 0.29500000000000004 0.062667 0.05 0.061333
2 0.25833300000000003 0.126667 0.079333 0.061333
2 0.137 0.085 0.052667 0.055333
2 0.08133299999999999 0.079667 0.044 0.044667
2 0.17300000000000004 0.161 0.078 0.079333
2 0.34166700000000005 0.145667 0.054 0.046
2 0.356333 0.228667 0.106 0.137333
2 0.398 0.315667 0.064 0.052667
3 0.30633299999999997 0.280333 0.05 0.048667
2 0.24366699999999997 0.293333 0.075333 0.072
2 0.21799999999999997 0.243 0.057333 0.048667
2 0.122 0.251 0.101333 0.092667
2 0.03700000000000003 0.251333 0.074 0.062667
2 0.343333 0.363667 0.065333 0.054
2 0.26233300000000004 0.367 0.082 0.058
2 0.13933300000000004 0.347 0.094667 0.095333
2 0.17866700000000002 0.419 0.072 0.051333
2 0.09666699999999995 0.433 0.094667 0.092667
2 0.030667 0.495333 0.057333 0.04
2 0.03833299999999995 0.547667 0.047333 0.055333
2 0.13533300000000004 0.537333 0.113333 0.098667
2 0.227333 0.531667 0.066667 0.062
2 0.17600000000000005 0.613 0.1 0.072667
2 0.10566699999999996 0.681333 0.074 0.068
2 0.262 0.618667 0.064 0.069333
2 0.19933299999999998 0.686333 0.122667 0.111333
0 0.12033300000000002 0.733667 0.058 0.054
0 0.221333 0.936667 0.057333 0.08
0 0.888 0.776333 0.056 0.051333
0 0.391 0.752 0.046 0.056
0 0.08266700000000005 0.512 0.046667 0.041333
0 0.19299999999999995 0.471667 0.09 0.079333
0 0.05566700000000002 0.326667 0.09 0.081333
0 0.19199999999999995 0.342 0.045333 0.053333
0 0.487333 0.269 0.052 0.052667
0 0.529 0.261667 0.040667 0.034
0 0.7090000000000001 0.034333 0.031333 0.032667
0 0.6699999999999999 0.058667 0.048 0.048
0 0.513667 0.056333 0.046 0.048667
0 0.376667 0.093333 0.041333 0.044
0 0.10299999999999998 0.154 0.068667 0.077333
0 0.02433300000000005 0.054667 0.044667 0.069333
0 0.617667 0.66 0.038 0.034667
2 0.04500000000000004 0.956667 0.087333 0.086667
2 0.36666699999999997 0.97 0.078667 0.06
2 0.969333 0.808 0.057333 0.085333
1 0.957333 0.736 0.084 0.145333
2 0.756667 0.027333 0.081333 0.053333
2 0.03300000000000003 0.171333 0.066 0.102667
2 0.028000000000000025 0.448667 0.056 0.049333
2 0.02066699999999999 0.597667 0.041333 0.05
