1 0.883 0.907 0.098 0.084667
1 0.872333 0.829667 0.114 0.083333
1 0.8526670000000001 0.76 0.101333 0.068
1 0.856 0.705 0.058667 0.039333
1 0.836 0.650667 0.098667 0.074667
2 0.8240000000000001 0.559 0.086667 0.091333
1 0.912667 0.537 0.102667 0.114
1 0.931 0.635 0.096667 0.087333
1 0.920667 0.698667 0.073333 0.054667
2 0.938 0.763 0.077333 0.086
2 0.97 0.887333 0.058667 0.065333
1 0.661 0.105333 0.112667 0.101333
2 0.6886669999999999 0.2 0.106667 0.106667
2 0.711333 0.292333 0.102667 0.108667
1 0.753667 0.075333 0.09 0.098667
2 0.827333 0.056333 0.073333 0.080667
1 0.847667 0.137 0.075333 0.086
1 0.8586670000000001 0.218333 0.077333 0.082
2 0.786667 0.230333 0.097333 0.087333
1 0.770667 0.159667 0.076 0.074
1 0.789667 0.316 0.084667 0.089333
2 0.881333 0.313 0.101333 0.114
1 0.938333 0.212667 0.087333 0.093333
1 0.918667 0.137 0.072 0.078
2 0.922667 0.051333 0.102667 0.098667
0 0.394667 0.933333 0.044 0.036
0 0.03500000000000003 0.976333 0.044667 0.046
0 0.07399999999999995 0.930667 0.04 0.041333
2 0.967 0.945333 0.064667 0.061333
1 0.978 0.117333 0.044 0.082667
