2 0.119333 0.152 0.157333 0.194667
2 0.079667 0.265667 0.144667 0.142
2 0.151667 0.363 0.051333 0.047333
2 0.071667 0.381667 0.052667 0.048667
2 0.22 0.087333 0.074667 0.076
2 0.245333 0.252667 0.102667 0.137333
3 0.296 0.111 0.057333 0.084667
2 0.364667 0.099 0.105333 0.122
2 0.426 0.06 0.064 0.058667
2 0.334 0.229333 0.108 0.164
2 0.412667 0.204667 0.070667 0.097333
2 0.472 0.244 0.129333 0.109333
2 0.461333 0.124 0.096 0.128
2 0.558333 0.147 0.082 0.084667
2 0.563 0.225333 0.080667 0.086667
2 0.646 0.130333 0.093333 0.11
2 0.634333 0.026333 0.063333 0.051333
2 0.646 0.235 0.106667 0.106
2 0.778667 0.065667 0.058667 0.052667
3 0.750667 0.130333 0.064 0.062
2 0.876333 0.051333 0.056667 0.065333
2 0.949333 0.070333 0.086667 0.09
2 0.891 0.158 0.142 0.096
2 0.786 0.212333 0.132 0.11
2 0.854667 0.292667 0.1 0.073333
2 0.840333 0.373333 0.092667 0.088
2 0.918 0.381667 0.076 0.074
2 0.759333 0.376 0.066667 0.068
2 0.689333 0.358667 0.069333 0.077333
2 0.627 0.358 0.060667 0.081333
2 0.673 0.450667 0.108667 0.097333
2 0.927333 0.481333 0.138667 0.098667
2 0.918667 0.572667 0.102667 0.08
2 0.808333 0.584667 0.064667 0.068
2 0.771667 0.513333 0.094 0.068
2 0.726333 0.566333 0.092667 0.095333
2 0.704333 0.653667 0.107333 0.115333
2 0.775 0.665 0.059333 0.071333
2 0.856333 0.620333 0.116667 0.112667
2 0.909667 0.692 0.120667 0.094667
2 0.872333 0.770333 0.092667 0.079333
2 0.822333 0.703 0.048667 0.05
2 0.796667 0.774667 0.038667 0.04
2 0.854667 0.841333 0.033333 0.037333
2 0.692333 0.832333 0.088667 0.100667
2 0.784 0.853667 0.097333 0.123333
2 0.746667 0.930333 0.092 0.082
2 0.664 0.907333 0.096 0.094667
2 0.487333 0.957333 0.065333 0.074667
2 0.548333 0.814333 0.084667 0.063333
2 0.476667 0.804 0.062667 0.065333
2 0.434667 0.864333 0.085333 0.111333
3 0.395 0.928333 0.044667 0.052667
2 0.355333 0.842667 0.070667 0.070667
2 0.320667 0.921 0.073333 0.080667
2 0.254333 0.890667 0.046 0.056
2 0.389667 0.776 0.083333 0.070667
2 0.454667 0.721333 0.138667 0.110667
2 0.591 0.444333 0.063333 0.084667
2 0.517333 0.44 0.074667 0.068
2 0.480667 0.516333 0.121333 0.148667
2 0.562667 0.508 0.06 0.065333
2 0.594 0.561667 0.102667 0.114
2 0.546 0.64 0.090667 0.093333
2 0.463 0.632333 0.086 0.091333
2 0.397667 0.612333 0.080667 0.107333
2 0.371 0.556667 0.059333 0.068
2 0.312667 0.587333 0.090667 0.106667
2 0.212 0.647667 0.097333 0.088667
2 0.163667 0.707333 0.076667 0.074667
2 0.181667 0.761333 0.082 0.064
2 0.071667 0.768667 0.088667 0.102667
2 0.14 0.817667 0.065333 0.09
2 0.205667 0.831 0.051333 0.044667
2 0.291667 0.827 0.040667 0.05
2 0.110333 0.924667 0.111333 0.104
2 0.327 0.498333 0.075333 0.074
2 0.357667 0.447667 0.072667 0.063333
2 0.385 0.414667 0.084667 0.101333
2 0.45 0.411667 0.052 0.052667
2 0.408333 0.333333 0.071333 0.068
2 0.311 0.365667 0.079333 0.075333
2 0.272 0.430333 0.068 0.048667
2 0.231333 0.370667 0.066667 0.062667
0 0.906667 0.832667 0.069333 0.052
0 0.898667 0.902667 0.061333 0.056
0 0.869667 0.953333 0.046 0.04
0 0.608333 0.854 0.051333 0.076
0 0.216 0.915 0.050667 0.054
0 0.282667 0.735667 0.154667 0.178
0 0.54 0.752333 0.044 0.054
0 0.640667 0.769333 0.06 0.057333
0 0.58 0.729333 0.057333 0.068
0 0.608667 0.695 0.057333 0.047333
0 0.729 0.759333 0.055333 0.062667
0 0.752 0.71 0.052 0.032
0 0.611667 0.639333 0.040667 0.036
0 0.792667 0.447 0.110667 0.080667
0 0.085 0.655667 0.164667 0.139333
0 0.221 0.485333 0.155333 0.142667
0 0.067333 0.447333 0.128 0.109333
0 0.773667 0.29 0.067333 0.065333
0 0.493667 0.349667 0.128667 0.114
0 0.700667 0.040667 0.061333 0.042667
2 0.037 0.877667 0.072667 0.098
2 0.026667 0.133667 0.052 0.11
2 0.955 0.247667 0.09 0.114
