1 0.143667 0.955667 0.082 0.062
2 0.15500000000000003 0.897333 0.080667 0.070667
2 0.06366700000000003 0.909 0.111333 0.091333
1 0.097333 0.841 0.068 0.055333
1 0.035667000000000004 0.838333 0.047333 0.05
2 0.086333 0.782667 0.076667 0.077333
1 0.18266700000000002 0.808333 0.1 0.082
1 0.19699999999999995 0.727667 0.116667 0.082
2 0.221333 0.659667 0.098667 0.071333
2 0.13566699999999998 0.657667 0.083333 0.091333
1 0.06333299999999997 0.651667 0.074667 0.079333
1 0.22266699999999995 0.601 0.073333 0.05
1 0.24533300000000002 0.548667 0.1 0.068
1 0.251667 0.503333 0.071333 0.036
2 0.25933300000000004 0.454333 0.089333 0.076667
1 0.17333299999999996 0.433333 0.1 0.118667
1 0.14800000000000002 0.527333 0.1 0.094667
1 0.158667 0.591 0.065333 0.052667
1 0.100333 0.573667 0.040667 0.048667
2 0.035667000000000004 0.578333 0.060667 0.078
2 0.06633299999999998 0.5 0.080667 0.078667
2 0.07533299999999998 0.398 0.106667 0.108
2 0.39 0.204333 0.097333 0.11
2 0.42333299999999996 0.107 0.105333 0.11
2 0.341333 0.069333 0.077333 0.076
2 0.32599999999999996 0.13 0.08 0.094667
1 0.314333 0.214 0.082 0.093333
2 0.22399999999999998 0.213 0.101333 0.122
1 0.249 0.106667 0.074 0.098667
2 0.26433300000000004 0.039667 0.074 0.072667
1 0.16700000000000004 0.111333 0.087333 0.098667
1 0.19599999999999995 0.037333 0.070667 0.070667
1 0.09266700000000005 0.068 0.105333 0.106667
2 0.10399999999999998 0.167333 0.064 0.061333
0 0.6659999999999999 0.862667 0.038667 0.036
0 0.981667 0.883 0.034 0.036667
0 0.45099999999999996 0.710333 0.038 0.034
2 0.027666999999999997 0.062 0.054 0.105333
2 0.45399999999999996 0.032 0.116 0.062667
2 0.059667000000000026 0.976333 0.062 0.047333
