1 0.551333 0.945333 0.153333 0.109333
1 0.759333 0.903 0.146667 0.155333
1 0.836667 0.883667 0.066667 0.078
1 0.904667 0.918333 0.094667 0.083333
1 0.844333 0.799 0.143333 0.132667
1 0.607667 0.817 0.196667 0.214
2 0.466 0.835 0.133333 0.147333
2 0.481333 0.707333 0.146667 0.102667
2 0.5 0.623333 0.14 0.068
2 0.514667 0.546 0.189333 0.133333
2 0.625667 0.549 0.080667 0.100667
2 0.657667 0.628667 0.160667 0.173333
2 0.782 0.622 0.085333 0.076
2 0.766 0.699 0.102667 0.096667
2 0.865333 0.714333 0.106667 0.083333
2 0.876333 0.630333 0.120667 0.11
2 0.909 0.541667 0.088667 0.084667
2 0.531333 0.439333 0.172 0.144
2 0.609 0.389 0.091333 0.086
2 0.526333 0.275 0.102 0.083333
1 0.757667 0.239333 0.147333 0.097333
1 0.882667 0.238 0.105333 0.094667
1 0.849333 0.152667 0.161333 0.129333
1 0.898667 0.053 0.113333 0.104667
2 0.810333 0.051 0.072667 0.09
2 0.717333 0.070667 0.105333 0.14
0 0.812333 0.426333 0.375333 0.323333
0 0.561667 0.138333 0.246 0.248667
0 0.135 0.060667 0.060667 0.072
0 0.174 0.102333 0.056 0.036667
0 0.093 0.165667 0.184667 0.118
0 0.108333 0.29 0.215333 0.169333
0 0.094667 0.507333 0.188 0.268
0 0.089333 0.713 0.066667 0.05
2 0.956 0.966333 0.088 0.067333
