2 0.905667 0.134 0.115333 0.097333
2 0.807333 0.102333 0.104 0.116667
2 0.6910000000000001 0.091667 0.152667 0.123333
2 0.687667 0.202333 0.118 0.111333
2 0.758667 0.258333 0.165333 0.138
2 0.882333 0.216 0.09 0.086667
2 0.868333 0.312667 0.154 0.126667
1 0.941333 0.36 0.113333 0.098667
2 0.944 0.492 0.110667 0.102667
2 0.933667 0.744667 0.104667 0.104
2 0.928 0.853 0.106667 0.084667
2 0.921 0.935 0.118 0.087333
1 0.831 0.385667 0.084667 0.05
1 0.863667 0.459 0.075333 0.091333
2 0.774667 0.452667 0.113333 0.132
2 0.846 0.571667 0.142667 0.142
2 0.748333 0.543667 0.078 0.075333
2 0.846333 0.651667 0.056667 0.051333
2 0.846333 0.742333 0.11 0.127333
2 0.821 0.849333 0.087333 0.084
2 0.8260000000000001 0.940333 0.082667 0.087333
2 0.759333 0.803667 0.058667 0.055333
2 0.711333 0.894 0.154667 0.102667
2 0.724667 0.965 0.110667 0.07
2 0.687 0.807667 0.078 0.091333
2 0.742667 0.729 0.1 0.079333
2 0.763333 0.647333 0.094667 0.104
2 0.611667 0.364 0.079333 0.057333
2 0.658667 0.463667 0.168 0.154
2 0.646333 0.574333 0.120667 0.078
2 0.635667 0.65 0.158 0.078667
2 0.6473329999999999 0.718667 0.070667 0.064
2 0.565333 0.767667 0.129333 0.147333
2 0.534333 0.877333 0.063333 0.064
2 0.589 0.174333 0.076667 0.066
2 0.524 0.130667 0.088 0.076
2 0.49066699999999996 0.176333 0.078667 0.092667
2 0.33199999999999996 0.055 0.062667 0.072667
2 0.449333 0.045667 0.166667 0.087333
2 0.40233300000000005 0.139667 0.078 0.078
3 0.33299999999999996 0.169333 0.072667 0.073333
2 0.30300000000000005 0.264 0.092667 0.090667
2 0.40933299999999995 0.225667 0.128 0.094
2 0.41000000000000003 0.342333 0.229333 0.160667
2 0.31366700000000003 0.444333 0.15 0.154
2 0.512667 0.481333 0.104 0.113333
2 0.41333299999999995 0.525 0.130667 0.131333
2 0.484333 0.644 0.147333 0.164
2 0.45466700000000004 0.792333 0.098667 0.119333
2 0.45299999999999996 0.883333 0.11 0.090667
2 0.374 0.847333 0.073333 0.076
2 0.383 0.782667 0.091333 0.072
2 0.389667 0.695 0.088667 0.119333
2 0.27033300000000005 0.878 0.147333 0.101333
2 0.272 0.962 0.074667 0.076
2 0.30233299999999996 0.792667 0.088667 0.069333
2 0.30100000000000005 0.702 0.103333 0.108
2 0.31200000000000006 0.588333 0.133333 0.108667
2 0.131 0.948667 0.118 0.093333
2 0.03933299999999995 0.945 0.070667 0.055333
2 0.06899999999999995 0.873 0.086 0.086
2 0.15500000000000003 0.868667 0.080667 0.064
2 0.16533299999999995 0.788 0.101333 0.097333
3 0.19333299999999998 0.706 0.042667 0.036
2 0.18000000000000005 0.632 0.138667 0.112
2 0.160667 0.531333 0.094667 0.094667
2 0.091333 0.496667 0.064 0.064
2 0.04600000000000004 0.647 0.092 0.103333
3 0.12766699999999997 0.430667 0.047333 0.045333
2 0.208333 0.460333 0.084667 0.078
3 0.19266700000000003 0.406667 0.053333 0.034667
2 0.18700000000000006 0.342 0.127333 0.098667
2 0.19866700000000004 0.267333 0.104 0.056
2 0.18366700000000002 0.218667 0.054 0.041333
2 0.20799999999999996 0.177 0.086667 0.078
2 0.17533299999999996 0.084333 0.134667 0.116667
2 0.07966700000000004 0.044333 0.051333 0.059333
2 0.05066700000000002 0.14 0.101333 0.114667
2 0.09366699999999994 0.239333 0.082 0.069333
2 0.07266700000000004 0.327333 0.101333 0.094667
2 0.032332999999999945 0.268667 0.064667 0.064
0 0.07933299999999999 0.792667 0.084 0.076
0 0.07566700000000004 0.736 0.051333 0.06
0 0.15833299999999995 0.707333 0.032667 0.045333
0 0.13466699999999998 0.736 0.04 0.045333
0 0.09499999999999997 0.669667 0.066 0.072667
0 0.04500000000000004 0.512333 0.067333 0.092667
0 0.08066700000000004 0.424 0.069333 0.090667
0 0.033332999999999946 0.374667 0.034667 0.029333
0 0.584667 0.932 0.052 0.056
0 0.526 0.265333 0.061333 0.070667
0 0.608333 0.256 0.066 0.069333
3 0.223333 0.034333 0.081333 0.067333
2 0.911667 0.044333 0.119333 0.087333
2 0.9666669999999999 0.247667 0.065333 0.099333
2 0.961 0.670333 0.076667 0.079333
2 0.955333 0.584 0.088 0.104
2 0.436667 0.951667 0.194667 0.096667
