2 0.897667 0.133333 0.087333 0.085333
2 0.885667 0.226333 0.111333 0.112667
2 0.94 0.274333 0.094667 0.086
2 0.874667 0.323667 0.077333 0.068667
2 0.798333 0.197333 0.094 0.070667
2 0.784333 0.282667 0.122 0.110667
2 0.792 0.385333 0.070667 0.061333
2 0.949 0.354 0.054 0.04
2 0.926667 0.425 0.124 0.107333
2 0.915 0.513333 0.108667 0.069333
2 0.932667 0.611333 0.130667 0.132
2 0.958667 0.702 0.070667 0.074667
1 0.823 0.489 0.086 0.082
2 0.812 0.58 0.169333 0.097333
2 0.749667 0.561 0.047333 0.051333
2 0.888333 0.750667 0.078 0.089333
2 0.906 0.829333 0.057333 0.065333
2 0.92 0.940667 0.096 0.118667
2 0.829 0.924333 0.086 0.099333
2 0.818333 0.822 0.131333 0.104
2 0.802667 0.734 0.097333 0.08
2 0.7913330000000001 0.662667 0.1 0.062667
2 0.752 0.461667 0.098667 0.122
2 0.6759999999999999 0.456667 0.077333 0.098667
2 0.72 0.377333 0.070667 0.061333
2 0.6066670000000001 0.503 0.1 0.082
2 0.49066699999999996 0.534667 0.073333 0.065333
2 0.40633300000000006 0.509 0.05 0.047333
2 0.332333 0.472333 0.087333 0.095333
2 0.25433300000000003 0.456333 0.051333 0.05
2 0.09399999999999997 0.497 0.092 0.079333
2 0.06499999999999995 0.573 0.106 0.080667
2 0.06466700000000003 0.660667 0.128 0.136
2 0.15333300000000005 0.584667 0.037333 0.032
2 0.14333300000000004 0.677667 0.06 0.074
2 0.20233299999999999 0.696333 0.05 0.044667
2 0.705667 0.775 0.09 0.092667
2 0.671 0.857667 0.059333 0.052667
2 0.626 0.929667 0.1 0.080667
2 0.696 0.963667 0.088 0.072667
2 0.609333 0.832667 0.086667 0.097333
2 0.625 0.739667 0.118 0.080667
2 0.635 0.662667 0.074 0.073333
2 0.5720000000000001 0.657667 0.064 0.07
2 0.5509999999999999 0.887333 0.063333 0.06
2 0.517667 0.827667 0.094 0.087333
2 0.43899999999999995 0.822333 0.084667 0.107333
2 0.38333300000000003 0.903 0.068 0.054
1 0.429667 0.953667 0.075333 0.092667
2 0.481 0.704333 0.151333 0.126
2 0.49566699999999997 0.616 0.080667 0.084
2 0.419667 0.597 0.112667 0.112667
2 0.323333 0.575 0.105333 0.120667
2 0.317333 0.666667 0.133333 0.096
2 0.349 0.771667 0.115333 0.119333
2 0.321333 0.859 0.093333 0.078
2 0.287667 0.912667 0.074 0.06
2 0.19499999999999995 0.898667 0.154 0.129333
2 0.14400000000000002 0.957667 0.053333 0.05
2 0.255667 0.782 0.084667 0.101333
2 0.244 0.55 0.069333 0.073333
2 0.22866699999999995 0.63 0.092 0.092
2 0.16900000000000004 0.786333 0.108667 0.120667
2 0.08233299999999999 0.784 0.112667 0.097333
2 0.05400000000000005 0.857 0.1 0.079333
2 0.06366700000000003 0.931333 0.086 0.074667
2 0.756333 0.063333 0.083333 0.1
2 0.6779999999999999 0.051 0.062667 0.080667
2 0.621667 0.029 0.047333 0.043333
2 0.735333 0.148 0.101333 0.092
2 0.640667 0.213333 0.096 0.105333
1 0.649667 0.116333 0.072667 0.083333
2 0.5676669999999999 0.18 0.086 0.105333
2 0.5640000000000001 0.072 0.112 0.106667
2 0.45799999999999996 0.047333 0.105333 0.090667
2 0.505667 0.148667 0.076667 0.114667
2 0.43799999999999994 0.135333 0.062667 0.105333
2 0.28300000000000003 0.075333 0.116667 0.098667
2 0.38333300000000003 0.083667 0.068 0.048667
2 0.385 0.142333 0.064667 0.072667
2 0.329333 0.184 0.126667 0.113333
2 0.353 0.261333 0.082 0.068
2 0.43300000000000005 0.268 0.083333 0.096
2 0.503 0.299333 0.062 0.050667
2 0.663333 0.339667 0.064 0.088667
2 0.580667 0.324333 0.096 0.086
2 0.620333 0.423 0.052667 0.055333
2 0.563 0.415333 0.084667 0.093333
2 0.528 0.473 0.045333 0.039333
2 0.523667 0.376333 0.079333 0.118
2 0.475333 0.361333 0.052 0.070667
2 0.45299999999999996 0.451333 0.095333 0.096
2 0.407667 0.397 0.083333 0.087333
2 0.381667 0.341 0.083333 0.086
2 0.30533299999999997 0.320667 0.102667 0.126667
2 0.20299999999999996 0.153333 0.082 0.081333
1 0.209333 0.286667 0.1 0.074667
2 0.18100000000000005 0.419 0.087333 0.111333
2 0.11499999999999999 0.412667 0.044667 0.037333
1 0.14900000000000002 0.339667 0.079333 0.052667
2 0.139 0.084 0.043333 0.041333
2 0.053332999999999964 0.122333 0.070667 0.059333
2 0.144667 0.178333 0.101333 0.075333
2 0.12666699999999997 0.261667 0.098667 0.086
2 0.049000000000000044 0.242667 0.071333 0.064
2 0.06666700000000003 0.400667 0.065333 0.069333
0 0.15233300000000005 0.486333 0.031333 0.039333
0 0.06299999999999994 0.179 0.064667 0.078
0 0.18666700000000003 0.110333 0.044 0.063333
0 0.23633300000000002 0.369 0.086 0.09
0 0.269667 0.223333 0.055333 0.069333
0 0.19799999999999995 0.519667 0.049333 0.058
0 0.519333 0.233333 0.076 0.084
0 0.578667 0.586 0.093333 0.088
0 0.673 0.289 0.044667 0.048667
0 0.952667 0.177667 0.036 0.056667
0 0.977667 0.908 0.027333 0.032
2 0.04066700000000001 0.464 0.081333 0.088
2 0.04066700000000001 0.378333 0.081333 0.108667
2 0.376667 0.035667 0.08 0.068667
2 0.968333 0.089667 0.062 0.067333
2 0.517 0.940667 0.102 0.118667
