2 0.094333 0.866 0.115333 0.097333
2 0.192667 0.897667 0.104 0.116667
2 0.309 0.9083330000000001 0.152667 0.123333
2 0.312333 0.797667 0.118 0.111333
2 0.241333 0.7416670000000001 0.165333 0.138
2 0.117667 0.784 0.09 0.086667
2 0.131667 0.687333 0.154 0.126667
1 0.058667 0.64 0.113333 0.098667
2 0.056 0.508 0.110667 0.102667
2 0.066333 0.25533300000000003 0.104667 0.104
2 0.072 0.14700000000000002 0.106667 0.084667
2 0.079 0.06499999999999995 0.118 0.087333
1 0.169 0.614333 0.084667 0.05
1 0.136333 0.5409999999999999 0.075333 0.091333
2 0.225333 0.5473330000000001 0.113333 0.132
2 0.154 0.42833299999999996 0.142667 0.142
2 0.251667 0.456333 0.078 0.075333
2 0.153667 0.348333 0.056667 0.051333
2 0.153667 0.257667 0.11 0.127333
2 0.179 0.150667 0.087333 0.084
2 0.174 0.059667000000000026 0.082667 0.087333
2 0.240667 0.19633299999999998 0.058667 0.055333
2 0.288667 0.10599999999999998 0.154667 0.102667
2 0.275333 0.03500000000000003 0.110667 0.07
2 0.313 0.19233299999999998 0.078 0.091333
2 0.257333 0.271 0.1 0.079333
2 0.236667 0.35266699999999995 0.094667 0.104
2 0.388333 0.636 0.079333 0.057333
2 0.341333 0.536333 0.168 0.154
2 0.353667 0.425667 0.120667 0.078
2 0.364333 0.35 0.158 0.078667
2 0.352667 0.28133300000000006 0.070667 0.064
2 0.434667 0.232333 0.129333 0.147333
2 0.465667 0.12266699999999997 0.063333 0.064
2 0.411 0.825667 0.076667 0.066
2 0.476 0.869333 0.088 0.076
2 0.509333 0.823667 0.078667 0.092667
2 0.668 0.945 0.062667 0.072667
2 0.550667 0.954333 0.166667 0.087333
2 0.597667 0.860333 0.078 0.078
3 0.667 0.830667 0.072667 0.073333
2 0.697 0.736 0.092667 0.090667
2 0.590667 0.7743329999999999 0.128 0.094
2 0.59 0.657667 0.229333 0.160667
2 0.686333 0.555667 0.15 0.154
2 0.487333 0.518667 0.104 0.113333
2 0.586667 0.475 0.130667 0.131333
2 0.515667 0.356 0.147333 0.164
2 0.545333 0.20766700000000005 0.098667 0.119333
2 0.547 0.11666699999999997 0.11 0.090667
2 0.626 0.152667 0.073333 0.076
2 0.617 0.217333 0.091333 0.072
2 0.610333 0.30500000000000005 0.088667 0.119333
2 0.729667 0.122 0.147333 0.101333
2 0.728 0.038000000000000034 0.074667 0.076
2 0.697667 0.207333 0.088667 0.069333
2 0.699 0.29800000000000004 0.103333 0.108
2 0.688 0.411667 0.133333 0.108667
2 0.869 0.05133299999999996 0.118 0.093333
2 0.960667 0.05500000000000005 0.070667 0.055333
2 0.931 0.127 0.086 0.086
2 0.845 0.13133300000000003 0.080667 0.064
2 0.834667 0.21199999999999997 0.101333 0.097333
3 0.806667 0.29400000000000004 0.042667 0.036
2 0.82 0.368 0.138667 0.112
2 0.839333 0.46866699999999994 0.094667 0.094667
2 0.908667 0.503333 0.064 0.064
2 0.954 0.353 0.092 0.103333
3 0.872333 0.569333 0.047333 0.045333
2 0.791667 0.539667 0.084667 0.078
3 0.807333 0.593333 0.053333 0.034667
2 0.813 0.6579999999999999 0.127333 0.098667
2 0.801333 0.732667 0.104 0.056
2 0.816333 0.781333 0.054 0.041333
2 0.792 0.823 0.086667 0.078
2 0.824667 0.915667 0.134667 0.116667
2 0.920333 0.955667 0.051333 0.059333
2 0.949333 0.86 0.101333 0.114667
2 0.906333 0.760667 0.082 0.069333
2 0.927333 0.672667 0.101333 0.094667
2 0.967667 0.731333 0.064667 0.064
0 0.920667 0.207333 0.084 0.076
0 0.924333 0.264 0.051333 0.06
0 0.841667 0.292667 0.032667 0.045333
0 0.865333 0.264 0.04 0.045333
0 0.905 0.330333 0.066 0.072667
0 0.955 0.48766699999999996 0.067333 0.092667
0 0.919333 0.5760000000000001 0.069333 0.090667
0 0.966667 0.625333 0.034667 0.029333
0 0.415333 0.06799999999999995 0.052 0.056
0 0.474 0.734667 0.061333 0.070667
0 0.391667 0.744 0.066 0.069333
3 0.776667 0.965667 0.081333 0.067333
2 0.088333 0.955667 0.119333 0.087333
2 0.033333 0.752333 0.065333 0.099333
2 0.039 0.32966700000000004 0.076667 0.079333
2 0.044667 0.41600000000000004 0.088 0.104
2 0.563333 0.04833299999999996 0.194667 0.096667
