2 0.16300000000000003 0.6779999999999999 0.114 0.132
2 0.27833300000000005 0.726667 0.147333 0.121333
2 0.13733300000000004 0.760667 0.070667 0.072
2 0.07499999999999996 0.818667 0.11 0.132
2 0.088333 0.901 0.055333 0.047333
2 0.06666700000000003 0.956 0.076 0.068
2 0.14633300000000005 0.958667 0.086 0.076
2 0.230333 0.964 0.079333 0.070667
2 0.41100000000000003 0.964 0.087333 0.070667
2 0.43966700000000003 0.890667 0.058 0.076
2 0.35266699999999995 0.872 0.088 0.108
2 0.275 0.875333 0.064667 0.081333
2 0.18433299999999997 0.863667 0.116667 0.108667
2 0.20599999999999996 0.7953330000000001 0.072 0.058667
0 0.8160000000000001 0.546333 0.250667 0.174
0 0.851333 0.36866699999999997 0.165333 0.145333
0 0.831 0.228333 0.336667 0.334
0 0.361333 0.129 0.058667 0.059333
0 0.397667 0.09299999999999997 0.058 0.056667
0 0.5433330000000001 0.21899999999999997 0.068 0.076667
0 0.331333 0.07666700000000004 0.070667 0.054667
0 0.29000000000000004 0.11933300000000002 0.062667 0.084
0 0.137 0.18566700000000003 0.076667 0.074
0 0.29133299999999995 0.212333 0.056 0.043333
0 0.30200000000000005 0.25733300000000003 0.06 0.052
0 0.21599999999999997 0.259667 0.057333 0.054
0 0.19199999999999995 0.30933299999999997 0.053333 0.058667
0 0.21966699999999995 0.371333 0.054 0.04
0 0.317333 0.38333300000000003 0.061333 0.058667
0 0.36866699999999997 0.391 0.036 0.052667
0 0.41200000000000003 0.337333 0.092 0.094667
0 0.618333 0.563333 0.108667 0.094667
0 0.51 0.557667 0.089333 0.102
0 0.44399999999999995 0.49566699999999997 0.109333 0.104667
0 0.570333 0.38833300000000004 0.232667 0.239333
0 0.329333 0.550333 0.086667 0.112667
0 0.39133300000000004 0.592667 0.057333 0.046667
0 0.530667 0.6799999999999999 0.066667 0.097333
0 0.405667 0.722333 0.076667 0.079333
0 0.370333 0.785667 0.040667 0.043333
0 0.833 0.853 0.163333 0.196667
0 0.945667 0.7893330000000001 0.107333 0.137333
0 0.7 0.943667 0.156 0.103333
0 0.6723330000000001 0.8566670000000001 0.132667 0.102667
0 0.6990000000000001 0.761667 0.132667 0.102
0 0.7166669999999999 0.6659999999999999 0.132 0.117333
0 0.544667 0.845333 0.272 0.306667
0 0.07233299999999998 0.721333 0.058 0.053333
0 0.058667000000000025 0.5589999999999999 0.074667 0.066
0 0.024666999999999994 0.626 0.046667 0.037333
2 0.04400000000000004 0.12233300000000003 0.088 0.13
0 0.05466700000000002 0.29100000000000004 0.109333 0.126
0 0.14033300000000004 0.45199999999999996 0.280667 0.205333
