2 0.9390000000000001 0.108 0.120667 0.164
2 0.865 0.119333 0.094 0.142667
1 0.786333 0.089667 0.11 0.152667
2 0.6579999999999999 0.092333 0.169333 0.163333
1 0.723333 0.204667 0.102667 0.128
2 0.625 0.215333 0.118 0.088
3 0.618333 0.285667 0.062 0.05
3 0.748333 0.298667 0.078 0.073333
2 0.821333 0.259667 0.098667 0.092667
2 0.800333 0.193 0.082 0.076667
2 0.916667 0.212667 0.068 0.070667
2 0.976 0.225 0.044 0.062
2 0.913 0.318333 0.082 0.112667
2 0.8356669999999999 0.322667 0.060667 0.069333
2 0.892667 0.411667 0.082667 0.080667
1 0.929667 0.504333 0.09 0.123333
2 0.850333 0.486 0.064667 0.065333
2 0.809333 0.403333 0.084 0.102667
2 0.717667 0.384333 0.080667 0.083333
2 0.678667 0.403 0.041333 0.051333
2 0.615 0.364667 0.119333 0.1
2 0.589 0.462667 0.179333 0.165333
2 0.705667 0.561667 0.051333 0.052667
2 0.753333 0.479667 0.104 0.116667
1 0.5656669999999999 0.568333 0.115333 0.082
2 0.675333 0.471 0.045333 0.048667
2 0.85 0.560667 0.104 0.086667
2 0.871667 0.603667 0.086 0.042
2 0.879333 0.652 0.090667 0.072
1 0.924 0.690333 0.088 0.076667
2 0.803667 0.659667 0.052667 0.043333
2 0.639667 0.584 0.044667 0.038667
1 0.648 0.639 0.072 0.092667
2 0.525 0.647 0.084667 0.087333
2 0.632333 0.713 0.056667 0.055333
2 0.7196670000000001 0.658333 0.128667 0.143333
2 0.715333 0.747333 0.096 0.065333
1 0.698333 0.805667 0.147333 0.118
2 0.7050000000000001 0.884667 0.055333 0.054667
2 0.6453329999999999 0.907 0.074667 0.074
2 0.601667 0.832667 0.128667 0.141333
2 0.553667 0.9 0.042 0.04
2 0.534333 0.722 0.091333 0.068
2 0.51 0.786 0.101333 0.101333
2 0.479 0.888333 0.086 0.111333
1 0.607333 0.963 0.093333 0.074
1 0.758 0.891 0.069333 0.086
2 0.771333 0.971333 0.068 0.057333
2 0.808667 0.918333 0.062667 0.084667
2 0.794 0.736 0.066667 0.098667
1 0.8586670000000001 0.764 0.078667 0.098667
1 0.8336669999999999 0.851667 0.098 0.079333
1 0.942667 0.761667 0.08 0.075333
1 0.908667 0.819333 0.076 0.068
1 0.9143330000000001 0.872 0.076667 0.065333
2 0.89 0.936 0.094667 0.090667
0 0.10266699999999995 0.160333 0.072 0.09
0 0.29633299999999996 0.321667 0.044667 0.052667
0 0.24766699999999997 0.420667 0.120667 0.124
0 0.155667 0.465333 0.112667 0.145333
0 0.05733299999999997 0.454 0.081333 0.126667
0 0.122 0.632333 0.084 0.104667
0 0.05066700000000002 0.603667 0.038667 0.039333
0 0.08299999999999996 0.893667 0.152667 0.15
0 0.028333000000000053 0.364333 0.056667 0.072667
0 0.127 0.020667 0.03 0.024
0 0.586333 0.649667 0.062 0.074
0 0.594 0.741333 0.062667 0.069333
0 0.543667 0.932667 0.038 0.029333
0 0.764333 0.576667 0.058 0.072
0 0.935333 0.397333 0.033333 0.041333
0 0.952 0.436667 0.036 0.037333
0 0.8376669999999999 0.701667 0.028667 0.035333
2 0.6930000000000001 0.958333 0.074 0.083333
2 0.969 0.933 0.060667 0.09
2 0.974333 0.841 0.05 0.102
