2 0.964333 0.395333 0.068667 0.058667
2 0.940333 0.475 0.084667 0.071333
2 0.851 0.442333 0.055333 0.055333
2 0.834333 0.364 0.055333 0.062667
2 0.956667 0.318667 0.069333 0.072
2 0.91 0.224333 0.045333 0.042
2 0.890667 0.293667 0.054667 0.052667
2 0.855667 0.214667 0.048667 0.058667
2 0.815667 0.271333 0.087333 0.069333
2 0.75 0.334667 0.068 0.068
2 0.702333 0.242333 0.078 0.075333
2 0.6886669999999999 0.165333 0.041333 0.054667
2 0.965667 0.065333 0.062 0.076
2 0.903 0.059 0.103333 0.116667
2 0.632333 0.152 0.082 0.1
2 0.6493329999999999 0.059333 0.066667 0.066667
2 0.728667 0.097667 0.092 0.116667
2 0.565 0.114 0.042 0.057333
2 0.578667 0.05 0.097333 0.098667
2 0.542667 0.166 0.066667 0.049333
2 0.546667 0.221 0.061333 0.056667
2 0.446333 0.144667 0.046 0.037333
2 0.478 0.113 0.068 0.055333
2 0.31466700000000003 0.085333 0.064 0.064
2 0.211333 0.050667 0.034667 0.030667
2 0.238 0.075 0.026667 0.035333
2 0.14633300000000005 0.042333 0.076667 0.072667
2 0.19199999999999995 0.119 0.048 0.05
2 0.11233300000000002 0.101667 0.078 0.082
2 0.03933299999999995 0.085667 0.078667 0.080667
2 0.06566700000000003 0.172667 0.074 0.066667
2 0.086333 0.248667 0.087333 0.106667
2 0.14 0.191 0.066667 0.066
2 0.269667 0.152667 0.076667 0.076
2 0.33699999999999997 0.180333 0.052667 0.054
1 0.286667 0.241 0.070667 0.07
1 0.216333 0.207 0.075333 0.098
1 0.24266699999999997 0.304667 0.102667 0.105333
1 0.16833299999999995 0.268 0.082 0.090667
2 0.15500000000000003 0.38 0.144667 0.136
2 0.26433300000000004 0.414 0.082 0.096
1 0.336333 0.328 0.118 0.126667
2 0.368333 0.252333 0.09 0.078
2 0.466333 0.260667 0.060667 0.064
2 0.43033299999999997 0.338667 0.088667 0.101333
2 0.392 0.425 0.124 0.09
2 0.383667 0.523 0.112667 0.096667
2 0.43633299999999997 0.559667 0.048667 0.046
2 0.279667 0.506333 0.087333 0.086
2 0.316333 0.601333 0.096667 0.096
2 0.234333 0.636667 0.072667 0.066667
2 0.22966699999999995 0.568667 0.076667 0.066667
2 0.031000000000000028 0.514 0.046 0.04
2 0.378667 0.674333 0.061333 0.055333
2 0.388667 0.612667 0.064 0.06
2 0.5453330000000001 0.304 0.122667 0.098667
1 0.515667 0.366667 0.079333 0.093333
2 0.590667 0.391 0.068 0.07
2 0.6663330000000001 0.345333 0.024667 0.028
2 0.602333 0.486667 0.083333 0.108
2 0.507333 0.464 0.137333 0.121333
2 0.499667 0.555667 0.086 0.079333
2 0.521333 0.614 0.034667 0.034667
2 0.5023329999999999 0.690333 0.05 0.051333
3 0.443333 0.704667 0.076 0.069333
2 0.46699999999999997 0.628333 0.104667 0.080667
2 0.43133299999999997 0.781667 0.069333 0.082
2 0.5896669999999999 0.744667 0.114 0.098667
2 0.584333 0.679667 0.066 0.044667
2 0.551667 0.652667 0.062 0.062667
2 0.631667 0.577667 0.144667 0.107333
2 0.751 0.414667 0.142 0.102667
2 0.780667 0.527 0.16 0.152667
2 0.876667 0.541 0.085333 0.083333
2 0.903667 0.661 0.078 0.059333
2 0.851 0.626333 0.119333 0.092667
2 0.871 0.726333 0.043333 0.048667
2 0.926 0.921667 0.133333 0.119333
2 0.835 0.898 0.059333 0.069333
2 0.812333 0.783333 0.144667 0.185333
2 0.783667 0.877667 0.048667 0.051333
2 0.697333 0.766 0.098667 0.117333
2 0.716333 0.878333 0.086 0.111333
2 0.625333 0.846667 0.088 0.092
2 0.5716669999999999 0.941333 0.09 0.104
2 0.5333330000000001 0.806 0.070667 0.074667
2 0.49 0.911667 0.089333 0.111333
2 0.396 0.887667 0.106667 0.120667
2 0.33099999999999996 0.864 0.076667 0.088
3 0.265 0.833333 0.072667 0.081333
3 0.20299999999999996 0.816 0.051333 0.066667
2 0.20866700000000005 0.923333 0.112 0.132
2 0.093333 0.947 0.093333 0.106
0 0.08866700000000005 0.473 0.057333 0.054
0 0.11733300000000002 0.517667 0.064 0.046
0 0.03200000000000003 0.586333 0.06 0.07
0 0.048667000000000016 0.656667 0.053333 0.044
0 0.05500000000000005 0.725 0.056667 0.058
0 0.11066699999999996 0.582333 0.085333 0.086
0 0.15033300000000005 0.654333 0.079333 0.072667
0 0.26033300000000004 0.692333 0.060667 0.055333
0 0.28233299999999995 0.769 0.054 0.064667
0 0.356333 0.772667 0.071333 0.065333
0 0.669667 0.3 0.05 0.042667
0 0.692333 0.656333 0.038 0.043333
0 0.776 0.640333 0.045333 0.058
0 0.760667 0.18 0.064 0.057333
0 0.782333 0.117333 0.036667 0.050667
2 0.496 0.039 0.085333 0.076667
2 0.957333 0.559667 0.084 0.15
2 0.950333 0.728333 0.098 0.106
2 0.943333 0.838667 0.112 0.113333
2 0.933 0.933 0.128667 0.104667
2 0.838667 0.953 0.088 0.094
2 0.765 0.968 0.091333 0.064
2 0.6659999999999999 0.952333 0.110667 0.095333
2 0.31033299999999997 0.955 0.099333 0.09
