2 0.045333 0.909667 0.073333 0.062
2 0.052333 0.841333 0.076667 0.065333
2 0.144 0.872 0.104 0.106667
2 0.179667 0.949333 0.039333 0.044
2 0.108 0.773 0.085333 0.086
2 0.046333 0.663667 0.088667 0.120667
2 0.146333 0.694 0.094 0.097333
2 0.180333 0.796667 0.048667 0.058667
2 0.234333 0.903 0.048667 0.051333
1 0.131667 0.602 0.09 0.092
2 0.08 0.518667 0.101333 0.089333
2 0.043 0.418667 0.079333 0.086667
2 0.23 0.710333 0.068 0.096667
2 0.241333 0.812333 0.070667 0.087333
2 0.308667 0.948 0.105333 0.089333
2 0.294667 0.857667 0.094667 0.108667
2 0.285333 0.738 0.069333 0.133333
1 0.342333 0.7723329999999999 0.080667 0.084667
2 0.354333 0.679667 0.080667 0.088667
2 0.240667 0.976333 0.056 0.046
2 0.369 0.855 0.074 0.078
2 0.426333 0.788 0.087333 0.092
2 0.419333 0.947667 0.062667 0.052667
2 0.425667 0.884667 0.052667 0.070667
2 0.484667 0.975 0.068 0.046
2 0.495 0.904667 0.078 0.102667
2 0.498333 0.805667 0.046 0.082
3 0.572667 0.811667 0.044 0.039333
2 0.584 0.900667 0.069333 0.082667
2 0.650333 0.932667 0.072667 0.074667
2 0.730333 0.963 0.043333 0.047333
2 0.674333 0.867 0.05 0.05
2 0.623333 0.843333 0.034667 0.032
3 0.441333 0.718667 0.052 0.036
2 0.474667 0.6679999999999999 0.124 0.162667
2 0.600333 0.756 0.03 0.033333
2 0.536333 0.736 0.052667 0.045333
2 0.569667 0.6859999999999999 0.086 0.096
2 0.565667 0.583333 0.042 0.054667
2 0.627 0.601333 0.080667 0.101333
2 0.660667 0.7006669999999999 0.076 0.084
2 0.677667 0.7913330000000001 0.087333 0.098667
3 0.813 0.968 0.058 0.054667
2 0.79 0.89 0.065333 0.070667
2 0.76 0.804333 0.066667 0.076667
2 0.729 0.7110000000000001 0.051333 0.046
2 0.767667 0.654667 0.059333 0.064
3 0.844667 0.6619999999999999 0.061333 0.061333
2 0.796667 0.744 0.062667 0.069333
3 0.866333 0.748667 0.076667 0.090667
2 0.851 0.833333 0.054 0.054667
2 0.855333 0.909667 0.068 0.09
2 0.917 0.926333 0.058 0.056667
2 0.926667 0.851333 0.072 0.068
3 0.934333 0.7913330000000001 0.071333 0.068
2 0.938667 0.611 0.045333 0.048667
3 0.968333 0.529333 0.044667 0.034667
2 0.900667 0.517333 0.064 0.061333
2 0.833333 0.494333 0.068 0.087333
2 0.774667 0.558667 0.029333 0.033333
3 0.64 0.527667 0.045333 0.046
2 0.702667 0.6186670000000001 0.070667 0.105333
2 0.711333 0.5493330000000001 0.058667 0.069333
3 0.863 0.42633299999999996 0.055333 0.064667
3 0.787667 0.40900000000000003 0.044667 0.042
2 0.754667 0.47 0.092 0.122667
2 0.687 0.384667 0.087333 0.076
2 0.288333 0.582667 0.051333 0.061333
2 0.331333 0.580667 0.032 0.026667
2 0.305333 0.492333 0.054667 0.052667
3 0.315667 0.41300000000000003 0.052667 0.055333
2 0.360667 0.511 0.065333 0.084667
2 0.424 0.548667 0.050667 0.054667
2 0.421333 0.477 0.077333 0.083333
2 0.479333 0.5636669999999999 0.061333 0.054
2 0.495 0.486333 0.075333 0.087333
2 0.525333 0.414667 0.089333 0.074667
2 0.444 0.40133300000000005 0.062667 0.062667
2 0.385 0.382667 0.058 0.056
2 0.579 0.509 0.09 0.088667
3 0.597 0.42400000000000004 0.046 0.066667
2 0.674667 0.45566700000000004 0.078667 0.078
2 0.468 0.317333 0.068 0.086667
3 0.475333 0.22299999999999998 0.064 0.058
3 0.511 0.16233299999999995 0.056667 0.056667
3 0.556667 0.242 0.06 0.066667
3 0.585 0.18700000000000006 0.075333 0.055333
2 0.59 0.148667 0.062667 0.062667
2 0.594333 0.093333 0.076667 0.068
2 0.631667 0.28533299999999995 0.107333 0.137333
2 0.672667 0.19299999999999995 0.077333 0.068667
3 0.666333 0.14500000000000002 0.062 0.055333
2 0.753667 0.06966700000000003 0.09 0.115333
2 0.714 0.28733299999999995 0.066667 0.098667
3 0.763 0.21399999999999997 0.088667 0.096
2 0.833667 0.09499999999999997 0.075333 0.114
2 0.824 0.19133299999999998 0.058667 0.068
2 0.783667 0.303667 0.083333 0.086
3 0.847667 0.333333 0.044667 0.052
2 0.930333 0.342333 0.084667 0.07
2 0.905333 0.18933299999999997 0.096 0.1
3 0.899 0.12366699999999997 0.067333 0.054
2 0.928333 0.05133299999999996 0.091333 0.090667
3 0.413667 0.13166699999999998 0.046 0.054
2 0.462 0.07033299999999998 0.122667 0.140667
2 0.301 0.35 0.062 0.06
2 0.355 0.31966700000000003 0.048667 0.054
2 0.359667 0.245 0.118 0.091333
2 0.308667 0.16600000000000004 0.094667 0.105333
2 0.331667 0.090333 0.074 0.062
2 0.257333 0.06733299999999998 0.061333 0.089333
2 0.211333 0.125 0.097333 0.126
2 0.127333 0.10333300000000001 0.068 0.064
2 0.174667 0.20699999999999996 0.085333 0.095333
2 0.225667 0.31266700000000003 0.083333 0.101333
3 0.224667 0.484 0.045333 0.044
2 0.241333 0.402667 0.088 0.098667
2 0.16 0.377 0.077333 0.078
2 0.143 0.294667 0.087333 0.104
2 0.057333 0.24633300000000002 0.113333 0.124667
1 0.095333 0.16333299999999995 0.106667 0.102667
2 0.038667 0.05300000000000005 0.076 0.084667
0 0.944 0.6890000000000001 0.034667 0.044667
0 0.806333 0.604 0.092667 0.064
0 0.753667 0.14733300000000005 0.059333 0.054667
0 0.613333 0.358333 0.070667 0.067333
0 0.564333 0.030000000000000027 0.052667 0.048
0 0.525667 0.332333 0.051333 0.051333
0 0.376667 0.11766699999999997 0.038667 0.059333
0 0.157667 0.456333 0.067333 0.07
2 0.979333 0.088333 0.041333 0.055333
2 0.969 0.21766700000000005 0.062 0.099333
2 0.975667 0.626333 0.048667 0.076667
2 0.978 0.716333 0.042667 0.076667
2 0.561667 0.974333 0.067333 0.05
2 0.031333 0.762667 0.061333 0.094667
2 0.171667 0.042332999999999954 0.102 0.084667
2 0.372667 0.030000000000000027 0.074667 0.06
2 0.608333 0.023666999999999994 0.075333 0.047333
2 0.683667 0.04033299999999995 0.074 0.080667
