2 0.9339999999999999 0.128 0.12 0.102667
1 0.731333 0.138 0.161333 0.194667
1 0.5840000000000001 0.07 0.194667 0.138667
2 0.847 0.193333 0.140667 0.12
2 0.877 0.312667 0.063333 0.066667
2 0.687333 0.265 0.057333 0.054
2 0.773333 0.303 0.137333 0.147333
2 0.683333 0.336 0.065333 0.070667
2 0.8993329999999999 0.399333 0.125333 0.1
2 0.795 0.397667 0.091333 0.088667
2 0.843667 0.477333 0.07 0.073333
2 0.930333 0.483667 0.079333 0.063333
2 0.6413329999999999 0.422667 0.101333 0.102667
1 0.683333 0.512 0.142667 0.198667
2 0.587333 0.502333 0.057333 0.048667
2 0.614 0.57 0.101333 0.092
2 0.787 0.533667 0.086 0.119333
2 0.861 0.555333 0.062 0.078667
2 0.955 0.564333 0.078 0.091333
2 0.968 0.647 0.057333 0.071333
2 0.905667 0.678333 0.120667 0.111333
2 0.853 0.758 0.112667 0.121333
3 0.932667 0.769333 0.061333 0.065333
2 0.950667 0.838667 0.053333 0.06
2 0.758667 0.743 0.105333 0.128667
2 0.665 0.678333 0.123333 0.122
2 0.5780000000000001 0.718 0.065333 0.070667
2 0.647 0.763333 0.11 0.068
2 0.779667 0.839667 0.083333 0.082
2 0.692 0.837333 0.1 0.098667
2 0.6 0.831667 0.093333 0.087333
2 0.512667 0.840667 0.096 0.113333
2 0.5303329999999999 0.918 0.120667 0.132
2 0.638667 0.922667 0.104 0.097333
2 0.722333 0.926333 0.074 0.087333
2 0.813333 0.909333 0.12 0.113333
2 0.922 0.926667 0.096 0.102667
2 0.39433300000000004 0.830667 0.162 0.136
2 0.43999999999999995 0.726 0.196 0.109333
1 0.45566700000000004 0.640333 0.203333 0.099333
2 0.46966699999999995 0.549 0.184667 0.103333
2 0.487333 0.448333 0.198667 0.104667
2 0.528667 0.356667 0.230667 0.101333
2 0.547667 0.275333 0.216667 0.089333
2 0.579333 0.193667 0.168 0.122
2 0.7356670000000001 0.652667 0.062 0.054667
2 0.9390000000000001 0.201333 0.052667 0.069333
0 0.08533299999999999 0.791 0.16 0.168667
0 0.048667000000000016 0.952667 0.097333 0.092
0 0.090333 0.594 0.172667 0.154667
0 0.039000000000000035 0.192667 0.078 0.1
0 0.10733300000000001 0.14 0.085333 0.066667
0 0.216333 0.065333 0.187333 0.113333
0 0.06966700000000003 0.085333 0.063333 0.049333
0 0.030667 0.042 0.061333 0.077333
0 0.08866700000000005 0.016667 0.061333 0.030667
2 0.984667 0.799333 0.022667 0.061333
2 0.951333 0.277 0.096 0.172667
2 0.877667 0.063 0.224667 0.124667
2 0.367333 0.943 0.18 0.114
