2 0.15333300000000005 0.959333 0.108 0.077333
2 0.08266700000000005 0.896 0.105333 0.098667
2 0.18766700000000003 0.889 0.082 0.076667
3 0.212333 0.808 0.076667 0.069333
2 0.12566699999999997 0.779667 0.119333 0.115333
3 0.230333 0.735333 0.076667 0.068
3 0.25333300000000003 0.661667 0.058667 0.054
2 0.10599999999999998 0.6659999999999999 0.136 0.102667
2 0.05066700000000002 0.496 0.097333 0.101333
2 0.17533299999999996 0.5453330000000001 0.133333 0.094667
2 0.21999999999999997 0.464333 0.172 0.092667
2 0.14233300000000004 0.414667 0.13 0.105333
2 0.05033299999999996 0.34766699999999995 0.100667 0.128667
2 0.17700000000000005 0.32199999999999995 0.158 0.108
3 0.305667 0.41833299999999995 0.043333 0.043333
3 0.40900000000000003 0.40933299999999995 0.032667 0.028
3 0.33799999999999997 0.34199999999999997 0.069333 0.065333
3 0.44666700000000004 0.28533299999999995 0.066667 0.068
3 0.486333 0.18366700000000002 0.046 0.043333
2 0.40833299999999995 0.18300000000000005 0.092667 0.111333
2 0.300667 0.21366700000000005 0.089333 0.080667
2 0.04733299999999996 0.218333 0.065333 0.09
3 0.13033300000000003 0.18966700000000003 0.082 0.086
2 0.217333 0.17400000000000004 0.089333 0.096
3 0.25633300000000003 0.124 0.078 0.076
2 0.19733299999999998 0.253 0.06 0.056667
2 0.05500000000000005 0.12133300000000002 0.088667 0.096
2 0.14800000000000002 0.091333 0.105333 0.094667
3 0.08266700000000005 0.04466700000000001 0.069333 0.076
2 0.26633300000000004 0.04466700000000001 0.043333 0.045333
2 0.363 0.05700000000000005 0.083333 0.082
2 0.45999999999999996 0.07799999999999996 0.034667 0.034667
2 0.38933300000000004 0.562667 0.028 0.042667
2 0.391667 0.494 0.068667 0.072
2 0.5333330000000001 0.548667 0.042667 0.034667
2 0.497 0.435667 0.051333 0.047333
2 0.49166699999999997 0.359333 0.064667 0.058667
2 0.5333330000000001 0.269 0.045333 0.039333
2 0.6226670000000001 0.19799999999999995 0.036 0.030667
2 0.5896669999999999 0.13233300000000003 0.044667 0.046
2 0.657333 0.03633299999999995 0.064 0.062
2 0.656 0.43400000000000005 0.033333 0.033333
2 0.721333 0.532333 0.094667 0.118
2 0.760333 0.475333 0.055333 0.073333
2 0.8049999999999999 0.383667 0.060667 0.059333
2 0.930667 0.382 0.093333 0.065333
2 0.919667 0.443333 0.051333 0.048
2 0.895333 0.304667 0.128 0.096
2 0.834667 0.24833300000000003 0.068 0.052667
2 0.832667 0.15233300000000005 0.066667 0.055333
2 0.879 0.128 0.043333 0.04
2 0.941333 0.15133300000000005 0.116 0.114667
2 0.964 0.06266700000000003 0.070667 0.065333
2 0.870667 0.478 0.093333 0.078667
2 0.8526670000000001 0.533667 0.165333 0.107333
2 0.957667 0.574333 0.083333 0.086
2 0.876333 0.618333 0.071333 0.068667
2 0.7989999999999999 0.636333 0.114 0.095333
2 0.854 0.687667 0.076 0.059333
2 0.951333 0.652333 0.073333 0.078
2 0.925 0.7236670000000001 0.054 0.051333
2 0.959 0.840333 0.067333 0.084667
2 0.896 0.806333 0.065333 0.080667
2 0.865667 0.86 0.052667 0.062667
2 0.843 0.767 0.098 0.104667
1 0.779333 0.726667 0.104 0.098667
2 0.6679999999999999 0.683667 0.126667 0.171333
2 0.635667 0.801667 0.086 0.076667
1 0.734667 0.805667 0.121333 0.082
2 0.809667 0.854 0.071333 0.064
2 0.904 0.9696670000000001 0.04 0.043333
2 0.798667 0.933667 0.078667 0.079333
1 0.719333 0.888 0.112 0.137333
2 0.625667 0.933667 0.099333 0.120667
2 0.527 0.927667 0.086 0.114
2 0.593 0.864667 0.056667 0.066667
2 0.532667 0.817 0.108 0.09
2 0.43200000000000005 0.931 0.068 0.084667
2 0.37166699999999997 0.906667 0.047333 0.069333
2 0.44499999999999995 0.861333 0.083333 0.101333
2 0.408667 0.762333 0.066667 0.078
2 0.48266699999999996 0.762 0.069333 0.069333
2 0.26 0.962 0.069333 0.074667
2 0.746 0.40933299999999995 0.026667 0.024
0 0.5043329999999999 0.03700000000000003 0.040667 0.039333
0 0.789 0.12133300000000002 0.059333 0.057333
0 0.814667 0.07333299999999998 0.056 0.049333
0 0.684667 0.154667 0.053333 0.066667
0 0.730667 0.17766700000000002 0.045333 0.055333
0 0.784667 0.18066700000000002 0.045333 0.046667
0 0.755667 0.259667 0.052667 0.05
0 0.651667 0.318333 0.072667 0.092667
0 0.700333 0.28800000000000003 0.066 0.056
0 0.754333 0.30833299999999997 0.048667 0.051333
0 0.794 0.33766700000000005 0.056 0.051333
0 0.360333 0.23966699999999996 0.047333 0.05
0 0.320333 0.26633300000000004 0.044667 0.046
0 0.619667 0.376667 0.034 0.032
0 0.6226670000000001 0.47866699999999995 0.033333 0.033333
0 0.5876669999999999 0.503667 0.058 0.048667
0 0.45066700000000004 0.538 0.08 0.074667
0 0.573 0.6 0.055333 0.057333
0 0.618333 0.5780000000000001 0.040667 0.036
0 0.339333 0.517667 0.081333 0.079333
0 0.31000000000000005 0.569 0.069333 0.064667
0 0.46399999999999997 0.637667 0.074667 0.059333
0 0.5243329999999999 0.632667 0.068667 0.058667
0 0.565333 0.742667 0.038667 0.041333
0 0.534 0.717667 0.056 0.043333
0 0.35466699999999995 0.786667 0.056 0.089333
0 0.28133300000000006 0.802333 0.056 0.063333
0 0.262 0.882333 0.070667 0.063333
0 0.311667 0.894667 0.047333 0.056
0 0.924333 0.923333 0.042 0.048
0 0.878 0.927333 0.049333 0.052
2 0.18366700000000002 0.039000000000000035 0.096667 0.078
2 0.9666669999999999 0.48266699999999996 0.065333 0.097333
2 0.33999999999999997 0.969 0.062667 0.060667
2 0.04966700000000002 0.966333 0.099333 0.066
2 0.034667 0.844 0.069333 0.124
2 0.05133299999999996 0.580667 0.102667 0.1
