2 0.8486670000000001 0.443333 0.098667 0.118667
2 0.7723329999999999 0.469333 0.11 0.136
2 0.6819999999999999 0.49766699999999997 0.076 0.079333
2 0.755333 0.406 0.105333 0.112
1 0.6006670000000001 0.382 0.058667 0.062667
2 0.789667 0.358 0.106 0.097333
1 0.820667 0.632333 0.098667 0.107333
2 0.752 0.5640000000000001 0.12 0.096
2 0.652 0.599667 0.102667 0.13
2 0.5820000000000001 0.573333 0.078667 0.108
3 0.534 0.670667 0.084 0.072
2 0.610333 0.716 0.127333 0.130667
2 0.7296670000000001 0.727 0.114 0.118
2 0.73 0.639 0.094667 0.09
2 0.945667 0.744667 0.056667 0.045333
2 0.877 0.771667 0.119333 0.124667
2 0.782667 0.800333 0.108 0.143333
2 0.677667 0.8240000000000001 0.112667 0.096
2 0.587333 0.804 0.068 0.064
2 0.675667 0.893333 0.07 0.062667
2 0.728 0.955 0.070667 0.075333
2 0.8566670000000001 0.894 0.162667 0.12
2 0.966 0.8240000000000001 0.064 0.096
2 0.552 0.915333 0.184 0.157333
2 0.398 0.894667 0.138667 0.126667
2 0.293667 0.949667 0.063333 0.07
2 0.17166700000000001 0.928 0.124667 0.101333
2 0.243 0.840667 0.151333 0.126667
1 0.157667 0.808 0.044667 0.044
2 0.06000000000000005 0.842333 0.12 0.114
2 0.05833299999999997 0.758667 0.076667 0.062667
2 0.34099999999999997 0.761333 0.075333 0.101333
1 0.26033300000000004 0.742667 0.086 0.074667
1 0.28400000000000003 0.6619999999999999 0.086667 0.097333
1 0.17333299999999996 0.7170000000000001 0.137333 0.11
2 0.07199999999999995 0.674667 0.14 0.102667
2 0.18766700000000003 0.625333 0.120667 0.085333
1 0.10199999999999998 0.5800000000000001 0.1 0.094667
2 0.036667000000000005 0.483 0.069333 0.078
2 0.12066699999999997 0.479333 0.126667 0.101333
2 0.19999999999999996 0.533667 0.145333 0.115333
2 0.289667 0.5696669999999999 0.044667 0.040667
2 0.275667 0.463333 0.111333 0.105333
2 0.20999999999999996 0.450333 0.032 0.038
2 0.41300000000000003 0.806 0.088667 0.06
2 0.43400000000000005 0.7336670000000001 0.105333 0.092667
2 0.44599999999999995 0.663 0.06 0.054
1 0.36666699999999997 0.623333 0.109333 0.133333
1 0.340333 0.675333 0.059333 0.052
2 0.377 0.5473330000000001 0.07 0.065333
2 0.472333 0.593333 0.112667 0.096
2 0.47 0.483 0.102667 0.124667
2 0.38533300000000004 0.46966699999999995 0.089333 0.087333
2 0.42633299999999996 0.30533299999999997 0.068667 0.069333
2 0.515667 0.392667 0.15 0.164
2 0.317333 0.361333 0.133333 0.126667
2 0.20699999999999996 0.358333 0.104667 0.118
2 0.11266699999999996 0.373333 0.104 0.110667
2 0.049000000000000044 0.394667 0.05 0.073333
2 0.13666699999999998 0.284667 0.128 0.1
2 0.22899999999999998 0.26833300000000004 0.084667 0.079333
2 0.335333 0.236 0.133333 0.130667
2 0.34199999999999997 0.126 0.1 0.102667
2 0.27033300000000005 0.07066700000000004 0.05 0.064
1 0.24533300000000002 0.14033300000000004 0.1 0.118
2 0.12033300000000002 0.19466700000000003 0.152667 0.109333
1 0.09299999999999997 0.12333300000000003 0.064667 0.061333
2 0.170667 0.11633300000000002 0.132 0.139333
3 0.41033299999999995 0.4 0.052667 0.054667
0 0.937333 0.601333 0.122667 0.254667
0 0.683333 0.16233299999999995 0.632 0.320667
1 0.04133299999999995 0.06466700000000003 0.082667 0.094667
1 0.03533299999999995 0.29500000000000004 0.070667 0.106
1 0.02533300000000005 0.573 0.050667 0.098
2 0.043332999999999955 0.972667 0.086667 0.053333
1 0.953667 0.965667 0.084667 0.067333
1 0.8316669999999999 0.972667 0.138 0.053333
