2 0.947 0.903667 0.054 0.052667
3 0.868667 0.885667 0.092 0.108667
1 0.764667 0.962667 0.077333 0.073333
2 0.685333 0.947 0.044 0.042
2 0.7763329999999999 0.882 0.076667 0.062667
1 0.707333 0.886 0.030667 0.033333
1 0.654 0.899667 0.037333 0.05
2 0.7256670000000001 0.837 0.066 0.060667
2 0.732667 0.795 0.056 0.054
2 0.750333 0.765333 0.083333 0.062667
2 0.8109999999999999 0.795667 0.079333 0.088667
1 0.77 0.721333 0.036 0.034667
2 0.65 0.811333 0.078667 0.073333
2 0.642333 0.749 0.067333 0.059333
2 0.6890000000000001 0.698333 0.11 0.116667
2 0.777 0.649667 0.075333 0.078
2 0.78 0.590667 0.033333 0.034667
2 0.716 0.616 0.056 0.064
2 0.843667 0.649 0.060667 0.059333
2 0.929333 0.7236670000000001 0.073333 0.079333
2 0.960333 0.632 0.07 0.096
2 0.6623330000000001 0.599 0.051333 0.062
2 0.615 0.6 0.046 0.068
2 0.5776669999999999 0.509333 0.062 0.061333
2 0.6583330000000001 0.529667 0.112667 0.082
2 0.688333 0.445333 0.122 0.102667
2 0.906333 0.526 0.086 0.077333
2 0.8296669999999999 0.499667 0.075333 0.078
2 0.602 0.44566700000000004 0.046667 0.047333
1 0.532333 0.461333 0.05 0.06
2 0.503333 0.392667 0.122667 0.12
2 0.6166670000000001 0.376667 0.098667 0.101333
2 0.882333 0.38433300000000004 0.083333 0.07
2 0.853333 0.42900000000000005 0.022667 0.022
2 0.789667 0.38833300000000004 0.075333 0.080667
2 0.923 0.30933299999999997 0.078 0.082667
2 0.838333 0.31299999999999994 0.078 0.09
2 0.755 0.301667 0.108667 0.115333
2 0.646333 0.299667 0.055333 0.055333
3 0.673333 0.23066699999999996 0.062667 0.065333
2 0.762333 0.20033299999999998 0.087333 0.082
2 0.863333 0.236 0.072 0.066667
2 0.862 0.18633299999999997 0.069333 0.043333
2 0.952667 0.21066700000000005 0.093333 0.146667
2 0.889667 0.136 0.072667 0.064
2 0.802667 0.10599999999999998 0.088 0.093333
2 0.902667 0.06133299999999997 0.098667 0.090667
2 0.716 0.10866699999999996 0.064 0.052
2 0.742 0.04200000000000004 0.081333 0.084
3 0.688333 0.16900000000000004 0.058 0.052667
2 0.536 0.29833299999999996 0.126667 0.088667
2 0.588667 0.17500000000000004 0.106667 0.115333
2 0.617333 0.10299999999999998 0.053333 0.051333
1 0.6373329999999999 0.04200000000000004 0.068 0.073333
2 0.41500000000000004 0.07599999999999996 0.115333 0.141333
2 0.505 0.12033300000000002 0.078 0.080667
1 0.432667 0.17500000000000004 0.053333 0.051333
2 0.514667 0.19733299999999998 0.061333 0.073333
3 0.27233300000000005 0.19033299999999997 0.043333 0.048667
2 0.20966700000000005 0.153667 0.040667 0.052667
2 0.04533299999999996 0.094333 0.090667 0.079333
2 0.153667 0.058667000000000025 0.044667 0.029333
2 0.12833300000000003 0.145667 0.05 0.044667
2 0.07399999999999995 0.220333 0.133333 0.139333
3 0.14433300000000004 0.29000000000000004 0.059333 0.058667
2 0.300667 0.24766699999999997 0.136 0.084667
2 0.322333 0.41233299999999995 0.09 0.083333
2 0.25733300000000003 0.34199999999999997 0.166667 0.16
2 0.23733300000000002 0.452333 0.032 0.039333
3 0.16233299999999995 0.483 0.059333 0.044667
2 0.14100000000000001 0.524 0.039333 0.037333
2 0.061000000000000054 0.484333 0.084667 0.078
2 0.090333 0.399667 0.084667 0.083333
2 0.04066700000000001 0.338333 0.081333 0.059333
3 0.295667 0.48766699999999996 0.048667 0.043333
3 0.351333 0.484333 0.052 0.044667
3 0.27833300000000005 0.550333 0.047333 0.046
3 0.35266699999999995 0.6106670000000001 0.029333 0.033333
3 0.32999999999999996 0.647 0.058667 0.047333
2 0.38033300000000003 0.5529999999999999 0.143333 0.120667
3 0.19733299999999998 0.590667 0.057333 0.04
3 0.22366699999999995 0.697667 0.092667 0.082
2 0.154667 0.6553329999999999 0.097333 0.133333
2 0.06000000000000005 0.649 0.101333 0.112667
3 0.061000000000000054 0.736333 0.051333 0.038
2 0.09566699999999995 0.830667 0.092667 0.098667
2 0.20066700000000004 0.796 0.128 0.101333
2 0.41433299999999995 0.745333 0.111333 0.108
2 0.26933300000000004 0.853 0.090667 0.107333
2 0.145667 0.942 0.082 0.101333
3 0.18000000000000005 0.881333 0.041333 0.038667
2 0.24533300000000002 0.944 0.102667 0.102667
1 0.34099999999999997 0.935 0.091333 0.079333
2 0.45066700000000004 0.968333 0.108 0.048667
3 0.45899999999999996 0.920333 0.091333 0.060667
2 0.382667 0.861 0.144 0.116667
0 0.098333 0.051000000000000045 0.059333 0.064667
0 0.12833300000000003 0.10333300000000001 0.075333 0.050667
0 0.20766700000000005 0.07533299999999998 0.076667 0.069333
0 0.17400000000000004 0.227333 0.056 0.061333
0 0.220333 0.19866700000000004 0.059333 0.057333
0 0.165667 0.16833299999999995 0.060667 0.063333
0 0.622 0.246 0.04 0.037333
0 0.774 0.502667 0.064 0.068
0 0.07299999999999995 0.546 0.036667 0.046667
0 0.568667 0.597333 0.06 0.049333
0 0.823667 0.579 0.05 0.052667
0 0.481333 0.813 0.030667 0.043333
0 0.579333 0.884 0.034667 0.044
0 0.593333 0.927333 0.041333 0.037333
0 0.9083330000000001 0.792 0.036667 0.037333
2 0.463333 0.040000000000000036 0.097333 0.08
2 0.566667 0.04633299999999996 0.121333 0.091333
2 0.970333 0.06033299999999997 0.056667 0.114
2 0.965667 0.845333 0.067333 0.078667
3 0.941667 0.966 0.088667 0.065333
3 0.031667 0.859667 0.063333 0.108667
2 0.024666999999999994 0.396667 0.041333 0.053333
