3 0.818667 0.041 0.068 0.060667
2 0.922333 0.060333 0.103333 0.086
2 0.74 0.03 0.056 0.056
2 0.6699999999999999 0.045 0.070667 0.080667
2 0.849667 0.113333 0.155333 0.1
2 0.869333 0.222333 0.12 0.11
2 0.928333 0.310333 0.11 0.124667
2 0.883667 0.395667 0.091333 0.060667
2 0.9 0.533333 0.125333 0.206667
1 0.846 0.321 0.073333 0.092667
2 0.776 0.193667 0.08 0.088667
2 0.6966669999999999 0.154333 0.094667 0.118
2 0.767667 0.285333 0.096667 0.1
2 0.769667 0.37 0.100667 0.088
2 0.779667 0.462 0.123333 0.097333
1 0.784333 0.582 0.142 0.154667
2 0.673333 0.247 0.097333 0.082
2 0.6823330000000001 0.336 0.095333 0.096
2 0.685667 0.446 0.124667 0.126667
2 0.647667 0.587667 0.146 0.215333
2 0.586333 0.403667 0.095333 0.108667
2 0.597667 0.310333 0.084667 0.083333
2 0.616333 0.142333 0.083333 0.116667
2 0.5593330000000001 0.231333 0.092 0.094667
1 0.53 0.607667 0.116 0.247333
2 0.46966699999999995 0.514667 0.092667 0.125333
2 0.394 0.495 0.077333 0.088667
1 0.42600000000000005 0.649333 0.125333 0.186667
2 0.32899999999999996 0.641 0.114 0.17
2 0.228333 0.650333 0.134 0.223333
1 0.11033300000000001 0.680333 0.115333 0.220667
2 0.07266700000000004 0.526333 0.142667 0.126
2 0.19266700000000003 0.517333 0.094667 0.089333
2 0.28800000000000003 0.523667 0.108 0.094
2 0.337333 0.447667 0.112 0.123333
2 0.529667 0.115667 0.140667 0.152667
2 0.47466699999999995 0.357667 0.136 0.163333
2 0.455333 0.236 0.1 0.096
2 0.45999999999999996 0.082 0.090667 0.129333
2 0.387 0.052 0.106 0.097333
2 0.32299999999999995 0.100667 0.116667 0.125333
2 0.36566699999999996 0.218 0.084667 0.073333
2 0.23733300000000002 0.425 0.102667 0.11
2 0.12033300000000002 0.435 0.116667 0.104667
2 0.18533299999999997 0.360667 0.101333 0.105333
2 0.170667 0.396333 0.072 0.052667
2 0.22666699999999995 0.272667 0.106667 0.1
2 0.32866700000000004 0.310667 0.1 0.128
2 0.23166699999999996 0.053667 0.091333 0.099333
2 0.18533299999999997 0.136667 0.065333 0.072
2 0.27233300000000005 0.173 0.147333 0.158
2 0.126 0.081333 0.116 0.136
2 0.137 0.233333 0.108667 0.112
2 0.10799999999999998 0.311 0.069333 0.059333
2 0.04966700000000002 0.239 0.086 0.079333
2 0.06599999999999995 0.176333 0.1 0.062
0 0.790667 0.897667 0.18 0.184667
0 0.6026670000000001 0.935 0.145333 0.13
0 0.688 0.916 0.041333 0.045333
0 0.959667 0.902667 0.076667 0.166667
0 0.958667 0.147667 0.046667 0.054
0 0.9646669999999999 0.234 0.036 0.044
2 0.03700000000000003 0.069333 0.066 0.102667
2 0.032332999999999945 0.325333 0.064667 0.106667
2 0.04566700000000001 0.416333 0.09 0.108667
2 0.6 0.037 0.085333 0.072667
2 0.970667 0.396 0.052 0.090667
