2 0.882 0.073 0.126667 0.115333
2 0.955 0.124667 0.075333 0.068
2 0.889667 0.187333 0.127333 0.108
2 0.866667 0.276 0.114667 0.078667
2 0.949333 0.350333 0.092 0.094
2 0.835333 0.384333 0.138667 0.143333
2 0.95 0.433 0.090667 0.071333
2 0.882667 0.507333 0.130667 0.092
2 0.866667 0.654 0.157333 0.16
2 0.9013329999999999 0.795 0.152 0.119333
2 0.832333 0.86 0.047333 0.038667
2 0.907 0.886667 0.056667 0.038667
2 0.765 0.587 0.084667 0.084667
3 0.6910000000000001 0.606667 0.05 0.081333
2 0.74 0.752 0.101333 0.138667
2 0.787667 0.94 0.043333 0.062667
2 0.757333 0.874667 0.066667 0.088
2 0.6743330000000001 0.876 0.091333 0.121333
2 0.712 0.950333 0.064 0.052667
2 0.617333 0.933667 0.105333 0.111333
2 0.5389999999999999 0.912333 0.051333 0.051333
2 0.582667 0.840667 0.074667 0.069333
2 0.6473329999999999 0.727 0.093333 0.114
2 0.625 0.608667 0.095333 0.130667
2 0.569333 0.551333 0.070667 0.062667
2 0.572667 0.726 0.064 0.088
2 0.5303329999999999 0.626667 0.11 0.130667
2 0.515667 0.751667 0.114 0.108667
2 0.434667 0.649 0.093333 0.100667
2 0.43033299999999997 0.731 0.087333 0.080667
2 0.343333 0.636333 0.101333 0.144667
2 0.34266700000000005 0.742 0.1 0.094667
2 0.361 0.851 0.058 0.09
2 0.30000000000000004 0.840667 0.065333 0.092
2 0.469333 0.945333 0.096 0.104
2 0.394667 0.938667 0.070667 0.088
2 0.31299999999999994 0.934667 0.111333 0.098667
2 0.23399999999999999 0.863333 0.066667 0.068
2 0.134 0.783667 0.102667 0.091333
2 0.14633300000000005 0.869667 0.086 0.080667
2 0.06799999999999995 0.878667 0.070667 0.073333
2 0.101333 0.649 0.137333 0.088667
2 0.20066700000000004 0.697667 0.128 0.103333
2 0.241 0.612667 0.063333 0.061333
2 0.21166700000000005 0.540667 0.058 0.049333
2 0.11933300000000002 0.524667 0.06 0.057333
2 0.047667000000000015 0.560667 0.095333 0.101333
2 0.09599999999999997 0.469 0.06 0.051333
2 0.08966700000000005 0.397 0.094 0.084667
2 0.08966700000000005 0.329667 0.114 0.05
2 0.09066700000000005 0.285667 0.102667 0.054
2 0.16100000000000003 0.453667 0.062 0.082
2 0.217333 0.458 0.097333 0.124
2 0.219333 0.381333 0.065333 0.068
2 0.30700000000000005 0.451 0.087333 0.09
2 0.35766699999999996 0.508667 0.07 0.064
2 0.395667 0.374 0.126 0.12
2 0.609333 0.483 0.066667 0.062
2 0.517333 0.499667 0.092 0.076667
2 0.540333 0.416333 0.092667 0.082
2 0.539667 0.329667 0.052667 0.047333
2 0.6910000000000001 0.410667 0.096667 0.126667
2 0.62 0.408 0.074667 0.065333
2 0.10333300000000001 0.217667 0.110667 0.095333
2 0.07433299999999998 0.153667 0.091333 0.056667
2 0.06233299999999997 0.097 0.056667 0.048667
2 0.13 0.085333 0.130667 0.133333
2 0.18700000000000006 0.141667 0.088667 0.082
2 0.27733300000000005 0.165 0.102667 0.092667
2 0.31233299999999997 0.251667 0.09 0.124667
2 0.221333 0.250333 0.1 0.075333
2 0.24233300000000002 0.306333 0.083333 0.082
2 0.37266699999999997 0.231333 0.061333 0.101333
2 0.427667 0.235667 0.056667 0.09
2 0.489 0.217333 0.079333 0.102667
2 0.49866699999999997 0.141333 0.076 0.078667
2 0.44366700000000003 0.135 0.047333 0.075333
2 0.42400000000000004 0.071333 0.069333 0.056
2 0.337333 0.074667 0.096 0.093333
2 0.34299999999999997 0.152333 0.038 0.054
2 0.393 0.139333 0.068667 0.092
2 0.631 0.112333 0.116667 0.107333
2 0.586333 0.192 0.087333 0.08
2 0.5429999999999999 0.255333 0.082 0.096
2 0.673 0.176 0.072667 0.073333
2 0.683333 0.250333 0.06 0.047333
2 0.735 0.09 0.084667 0.085333
2 0.779667 0.172667 0.122 0.158667
0 0.969 0.260667 0.054 0.072
0 0.19733299999999998 0.932667 0.108 0.065333
0 0.9083330000000001 0.952333 0.122 0.094
0 0.494333 0.853333 0.128667 0.12
0 0.21899999999999997 0.772333 0.052667 0.064667
2 0.06333299999999997 0.953 0.126667 0.092667
2 0.968333 0.665 0.062 0.135333
2 0.636667 0.043667 0.186667 0.086
2 0.265667 0.046333 0.111333 0.091333
2 0.048667000000000016 0.736667 0.097333 0.110667
