1 0.05 0.9299999999999999 0.098667 0.108
1 0.088667 0.937667 0.104 0.120667
1 0.113667 0.7853330000000001 0.148667 0.18
1 0.199667 0.897333 0.128667 0.137333
1 0.273 0.830667 0.151333 0.176
1 0.219 0.723333 0.112667 0.137333
1 0.315333 0.6986669999999999 0.1 0.124
2 0.419667 0.870333 0.086 0.088667
2 0.395 0.753667 0.142 0.152667
1 0.372333 0.938333 0.159333 0.122
1 0.451 0.621667 0.182 0.178
1 0.497333 0.744333 0.097333 0.087333
1 0.591333 0.6146670000000001 0.134667 0.225333
1 0.671333 0.564667 0.116 0.194667
2 0.557333 0.836667 0.189333 0.194667
2 0.672 0.854 0.124 0.157333
2 0.713 0.96 0.072667 0.065333
2 0.749 0.901667 0.083333 0.115333
1 0.745667 0.683 0.179333 0.21
2 0.810333 0.827 0.119333 0.108667
2 0.881 0.937667 0.180667 0.118
2 0.915667 0.8466670000000001 0.063333 0.058667
2 0.907 0.734667 0.160667 0.148
1 0.861 0.659667 0.056667 0.056667
1 0.932 0.653667 0.066667 0.052667
2 0.820333 0.542 0.156667 0.210667
2 0.920667 0.5263329999999999 0.124 0.243333
0 0.626333 0.18600000000000005 0.140667 0.181333
0 0.706667 0.07966700000000004 0.074667 0.071333
0 0.570667 0.062000000000000055 0.088 0.073333
0 0.5 0.20299999999999996 0.121333 0.142
0 0.367 0.06299999999999994 0.138 0.126
0 0.401667 0.24966699999999997 0.094 0.116667
0 0.367 0.16433299999999995 0.064667 0.062
0 0.296667 0.306667 0.138667 0.176
0 0.265333 0.17333299999999996 0.06 0.050667
0 0.277333 0.12533300000000003 0.072 0.053333
0 0.252333 0.08766700000000005 0.067333 0.063333
0 0.206 0.13133300000000003 0.056 0.061333
0 0.175333 0.18500000000000005 0.092 0.106
0 0.124667 0.35066699999999995 0.141333 0.168
0 0.100667 0.237 0.08 0.092667
0 0.039667 0.17833299999999996 0.078 0.114
0 0.050333 0.469 0.098 0.175333
0 0.100667 0.12633300000000003 0.068 0.068667
0 0.485333 0.099333 0.081333 0.08
1 0.498333 0.964333 0.099333 0.064667
1 0.036667 0.792 0.069333 0.213333
2 0.967333 0.863 0.065333 0.106
0 0.169667 0.263667 0.083333 0.064667
