2 0.068667 0.906 0.072 0.058667
3 0.125 0.934333 0.062 0.076667
3 0.112667 0.831667 0.057333 0.059333
2 0.036 0.750333 0.070667 0.072667
2 0.120667 0.745 0.093333 0.080667
3 0.129333 0.691333 0.073333 0.057333
3 0.201333 0.754 0.054667 0.042667
2 0.271667 0.749667 0.05 0.048667
2 0.347333 0.729 0.054667 0.059333
2 0.297333 0.671333 0.073333 0.072
2 0.215 0.659 0.084667 0.083333
3 0.319667 0.601333 0.084667 0.070667
3 0.251667 0.567667 0.084667 0.074
2 0.209 0.525333 0.047333 0.041333
2 0.113333 0.601 0.064 0.062
2 0.041 0.605333 0.072667 0.062667
2 0.067333 0.556 0.061333 0.046667
2 0.050667 0.51 0.086667 0.074667
2 0.067333 0.433333 0.086667 0.068
2 0.130667 0.466667 0.070667 0.065333
3 0.127 0.540667 0.055333 0.056
2 0.276 0.514333 0.033333 0.027333
2 0.337667 0.529333 0.09 0.066667
2 0.400667 0.550333 0.061333 0.063333
2 0.472333 0.545333 0.048667 0.037333
2 0.423333 0.487 0.065333 0.056667
2 0.370333 0.471667 0.047333 0.054
2 0.232667 0.451 0.050667 0.043333
2 0.287667 0.471333 0.076667 0.061333
2 0.119333 0.371333 0.042667 0.044
2 0.181 0.393667 0.047333 0.044667
2 0.305333 0.402667 0.070667 0.062667
2 0.516 0.296 0.061333 0.061333
2 0.344 0.332333 0.072 0.078
2 0.283333 0.336667 0.04 0.030667
2 0.254 0.396333 0.037333 0.058
2 0.140333 0.289333 0.046 0.041333
2 0.229 0.319667 0.046 0.047333
2 0.301333 0.277333 0.054667 0.057333
2 0.386 0.272 0.042667 0.04
1 0.376667 0.219333 0.032 0.032
1 0.279333 0.124667 0.024 0.021333
2 0.335667 0.184333 0.016667 0.020667
2 0.243 0.197333 0.040667 0.033333
3 0.264 0.234333 0.062667 0.051333
2 0.218333 0.272333 0.048667 0.05
2 0.066667 0.281667 0.057333 0.056667
2 0.167667 0.218 0.052667 0.065333
2 0.185667 0.156667 0.047333 0.045333
1 0.136 0.098333 0.04 0.035333
2 0.151333 0.041333 0.076 0.065333
2 0.029 0.026667 0.046 0.044
2 0.074333 0.191333 0.075333 0.065333
2 0.024333 0.200333 0.047333 0.072667
0 0.305 0.886333 0.318 0.227333
0 0.615 0.871333 0.311333 0.257333
0 0.639667 0.636 0.27 0.22
0 0.827 0.581 0.111333 0.11
0 0.909667 0.532333 0.119333 0.148667
0 0.930667 0.334 0.138667 0.156
0 0.806667 0.377 0.18 0.178
0 0.619667 0.478667 0.036667 0.04
0 0.193667 0.458 0.048667 0.045333
0 0.482667 0.392667 0.044 0.04
0 0.500667 0.431333 0.04 0.030667
0 0.495667 0.473667 0.05 0.043333
0 0.749667 0.262 0.047333 0.062667
0 0.699 0.26 0.060667 0.06
0 0.644 0.246667 0.049333 0.042667
0 0.543 0.225333 0.076667 0.068
0 0.475667 0.233667 0.039333 0.043333
0 0.449667 0.249 0.038 0.034
0 0.401 0.150333 0.048667 0.052667
0 0.46 0.132333 0.041333 0.040667
0 0.705 0.141667 0.048667 0.034
0 0.810667 0.125333 0.041333 0.030667
0 0.682667 0.074 0.044 0.046667
0 0.619667 0.117 0.05 0.060667
0 0.470667 0.179667 0.052 0.05
0 0.365 0.176667 0.048667 0.036
0 0.323667 0.109667 0.038 0.054
0 0.364333 0.071 0.034 0.038
0 0.399667 0.070333 0.036667 0.039333
0 0.793333 0.078 0.049333 0.052
0 0.966333 0.155333 0.062 0.070667
0 0.559333 0.407667 0.041333 0.034
0 0.478333 0.689 0.056667 0.088667
2 0.050333 0.969 0.083333 0.062
2 0.039 0.831667 0.076667 0.107333
2 0.050667 0.345333 0.1 0.097333
2 0.052667 0.103 0.104 0.099333
