1 0.117 0.907 0.098 0.084667
1 0.127667 0.8296669999999999 0.114 0.083333
1 0.147333 0.76 0.101333 0.068
1 0.144 0.7050000000000001 0.058667 0.039333
1 0.164 0.650667 0.098667 0.074667
2 0.176 0.5589999999999999 0.086667 0.091333
1 0.087333 0.5369999999999999 0.102667 0.114
1 0.069 0.635 0.096667 0.087333
1 0.079333 0.6986669999999999 0.073333 0.054667
2 0.062 0.763 0.077333 0.086
2 0.03 0.887333 0.058667 0.065333
1 0.339 0.10533300000000001 0.112667 0.101333
2 0.311333 0.19999999999999996 0.106667 0.106667
2 0.288667 0.29233299999999995 0.102667 0.108667
1 0.246333 0.07533299999999998 0.09 0.098667
2 0.172667 0.056332999999999966 0.073333 0.080667
1 0.152333 0.137 0.075333 0.086
1 0.141333 0.218333 0.077333 0.082
2 0.213333 0.230333 0.097333 0.087333
1 0.229333 0.159667 0.076 0.074
1 0.210333 0.31599999999999995 0.084667 0.089333
2 0.118667 0.31299999999999994 0.101333 0.114
1 0.061667 0.21266700000000005 0.087333 0.093333
1 0.081333 0.137 0.072 0.078
2 0.077333 0.05133299999999996 0.102667 0.098667
0 0.605333 0.933333 0.044 0.036
0 0.965 0.976333 0.044667 0.046
0 0.926 0.930667 0.04 0.041333
2 0.033 0.945333 0.064667 0.061333
1 0.022 0.11733300000000002 0.044 0.082667
