2 0.162333 0.029 0.054 0.043333
2 0.121 0.095667 0.074 0.056667
3 0.060667 0.130333 0.069333 0.059333
3 0.027667 0.214333 0.054 0.052667
2 0.104 0.176667 0.06 0.064
2 0.251667 0.041333 0.084667 0.076
2 0.230667 0.102 0.073333 0.061333
2 0.194333 0.130333 0.056667 0.056667
2 0.18 0.209333 0.122667 0.109333
1 0.266 0.231667 0.033333 0.028667
2 0.237 0.313 0.078 0.091333
3 0.314667 0.327333 0.046667 0.042667
3 0.158333 0.286333 0.048667 0.05
2 0.094333 0.251667 0.09 0.083333
2 0.062 0.341333 0.092 0.090667
2 0.15 0.340667 0.032 0.030667
2 0.04 0.412 0.078667 0.076
2 0.114 0.406667 0.065333 0.065333
2 0.204333 0.381667 0.074 0.084667
2 0.277667 0.395 0.059333 0.055333
2 0.253333 0.444667 0.069333 0.061333
2 0.171 0.438667 0.056667 0.04
2 0.181333 0.487 0.077333 0.056667
3 0.055667 0.517333 0.071333 0.064
3 0.116 0.574667 0.084 0.076
2 0.032667 0.590333 0.064 0.056667
3 0.184 0.59 0.056 0.065333
2 0.258333 0.592333 0.074 0.080667
2 0.342333 0.39 0.060667 0.06
2 0.408333 0.439333 0.079333 0.105333
2 0.318667 0.495 0.097333 0.091333
2 0.222333 0.672 0.079333 0.078667
2 0.216 0.749 0.097333 0.072667
2 0.044333 0.833 0.079333 0.062
2 0.187333 0.823333 0.096 0.088
2 0.114 0.856667 0.042667 0.042667
2 0.161667 0.898333 0.083333 0.064667
2 0.114667 0.773333 0.094667 0.121333
2 0.258333 0.888333 0.11 0.187333
2 0.356667 0.856 0.068 0.08
3 0.416667 0.900333 0.037333 0.039333
3 0.448333 0.962 0.082 0.073333
2 0.440333 0.808667 0.056667 0.058667
3 0.484667 0.868333 0.042667 0.060667
3 0.562 0.858 0.025333 0.024
2 0.506333 0.787667 0.052667 0.052667
2 0.368 0.783 0.06 0.062
2 0.310667 0.74 0.061333 0.062667
3 0.323 0.653 0.044667 0.055333
3 0.447333 0.724667 0.04 0.034667
2 0.326333 0.052 0.048667 0.064
1 0.393667 0.052 0.088667 0.094667
2 0.357 0.151333 0.098 0.101333
2 0.500667 0.046 0.044 0.036
3 0.436333 0.131667 0.051333 0.059333
2 0.495333 0.122667 0.102667 0.146667
2 0.557 0.151667 0.038 0.055333
2 0.595 0.049 0.124667 0.091333
2 0.606 0.142667 0.069333 0.073333
2 0.481333 0.228 0.058667 0.072
2 0.42 0.222 0.072 0.090667
2 0.343 0.242 0.071333 0.066667
2 0.557667 0.229 0.042 0.048667
2 0.639667 0.215667 0.111333 0.099333
2 0.657667 0.285667 0.027333 0.018
3 0.661 0.320333 0.043333 0.046
2 0.522 0.317 0.037333 0.058
2 0.384 0.314333 0.08 0.086
2 0.457 0.314 0.082 0.097333
2 0.579333 0.301333 0.098667 0.104
3 0.510667 0.385667 0.102667 0.076667
2 0.598667 0.404667 0.085333 0.105333
3 0.662 0.393333 0.058667 0.064
3 0.669 0.484 0.05 0.064
3 0.605 0.487333 0.086 0.068
3 0.490333 0.462333 0.092667 0.074
2 0.464667 0.542667 0.094667 0.088
2 0.404333 0.572 0.056667 0.076
2 0.348667 0.591333 0.06 0.057333
3 0.389667 0.648333 0.075333 0.064667
2 0.487667 0.658667 0.112667 0.105333
3 0.534667 0.727333 0.068 0.076
3 0.600667 0.744 0.025333 0.037333
2 0.578333 0.651667 0.075333 0.080667
2 0.540333 0.583 0.087333 0.098
3 0.604333 0.552667 0.056667 0.062667
3 0.660333 0.580333 0.055333 0.054
3 0.738667 0.588667 0.101333 0.104
3 0.644667 0.654333 0.073333 0.086
2 0.726333 0.677667 0.092667 0.09
2 0.68 0.742 0.102667 0.077333
2 0.75 0.805333 0.098667 0.101333
2 0.706667 0.875667 0.098667 0.114
3 0.610333 0.902667 0.086 0.073333
2 0.633333 0.966333 0.084 0.067333
2 0.789 0.085333 0.082 0.072
2 0.954333 0.057333 0.09 0.058667
2 0.471 0.083 0.142 0.095333
2 0.939667 0.213333 0.063333 0.062667
2 0.832667 0.183 0.084 0.051333
2 0.836667 0.255667 0.166667 0.116667
2 0.916 0.365667 0.153333 0.122
2 0.899333 0.461 0.092 0.079333
3 0.935333 0.549 0.102667 0.072667
3 0.919333 0.606667 0.068 0.054667
3 0.953 0.668333 0.043333 0.044667
3 0.911 0.74 0.084667 0.081333
2 0.881333 0.917667 0.089333 0.104667
3 0.889 0.808333 0.062 0.051333
0 0.307333 0.968333 0.073333 0.056667
0 0.354 0.932667 0.074667 0.066667
0 0.160333 0.657667 0.026 0.032667
0 0.942667 0.297667 0.041333 0.034
0 0.278333 0.296 0.040667 0.037333
0 0.853 0.059667 0.048667 0.064667
0 0.809333 0.031333 0.049333 0.044
0 0.181667 0.067 0.032667 0.038
2 0.948667 0.958333 0.094667 0.083333
2 0.833 0.977333 0.062 0.045333
2 0.134667 0.958667 0.070667 0.082667
2 0.031667 0.908333 0.062 0.079333
2 0.942333 0.122333 0.111333 0.094
2 0.966333 0.462667 0.067333 0.082667
2 0.967667 0.771667 0.064667 0.112667
2 0.961 0.870667 0.078 0.086667
