2 0.860667 0.945333 0.097333 0.1
2 0.757667 0.983667 0.036667 0.031333
2 0.7783329999999999 0.924667 0.052667 0.053333
2 0.9143330000000001 0.7933330000000001 0.05 0.045333
3 0.788333 0.851 0.05 0.072667
2 0.735333 0.8446670000000001 0.058667 0.073333
2 0.6803330000000001 0.857333 0.054 0.057333
2 0.707667 0.912 0.063333 0.061333
2 0.589 0.975333 0.046 0.045333
2 0.5333330000000001 0.933 0.088 0.084667
2 0.611667 0.8566670000000001 0.027333 0.033333
2 0.326333 0.883667 0.048667 0.054
2 0.279 0.925333 0.087333 0.114667
2 0.361 0.956333 0.095333 0.083333
2 0.19033299999999997 0.945333 0.087333 0.072
2 0.212333 0.870333 0.120667 0.114
2 0.272 0.833 0.029333 0.024667
2 0.13833300000000004 0.891333 0.055333 0.077333
2 0.10266699999999995 0.931667 0.070667 0.072667
2 0.034667 0.884333 0.042667 0.047333
2 0.07633299999999998 0.842 0.071333 0.078667
2 0.098333 0.758667 0.084667 0.104
2 0.17633299999999996 0.790667 0.107333 0.112
2 0.19833299999999998 0.677667 0.120667 0.114
2 0.13033300000000003 0.654667 0.056667 0.068
2 0.04633299999999996 0.659 0.092667 0.116667
2 0.06466700000000003 0.573333 0.092 0.108
2 0.157667 0.5740000000000001 0.094 0.078667
2 0.10333300000000001 0.498333 0.077333 0.072667
3 0.166667 0.494333 0.057333 0.05
2 0.23833300000000002 0.5413330000000001 0.083333 0.077333
2 0.260667 0.466333 0.102667 0.114
2 0.19733299999999998 0.426667 0.101333 0.101333
2 0.118 0.42800000000000005 0.06 0.057333
2 0.06533299999999997 0.39133300000000004 0.062667 0.061333
2 0.24433300000000002 0.351 0.056667 0.047333
2 0.148667 0.33366700000000005 0.121333 0.118
2 0.028666999999999998 0.28300000000000003 0.057333 0.075333
2 0.26033300000000004 0.289667 0.047333 0.047333
2 0.255 0.22599999999999998 0.078 0.08
2 0.18466700000000003 0.23766699999999996 0.070667 0.074
2 0.11033300000000001 0.25533300000000003 0.072667 0.074667
2 0.06433299999999997 0.20299999999999996 0.078 0.079333
2 0.101333 0.14600000000000002 0.037333 0.06
2 0.14 0.13366699999999998 0.037333 0.043333
2 0.369333 0.19199999999999995 0.101333 0.096
3 0.34366699999999994 0.128 0.039333 0.04
2 0.28900000000000003 0.13366699999999998 0.054 0.068667
2 0.21466700000000005 0.14100000000000001 0.097333 0.116667
2 0.24566699999999997 0.05800000000000005 0.143333 0.110667
2 0.398667 0.41000000000000003 0.093333 0.096
2 0.402667 0.33366700000000005 0.06 0.054
2 0.5333330000000001 0.485 0.042667 0.035333
2 0.587333 0.503 0.042667 0.046
2 0.6663330000000001 0.5183329999999999 0.048667 0.046
2 0.763 0.525333 0.058 0.048
2 0.825667 0.544667 0.05 0.042667
2 0.925 0.515 0.09 0.094
2 0.847333 0.484333 0.109333 0.078
2 0.8089999999999999 0.441333 0.086 0.074667
2 0.711667 0.44966700000000004 0.106 0.091333
3 0.637667 0.43999999999999995 0.054 0.064
3 0.565333 0.42600000000000005 0.078667 0.077333
3 0.5103329999999999 0.404667 0.024667 0.034667
2 0.958333 0.41700000000000004 0.079333 0.09
2 0.880333 0.394 0.079333 0.1
2 0.817333 0.38033300000000003 0.041333 0.044667
2 0.777667 0.39 0.040667 0.044
3 0.7276670000000001 0.374 0.056667 0.06
2 0.661667 0.354333 0.05 0.059333
2 0.580667 0.314333 0.106667 0.107333
2 0.513333 0.32466700000000004 0.036 0.038667
2 0.42633299999999996 0.26333300000000004 0.068667 0.058667
2 0.49566699999999997 0.28633299999999995 0.056667 0.062
2 0.5660000000000001 0.25 0.036 0.032
2 0.523667 0.220333 0.071333 0.072667
2 0.611 0.24066699999999996 0.040667 0.037333
2 0.6743330000000001 0.27633300000000005 0.044667 0.05
2 0.711333 0.281667 0.037333 0.047333
2 0.749333 0.31766700000000003 0.046667 0.042
2 0.7783329999999999 0.34666699999999995 0.022 0.025333
2 0.807333 0.31499999999999995 0.069333 0.058
2 0.965333 0.32866700000000004 0.068 0.077333
2 0.893667 0.308667 0.091333 0.073333
2 0.846333 0.277 0.058 0.048667
2 0.911 0.23933300000000002 0.079333 0.065333
2 0.935333 0.170667 0.086667 0.072
2 0.965333 0.09799999999999998 0.065333 0.061333
2 0.785667 0.20999999999999996 0.05 0.053333
2 0.862667 0.20333299999999999 0.029333 0.034667
2 0.715333 0.21199999999999997 0.078667 0.089333
2 0.654333 0.16833299999999995 0.11 0.112667
2 0.683333 0.07466700000000004 0.137333 0.102667
2 0.597333 0.095333 0.032 0.044
2 0.542333 0.13266699999999998 0.072667 0.102667
2 0.483333 0.15933299999999995 0.037333 0.053333
2 0.436667 0.08433299999999999 0.110667 0.108667
3 0.509 0.06133299999999997 0.058 0.065333
2 0.556 0.03866700000000001 0.030667 0.036
2 0.963333 0.7010000000000001 0.072 0.066
3 0.891667 0.581333 0.040667 0.038667
3 0.8140000000000001 0.619 0.098667 0.083333
3 0.884667 0.633 0.076 0.063333
2 0.876 0.709333 0.1 0.084
2 0.833333 0.758667 0.101333 0.098667
2 0.757333 0.775333 0.033333 0.037333
2 0.775 0.687 0.087333 0.094
2 0.669333 0.781667 0.093333 0.078
3 0.5896669999999999 0.810667 0.075333 0.077333
2 0.501 0.827667 0.083333 0.086
2 0.409667 0.811333 0.104667 0.096
2 0.42133299999999996 0.871333 0.025333 0.029333
2 0.29833299999999996 0.787 0.054 0.05
2 0.33066700000000004 0.721 0.096 0.11
2 0.42133299999999996 0.721333 0.074667 0.065333
2 0.508 0.742667 0.101333 0.113333
2 0.607667 0.725333 0.086 0.093333
2 0.640333 0.647 0.104667 0.075333
3 0.632667 0.5900000000000001 0.058667 0.044
2 0.572667 0.583 0.028 0.027333
2 0.534 0.667667 0.044 0.047333
2 0.45499999999999996 0.6433329999999999 0.122 0.096
2 0.29233299999999995 0.633 0.083333 0.083333
2 0.315333 0.548667 0.068 0.098667
2 0.38733300000000004 0.5820000000000001 0.101333 0.101333
2 0.507 0.566333 0.087333 0.080667
2 0.410667 0.49666699999999997 0.097333 0.1
0 0.911667 0.04300000000000004 0.079333 0.074
0 0.825667 0.24333300000000002 0.038 0.045333
0 0.6333329999999999 0.28133300000000006 0.042667 0.046667
0 0.44399999999999995 0.21399999999999997 0.049333 0.038667
0 0.352333 0.28700000000000003 0.058 0.054
0 0.272667 0.385667 0.056 0.051333
0 0.713667 0.519 0.043333 0.058
0 0.5820000000000001 0.664667 0.057333 0.057333
0 0.24733300000000003 0.757667 0.052 0.048667
0 0.637 0.929667 0.066 0.063333
0 0.897667 0.881667 0.046 0.039333
0 0.936667 0.983 0.030667 0.031333
0 0.22699999999999998 0.609667 0.047333 0.048667
0 0.693333 0.725333 0.030667 0.030667
0 0.44766700000000004 0.881333 0.038 0.030667
0 0.42933299999999996 0.944667 0.041333 0.052
3 0.12733300000000003 0.032332999999999945 0.101333 0.064667
3 0.981667 0.552667 0.035333 0.048
3 0.958333 0.619 0.079333 0.099333
2 0.022333000000000047 0.799333 0.044667 0.073333
2 0.028666999999999998 0.473 0.057333 0.055333
2 0.03500000000000003 0.360333 0.07 0.060667
2 0.04500000000000004 0.09299999999999997 0.09 0.116667
