1 0.938333 0.91 0.119333 0.106667
2 0.950667 0.839333 0.097333 0.073333
2 0.884667 0.775333 0.068 0.070667
1 0.854 0.872333 0.068 0.082
1 0.823 0.959333 0.091333 0.08
1 0.898 0.96 0.061333 0.078667
1 0.777 0.867 0.091333 0.151333
2 0.701333 0.838333 0.078667 0.078
2 0.675 0.935 0.098 0.118
2 0.599333 0.927333 0.077333 0.102667
1 0.514667 0.941333 0.089333 0.102667
2 0.43400000000000005 0.89 0.102667 0.122667
2 0.363333 0.869667 0.036 0.056667
3 0.388667 0.804667 0.04 0.04
2 0.525667 0.829333 0.147333 0.129333
2 0.552 0.738667 0.056 0.061333
2 0.486 0.708 0.06 0.064
2 0.631667 0.7723329999999999 0.082 0.076667
1 0.825333 0.715667 0.1 0.123333
2 0.731333 0.766667 0.089333 0.068
2 0.736 0.688 0.106667 0.096
2 0.657333 0.672667 0.066667 0.070667
2 0.5720000000000001 0.646333 0.106667 0.112667
2 0.499333 0.628333 0.069333 0.087333
2 0.425667 0.617 0.096667 0.104667
1 0.41133299999999995 0.695333 0.068 0.064
2 0.940333 0.5920000000000001 0.107333 0.134667
1 0.857 0.593333 0.092667 0.134667
1 0.777667 0.593333 0.09 0.14
3 0.777 0.49266699999999997 0.055333 0.058667
1 0.872333 0.496333 0.107333 0.079333
2 0.812667 0.40333300000000005 0.134667 0.129333
1 0.899 0.39533300000000005 0.047333 0.061333
2 0.854 0.292667 0.096 0.105333
2 0.758333 0.33566700000000005 0.048667 0.063333
2 0.7130000000000001 0.415667 0.052667 0.051333
1 0.708333 0.471 0.098 0.09
2 0.675667 0.38033300000000003 0.100667 0.088667
2 0.680667 0.290667 0.090667 0.106667
2 0.708333 0.23099999999999998 0.11 0.107333
1 0.6273329999999999 0.47666699999999995 0.064 0.085333
1 0.682667 0.573 0.12 0.122
2 0.589333 0.554 0.072 0.066667
2 0.523667 0.5349999999999999 0.054 0.059333
1 0.540333 0.452333 0.123333 0.124667
2 0.5946670000000001 0.28933299999999995 0.104 0.137333
2 0.543667 0.24066699999999996 0.052667 0.042667
2 0.5916669999999999 0.18866700000000003 0.056667 0.061333
1 0.534667 0.15100000000000002 0.076 0.078
2 0.49066699999999996 0.19599999999999995 0.136 0.101333
2 0.43600000000000005 0.27033300000000005 0.106667 0.114
2 0.412667 0.36066699999999996 0.068 0.072
2 0.49766699999999997 0.356 0.114 0.076
1 0.521333 0.28933299999999995 0.064 0.070667
2 0.46399999999999997 0.44166700000000003 0.057333 0.082
2 0.391667 0.43100000000000005 0.087333 0.082
2 0.282667 0.882 0.064 0.070667
2 0.252667 0.969 0.054667 0.055333
2 0.057667000000000024 0.958667 0.036667 0.06
2 0.19433299999999998 0.912 0.074 0.056
2 0.12833300000000003 0.839333 0.075333 0.070667
2 0.06999999999999995 0.727333 0.041333 0.044
2 0.21999999999999997 0.837333 0.102667 0.094667
2 0.24 0.7663329999999999 0.070667 0.07
2 0.31299999999999994 0.799667 0.108667 0.078
2 0.31466700000000003 0.712333 0.125333 0.114
2 0.164667 0.725333 0.072 0.073333
2 0.08899999999999997 0.648667 0.120667 0.129333
2 0.18833299999999997 0.653667 0.083333 0.078
3 0.224333 0.617 0.036667 0.040667
2 0.13833300000000004 0.560667 0.058 0.053333
2 0.288667 0.633667 0.070667 0.071333
1 0.35 0.617667 0.057333 0.075333
3 0.034667 0.853 0.029333 0.038
2 0.45466700000000004 0.528 0.094667 0.088
2 0.37066699999999997 0.523333 0.070667 0.092
2 0.29333299999999995 0.555667 0.098667 0.084667
2 0.230333 0.498333 0.084667 0.083333
2 0.27 0.47466699999999995 0.033333 0.033333
2 0.24433300000000002 0.421667 0.087333 0.088667
2 0.16833299999999995 0.395 0.082 0.084667
2 0.17566700000000002 0.46566700000000005 0.05 0.048667
2 0.08866700000000005 0.362333 0.096 0.086
2 0.03866700000000001 0.564667 0.077333 0.084
2 0.058667000000000025 0.46266700000000005 0.117333 0.118667
2 0.04266700000000001 0.30500000000000005 0.066667 0.058
1 0.09666699999999995 0.27233300000000005 0.128 0.118
2 0.042332999999999954 0.20599999999999996 0.072667 0.057333
1 0.06733299999999998 0.14433300000000004 0.086667 0.080667
1 0.10266699999999995 0.060667000000000026 0.104 0.089333
2 0.170667 0.17400000000000004 0.126667 0.126667
1 0.18233299999999997 0.06766700000000003 0.080667 0.096667
2 0.264 0.16633299999999995 0.073333 0.07
2 0.266667 0.10166699999999995 0.088 0.068667
2 0.236 0.251 0.078667 0.080667
2 0.21266700000000005 0.33166700000000005 0.096 0.078
2 0.337333 0.31699999999999995 0.098667 0.09
2 0.31266700000000003 0.237 0.093333 0.086
1 0.391667 0.18366700000000002 0.056667 0.068667
1 0.33266700000000005 0.15500000000000003 0.064 0.078
1 0.382667 0.08866700000000005 0.161333 0.125333
2 0.28333299999999995 0.374667 0.052 0.053333
2 0.32566700000000004 0.41633299999999995 0.072667 0.091333
0 0.17933299999999996 0.28133300000000006 0.062667 0.064
0 0.13866699999999998 0.49366699999999997 0.06 0.072667
0 0.31399999999999995 0.494333 0.038667 0.054
0 0.899667 0.725333 0.048667 0.052
0 0.872333 0.676667 0.062 0.048
0 0.644 0.8376669999999999 0.041333 0.048667
0 0.625333 0.7110000000000001 0.069333 0.056667
0 0.412667 0.751667 0.046667 0.060667
0 0.13933300000000004 0.7763329999999999 0.062667 0.059333
0 0.050000000000000044 0.8069999999999999 0.02 0.028667
0 0.590667 0.374 0.061333 0.062667
0 0.883 0.06299999999999994 0.031333 0.032667
2 0.037667000000000006 0.05266700000000002 0.075333 0.104
2 0.14533300000000005 0.965667 0.117333 0.067333
2 0.402667 0.951667 0.157333 0.095333
2 0.960333 0.975667 0.078 0.047333
2 0.955667 0.45066700000000004 0.087333 0.172
