1 0.384 0.862667 0.125333 0.134667
1 0.528667 0.884333 0.197333 0.191333
1 0.491 0.775667 0.116667 0.116667
1 0.775 0.886 0.148667 0.097333
1 0.913333 0.823667 0.169333 0.182
1 0.824333 0.787667 0.091333 0.09
1 0.753 0.817 0.082 0.074
1 0.562667 0.731667 0.073333 0.078
1 0.689667 0.793333 0.147333 0.090667
1 0.665333 0.708 0.134667 0.113333
1 0.787 0.684333 0.116667 0.108667
2 0.887667 0.714667 0.074 0.064
1 0.416667 0.662333 0.137333 0.116667
1 0.531333 0.644667 0.12 0.132
1 0.632667 0.622667 0.102667 0.101333
1 0.735333 0.594 0.1 0.089333
2 0.847667 0.601667 0.116667 0.120667
1 0.9103330000000001 0.565667 0.114 0.112667
2 0.952333 0.494667 0.095333 0.082667
2 0.26433300000000004 0.595333 0.15 0.144
2 0.389 0.546 0.120667 0.134667
1 0.5 0.533667 0.134667 0.135333
2 0.6166670000000001 0.542333 0.098667 0.083333
2 0.680667 0.513 0.054667 0.056667
1 0.749333 0.478333 0.092 0.112667
1 0.819333 0.489333 0.070667 0.104
1 0.892333 0.442667 0.078 0.094667
1 0.836667 0.394667 0.066667 0.070667
1 0.942667 0.417 0.114667 0.146
1 0.7703329999999999 0.354 0.124667 0.128
1 0.661 0.372333 0.118 0.176667
1 0.544667 0.419667 0.106667 0.095333
1 0.5373330000000001 0.340667 0.098667 0.070667
1 0.567333 0.258667 0.169333 0.165333
2 0.5303329999999999 0.167 0.084667 0.068667
2 0.679667 0.212667 0.083333 0.068
1 0.7743329999999999 0.228667 0.206 0.161333
1 0.892667 0.220333 0.102667 0.106
1 0.756333 0.133667 0.083333 0.068667
1 0.632667 0.127333 0.117333 0.108
1 0.582333 0.052667 0.122 0.105333
2 0.38133300000000003 0.226 0.130667 0.12
1 0.22999999999999998 0.480333 0.166667 0.144667
2 0.372 0.403333 0.204 0.196
1 0.19566700000000004 0.396667 0.148667 0.108
2 0.18600000000000005 0.313667 0.106667 0.080667
2 0.250667 0.259333 0.146667 0.141333
2 0.35266699999999995 0.124 0.124 0.109333
2 0.12 0.219 0.138667 0.122
2 0.06933299999999998 0.107333 0.124 0.129333
2 0.20866700000000005 0.128667 0.168 0.138667
1 0.5756669999999999 0.477333 0.082 0.074667
2 0.856 0.067667 0.138667 0.135333
2 0.720333 0.061667 0.155333 0.123333
1 0.14600000000000002 0.035333 0.152 0.070667
1 0.794667 0.967333 0.097333 0.064
2 0.691333 0.958667 0.112 0.081333
1 0.935667 0.947 0.128667 0.104667
2 0.945667 0.294333 0.108667 0.126
1 0.934333 0.121667 0.131333 0.154
2 0.386667 0.029667 0.093333 0.059333
