2 0.921667 0.035 0.054 0.052667
2 0.967667 0.104667 0.063333 0.081333
1 0.909 0.094667 0.034 0.046667
1 0.838333 0.048667 0.060667 0.066667
2 0.702 0.042333 0.058667 0.07
2 0.742 0.108667 0.094667 0.078667
2 0.851667 0.122667 0.082 0.066667
1 0.958 0.163 0.033333 0.032667
1 0.928 0.166667 0.033333 0.041333
2 0.8356669999999999 0.177667 0.07 0.086
2 0.753333 0.191 0.104 0.126
2 0.7026669999999999 0.235 0.081333 0.083333
2 0.6819999999999999 0.144333 0.026667 0.027333
1 0.881667 0.202667 0.062 0.053333
1 0.862667 0.251333 0.062667 0.054667
2 0.9666669999999999 0.226 0.065333 0.054667
2 0.948 0.276667 0.092 0.062667
2 0.930333 0.346667 0.052667 0.044
2 0.857667 0.334 0.094 0.086667
2 0.979333 0.415667 0.038667 0.048667
2 0.883667 0.418333 0.034 0.03
2 0.935 0.484667 0.052667 0.050667
2 0.8009999999999999 0.414667 0.088667 0.065333
2 0.796 0.352 0.052 0.037333
1 0.707667 0.342333 0.048667 0.046
2 0.625333 0.077333 0.085333 0.086667
2 0.5589999999999999 0.114 0.046 0.061333
2 0.488333 0.086 0.048667 0.048
2 0.40433300000000005 0.072333 0.07 0.079333
2 0.31233299999999997 0.057667 0.079333 0.086
2 0.22866699999999995 0.049 0.062667 0.091333
2 0.259 0.127 0.075333 0.063333
1 0.33899999999999997 0.148333 0.058 0.044667
2 0.419667 0.154333 0.079333 0.094
3 0.503 0.157333 0.088667 0.084
2 0.514 0.227667 0.072 0.062
2 0.581333 0.234 0.036 0.042667
1 0.356333 0.208 0.052667 0.048
2 0.372333 0.248667 0.052667 0.057333
2 0.44566700000000004 0.260667 0.075333 0.081333
3 0.546 0.313 0.062667 0.059333
2 0.621333 0.279667 0.081333 0.067333
1 0.6533329999999999 0.34 0.054667 0.046667
2 0.611 0.379 0.067333 0.054
3 0.704 0.414333 0.056 0.044667
3 0.5589999999999999 0.451 0.043333 0.040667
3 0.500667 0.462333 0.037333 0.031333
2 0.44899999999999995 0.449333 0.058 0.057333
3 0.387 0.463 0.064667 0.059333
2 0.338333 0.418 0.056667 0.052
2 0.31299999999999994 0.364 0.051333 0.049333
3 0.25133300000000003 0.358 0.058667 0.046667
2 0.27 0.295333 0.088 0.070667
2 0.334333 0.266333 0.020667 0.019333
2 0.260667 0.221667 0.064 0.054
2 0.19666700000000004 0.200667 0.06 0.068
2 0.20899999999999996 0.431333 0.112667 0.096
2 0.892 0.544333 0.017333 0.016667
2 0.757 0.471 0.023333 0.020667
2 0.825667 0.508667 0.128667 0.122667
2 0.815 0.612667 0.035333 0.042667
2 0.967667 0.662667 0.038 0.042667
2 0.9319999999999999 0.699667 0.037333 0.055333
2 0.963 0.762 0.042 0.038667
2 0.864667 0.668667 0.077333 0.089333
2 0.884 0.748 0.1 0.073333
3 0.9013329999999999 0.8 0.056 0.036
3 0.657 0.457667 0.122 0.098
3 0.633 0.528333 0.068667 0.054
3 0.5780000000000001 0.503 0.042667 0.058
2 0.521333 0.516 0.062667 0.077333
3 0.472333 0.527 0.040667 0.072667
3 0.42400000000000004 0.549 0.054667 0.066
2 0.362333 0.521667 0.05 0.051333
2 0.256 0.525333 0.089333 0.094667
2 0.23733300000000002 0.589667 0.076 0.046
2 0.38533300000000004 0.588 0.04 0.04
2 0.31399999999999995 0.63 0.092 0.073333
2 0.234333 0.648333 0.064667 0.072667
2 0.254667 0.721 0.085333 0.079333
2 0.17400000000000004 0.711333 0.049333 0.041333
3 0.33199999999999996 0.72 0.078667 0.077333
3 0.396667 0.676333 0.064 0.07
2 0.41800000000000004 0.751333 0.058667 0.052
3 0.501 0.681667 0.062 0.058
3 0.515667 0.725 0.042 0.035333
3 0.574333 0.723333 0.067333 0.054667
3 0.607 0.682333 0.048667 0.056667
3 0.5553330000000001 0.664667 0.057333 0.069333
3 0.534333 0.639333 0.031333 0.034667
3 0.522 0.597667 0.06 0.063333
3 0.46099999999999997 0.623667 0.095333 0.095333
3 0.593333 0.600667 0.053333 0.061333
2 0.750333 0.624 0.086 0.065333
2 0.784667 0.67 0.069333 0.062667
2 0.815333 0.764667 0.062667 0.065333
2 0.866333 0.824 0.031333 0.045333
2 0.838667 0.818667 0.033333 0.053333
3 0.935667 0.892333 0.09 0.079333
2 0.865333 0.912667 0.058667 0.065333
2 0.7969999999999999 0.915667 0.044667 0.044667
2 0.675 0.941 0.054 0.068667
2 0.642 0.979667 0.037333 0.040667
2 0.6126670000000001 0.941 0.058667 0.075333
2 0.627667 0.847333 0.055333 0.068
2 0.665 0.770333 0.084667 0.088667
2 0.696333 0.704 0.075333 0.069333
3 0.572333 0.795667 0.063333 0.078
3 0.503667 0.797 0.074 0.096667
2 0.464333 0.859333 0.092667 0.093333
2 0.513667 0.936 0.020667 0.032
2 0.349 0.805667 0.066 0.075333
2 0.29633299999999996 0.85 0.058 0.058667
2 0.382667 0.915333 0.105333 0.089333
3 0.397667 0.850333 0.038 0.040667
2 0.20299999999999996 0.862333 0.060667 0.071333
2 0.300667 0.907667 0.050667 0.048667
2 0.327333 0.963333 0.057333 0.050667
2 0.217333 0.944 0.137333 0.112
2 0.139 0.876 0.084667 0.081333
3 0.121 0.79 0.044667 0.056
3 0.18300000000000005 0.773 0.082 0.075333
3 0.049000000000000044 0.755333 0.032667 0.037333
2 0.15033300000000005 0.656667 0.104667 0.093333
3 0.096333 0.721333 0.05 0.045333
2 0.05466700000000002 0.682 0.089333 0.092
2 0.11566699999999996 0.562333 0.147333 0.099333
2 0.07799999999999996 0.461667 0.122667 0.091333
2 0.16400000000000003 0.355 0.084 0.076667
3 0.08199999999999996 0.381 0.070667 0.060667
2 0.08533299999999999 0.296667 0.052 0.050667
2 0.15633300000000006 0.276333 0.095333 0.078
2 0.125 0.2 0.062 0.066667
2 0.05066700000000002 0.225 0.088 0.086
3 0.16100000000000003 0.090667 0.074 0.074667
3 0.07999999999999996 0.089 0.033333 0.028667
3 0.472 0.351 0.064 0.062
3 0.391667 0.33 0.091333 0.101333
0 0.050000000000000044 0.809333 0.096 0.088
0 0.5529999999999999 0.914 0.027333 0.042667
0 0.735333 0.951667 0.070667 0.080667
0 0.744333 0.822 0.047333 0.052
0 0.722333 0.861 0.056667 0.054
0 0.786 0.728667 0.084 0.061333
0 0.655667 0.652 0.035333 0.04
0 0.6583330000000001 0.597 0.066 0.064667
0 0.947333 0.552667 0.064 0.069333
0 0.742333 0.349 0.035333 0.038
0 0.529667 0.367333 0.035333 0.028
0 0.022666999999999993 0.315 0.045333 0.054
0 0.5083329999999999 0.279667 0.058 0.059333
0 0.827 0.297333 0.068667 0.050667
0 0.733 0.263667 0.034 0.031333
0 0.596 0.177667 0.054667 0.052667
0 0.784 0.069 0.042667 0.027333
2 0.07466700000000004 0.951333 0.149333 0.094667
2 0.462333 0.968333 0.091333 0.056667
2 0.823667 0.975333 0.067333 0.049333
2 0.975333 0.345 0.048 0.099333
1 0.972667 0.028 0.053333 0.054667
2 0.764333 0.034667 0.072667 0.068
2 0.133 0.028333 0.086 0.055333
