2 0.118 0.073 0.126667 0.115333
2 0.045 0.124667 0.075333 0.068
2 0.110333 0.187333 0.127333 0.108
2 0.133333 0.276 0.114667 0.078667
2 0.050667 0.350333 0.092 0.094
2 0.164667 0.384333 0.138667 0.143333
2 0.05 0.433 0.090667 0.071333
2 0.117333 0.507333 0.130667 0.092
2 0.133333 0.654 0.157333 0.16
2 0.098667 0.795 0.152 0.119333
2 0.167667 0.86 0.047333 0.038667
2 0.093 0.886667 0.056667 0.038667
2 0.235 0.587 0.084667 0.084667
3 0.309 0.606667 0.05 0.081333
2 0.26 0.752 0.101333 0.138667
2 0.212333 0.94 0.043333 0.062667
2 0.242667 0.874667 0.066667 0.088
2 0.325667 0.876 0.091333 0.121333
2 0.288 0.950333 0.064 0.052667
2 0.382667 0.933667 0.105333 0.111333
2 0.461 0.912333 0.051333 0.051333
2 0.417333 0.840667 0.074667 0.069333
2 0.352667 0.727 0.093333 0.114
2 0.375 0.608667 0.095333 0.130667
2 0.430667 0.551333 0.070667 0.062667
2 0.427333 0.726 0.064 0.088
2 0.469667 0.626667 0.11 0.130667
2 0.484333 0.751667 0.114 0.108667
2 0.565333 0.649 0.093333 0.100667
2 0.569667 0.731 0.087333 0.080667
2 0.656667 0.636333 0.101333 0.144667
2 0.657333 0.742 0.1 0.094667
2 0.639 0.851 0.058 0.09
2 0.7 0.840667 0.065333 0.092
2 0.530667 0.945333 0.096 0.104
2 0.605333 0.938667 0.070667 0.088
2 0.687 0.934667 0.111333 0.098667
2 0.766 0.863333 0.066667 0.068
2 0.866 0.783667 0.102667 0.091333
2 0.853667 0.869667 0.086 0.080667
2 0.932 0.878667 0.070667 0.073333
2 0.898667 0.649 0.137333 0.088667
2 0.799333 0.697667 0.128 0.103333
2 0.759 0.612667 0.063333 0.061333
2 0.788333 0.540667 0.058 0.049333
2 0.880667 0.524667 0.06 0.057333
2 0.952333 0.560667 0.095333 0.101333
2 0.904 0.469 0.06 0.051333
2 0.910333 0.397 0.094 0.084667
2 0.910333 0.329667 0.114 0.05
2 0.909333 0.285667 0.102667 0.054
2 0.839 0.453667 0.062 0.082
2 0.782667 0.458 0.097333 0.124
2 0.780667 0.381333 0.065333 0.068
2 0.693 0.451 0.087333 0.09
2 0.642333 0.508667 0.07 0.064
2 0.604333 0.374 0.126 0.12
2 0.390667 0.483 0.066667 0.062
2 0.482667 0.499667 0.092 0.076667
2 0.459667 0.416333 0.092667 0.082
2 0.460333 0.329667 0.052667 0.047333
2 0.309 0.410667 0.096667 0.126667
2 0.38 0.408 0.074667 0.065333
2 0.896667 0.217667 0.110667 0.095333
2 0.925667 0.153667 0.091333 0.056667
2 0.937667 0.097 0.056667 0.048667
2 0.87 0.085333 0.130667 0.133333
2 0.813 0.141667 0.088667 0.082
2 0.722667 0.165 0.102667 0.092667
2 0.687667 0.251667 0.09 0.124667
2 0.778667 0.250333 0.1 0.075333
2 0.757667 0.306333 0.083333 0.082
2 0.627333 0.231333 0.061333 0.101333
2 0.572333 0.235667 0.056667 0.09
2 0.511 0.217333 0.079333 0.102667
2 0.501333 0.141333 0.076 0.078667
2 0.556333 0.135 0.047333 0.075333
2 0.576 0.071333 0.069333 0.056
2 0.662667 0.074667 0.096 0.093333
2 0.657 0.152333 0.038 0.054
2 0.607 0.139333 0.068667 0.092
2 0.369 0.112333 0.116667 0.107333
2 0.413667 0.192 0.087333 0.08
2 0.457 0.255333 0.082 0.096
2 0.327 0.176 0.072667 0.073333
2 0.316667 0.250333 0.06 0.047333
2 0.265 0.09 0.084667 0.085333
2 0.220333 0.172667 0.122 0.158667
0 0.031 0.260667 0.054 0.072
0 0.802667 0.932667 0.108 0.065333
0 0.091667 0.952333 0.122 0.094
0 0.505667 0.853333 0.128667 0.12
0 0.781 0.772333 0.052667 0.064667
2 0.936667 0.953 0.126667 0.092667
2 0.031667 0.665 0.062 0.135333
2 0.363333 0.043667 0.186667 0.086
2 0.734333 0.046333 0.111333 0.091333
2 0.951333 0.736667 0.097333 0.110667
