3 0.05500000000000005 0.051 0.086 0.080667
2 0.048667000000000016 0.128667 0.068 0.058667
2 0.027000000000000024 0.181667 0.051333 0.048667
2 0.05233299999999996 0.278333 0.096667 0.111333
1 0.12733300000000003 0.342333 0.046667 0.05
1 0.15433300000000005 0.389667 0.054 0.042
2 0.17466700000000002 0.434 0.038667 0.028
1 0.207333 0.491667 0.04 0.028667
1 0.19133299999999998 0.461 0.036 0.026
1 0.086333 0.371667 0.056667 0.044667
1 0.04266700000000001 0.413 0.044 0.044667
3 0.145667 0.029 0.055333 0.043333
3 0.211333 0.052667 0.029333 0.026667
2 0.24066699999999996 0.109667 0.076 0.076667
1 0.30400000000000005 0.031333 0.038667 0.038667
2 0.30400000000000005 0.065333 0.038667 0.034667
1 0.31499999999999995 0.113 0.042 0.055333
2 0.299667 0.189667 0.072667 0.060667
2 0.31799999999999995 0.27 0.1 0.092
3 0.330333 0.351 0.052667 0.052667
2 0.32599999999999996 0.436 0.077333 0.096
2 0.24633300000000002 0.400667 0.082 0.097333
3 0.11366699999999996 0.492 0.047333 0.034667
2 0.11499999999999999 0.435333 0.094 0.074667
2 0.038000000000000034 0.487 0.068 0.083333
2 0.09166700000000005 0.558 0.082 0.066667
2 0.047667000000000015 0.615333 0.076667 0.054667
2 0.19766700000000004 0.541 0.087333 0.075333
2 0.149667 0.594667 0.072667 0.065333
2 0.142667 0.537333 0.030667 0.032
2 0.11633300000000002 0.647333 0.075333 0.076
2 0.05800000000000005 0.740333 0.030667 0.031333
2 0.022666999999999993 0.811 0.042667 0.059333
2 0.09699999999999998 0.941333 0.083333 0.1
2 0.19066700000000003 0.900667 0.073333 0.089333
2 0.246 0.942667 0.096 0.114667
2 0.329333 0.528667 0.057333 0.066667
2 0.320333 0.584667 0.044667 0.045333
2 0.27733300000000005 0.582 0.038667 0.042667
2 0.308667 0.637667 0.052 0.051333
2 0.222333 0.618 0.084667 0.076
2 0.211333 0.690333 0.088 0.076667
2 0.21566700000000005 0.773667 0.092667 0.092667
2 0.292667 0.787667 0.084 0.087333
2 0.29733299999999996 0.709667 0.073333 0.076667
2 0.388 0.054667 0.062667 0.069333
2 0.46266700000000005 0.081333 0.057333 0.074667
2 0.476 0.173667 0.033333 0.040667
2 0.393 0.133333 0.083333 0.070667
2 0.383 0.227667 0.086 0.115333
2 0.45999999999999996 0.235 0.068 0.084667
2 0.5329999999999999 0.286 0.05 0.04
2 0.6293329999999999 0.307667 0.065333 0.058
2 0.6703330000000001 0.390333 0.044667 0.054
2 0.600333 0.373 0.071333 0.083333
2 0.531667 0.344 0.052667 0.064
2 0.463333 0.322333 0.069333 0.074
2 0.46566700000000005 0.414 0.11 0.106667
2 0.398667 0.478333 0.037333 0.044667
2 0.532667 0.423 0.066667 0.078
2 0.602333 0.464667 0.083333 0.092
2 0.664667 0.559 0.069333 0.108667
3 0.693333 0.663667 0.065333 0.054
2 0.619333 0.626333 0.097333 0.115333
2 0.633 0.734667 0.080667 0.106667
3 0.572333 0.827 0.076667 0.080667
2 0.499 0.884333 0.082 0.086
2 0.42800000000000005 0.948667 0.076 0.062667
2 0.41200000000000003 0.867333 0.094667 0.1
2 0.37933300000000003 0.778667 0.090667 0.1
2 0.39633300000000005 0.683333 0.054 0.052
2 0.381 0.604333 0.074 0.087333
2 0.45099999999999996 0.643667 0.066 0.058
2 0.46366700000000005 0.714333 0.078 0.083333
2 0.470333 0.798667 0.088667 0.088
2 0.5469999999999999 0.739 0.088667 0.115333
2 0.544667 0.609667 0.076 0.084667
2 0.556 0.536 0.06 0.062667
2 0.475333 0.581333 0.065333 0.061333
2 0.475333 0.503 0.090667 0.079333
2 0.636 0.240333 0.066667 0.079333
2 0.5573330000000001 0.207 0.101333 0.112667
2 0.531 0.098 0.079333 0.1
2 0.5720000000000001 0.048 0.058667 0.064
2 0.638667 0.064 0.058667 0.065333
2 0.621 0.139 0.076667 0.09
2 0.7703329999999999 0.374333 0.044667 0.039333
2 0.719333 0.339667 0.069333 0.114
2 0.732667 0.199 0.102667 0.116667
2 0.839 0.161333 0.079333 0.096
3 0.845333 0.075 0.066667 0.071333
2 0.910667 0.029 0.061333 0.054
2 0.773333 0.061 0.138667 0.120667
2 0.798333 0.284333 0.088667 0.115333
2 0.207333 0.174333 0.093333 0.076667
3 0.16833299999999995 0.24 0.076667 0.064
3 0.12166699999999997 0.163 0.083333 0.09
0 0.08999999999999997 0.824333 0.053333 0.046
0 0.08699999999999997 0.877333 0.05 0.042667
0 0.19733299999999998 0.342 0.037333 0.057333
0 0.264 0.526667 0.048 0.052
0 0.634333 0.918667 0.194 0.162667
0 0.6859999999999999 0.762333 0.077333 0.068667
0 0.906667 0.857667 0.137333 0.17
0 0.805667 0.632333 0.240667 0.268667
0 0.787667 0.430333 0.056667 0.05
0 0.832333 0.445667 0.05 0.056667
0 0.858 0.478333 0.044 0.052667
0 0.89 0.392667 0.036 0.036
0 0.896333 0.357333 0.035333 0.033333
0 0.911 0.286333 0.052667 0.040667
0 0.919 0.540667 0.046 0.050667
0 0.946333 0.958667 0.094 0.082667
0 0.769 0.951 0.063333 0.068667
0 0.7969999999999999 0.882333 0.080667 0.074
2 0.032667 0.910667 0.061333 0.094667
2 0.32866700000000004 0.961667 0.105333 0.076667
2 0.17000000000000004 0.968667 0.072 0.062667
