3 0.8316669999999999 0.12466699999999997 0.059333 0.065333
3 0.799667 0.19333299999999998 0.044667 0.061333
3 0.7236670000000001 0.18033299999999997 0.063333 0.060667
3 0.6843330000000001 0.15033300000000005 0.039333 0.044667
3 0.849333 0.04266700000000001 0.076 0.085333
2 0.684667 0.08966700000000005 0.037333 0.040667
3 0.6703330000000001 0.06466700000000003 0.048667 0.037333
3 0.605667 0.15533300000000005 0.106 0.094667
3 0.613333 0.07333299999999998 0.058667 0.069333
3 0.516 0.05266700000000002 0.034667 0.044
3 0.488 0.08266700000000005 0.064 0.078667
3 0.5143329999999999 0.16700000000000004 0.067333 0.084667
3 0.46099999999999997 0.17800000000000005 0.046 0.069333
3 0.375667 0.19133299999999998 0.092667 0.104
3 0.28 0.16400000000000003 0.1 0.113333
3 0.379667 0.08266700000000005 0.104667 0.126667
3 0.28 0.05500000000000005 0.089333 0.091333
3 0.18166700000000002 0.17300000000000004 0.067333 0.080667
3 0.19299999999999995 0.04366700000000001 0.059333 0.059333
3 0.14033300000000004 0.08066700000000004 0.044667 0.052
3 0.119 0.323333 0.03 0.026667
3 0.18266700000000002 0.28133300000000006 0.02 0.026667
0 0.7893330000000001 0.10366699999999995 0.065333 0.056667
0 0.223333 0.10766699999999996 0.032 0.028667
0 0.11033300000000001 0.19133299999999998 0.034 0.032
0 0.266 0.316333 0.177333 0.148667
0 0.20233299999999999 0.39633300000000005 0.119333 0.11
0 0.097333 0.46666700000000005 0.194667 0.262667
0 0.28600000000000003 0.40900000000000003 0.077333 0.064667
0 0.410667 0.349 0.118667 0.103333
0 0.5203329999999999 0.29400000000000004 0.120667 0.112
0 0.61 0.33299999999999996 0.089333 0.084667
0 0.714 0.374667 0.201333 0.18
0 0.927 0.380667 0.144667 0.168
0 0.906667 0.22899999999999998 0.185333 0.216667
0 0.9319999999999999 0.5373330000000001 0.134667 0.130667
0 0.719 0.539667 0.100667 0.143333
0 0.631667 0.525667 0.116667 0.139333
0 0.5553330000000001 0.48666699999999996 0.112 0.094667
0 0.540333 0.406 0.111333 0.096
0 0.39333300000000004 0.49566699999999997 0.216 0.208667
0 0.228333 0.538 0.15 0.153333
0 0.37633300000000003 0.6066670000000001 0.119333 0.106667
0 0.49 0.638333 0.097333 0.09
0 0.5123329999999999 0.5489999999999999 0.140667 0.102
0 0.829 0.628667 0.182 0.169333
0 0.679667 0.659333 0.122 0.114667
0 0.616333 0.722 0.111333 0.113333
0 0.5636669999999999 0.654333 0.086 0.092667
0 0.054332999999999965 0.678667 0.108667 0.184
0 0.13266699999999998 0.677 0.134667 0.143333
0 0.237 0.711667 0.116667 0.172667
0 0.31866700000000003 0.715667 0.112 0.171333
0 0.412667 0.7316670000000001 0.094667 0.115333
0 0.494333 0.767667 0.111333 0.131333
0 0.760667 0.793 0.168 0.155333
0 0.874 0.868667 0.173333 0.182667
0 0.644333 0.9053329999999999 0.196667 0.188
0 0.529333 0.938667 0.136 0.121333
0 0.432667 0.860333 0.144 0.135333
0 0.258667 0.923667 0.136 0.15
0 0.11566699999999996 0.926667 0.151333 0.133333
0 0.162667 0.81 0.192 0.16
0 0.746333 0.24666699999999997 0.032667 0.038667
3 0.030333000000000054 0.24366699999999997 0.059333 0.094
3 0.038000000000000034 0.14333300000000004 0.076 0.114667
3 0.9390000000000001 0.062000000000000055 0.103333 0.124
