3 0.531 0.162 0.051333 0.070667
3 0.450333 0.080333 0.047333 0.071333
2 0.348 0.113333 0.128 0.125333
3 0.44066700000000003 0.202 0.117333 0.129333
3 0.474333 0.298 0.066 0.070667
3 0.33166700000000005 0.246667 0.11 0.113333
3 0.377 0.327667 0.128667 0.098
3 0.28900000000000003 0.398 0.082 0.088
3 0.35166699999999995 0.472333 0.043333 0.044667
3 0.41500000000000004 0.438333 0.079333 0.120667
2 0.494 0.403333 0.1 0.117333
3 0.514667 0.551 0.101333 0.126
2 0.78 0.564 0.062667 0.062667
2 0.841 0.620333 0.05 0.051333
2 0.400667 0.563667 0.126667 0.111333
3 0.46366700000000005 0.657 0.072667 0.07
2 0.29400000000000004 0.604 0.097333 0.105333
2 0.36766699999999997 0.694 0.132667 0.106667
2 0.830333 0.759333 0.036667 0.04
3 0.770667 0.794667 0.096 0.093333
3 0.866333 0.850333 0.075333 0.07
2 0.745333 0.893667 0.114667 0.096667
3 0.878333 0.927667 0.082 0.076667
3 0.912667 0.957667 0.068 0.07
2 0.6313329999999999 0.954 0.092 0.066667
3 0.462333 0.859333 0.075333 0.094667
3 0.397667 0.869 0.038 0.032667
2 0.292667 0.933 0.096 0.100667
2 0.325333 0.817333 0.125333 0.130667
2 0.21666700000000005 0.862333 0.112 0.123333
2 0.21766700000000005 0.962667 0.068667 0.074667
2 0.13366699999999998 0.904 0.103333 0.102667
2 0.05733299999999997 0.941 0.085333 0.099333
2 0.09166700000000005 0.821333 0.063333 0.093333
2 0.159667 0.782 0.087333 0.109333
2 0.267667 0.742667 0.118 0.110667
2 0.11933300000000002 0.706333 0.134667 0.106
2 0.23633300000000002 0.526667 0.128667 0.134667
2 0.149667 0.566333 0.05 0.063333
2 0.06466700000000003 0.612667 0.124 0.136
2 0.16800000000000004 0.429333 0.124 0.124
2 0.07466700000000004 0.463667 0.133333 0.142
3 0.049000000000000044 0.387667 0.083333 0.09
3 0.15300000000000002 0.347667 0.096667 0.076667
2 0.232333 0.300667 0.102 0.114667
2 0.250333 0.184 0.107333 0.105333
2 0.095333 0.268333 0.062667 0.07
1 0.07066700000000004 0.186 0.121333 0.108
2 0.21799999999999997 0.094 0.128 0.126667
0 0.605333 0.771667 0.36 0.311333
0 0.815333 0.694333 0.092 0.114
0 0.628667 0.55 0.137333 0.138667
0 0.026000000000000023 0.720667 0.052 0.073333
0 0.738667 0.962667 0.041333 0.044
0 0.902333 0.504333 0.126 0.107333
0 0.928333 0.129667 0.142 0.214
0 0.746333 0.289667 0.45 0.443333
0 0.675333 0.039333 0.121333 0.068
0 0.513333 0.081333 0.082667 0.062667
0 0.579333 0.120667 0.056 0.046667
0 0.16300000000000003 0.231667 0.076667 0.060667
0 0.14433300000000004 0.168667 0.071333 0.050667
0 0.03633299999999995 0.261 0.064667 0.058
0 0.06733299999999998 0.318667 0.081333 0.061333
2 0.15233300000000005 0.973667 0.091333 0.051333
3 0.395 0.969 0.086 0.060667
2 0.10366699999999995 0.052333 0.11 0.103333
2 0.044332999999999956 0.079333 0.088667 0.104
2 0.04033299999999995 0.838333 0.080667 0.131333
