2 0.837 0.322 0.114 0.132
2 0.721667 0.273333 0.147333 0.121333
2 0.862667 0.239333 0.070667 0.072
2 0.925 0.181333 0.11 0.132
2 0.911667 0.099 0.055333 0.047333
2 0.933333 0.044 0.076 0.068
2 0.853667 0.041333 0.086 0.076
2 0.769667 0.036 0.079333 0.070667
2 0.589 0.036 0.087333 0.070667
2 0.560333 0.109333 0.058 0.076
2 0.647333 0.128 0.088 0.108
2 0.725 0.124667 0.064667 0.081333
2 0.815667 0.136333 0.116667 0.108667
2 0.794 0.204667 0.072 0.058667
0 0.184 0.453667 0.250667 0.174
0 0.148667 0.631333 0.165333 0.145333
0 0.169 0.771667 0.336667 0.334
0 0.638667 0.871 0.058667 0.059333
0 0.602333 0.907 0.058 0.056667
0 0.456667 0.781 0.068 0.076667
0 0.668667 0.923333 0.070667 0.054667
0 0.71 0.880667 0.062667 0.084
0 0.863 0.814333 0.076667 0.074
0 0.708667 0.787667 0.056 0.043333
0 0.698 0.742667 0.06 0.052
0 0.784 0.740333 0.057333 0.054
0 0.808 0.690667 0.053333 0.058667
0 0.780333 0.628667 0.054 0.04
0 0.682667 0.616667 0.061333 0.058667
0 0.631333 0.609 0.036 0.052667
0 0.588 0.662667 0.092 0.094667
0 0.381667 0.436667 0.108667 0.094667
0 0.49 0.442333 0.089333 0.102
0 0.556 0.504333 0.109333 0.104667
0 0.429667 0.611667 0.232667 0.239333
0 0.670667 0.449667 0.086667 0.112667
0 0.608667 0.407333 0.057333 0.046667
0 0.469333 0.32 0.066667 0.097333
0 0.594333 0.277667 0.076667 0.079333
0 0.629667 0.214333 0.040667 0.043333
0 0.167 0.147 0.163333 0.196667
0 0.054333 0.210667 0.107333 0.137333
0 0.3 0.056333 0.156 0.103333
0 0.327667 0.143333 0.132667 0.102667
0 0.301 0.238333 0.132667 0.102
0 0.283333 0.334 0.132 0.117333
0 0.455333 0.154667 0.272 0.306667
0 0.927667 0.278667 0.058 0.053333
0 0.941333 0.441 0.074667 0.066
0 0.975333 0.374 0.046667 0.037333
2 0.956 0.877667 0.088 0.13
0 0.945333 0.709 0.109333 0.126
0 0.859667 0.548 0.280667 0.205333
