2 0.903667 0.053 0.052667 0.054
3 0.885667 0.131333 0.108667 0.092
1 0.962667 0.235333 0.073333 0.077333
2 0.947 0.314667 0.042 0.044
2 0.882 0.223667 0.062667 0.076667
1 0.886 0.292667 0.033333 0.030667
1 0.899667 0.346 0.05 0.037333
2 0.837 0.274333 0.060667 0.066
2 0.795 0.267333 0.054 0.056
2 0.765333 0.249667 0.062667 0.083333
2 0.795667 0.189 0.088667 0.079333
1 0.721333 0.23 0.034667 0.036
2 0.811333 0.35 0.073333 0.078667
2 0.749 0.357667 0.059333 0.067333
2 0.698333 0.311 0.116667 0.11
2 0.649667 0.223 0.078 0.075333
2 0.590667 0.22 0.034667 0.033333
2 0.616 0.284 0.064 0.056
2 0.649 0.156333 0.059333 0.060667
2 0.7236670000000001 0.070667 0.079333 0.073333
2 0.632 0.039667 0.096 0.07
2 0.599 0.337667 0.062 0.051333
2 0.6 0.385 0.068 0.046
2 0.509333 0.422333 0.061333 0.062
2 0.529667 0.341667 0.082 0.112667
2 0.445333 0.311667 0.102667 0.122
2 0.526 0.093667 0.077333 0.086
2 0.499667 0.170333 0.078 0.075333
2 0.44566700000000004 0.398 0.047333 0.046667
1 0.461333 0.467667 0.06 0.05
2 0.392667 0.496667 0.12 0.122667
2 0.376667 0.383333 0.101333 0.098667
2 0.38433300000000004 0.117667 0.07 0.083333
2 0.42900000000000005 0.146667 0.022 0.022667
2 0.38833300000000004 0.210333 0.080667 0.075333
2 0.30933299999999997 0.077 0.082667 0.078
2 0.31299999999999994 0.161667 0.09 0.078
2 0.301667 0.245 0.115333 0.108667
2 0.299667 0.353667 0.055333 0.055333
3 0.23066699999999996 0.326667 0.065333 0.062667
2 0.20033299999999998 0.237667 0.082 0.087333
2 0.236 0.136667 0.066667 0.072
2 0.18633299999999997 0.138 0.043333 0.069333
2 0.21066700000000005 0.047333 0.146667 0.093333
2 0.136 0.110333 0.064 0.072667
2 0.10599999999999998 0.197333 0.093333 0.088
2 0.06133299999999997 0.097333 0.090667 0.098667
2 0.10866699999999996 0.284 0.052 0.064
2 0.04200000000000004 0.258 0.084 0.081333
3 0.16900000000000004 0.311667 0.052667 0.058
2 0.29833299999999996 0.464 0.088667 0.126667
2 0.17500000000000004 0.411333 0.115333 0.106667
2 0.10299999999999998 0.382667 0.051333 0.053333
1 0.04200000000000004 0.362667 0.073333 0.068
2 0.07599999999999996 0.585 0.141333 0.115333
2 0.12033300000000002 0.495 0.080667 0.078
1 0.17500000000000004 0.567333 0.051333 0.053333
2 0.19733299999999998 0.485333 0.073333 0.061333
3 0.19033299999999997 0.727667 0.048667 0.043333
2 0.153667 0.790333 0.052667 0.040667
2 0.094333 0.954667 0.079333 0.090667
2 0.058667000000000025 0.846333 0.029333 0.044667
2 0.145667 0.871667 0.044667 0.05
2 0.220333 0.926 0.139333 0.133333
3 0.29000000000000004 0.855667 0.058667 0.059333
2 0.24766699999999997 0.699333 0.084667 0.136
2 0.41233299999999995 0.677667 0.083333 0.09
2 0.34199999999999997 0.742667 0.16 0.166667
2 0.452333 0.762667 0.039333 0.032
3 0.483 0.837667 0.044667 0.059333
2 0.524 0.859 0.037333 0.039333
2 0.484333 0.939 0.078 0.084667
2 0.399667 0.909667 0.083333 0.084667
2 0.338333 0.959333 0.059333 0.081333
3 0.48766699999999996 0.704333 0.043333 0.048667
3 0.484333 0.648667 0.044667 0.052
3 0.550333 0.721667 0.046 0.047333
3 0.6106670000000001 0.647333 0.033333 0.029333
3 0.647 0.67 0.047333 0.058667
2 0.5529999999999999 0.619667 0.120667 0.143333
3 0.590667 0.802667 0.04 0.057333
3 0.697667 0.776333 0.082 0.092667
2 0.6553329999999999 0.845333 0.133333 0.097333
2 0.649 0.94 0.112667 0.101333
3 0.736333 0.939 0.038 0.051333
2 0.830667 0.904333 0.098667 0.092667
2 0.796 0.799333 0.101333 0.128
2 0.745333 0.585667 0.108 0.111333
2 0.853 0.730667 0.107333 0.090667
2 0.942 0.854333 0.101333 0.082
3 0.881333 0.82 0.038667 0.041333
2 0.944 0.754667 0.102667 0.102667
1 0.935 0.659 0.079333 0.091333
2 0.968333 0.549333 0.048667 0.108
3 0.920333 0.541 0.060667 0.091333
2 0.861 0.617333 0.116667 0.144
0 0.051000000000000045 0.901667 0.064667 0.059333
0 0.10333300000000001 0.871667 0.050667 0.075333
0 0.07533299999999998 0.792333 0.069333 0.076667
0 0.227333 0.826 0.061333 0.056
0 0.19866700000000004 0.779667 0.057333 0.059333
0 0.16833299999999995 0.834333 0.063333 0.060667
0 0.246 0.378 0.037333 0.04
0 0.502667 0.226 0.068 0.064
0 0.546 0.927 0.046667 0.036667
0 0.597333 0.431333 0.049333 0.06
0 0.579 0.176333 0.052667 0.05
0 0.813 0.518667 0.043333 0.030667
0 0.884 0.420667 0.044 0.034667
0 0.927333 0.406667 0.037333 0.041333
0 0.792 0.091667 0.037333 0.036667
2 0.040000000000000036 0.536667 0.08 0.097333
2 0.04633299999999996 0.433333 0.091333 0.121333
2 0.06033299999999997 0.029667 0.114 0.056667
2 0.845333 0.034333 0.078667 0.067333
3 0.966 0.058333 0.065333 0.088667
3 0.859667 0.968333 0.108667 0.063333
2 0.396667 0.975333 0.053333 0.041333
