3 0.204333 0.968333 0.063333 0.063333
2 0.19899999999999995 0.897667 0.087333 0.080667
2 0.216333 0.804667 0.096667 0.1
2 0.30533299999999997 0.822333 0.092 0.104667
3 0.333333 0.920333 0.065333 0.075333
3 0.380667 0.872333 0.06 0.071333
3 0.450333 0.886667 0.059333 0.061333
2 0.438333 0.691667 0.044667 0.043333
3 0.412667 0.762 0.124 0.138667
2 0.474 0.653333 0.037333 0.036
2 0.04166700000000001 0.053 0.048667 0.048667
2 0.10933300000000001 0.059 0.074667 0.080667
2 0.089333 0.12 0.024 0.028
2 0.04066700000000001 0.176333 0.076 0.074
2 0.10233300000000001 0.209333 0.039333 0.033333
2 0.17733299999999996 0.077333 0.110667 0.072
2 0.23266699999999996 0.115333 0.033333 0.037333
2 0.31699999999999995 0.044 0.054 0.064
2 0.17433299999999996 0.155667 0.086 0.087333
2 0.20099999999999996 0.259 0.055333 0.058
3 0.16900000000000004 0.242667 0.055333 0.064
2 0.209333 0.321 0.050667 0.046
2 0.14733300000000005 0.413333 0.062667 0.074667
2 0.20466700000000004 0.429333 0.029333 0.032
3 0.44899999999999995 0.588 0.028667 0.030667
2 0.41600000000000004 0.564 0.036 0.032
2 0.37833300000000003 0.621667 0.079333 0.075333
2 0.251667 0.679667 0.056667 0.047333
2 0.28033300000000005 0.585 0.052667 0.051333
2 0.23666699999999996 0.569333 0.034667 0.024
1 0.236 0.508667 0.036 0.032
2 0.29600000000000004 0.528667 0.065333 0.064
2 0.34466699999999995 0.537667 0.04 0.043333
2 0.399667 0.498 0.075333 0.077333
3 0.32666700000000004 0.465 0.085333 0.082
2 0.255 0.441667 0.047333 0.064667
2 0.29700000000000004 0.355 0.052667 0.060667
3 0.42733299999999996 0.403 0.074667 0.087333
2 0.35866699999999996 0.373667 0.037333 0.046
2 0.34966699999999995 0.299333 0.042 0.056
2 0.304667 0.291667 0.04 0.054
2 0.26133300000000004 0.271667 0.054667 0.055333
2 0.251667 0.194667 0.054 0.073333
2 0.373 0.071 0.083333 0.076667
2 0.376667 0.159667 0.104 0.092667
2 0.374 0.233333 0.065333 0.052
2 0.45099999999999996 0.066 0.060667 0.058667
2 0.46566700000000005 0.173 0.076667 0.091333
2 0.471 0.257667 0.082 0.07
2 0.482 0.324333 0.068 0.067333
2 0.558 0.279667 0.033333 0.044667
2 0.526667 0.273333 0.026667 0.034667
3 0.5509999999999999 0.343 0.07 0.062
3 0.515667 0.419 0.087333 0.088667
3 0.581333 0.451667 0.066667 0.082
3 0.5473330000000001 0.539333 0.034667 0.036
2 0.512667 0.531333 0.029333 0.030667
2 0.605333 0.547 0.038667 0.054
2 0.6413329999999999 0.466 0.058667 0.072
2 0.5920000000000001 0.634667 0.076 0.073333
3 0.521333 0.609667 0.073333 0.09
3 0.5900000000000001 0.708333 0.056 0.076667
3 0.5433330000000001 0.701333 0.037333 0.037333
2 0.6126670000000001 0.941667 0.076 0.079333
3 0.685 0.955667 0.062 0.071333
2 0.635 0.851333 0.118 0.121333
2 0.726667 0.827333 0.096 0.097333
2 0.763667 0.750667 0.086 0.102667
2 0.811333 0.834 0.06 0.058667
2 0.872667 0.838333 0.057333 0.072667
2 0.913 0.8 0.079333 0.088
2 0.917333 0.731333 0.033333 0.046667
3 0.850333 0.705667 0.092667 0.095333
2 0.836333 0.774333 0.048667 0.042
2 0.744 0.657333 0.044 0.033333
2 0.667 0.664 0.051333 0.057333
2 0.683667 0.582 0.071333 0.098667
3 0.749667 0.607667 0.058 0.060667
2 0.798333 0.624333 0.047333 0.05
3 0.721 0.495 0.076667 0.075333
2 0.694 0.395 0.092 0.086
2 0.616333 0.366 0.07 0.08
1 0.568333 0.198667 0.046 0.062667
1 0.611 0.237 0.047333 0.05
2 0.685 0.316 0.056667 0.061333
2 0.318333 0.224333 0.028667 0.03
2 0.860333 0.607667 0.048667 0.05
2 0.937333 0.634 0.072 0.061333
2 0.950667 0.574333 0.066667 0.063333
3 0.893333 0.545333 0.052 0.058667
2 0.799667 0.533333 0.088667 0.096
3 0.760333 0.419667 0.048667 0.051333
2 0.843333 0.441 0.106667 0.088667
2 0.924333 0.473 0.086 0.072667
2 0.897333 0.380667 0.093333 0.078667
3 0.812 0.366667 0.058667 0.068
3 0.751667 0.345667 0.059333 0.051333
2 0.6863330000000001 0.238667 0.059333 0.065333
2 0.671333 0.159 0.096 0.103333
3 0.597333 0.058667 0.065333 0.098667
2 0.649667 0.084333 0.047333 0.05
2 0.694333 0.043 0.080667 0.082
2 0.788667 0.057 0.092 0.11
2 0.821667 0.134 0.078 0.064
3 0.753667 0.182667 0.080667 0.066667
2 0.8280000000000001 0.209 0.070667 0.078
2 0.893333 0.242 0.098667 0.101333
1 0.9143330000000001 0.323 0.054 0.052667
2 0.933 0.110333 0.088667 0.080667
2 0.869 0.075 0.080667 0.102
2 0.96 0.032 0.073333 0.06
2 0.819667 0.3 0.054 0.052
2 0.759333 0.268 0.110667 0.106667
0 0.03700000000000003 0.419333 0.040667 0.048
0 0.089333 0.566 0.038667 0.038667
0 0.05133299999999996 0.698 0.045333 0.058667
0 0.11333300000000002 0.734 0.04 0.06
0 0.11533300000000002 0.681667 0.053333 0.067333
0 0.14633300000000005 0.585333 0.068667 0.064
0 0.17766700000000002 0.494667 0.066 0.081333
0 0.241 0.382667 0.044667 0.06
0 0.269 0.091333 0.05 0.056
0 0.34766699999999995 0.667667 0.05 0.060667
0 0.41300000000000003 0.284667 0.058 0.053333
0 0.44966700000000004 0.543333 0.038 0.045333
0 0.633667 0.714 0.038 0.045333
2 0.44066700000000003 0.018333 0.070667 0.035333
2 0.968333 0.262333 0.062 0.088667
2 0.970667 0.419667 0.056 0.083333
3 0.972667 0.821333 0.052 0.065333
3 0.958333 0.969333 0.082 0.061333
3 0.764 0.946333 0.08 0.095333
3 0.560667 0.973667 0.053333 0.052667
3 0.492333 0.970333 0.064667 0.055333
2 0.403 0.958333 0.080667 0.083333
