1 0.911667 0.909333 0.086 0.066667
1 0.846333 0.842667 0.158 0.141333
2 0.705333 0.808 0.126667 0.122667
2 0.743333 0.712 0.132 0.108
1 0.959667 0.813 0.079333 0.104667
1 0.888667 0.732 0.170667 0.162667
1 0.936667 0.607 0.125333 0.154
2 0.825667 0.602333 0.139333 0.127333
2 0.711333 0.5860000000000001 0.104 0.102667
1 0.607667 0.5760000000000001 0.075333 0.082667
2 0.909 0.426667 0.180667 0.165333
2 0.846 0.496 0.101333 0.096
2 0.755667 0.48366699999999996 0.079333 0.11
2 0.666667 0.483 0.142667 0.147333
1 0.941667 0.229333 0.115333 0.170667
1 0.843667 0.28133300000000006 0.160667 0.161333
1 0.77 0.23366699999999996 0.133333 0.131333
1 0.766667 0.15100000000000002 0.070667 0.044667
2 0.673333 0.18266700000000002 0.062667 0.066667
2 0.686 0.328333 0.104 0.146
2 0.779667 0.37733300000000003 0.108667 0.110667
1 0.552333 0.47166699999999995 0.086 0.083333
1 0.558333 0.38933300000000004 0.098 0.093333
1 0.600667 0.32399999999999995 0.082667 0.093333
1 0.718333 0.06933299999999998 0.143333 0.128
1 0.557667 0.917667 0.075333 0.080667
1 0.431333 0.928 0.110667 0.134667
1 0.325 0.931667 0.135333 0.108667
1 0.105 0.876667 0.183333 0.162667
1 0.518 0.835 0.170667 0.171333
1 0.554667 0.736667 0.074667 0.065333
1 0.411667 0.792 0.080667 0.062667
1 0.324 0.819 0.197333 0.15
1 0.359 0.735 0.114 0.074
1 0.205333 0.802333 0.098667 0.119333
1 0.132667 0.721 0.146667 0.148667
1 0.232667 0.648333 0.136 0.155333
1 0.365333 0.620333 0.168 0.160667
1 0.453667 0.701667 0.111333 0.087333
1 0.424333 0.571 0.096667 0.084667
1 0.509667 0.624667 0.107333 0.094667
1 0.515 0.544 0.115333 0.108
1 0.318 0.538667 0.104 0.1
1 0.204667 0.512667 0.130667 0.157333
1 0.080333 0.618333 0.156667 0.135333
1 0.102 0.529667 0.105333 0.120667
1 0.43 0.448333 0.194667 0.172667
1 0.298 0.43100000000000005 0.158667 0.140667
1 0.44 0.32266700000000004 0.104 0.093333
1 0.331333 0.321333 0.133333 0.132
1 0.146333 0.381667 0.186 0.172667
1 0.033 0.337333 0.066 0.094667
1 0.261667 0.251667 0.172667 0.146
1 0.105 0.225333 0.15 0.154667
2 0.512667 0.19199999999999995 0.162667 0.170667
2 0.585 0.11966699999999997 0.084667 0.079333
2 0.615333 0.053332999999999964 0.109333 0.104
2 0.509 0.05166700000000002 0.078 0.082
2 0.425667 0.05800000000000005 0.083333 0.072
2 0.386667 0.18166700000000002 0.110667 0.183333
2 0.184 0.14600000000000002 0.113333 0.098667
1 0.289667 0.153667 0.124667 0.114
1 0.275667 0.06899999999999995 0.180667 0.111333
2 0.146 0.06466700000000003 0.098667 0.105333
2 0.056667 0.07266700000000004 0.113333 0.112
2 0.042333 0.44699999999999995 0.084667 0.107333
