2 0.278 0.954333 0.064 0.084667
3 0.345333 0.967333 0.04 0.041333
2 0.394 0.918 0.070667 0.068
2 0.415 0.977 0.048667 0.036667
2 0.483 0.916333 0.107333 0.148667
2 0.559667 0.961667 0.054 0.058
2 0.599667 0.879333 0.112667 0.126667
1 0.689333 0.878333 0.074667 0.075333
2 0.707333 0.811667 0.072 0.072667
2 0.750333 0.964 0.072667 0.068
2 0.804 0.9103330000000001 0.098667 0.114
2 0.898333 0.927 0.087333 0.108667
2 0.924667 0.843 0.04 0.035333
3 0.841333 0.738667 0.065333 0.06
3 0.777667 0.768667 0.051333 0.053333
2 0.888667 0.793 0.032 0.035333
2 0.827667 0.823 0.118 0.086
3 0.130333 0.842333 0.026 0.022
3 0.023333 0.778 0.029333 0.032
3 0.074667 0.652333 0.048 0.05
2 0.109333 0.762333 0.101333 0.076667
2 0.149667 0.663667 0.095333 0.120667
3 0.208667 0.612 0.038667 0.030667
3 0.230333 0.6930000000000001 0.048667 0.064667
3 0.268667 0.71 0.033333 0.034667
2 0.345667 0.6890000000000001 0.11 0.112667
2 0.371333 0.585333 0.108 0.102667
2 0.417 0.712333 0.07 0.084667
2 0.493 0.6890000000000001 0.082 0.092667
2 0.484 0.623333 0.102667 0.065333
2 0.496 0.562667 0.097333 0.062667
3 0.57 0.6699999999999999 0.072 0.064
3 0.582333 0.595333 0.044667 0.033333
2 0.647 0.626333 0.084667 0.084667
3 0.693333 0.605 0.030667 0.022
3 0.696 0.560333 0.036 0.03
2 0.638 0.537667 0.058667 0.076667
2 0.574667 0.513 0.068 0.083333
2 0.600333 0.430667 0.080667 0.068
2 0.673333 0.465333 0.076 0.078667
3 0.783 0.575 0.107333 0.112667
2 0.875333 0.455333 0.077333 0.070667
3 0.899667 0.561667 0.023333 0.019333
2 0.797 0.430667 0.071333 0.070667
3 0.744 0.40733299999999995 0.032 0.030667
3 0.736 0.46666700000000005 0.034667 0.029333
2 0.369333 0.6026670000000001 0.093333 0.06
3 0.301667 0.5756669999999999 0.042 0.044667
3 0.278333 0.49366699999999997 0.024667 0.022
3 0.336 0.515333 0.037333 0.024
3 0.420333 0.5329999999999999 0.051333 0.051333
2 0.486333 0.473333 0.108667 0.104
3 0.509 0.399667 0.052667 0.048667
2 0.626667 0.368 0.066667 0.062667
1 0.673333 0.386667 0.042667 0.044
1 0.682667 0.31266700000000003 0.033333 0.026667
3 0.609333 0.291667 0.037333 0.048667
2 0.544 0.33199999999999996 0.073333 0.088
2 0.562667 0.27633300000000005 0.028 0.031333
2 0.951 0.489 0.040667 0.040667
1 0.960667 0.738333 0.057333 0.058
3 0.973 0.215333 0.054 0.054667
2 0.967333 0.132 0.036 0.032
2 0.907667 0.17633299999999996 0.083333 0.087333
2 0.876667 0.279667 0.125333 0.122
2 0.804 0.25133300000000003 0.093333 0.112
2 0.872 0.08966700000000005 0.104 0.119333
2 0.775333 0.14500000000000002 0.105333 0.114
3 0.697667 0.20966700000000005 0.108667 0.154
3 0.633667 0.212333 0.044667 0.056667
2 0.599667 0.19366700000000003 0.051333 0.047333
2 0.610667 0.11133300000000002 0.090667 0.098667
3 0.687333 0.05066700000000002 0.037333 0.038667
2 0.744667 0.06933299999999998 0.033333 0.029333
3 0.789667 0.056332999999999966 0.051333 0.047333
3 0.549667 0.09766699999999995 0.038 0.052667
3 0.508667 0.08866700000000005 0.058667 0.070667
3 0.551667 0.19799999999999995 0.058 0.089333
3 0.477333 0.33399999999999996 0.057333 0.074667
3 0.498 0.23866699999999996 0.065333 0.065333
3 0.461333 0.13833300000000004 0.074667 0.080667
3 0.455667 0.059667000000000026 0.052667 0.048667
3 0.399 0.11233300000000002 0.067333 0.084667
2 0.323333 0.08333299999999999 0.078667 0.101333
3 0.391667 0.031667 0.082 0.063333
2 0.235667 0.06299999999999994 0.079333 0.119333
3 0.345333 0.17000000000000004 0.062667 0.069333
3 0.420667 0.20066700000000004 0.062667 0.050667
2 0.410333 0.29500000000000004 0.083333 0.111333
3 0.430333 0.38533300000000004 0.074 0.072
2 0.354667 0.428667 0.110667 0.097333
3 0.366333 0.371333 0.023333 0.025333
3 0.268333 0.404667 0.072667 0.1
3 0.214667 0.475 0.032 0.038
2 0.201 0.552 0.076667 0.077333
3 0.135333 0.525667 0.066667 0.055333
3 0.150333 0.43899999999999995 0.111333 0.115333
3 0.072333 0.41833299999999995 0.052667 0.051333
3 0.199667 0.38133300000000003 0.071333 0.061333
3 0.063 0.335333 0.042 0.044
3 0.065667 0.27133300000000005 0.067333 0.061333
2 0.329667 0.278667 0.060667 0.069333
3 0.251 0.21866699999999994 0.071333 0.064
2 0.236333 0.32166700000000004 0.052667 0.05
3 0.165667 0.30533299999999997 0.07 0.073333
2 0.047 0.166667 0.071333 0.093333
3 0.092667 0.11199999999999999 0.026667 0.028
3 0.073333 0.08666700000000005 0.032 0.028
2 0.134333 0.20899999999999996 0.107333 0.116667
3 0.165 0.11733300000000002 0.062 0.049333
0 0.820667 0.35666699999999996 0.068 0.068
0 0.711 0.64 0.067333 0.064
0 0.733333 0.32499999999999996 0.081333 0.084667
0 0.491 0.03300000000000003 0.036667 0.042
0 0.418333 0.8009999999999999 0.043333 0.043333
0 0.263333 0.7803329999999999 0.070667 0.068667
0 0.326667 0.741 0.094667 0.079333
0 0.290333 0.158667 0.038 0.036
0 0.269 0.569333 0.038 0.046667
0 0.023667 0.536333 0.046 0.063333
2 0.968 0.06933299999999998 0.062667 0.077333
2 0.976333 0.4 0.047333 0.054667
2 0.689667 0.975 0.058 0.047333
2 0.144333 0.04400000000000004 0.108667 0.088
