2 0.931333 0.09399999999999997 0.072 0.058667
3 0.875 0.06566700000000003 0.062 0.076667
3 0.887333 0.16833299999999995 0.057333 0.059333
2 0.964 0.24966699999999997 0.070667 0.072667
2 0.879333 0.255 0.093333 0.080667
3 0.870667 0.308667 0.073333 0.057333
3 0.798667 0.246 0.054667 0.042667
2 0.728333 0.250333 0.05 0.048667
2 0.652667 0.271 0.054667 0.059333
2 0.7026669999999999 0.32866700000000004 0.073333 0.072
2 0.785 0.34099999999999997 0.084667 0.083333
3 0.6803330000000001 0.398667 0.084667 0.070667
3 0.748333 0.43233299999999997 0.084667 0.074
2 0.791 0.47466699999999995 0.047333 0.041333
2 0.886667 0.399 0.064 0.062
2 0.959 0.394667 0.072667 0.062667
2 0.932667 0.44399999999999995 0.061333 0.046667
2 0.949333 0.49 0.086667 0.074667
2 0.932667 0.566667 0.086667 0.068
2 0.869333 0.5333330000000001 0.070667 0.065333
3 0.873 0.459333 0.055333 0.056
2 0.724 0.48566699999999996 0.033333 0.027333
2 0.6623330000000001 0.47066699999999995 0.09 0.066667
2 0.599333 0.44966700000000004 0.061333 0.063333
2 0.527667 0.45466700000000004 0.048667 0.037333
2 0.576667 0.513 0.065333 0.056667
2 0.629667 0.5283329999999999 0.047333 0.054
2 0.767333 0.5489999999999999 0.050667 0.043333
2 0.712333 0.528667 0.076667 0.061333
2 0.880667 0.628667 0.042667 0.044
2 0.819 0.606333 0.047333 0.044667
2 0.6946669999999999 0.597333 0.070667 0.062667
2 0.484 0.704 0.061333 0.061333
2 0.656 0.667667 0.072 0.078
2 0.7166669999999999 0.663333 0.04 0.030667
2 0.746 0.603667 0.037333 0.058
2 0.859667 0.7106669999999999 0.046 0.041333
2 0.771 0.6803330000000001 0.046 0.047333
2 0.6986669999999999 0.722667 0.054667 0.057333
2 0.614 0.728 0.042667 0.04
1 0.623333 0.780667 0.032 0.032
1 0.720667 0.875333 0.024 0.021333
2 0.6643330000000001 0.815667 0.016667 0.020667
2 0.757 0.802667 0.040667 0.033333
3 0.736 0.765667 0.062667 0.051333
2 0.781667 0.7276670000000001 0.048667 0.05
2 0.933333 0.718333 0.057333 0.056667
2 0.832333 0.782 0.052667 0.065333
2 0.814333 0.843333 0.047333 0.045333
1 0.864 0.901667 0.04 0.035333
2 0.8486670000000001 0.958667 0.076 0.065333
2 0.971 0.973333 0.046 0.044
2 0.925667 0.808667 0.075333 0.065333
2 0.975667 0.799667 0.047333 0.072667
0 0.6950000000000001 0.11366699999999996 0.318 0.227333
0 0.385 0.12866699999999998 0.311333 0.257333
0 0.360333 0.364 0.27 0.22
0 0.17300000000000004 0.41900000000000004 0.111333 0.11
0 0.090333 0.46766700000000005 0.119333 0.148667
0 0.06933299999999998 0.6659999999999999 0.138667 0.156
0 0.19333299999999998 0.623 0.18 0.178
0 0.38033300000000003 0.521333 0.036667 0.04
0 0.806333 0.542 0.048667 0.045333
0 0.517333 0.607333 0.044 0.04
0 0.499333 0.568667 0.04 0.030667
0 0.5043329999999999 0.5263329999999999 0.05 0.043333
0 0.250333 0.738 0.047333 0.062667
0 0.30100000000000005 0.74 0.060667 0.06
0 0.356 0.753333 0.049333 0.042667
0 0.45699999999999996 0.774667 0.076667 0.068
0 0.5243329999999999 0.7663329999999999 0.039333 0.043333
0 0.550333 0.751 0.038 0.034
0 0.599 0.849667 0.048667 0.052667
0 0.54 0.867667 0.041333 0.040667
0 0.29500000000000004 0.858333 0.048667 0.034
0 0.18933299999999997 0.874667 0.041333 0.030667
0 0.317333 0.926 0.044 0.046667
0 0.38033300000000003 0.883 0.05 0.060667
0 0.529333 0.820333 0.052 0.05
0 0.635 0.823333 0.048667 0.036
0 0.6763330000000001 0.890333 0.038 0.054
0 0.635667 0.929 0.034 0.038
0 0.600333 0.929667 0.036667 0.039333
0 0.20666700000000005 0.922 0.049333 0.052
0 0.033667 0.8446670000000001 0.062 0.070667
0 0.44066700000000003 0.592333 0.041333 0.034
0 0.521667 0.31100000000000005 0.056667 0.088667
2 0.949667 0.031000000000000028 0.083333 0.062
2 0.961 0.16833299999999995 0.076667 0.107333
2 0.949333 0.654667 0.1 0.097333
2 0.947333 0.897 0.104 0.099333
