2 0.082667 0.077333 0.113333 0.104
2 0.212 0.06 0.072 0.072
2 0.291667 0.095333 0.092667 0.093333
2 0.159667 0.142 0.128667 0.144
2 0.051333 0.167667 0.093333 0.118
2 0.122667 0.228 0.1 0.069333
2 0.079 0.301667 0.148667 0.111333
2 0.05 0.381 0.090667 0.078
2 0.036 0.441333 0.065333 0.062667
2 0.132 0.431667 0.126667 0.115333
2 0.165333 0.346 0.068 0.102667
2 0.225 0.348333 0.074 0.092667
2 0.228667 0.251 0.136 0.106
2 0.257333 0.166333 0.1 0.092667
2 0.337 0.217333 0.080667 0.102667
1 0.382 0.224 0.057333 0.061333
2 0.306333 0.349 0.116667 0.111333
2 0.247333 0.433667 0.121333 0.103333
2 0.344333 0.454 0.084667 0.098667
2 0.426 0.486 0.133333 0.132
1 0.525 0.525333 0.112667 0.1
2 0.686667 0.536333 0.2 0.144667
1 0.543 0.456667 0.120667 0.088
2 0.685667 0.442333 0.147333 0.083333
2 0.671333 0.347667 0.208 0.124667
1 0.516667 0.312667 0.142667 0.161333
2 0.41 0.366333 0.129333 0.128667
2 0.422333 0.272 0.11 0.088
2 0.298667 0.293333 0.054667 0.061333
1 0.655 0.238333 0.194 0.118
2 0.497 0.192667 0.084667 0.093333
2 0.405667 0.152667 0.11 0.098667
2 0.445 0.071333 0.114 0.094667
2 0.513333 0.109667 0.097333 0.084667
2 0.619667 0.054667 0.184667 0.108
2 0.638333 0.137667 0.222 0.122
2 0.685 0.650333 0.182 0.15
2 0.580667 0.703 0.126667 0.111333
1 0.689667 0.743 0.13 0.087333
2 0.687333 0.802333 0.126667 0.074
2 0.67 0.903 0.172 0.163333
2 0.563667 0.945333 0.135333 0.109333
2 0.505 0.855667 0.158 0.15
2 0.435 0.958 0.084667 0.078667
1 0.525 0.632333 0.115333 0.132667
2 0.409 0.625333 0.127333 0.164
2 0.452667 0.690667 0.073333 0.072
2 0.338333 0.560333 0.080667 0.083333
2 0.172667 0.535667 0.069333 0.054
2 0.218333 0.500333 0.051333 0.042
2 0.230333 0.557333 0.146 0.12
2 0.301 0.660667 0.116667 0.109333
2 0.352 0.73 0.122667 0.098667
2 0.102333 0.530333 0.078 0.076667
2 0.058333 0.557333 0.074 0.058667
2 0.072 0.604 0.096 0.062667
2 0.131 0.649 0.080667 0.075333
2 0.119333 0.701 0.057333 0.048667
2 0.127333 0.732667 0.038667 0.033333
2 0.094667 0.774 0.070667 0.056
2 0.216667 0.729667 0.114667 0.080667
2 0.166667 0.799 0.090667 0.091333
2 0.107 0.831 0.084667 0.075333
2 0.248 0.812333 0.066667 0.076667
2 0.202667 0.928333 0.124 0.124667
2 0.341667 0.801667 0.107333 0.091333
2 0.317667 0.863667 0.116667 0.076667
0 0.105333 0.936 0.102667 0.117333
0 0.321333 0.923667 0.073333 0.060667
0 0.345667 0.975667 0.111333 0.044667
0 0.564333 0.789 0.11 0.108667
0 0.198333 0.642 0.063333 0.068
2 0.032333 0.754667 0.060667 0.078667
2 0.030333 0.665667 0.056667 0.087333
