2 0.053667 0.21 0.102 0.102667
2 0.149667 0.138 0.13 0.122667
2 0.239667 0.096667 0.140667 0.144
1 0.328333 0.129667 0.062 0.082
2 0.511 0.092333 0.102 0.120667
2 0.432667 0.138 0.117333 0.113333
2 0.478667 0.217 0.126667 0.127333
2 0.65 0.063 0.158667 0.116667
2 0.645667 0.166333 0.154 0.116667
2 0.379 0.282 0.116667 0.124
2 0.177667 0.239 0.099333 0.100667
2 0.275667 0.243667 0.128667 0.136667
2 0.147 0.308333 0.076667 0.07
2 0.223667 0.335333 0.09 0.084
2 0.180333 0.392 0.104667 0.1
2 0.064 0.295667 0.057333 0.07
2 0.354 0.379667 0.110667 0.084667
3 0.277333 0.407 0.032 0.031333
2 0.383667 0.471 0.079333 0.086
2 0.462333 0.406 0.106 0.106667
2 0.645333 0.272667 0.145333 0.114667
2 0.602333 0.376667 0.124667 0.121333
2 0.687667 0.419667 0.095333 0.09
2 0.629 0.49 0.108667 0.098667
3 0.719 0.533667 0.071333 0.094
3 0.619 0.591333 0.11 0.102667
2 0.520667 0.527333 0.1 0.104
2 0.264 0.49 0.098667 0.096
3 0.186333 0.545667 0.098 0.091333
3 0.269 0.590667 0.071333 0.082667
3 0.169 0.633667 0.126 0.084667
3 0.060667 0.670667 0.092 0.073333
3 0.214333 0.739 0.071333 0.072667
2 0.52 0.639333 0.093333 0.104
2 0.476333 0.698667 0.052667 0.058667
2 0.582667 0.760667 0.104 0.108
2 0.512 0.829 0.046667 0.05
3 0.312 0.674667 0.074667 0.072
3 0.337 0.606667 0.07 0.061333
3 0.79 0.561667 0.082667 0.078
3 0.807 0.506667 0.056667 0.044
3 0.764333 0.458 0.035333 0.04
2 0.898333 0.498333 0.134 0.136667
3 0.947667 0.630333 0.104667 0.09
3 0.883 0.407667 0.056667 0.048667
2 0.927 0.422667 0.056667 0.053333
2 0.966667 0.445 0.042667 0.039333
2 0.735333 0.342333 0.108 0.111333
2 0.820667 0.379 0.092 0.095333
2 0.853667 0.295667 0.108667 0.126
3 0.941667 0.313667 0.083333 0.092667
3 0.957 0.362667 0.051333 0.038667
2 0.77 0.248 0.112 0.089333
2 0.945 0.222333 0.094 0.071333
2 0.790667 0.144 0.130667 0.110667
2 0.777333 0.058 0.112 0.105333
2 0.931333 0.116667 0.133333 0.128
0 0.767 0.906 0.267333 0.188
0 0.816 0.717333 0.368 0.308
0 0.496333 0.905667 0.079333 0.07
0 0.372667 0.938667 0.089333 0.086667
0 0.311333 0.901667 0.106667 0.087333
0 0.12 0.88 0.238667 0.24
0 0.391 0.787333 0.202 0.248
0 0.044 0.593667 0.081333 0.124667
0 0.448333 0.487 0.075333 0.067333
0 0.797333 0.456333 0.049333 0.052667
0 0.073667 0.471 0.082 0.080667
0 0.079333 0.385667 0.068 0.076667
0 0.442333 0.319333 0.063333 0.057333
0 0.538667 0.285667 0.074667 0.074
0 0.127 0.208667 0.042 0.044
0 0.323333 0.182 0.048 0.036
0 0.364333 0.204333 0.034 0.03
0 0.026 0.028 0.049333 0.054667
0 0.137333 0.049667 0.093333 0.071333
0 0.362333 0.099667 0.058 0.063333
2 0.025333 0.386333 0.049333 0.096667
2 0.358667 0.038333 0.108 0.074
1 0.457333 0.029 0.090667 0.056667
2 0.901667 0.049 0.139333 0.096667
