2 0.919 0.126333 0.051333 0.071333
2 0.825667 0.091667 0.143333 0.112667
2 0.857333 0.193333 0.125333 0.104
2 0.9319999999999999 0.189 0.033333 0.036667
2 0.902667 0.312333 0.130667 0.119333
2 0.823333 0.270667 0.074667 0.06
2 0.904333 0.403667 0.079333 0.088667
2 0.812 0.349 0.062667 0.059333
2 0.7086669999999999 0.154667 0.064 0.068
2 0.948333 0.544 0.068667 0.053333
2 0.889333 0.550333 0.057333 0.076667
2 0.938333 0.752667 0.044667 0.044
2 0.891667 0.737333 0.051333 0.070667
2 0.825333 0.717333 0.101333 0.149333
2 0.815333 0.812333 0.034667 0.040667
2 0.784333 0.812333 0.035333 0.047333
2 0.725333 0.685667 0.124 0.136667
2 0.717333 0.793333 0.073333 0.077333
2 0.675 0.645 0.064667 0.068667
2 0.633667 0.688 0.051333 0.042667
2 0.628 0.757 0.062667 0.074
2 0.593667 0.644667 0.146 0.176
2 0.534 0.740333 0.093333 0.07
2 0.543667 0.499333 0.11 0.114667
2 0.54 0.395333 0.084 0.097333
2 0.5263329999999999 0.324 0.03 0.030667
2 0.789 0.414 0.116667 0.1
2 0.763 0.474 0.038 0.038667
3 0.7953330000000001 0.486667 0.04 0.049333
2 0.717667 0.389 0.059333 0.055333
1 0.725333 0.327667 0.072 0.067333
2 0.670667 0.455333 0.105333 0.122667
2 0.665667 0.214 0.060667 0.050667
1 0.649 0.183333 0.059333 0.053333
2 0.657 0.294333 0.098 0.104667
2 0.522667 0.153333 0.061333 0.069333
2 0.5796669999999999 0.264333 0.072667 0.131333
2 0.595667 0.355 0.026 0.024667
2 0.598 0.184667 0.022667 0.024
2 0.5203329999999999 0.064333 0.094 0.102
2 0.5143329999999999 0.234667 0.080667 0.105333
2 0.491333 0.280667 0.04 0.045333
2 0.43433299999999997 0.116667 0.096667 0.108
2 0.42400000000000004 0.221667 0.098667 0.104667
2 0.453333 0.305667 0.048 0.056667
3 0.412667 0.048 0.045333 0.037333
2 0.351333 0.087667 0.108 0.104667
2 0.32766700000000004 0.196333 0.092667 0.106
2 0.361 0.280333 0.058 0.052667
2 0.288667 0.265667 0.072 0.084667
2 0.348 0.358667 0.097333 0.102667
2 0.45066700000000004 0.401667 0.085333 0.107333
2 0.48266699999999996 0.343 0.04 0.031333
2 0.261667 0.075667 0.074 0.099333
2 0.23733300000000002 0.161333 0.085333 0.1
2 0.223333 0.245667 0.077333 0.071333
1 0.20666700000000005 0.393333 0.036 0.044
2 0.272 0.413667 0.088 0.128667
2 0.367 0.451 0.074 0.082
2 0.499667 0.782333 0.022 0.020667
2 0.459333 0.716 0.058667 0.068
2 0.503 0.629333 0.092667 0.092
2 0.451333 0.569333 0.077333 0.072
2 0.415667 0.640333 0.078 0.080667
2 0.378 0.690333 0.033333 0.028667
2 0.419667 0.763667 0.07 0.054
3 0.45566700000000004 0.799667 0.052667 0.039333
2 0.34066700000000005 0.811 0.08 0.068667
2 0.345 0.734333 0.039333 0.05
2 0.374 0.742333 0.018667 0.016667
2 0.35366699999999995 0.554333 0.107333 0.096667
2 0.34066700000000005 0.628667 0.070667 0.066667
2 0.28700000000000003 0.634 0.03 0.025333
2 0.30700000000000005 0.675 0.074 0.060667
2 0.260667 0.662667 0.030667 0.029333
2 0.25633300000000003 0.700667 0.039333 0.045333
2 0.26233300000000004 0.762667 0.051333 0.053333
2 0.28533299999999995 0.531 0.041333 0.039333
2 0.24933300000000003 0.596667 0.089333 0.065333
2 0.220333 0.644333 0.040667 0.035333
2 0.20233299999999999 0.744333 0.076667 0.079333
2 0.133 0.065667 0.134 0.126
2 0.16733299999999995 0.163667 0.054667 0.078
2 0.15733299999999995 0.315333 0.117333 0.161333
2 0.06666700000000003 0.364667 0.125333 0.113333
2 0.06933299999999998 0.273 0.073333 0.071333
2 0.06166700000000003 0.202333 0.091333 0.074
2 0.04166700000000001 0.455333 0.083333 0.068
2 0.16133299999999995 0.632667 0.069333 0.048
2 0.18333299999999997 0.684 0.078667 0.06
2 0.17233299999999996 0.575 0.060667 0.068667
2 0.16500000000000004 0.492333 0.052667 0.058
2 0.090333 0.55 0.119333 0.121333
2 0.06366700000000003 0.629 0.091333 0.054
2 0.06966700000000003 0.67 0.043333 0.033333
2 0.10599999999999998 0.701667 0.074667 0.09
2 0.14300000000000002 0.730333 0.039333 0.031333
2 0.08566700000000005 0.784 0.047333 0.044
2 0.049000000000000044 0.811 0.042 0.031333
2 0.036667000000000005 0.844 0.050667 0.048
2 0.06599999999999995 0.877333 0.044 0.054667
2 0.06833299999999998 0.947333 0.062 0.053333
2 0.12566699999999997 0.872667 0.09 0.106667
2 0.145667 0.963 0.048667 0.042
2 0.20499999999999996 0.924333 0.067333 0.067333
2 0.23266699999999996 0.842333 0.086667 0.086
2 0.302667 0.862333 0.064 0.074
2 0.276 0.93 0.061333 0.062667
2 0.374333 0.892667 0.046 0.038667
2 0.36866699999999997 0.959 0.094667 0.082
2 0.42100000000000004 0.849333 0.086 0.096
2 0.45299999999999996 0.924 0.064667 0.041333
2 0.494333 0.840667 0.055333 0.058667
2 0.5920000000000001 0.829 0.121333 0.098
1 0.55 0.884 0.057333 0.056
1 0.525667 0.934667 0.047333 0.042667
1 0.5816669999999999 0.947 0.036667 0.040667
2 0.636333 0.909 0.086 0.078
2 0.676667 0.845667 0.042667 0.05
2 0.6990000000000001 0.922333 0.068667 0.087333
2 0.757 0.847 0.032667 0.024667
2 0.783 0.893 0.106 0.091333
2 0.793 0.947 0.05 0.034
2 0.885 0.844333 0.100667 0.091333
1 0.857333 0.606667 0.036 0.028
2 0.44899999999999995 0.477 0.062 0.054
2 0.234333 0.504333 0.111333 0.119333
0 0.17300000000000004 0.408667 0.054 0.054667
0 0.29800000000000004 0.765333 0.032 0.038667
0 0.546 0.304667 0.042667 0.045333
0 0.635667 0.124333 0.047333 0.064667
0 0.651667 0.540333 0.102 0.111333
0 0.7256670000000001 0.595667 0.056667 0.051333
0 0.729333 0.245333 0.058667 0.062667
0 0.775 0.524667 0.062 0.077333
0 0.891 0.5 0.036667 0.045333
0 0.8416669999999999 0.512667 0.056667 0.062667
0 0.834333 0.559333 0.071333 0.073333
0 0.926333 0.662667 0.032667 0.029333
0 0.972 0.097333 0.053333 0.076
2 0.023666999999999994 0.924333 0.046 0.072667
2 0.03433299999999995 0.762333 0.068667 0.086
2 0.031667 0.137333 0.063333 0.077333
2 0.961667 0.244667 0.075333 0.113333
2 0.957667 0.474667 0.083333 0.168
2 0.962667 0.922333 0.073333 0.103333
2 0.6659999999999999 0.97 0.102667 0.06
2 0.46066700000000005 0.977333 0.085333 0.045333
2 0.26433300000000004 0.979 0.059333 0.042
2 0.20499999999999996 0.974667 0.066 0.050667
