2 0.096333 0.947 0.052667 0.054
3 0.114333 0.868667 0.108667 0.092
1 0.037333 0.764667 0.073333 0.077333
2 0.053 0.685333 0.042 0.044
2 0.118 0.7763329999999999 0.062667 0.076667
1 0.114 0.707333 0.033333 0.030667
1 0.100333 0.654 0.05 0.037333
2 0.163 0.7256670000000001 0.060667 0.066
2 0.205 0.732667 0.054 0.056
2 0.234667 0.750333 0.062667 0.083333
2 0.204333 0.8109999999999999 0.088667 0.079333
1 0.278667 0.77 0.034667 0.036
2 0.188667 0.65 0.073333 0.078667
2 0.251 0.642333 0.059333 0.067333
2 0.301667 0.6890000000000001 0.116667 0.11
2 0.350333 0.777 0.078 0.075333
2 0.409333 0.78 0.034667 0.033333
2 0.384 0.716 0.064 0.056
2 0.351 0.843667 0.059333 0.060667
2 0.276333 0.929333 0.079333 0.073333
2 0.368 0.960333 0.096 0.07
2 0.401 0.6623330000000001 0.062 0.051333
2 0.4 0.615 0.068 0.046
2 0.490667 0.5776669999999999 0.061333 0.062
2 0.470333 0.6583330000000001 0.082 0.112667
2 0.554667 0.688333 0.102667 0.122
2 0.474 0.906333 0.077333 0.086
2 0.500333 0.8296669999999999 0.078 0.075333
2 0.554333 0.602 0.047333 0.046667
1 0.538667 0.532333 0.06 0.05
2 0.607333 0.503333 0.12 0.122667
2 0.623333 0.6166670000000001 0.101333 0.098667
2 0.615667 0.882333 0.07 0.083333
2 0.571 0.853333 0.022 0.022667
2 0.611667 0.789667 0.080667 0.075333
2 0.690667 0.923 0.082667 0.078
2 0.687 0.838333 0.09 0.078
2 0.698333 0.755 0.115333 0.108667
2 0.700333 0.646333 0.055333 0.055333
3 0.769333 0.673333 0.065333 0.062667
2 0.799667 0.762333 0.082 0.087333
2 0.764 0.863333 0.066667 0.072
2 0.813667 0.862 0.043333 0.069333
2 0.789333 0.952667 0.146667 0.093333
2 0.864 0.889667 0.064 0.072667
2 0.894 0.802667 0.093333 0.088
2 0.938667 0.902667 0.090667 0.098667
2 0.891333 0.716 0.052 0.064
2 0.958 0.742 0.084 0.081333
3 0.831 0.688333 0.052667 0.058
2 0.701667 0.536 0.088667 0.126667
2 0.825 0.588667 0.115333 0.106667
2 0.897 0.617333 0.051333 0.053333
1 0.958 0.6373329999999999 0.073333 0.068
2 0.924 0.41500000000000004 0.141333 0.115333
2 0.879667 0.505 0.080667 0.078
1 0.825 0.432667 0.051333 0.053333
2 0.802667 0.514667 0.073333 0.061333
3 0.809667 0.27233300000000005 0.048667 0.043333
2 0.846333 0.20966700000000005 0.052667 0.040667
2 0.905667 0.04533299999999996 0.079333 0.090667
2 0.941333 0.153667 0.029333 0.044667
2 0.854333 0.12833300000000003 0.044667 0.05
2 0.779667 0.07399999999999995 0.139333 0.133333
3 0.71 0.14433300000000004 0.058667 0.059333
2 0.752333 0.300667 0.084667 0.136
2 0.587667 0.322333 0.083333 0.09
2 0.658 0.25733300000000003 0.16 0.166667
2 0.547667 0.23733300000000002 0.039333 0.032
3 0.517 0.16233299999999995 0.044667 0.059333
2 0.476 0.14100000000000001 0.037333 0.039333
2 0.515667 0.061000000000000054 0.078 0.084667
2 0.600333 0.090333 0.083333 0.084667
2 0.661667 0.04066700000000001 0.059333 0.081333
3 0.512333 0.295667 0.043333 0.048667
3 0.515667 0.351333 0.044667 0.052
3 0.449667 0.27833300000000005 0.046 0.047333
3 0.389333 0.35266699999999995 0.033333 0.029333
3 0.353 0.32999999999999996 0.047333 0.058667
2 0.447 0.38033300000000003 0.120667 0.143333
3 0.409333 0.19733299999999998 0.04 0.057333
3 0.302333 0.22366699999999995 0.082 0.092667
2 0.344667 0.154667 0.133333 0.097333
2 0.351 0.06000000000000005 0.112667 0.101333
3 0.263667 0.061000000000000054 0.038 0.051333
2 0.169333 0.09566699999999995 0.098667 0.092667
2 0.204 0.20066700000000004 0.101333 0.128
2 0.254667 0.41433299999999995 0.108 0.111333
2 0.147 0.26933300000000004 0.107333 0.090667
2 0.058 0.145667 0.101333 0.082
3 0.118667 0.18000000000000005 0.038667 0.041333
2 0.056 0.24533300000000002 0.102667 0.102667
1 0.065 0.34099999999999997 0.079333 0.091333
2 0.031667 0.45066700000000004 0.048667 0.108
3 0.079667 0.45899999999999996 0.060667 0.091333
2 0.139 0.382667 0.116667 0.144
0 0.949 0.098333 0.064667 0.059333
0 0.896667 0.12833300000000003 0.050667 0.075333
0 0.924667 0.20766700000000005 0.069333 0.076667
0 0.772667 0.17400000000000004 0.061333 0.056
0 0.801333 0.220333 0.057333 0.059333
0 0.831667 0.165667 0.063333 0.060667
0 0.754 0.622 0.037333 0.04
0 0.497333 0.774 0.068 0.064
0 0.454 0.07299999999999995 0.046667 0.036667
0 0.402667 0.568667 0.049333 0.06
0 0.421 0.823667 0.052667 0.05
0 0.187 0.481333 0.043333 0.030667
0 0.116 0.579333 0.044 0.034667
0 0.072667 0.593333 0.037333 0.041333
0 0.208 0.9083330000000001 0.037333 0.036667
2 0.96 0.463333 0.08 0.097333
2 0.953667 0.566667 0.091333 0.121333
2 0.939667 0.970333 0.114 0.056667
2 0.154667 0.965667 0.078667 0.067333
3 0.034 0.941667 0.065333 0.088667
3 0.140333 0.031667 0.108667 0.063333
2 0.603333 0.024666999999999994 0.053333 0.041333
