2 0.036667 0.073333 0.066667 0.085333
2 0.11 0.067667 0.070667 0.084667
2 0.097333 0.144333 0.065333 0.079333
2 0.208333 0.039333 0.082 0.074667
2 0.187 0.120333 0.119333 0.120667
3 0.173667 0.194667 0.048667 0.041333
2 0.307667 0.082333 0.115333 0.139333
2 0.283667 0.159333 0.036667 0.042667
2 0.497333 0.062 0.057333 0.062667
2 0.581667 0.063 0.078 0.087333
2 0.647 0.085333 0.055333 0.086667
2 0.616333 0.159333 0.099333 0.074667
1 0.733 0.075 0.060667 0.056667
3 0.453667 0.137 0.062 0.062
3 0.402667 0.076667 0.049333 0.050667
3 0.097333 0.263 0.101333 0.098
2 0.238 0.255667 0.101333 0.156667
2 0.346333 0.286333 0.118 0.143333
3 0.423667 0.288667 0.043333 0.053333
2 0.369333 0.189333 0.082667 0.065333
2 0.471667 0.216 0.088667 0.093333
3 0.498333 0.314667 0.076667 0.081333
1 0.477333 0.361333 0.033333 0.032
2 0.382 0.422667 0.066667 0.068
2 0.291667 0.451667 0.067333 0.066
2 0.216333 0.407 0.055333 0.055333
2 0.140667 0.345 0.032 0.042
2 0.035 0.42 0.059333 0.070667
2 0.113 0.421333 0.102 0.077333
3 0.183333 0.502333 0.065333 0.058
2 0.086333 0.506667 0.123333 0.090667
2 0.077 0.582333 0.066 0.054
2 0.166667 0.583333 0.069333 0.069333
2 0.053667 0.618 0.072667 0.048
2 0.058333 0.668667 0.059333 0.053333
2 0.144 0.654 0.094667 0.096
2 0.074667 0.776333 0.049333 0.056667
2 0.063333 0.83 0.045333 0.044
2 0.132667 0.775333 0.073333 0.056
2 0.215 0.750667 0.064667 0.072
2 0.195 0.835333 0.076667 0.074667
2 0.276667 0.774667 0.066667 0.076
2 0.297 0.690333 0.063333 0.074
2 0.335 0.655 0.058 0.072667
2 0.352667 0.599 0.04 0.047333
1 0.361333 0.515333 0.04 0.036
3 0.271 0.551667 0.051333 0.058
1 0.360333 0.552 0.040667 0.036
2 0.413333 0.589333 0.048 0.056
2 0.552667 0.516667 0.025333 0.029333
1 0.518333 0.521 0.027333 0.038
2 0.562667 0.468 0.021333 0.024
2 0.526333 0.418 0.022 0.021333
2 0.609333 0.462667 0.025333 0.030667
2 0.672 0.511667 0.048 0.048667
1 0.75 0.547 0.036 0.046
1 0.801333 0.572667 0.036 0.049333
2 0.811333 0.624333 0.068 0.060667
3 0.726 0.615333 0.082667 0.08
2 0.708333 0.671 0.03 0.024667
0 0.787667 0.692333 0.052667 0.032667
2 0.636667 0.653667 0.036 0.058
3 0.578667 0.649 0.072 0.084667
2 0.422333 0.664 0.096667 0.089333
3 0.506 0.672333 0.044 0.051333
2 0.484667 0.740333 0.116 0.092667
3 0.465333 0.815 0.065333 0.07
1 0.296333 0.841 0.031333 0.035333
1 0.335667 0.831333 0.046 0.048
1 0.41 0.824 0.034667 0.038667
1 0.662 0.848667 0.048 0.057333
2 0.750667 0.803 0.133333 0.116667
2 0.735 0.916333 0.031333 0.048667
2 0.644667 0.912 0.074667 0.069333
2 0.506667 0.918 0.078667 0.098667
2 0.552 0.945667 0.053333 0.048667
2 0.437333 0.900667 0.054667 0.068
2 0.385667 0.913 0.066 0.086
2 0.178333 0.924667 0.063333 0.078667
2 0.028667 0.918667 0.049333 0.062667
2 0.092333 0.943333 0.035333 0.04
3 0.620333 0.965333 0.09 0.069333
3 0.966333 0.892333 0.060667 0.071333
3 0.883667 0.943667 0.102 0.079333
2 0.890333 0.635333 0.076667 0.069333
3 0.91 0.539 0.128 0.11
3 0.93 0.439667 0.117333 0.092667
3 0.955667 0.359333 0.083333 0.066667
1 0.854 0.160667 0.026667 0.032
3 0.897333 0.065 0.068 0.048667
1 0.907 0.171667 0.034 0.031333
0 0.871 0.851 0.112667 0.092667
0 0.809667 0.929333 0.035333 0.037333
0 0.812667 0.972667 0.044 0.042667
0 0.253 0.921333 0.055333 0.045333
0 0.311333 0.92 0.044 0.048
0 0.594667 0.801333 0.041333 0.036
0 0.859333 0.765333 0.038667 0.046667
0 0.962333 0.704333 0.040667 0.043333
0 0.706333 0.708667 0.047333 0.044
0 0.616667 0.731333 0.037333 0.046667
0 0.017667 0.712 0.034 0.030667
0 0.226667 0.632667 0.068 0.065333
0 0.366667 0.717667 0.06 0.066
0 0.834667 0.509 0.052 0.048667
0 0.609 0.543333 0.042 0.034667
0 0.195667 0.451667 0.044667 0.043333
0 0.578 0.373333 0.04 0.030667
0 0.169 0.338 0.060667 0.066667
0 0.038667 0.152333 0.049333 0.042
0 0.776333 0.048667 0.060667 0.04
3 0.420667 0.047 0.110667 0.092667
