2 0.029 0.8376669999999999 0.043333 0.054
2 0.095667 0.879 0.056667 0.074
3 0.130333 0.939333 0.059333 0.069333
3 0.214333 0.972333 0.052667 0.054
2 0.176667 0.896 0.064 0.06
2 0.041333 0.748333 0.076 0.084667
2 0.102 0.769333 0.061333 0.073333
2 0.130333 0.805667 0.056667 0.056667
2 0.209333 0.8200000000000001 0.109333 0.122667
1 0.231667 0.734 0.028667 0.033333
2 0.313 0.763 0.091333 0.078
3 0.327333 0.685333 0.042667 0.046667
3 0.286333 0.8416669999999999 0.05 0.048667
2 0.251667 0.905667 0.083333 0.09
2 0.341333 0.938 0.090667 0.092
2 0.340667 0.85 0.030667 0.032
2 0.412 0.96 0.076 0.078667
2 0.406667 0.886 0.065333 0.065333
2 0.381667 0.795667 0.084667 0.074
2 0.395 0.722333 0.055333 0.059333
2 0.444667 0.746667 0.061333 0.069333
2 0.438667 0.829 0.04 0.056667
2 0.487 0.818667 0.056667 0.077333
3 0.517333 0.944333 0.064 0.071333
3 0.574667 0.884 0.076 0.084
2 0.590333 0.967333 0.056667 0.064
3 0.59 0.8160000000000001 0.065333 0.056
2 0.592333 0.7416670000000001 0.080667 0.074
2 0.39 0.657667 0.06 0.060667
2 0.439333 0.5916669999999999 0.105333 0.079333
2 0.495 0.681333 0.091333 0.097333
2 0.672 0.777667 0.078667 0.079333
2 0.749 0.784 0.072667 0.097333
2 0.833 0.955667 0.062 0.079333
2 0.823333 0.812667 0.088 0.096
2 0.856667 0.886 0.042667 0.042667
2 0.898333 0.838333 0.064667 0.083333
2 0.773333 0.885333 0.121333 0.094667
2 0.888333 0.7416670000000001 0.187333 0.11
2 0.856 0.6433329999999999 0.08 0.068
3 0.900333 0.583333 0.039333 0.037333
3 0.962 0.551667 0.073333 0.082
2 0.808667 0.559667 0.058667 0.056667
3 0.868333 0.515333 0.060667 0.042667
3 0.858 0.43799999999999994 0.024 0.025333
2 0.787667 0.49366699999999997 0.052667 0.052667
2 0.783 0.632 0.062 0.06
2 0.74 0.689333 0.062667 0.061333
3 0.653 0.677 0.055333 0.044667
3 0.724667 0.552667 0.034667 0.04
2 0.052 0.673667 0.064 0.048667
1 0.052 0.606333 0.094667 0.088667
2 0.151333 0.643 0.101333 0.098
2 0.046 0.499333 0.036 0.044
3 0.131667 0.5636669999999999 0.059333 0.051333
2 0.122667 0.504667 0.146667 0.102667
2 0.151667 0.44299999999999995 0.055333 0.038
2 0.049 0.405 0.091333 0.124667
2 0.142667 0.394 0.073333 0.069333
2 0.228 0.518667 0.072 0.058667
2 0.222 0.5800000000000001 0.090667 0.072
2 0.242 0.657 0.066667 0.071333
2 0.229 0.442333 0.048667 0.042
2 0.215667 0.360333 0.099333 0.111333
2 0.285667 0.342333 0.018 0.027333
3 0.320333 0.33899999999999997 0.046 0.043333
2 0.317 0.478 0.058 0.037333
2 0.314333 0.616 0.086 0.08
2 0.314 0.5429999999999999 0.097333 0.082
2 0.301333 0.420667 0.104 0.098667
3 0.385667 0.489333 0.076667 0.102667
2 0.404667 0.40133300000000005 0.105333 0.085333
3 0.393333 0.33799999999999997 0.064 0.058667
3 0.484 0.33099999999999996 0.064 0.05
3 0.487333 0.395 0.068 0.086
3 0.462333 0.509667 0.074 0.092667
2 0.542667 0.5353330000000001 0.088 0.094667
2 0.572 0.595667 0.076 0.056667
2 0.591333 0.6513329999999999 0.057333 0.06
3 0.648333 0.610333 0.064667 0.075333
2 0.658667 0.5123329999999999 0.105333 0.112667
3 0.727333 0.465333 0.076 0.068
3 0.744 0.39933300000000005 0.037333 0.025333
2 0.651667 0.421667 0.080667 0.075333
2 0.583 0.45966700000000005 0.098 0.087333
3 0.552667 0.395667 0.062667 0.056667
3 0.580333 0.33966700000000005 0.054 0.055333
3 0.588667 0.26133300000000004 0.104 0.101333
3 0.654333 0.355333 0.086 0.073333
2 0.677667 0.273667 0.09 0.092667
2 0.742 0.31999999999999995 0.077333 0.102667
2 0.805333 0.25 0.101333 0.098667
2 0.875667 0.29333299999999995 0.114 0.098667
3 0.902667 0.389667 0.073333 0.086
2 0.966333 0.36666699999999997 0.067333 0.084
2 0.085333 0.21099999999999997 0.072 0.082
2 0.057333 0.04566700000000001 0.058667 0.09
2 0.083 0.529 0.095333 0.142
2 0.213333 0.06033299999999997 0.062667 0.063333
2 0.183 0.16733299999999995 0.051333 0.084
2 0.255667 0.16333299999999995 0.116667 0.166667
2 0.365667 0.08399999999999996 0.122 0.153333
2 0.461 0.10066699999999995 0.079333 0.092
3 0.549 0.06466700000000003 0.072667 0.102667
3 0.606667 0.08066700000000004 0.054667 0.068
3 0.668333 0.04700000000000004 0.044667 0.043333
3 0.74 0.08899999999999997 0.081333 0.084667
2 0.917667 0.11866699999999997 0.104667 0.089333
3 0.808333 0.11099999999999999 0.051333 0.062
0 0.968333 0.6926669999999999 0.056667 0.073333
0 0.932667 0.646 0.066667 0.074667
0 0.657667 0.8396669999999999 0.032667 0.026
0 0.297667 0.05733299999999997 0.034 0.041333
0 0.296 0.7216670000000001 0.037333 0.040667
0 0.059667 0.14700000000000002 0.064667 0.048667
0 0.031333 0.19066700000000003 0.044 0.049333
0 0.067 0.818333 0.038 0.032667
2 0.958333 0.05133299999999996 0.083333 0.094667
2 0.977333 0.16700000000000004 0.045333 0.062
2 0.958667 0.865333 0.082667 0.070667
2 0.908333 0.968333 0.079333 0.062
2 0.122333 0.057667000000000024 0.094 0.111333
2 0.462667 0.033667 0.082667 0.067333
2 0.771667 0.032332999999999945 0.112667 0.064667
2 0.870667 0.039000000000000035 0.086667 0.078
