2 0.841 0.210667 0.096667 0.098667
2 0.814 0.305333 0.078667 0.065333
2 0.906333 0.308 0.096667 0.106667
2 0.881333 0.393 0.074667 0.082
3 0.797333 0.401333 0.073333 0.065333
2 0.77 0.485 0.058667 0.058
2 0.924333 0.495667 0.094 0.079333
2 0.946333 0.595333 0.107333 0.122667
2 0.867333 0.64 0.074667 0.054667
2 0.884667 0.556667 0.034667 0.04
2 0.812333 0.59 0.112667 0.114667
2 0.708333 0.601 0.09 0.123333
2 0.759 0.659333 0.080667 0.070667
2 0.724333 0.719 0.055333 0.056667
2 0.809667 0.715667 0.107333 0.096667
2 0.916667 0.708333 0.101333 0.084667
2 0.963333 0.790333 0.069333 0.083333
2 0.958333 0.842 0.035333 0.030667
2 0.885667 0.785 0.080667 0.072667
2 0.786667 0.804333 0.130667 0.111333
2 0.856333 0.858 0.096667 0.073333
2 0.915333 0.92 0.070667 0.069333
2 0.754667 0.924667 0.072 0.118667
2 0.578333 0.827333 0.044667 0.04
2 0.843667 0.946 0.132667 0.108
2 0.65 0.916333 0.176 0.167333
2 0.625667 0.761 0.13 0.146
2 0.526333 0.662667 0.074 0.069333
2 0.622333 0.607333 0.076667 0.089333
3 0.639667 0.532333 0.042 0.05
2 0.547333 0.566333 0.096 0.112667
2 0.401667 0.542333 0.082 0.080667
2 0.355 0.597 0.060667 0.048667
2 0.232 0.655667 0.06 0.052667
2 0.128667 0.603333 0.033333 0.036
3 0.138667 0.677333 0.098667 0.093333
3 0.119333 0.747667 0.101333 0.063333
2 0.041 0.761667 0.060667 0.083333
2 0.288667 0.764333 0.070667 0.072667
3 0.391 0.733 0.108667 0.112667
3 0.328667 0.676667 0.025333 0.030667
3 0.360333 0.795667 0.075333 0.076667
3 0.333333 0.863 0.068 0.072667
3 0.223667 0.911333 0.079333 0.1
2 0.118 0.881667 0.121333 0.118
2 0.098333 0.968333 0.098 0.063333
2 0.426333 0.457333 0.087333 0.082667
2 0.52 0.441333 0.094667 0.096
2 0.605667 0.432333 0.043333 0.042
2 0.565333 0.343 0.121333 0.112667
2 0.468667 0.372 0.092 0.101333
2 0.603667 0.24 0.083333 0.096
2 0.628667 0.165 0.069333 0.051333
2 0.666 0.081 0.061333 0.080667
2 0.546333 0.142 0.080667 0.074667
2 0.520333 0.214333 0.083333 0.088667
2 0.425 0.027 0.048667 0.05
2 0.506 0.053333 0.1 0.105333
2 0.473667 0.121333 0.035333 0.030667
2 0.352 0.090667 0.041333 0.050667
2 0.154667 0.062667 0.1 0.094667
2 0.060667 0.061 0.097333 0.120667
2 0.215 0.208667 0.118 0.12
3 0.295333 0.247667 0.069333 0.072667
3 0.36 0.274667 0.068 0.070667
3 0.388333 0.198 0.060667 0.068
3 0.419333 0.247 0.070667 0.076667
3 0.322333 0.36 0.084667 0.092
2 0.248 0.335667 0.061333 0.074
2 0.066 0.323333 0.113333 0.093333
3 0.158333 0.348333 0.068667 0.064667
2 0.225333 0.401667 0.098667 0.078
2 0.119 0.406 0.083333 0.064
3 0.169 0.46 0.055333 0.056
3 0.149 0.524 0.05 0.053333
2 0.066 0.534333 0.097333 0.082
0 0.529667 0.94 0.05 0.070667
0 0.412333 0.918667 0.054 0.061333
0 0.312 0.945333 0.046667 0.066667
0 0.284 0.88 0.062667 0.048
0 0.402333 0.855 0.055333 0.062
0 0.478 0.834667 0.057333 0.052
0 0.476667 0.880667 0.045333 0.050667
0 0.464333 0.735333 0.059333 0.057333
0 0.520333 0.732 0.05 0.044
0 0.216667 0.776333 0.066667 0.075333
0 0.087 0.804667 0.051333 0.041333
0 0.436 0.669333 0.053333 0.058667
0 0.438333 0.61 0.044667 0.041333
0 0.285667 0.632667 0.067333 0.049333
0 0.256 0.597333 0.052 0.042667
0 0.241667 0.557667 0.047333 0.040667
0 0.197333 0.576667 0.048 0.04
0 0.249 0.476333 0.048667 0.056667
0 0.706667 0.518 0.046667 0.041333
0 0.801333 0.523333 0.066667 0.04
0 0.828333 0.438333 0.062 0.051333
0 0.71 0.334333 0.074667 0.083333
0 0.599667 0.303667 0.046 0.039333
0 0.469667 0.298667 0.047333 0.056
0 0.382 0.400333 0.04 0.05
0 0.121 0.216 0.052667 0.050667
0 0.144 0.274667 0.04 0.037333
0 0.252333 0.132667 0.047333 0.044
0 0.681667 0.218667 0.047333 0.054667
0 0.723667 0.259 0.062 0.052667
0 0.752667 0.221667 0.086667 0.079333
0 0.959667 0.183 0.07 0.07
0 0.902667 0.074667 0.058667 0.064
0 0.809333 0.082667 0.072 0.074667
0 0.792333 0.149 0.072667 0.064667
0 0.749667 0.066 0.060667 0.061333
0 0.607667 0.101333 0.058 0.050667
0 0.287 0.083 0.067333 0.071333
2 0.366333 0.961333 0.084667 0.077333
2 0.027333 0.448667 0.053333 0.068
2 0.037 0.204333 0.072667 0.131333
2 0.957 0.970333 0.076667 0.059333
