3 0.08099999999999996 0.096333 0.055333 0.05
2 0.04933299999999996 0.152 0.044 0.038667
3 0.09366699999999994 0.226 0.078 0.065333
3 0.12766699999999997 0.344 0.028667 0.029333
3 0.11533300000000002 0.309333 0.045333 0.029333
2 0.12633300000000003 0.400667 0.092667 0.069333
2 0.05466700000000002 0.445333 0.105333 0.096
2 0.16333299999999995 0.476667 0.074667 0.064
3 0.097333 0.514667 0.037333 0.034667
2 0.10966699999999996 0.549667 0.026 0.023333
3 0.19599999999999995 0.555 0.098667 0.082
3 0.05900000000000005 0.631 0.039333 0.047333
2 0.13333300000000003 0.684333 0.121333 0.123333
3 0.025666999999999995 0.754667 0.022 0.033333
2 0.231333 0.635 0.136 0.106
3 0.244 0.698333 0.036 0.028667
2 0.34666699999999995 0.705333 0.105333 0.109333
3 0.39233300000000004 0.777 0.019333 0.019333
2 0.264667 0.769667 0.074667 0.075333
2 0.18766700000000003 0.780333 0.087333 0.095333
3 0.11966699999999997 0.769667 0.051333 0.055333
2 0.03833299999999995 0.868 0.052667 0.065333
2 0.12833300000000003 0.866333 0.122 0.118
2 0.170667 0.928 0.034667 0.038667
2 0.08366700000000005 0.963333 0.106 0.073333
2 0.24233300000000002 0.900333 0.063333 0.055333
2 0.221333 0.852333 0.064 0.051333
2 0.486 0.907333 0.026667 0.02
2 0.475 0.931 0.028667 0.027333
2 0.315333 0.917 0.054667 0.060667
2 0.40433300000000005 0.878667 0.115333 0.132
2 0.975 0.822667 0.046 0.069333
2 0.916667 0.833 0.078667 0.095333
2 0.929 0.924667 0.023333 0.034667
2 0.847 0.911 0.084667 0.076667
2 0.844333 0.826 0.046 0.062667
2 0.794333 0.828 0.038 0.064
2 0.722 0.869 0.129333 0.140667
3 0.649667 0.832333 0.051333 0.063333
3 0.603333 0.794 0.061333 0.068
3 0.556333 0.721333 0.047333 0.041333
2 0.6186670000000001 0.732333 0.046667 0.047333
3 0.687 0.769667 0.055333 0.058
2 0.772667 0.739333 0.102667 0.1
2 0.881333 0.733 0.1 0.095333
2 0.937 0.685667 0.05 0.043333
2 0.923667 0.647667 0.051333 0.036667
2 0.973 0.586667 0.047333 0.038667
2 0.891 0.570667 0.063333 0.04
2 0.885333 0.53 0.064 0.037333
2 0.912 0.608667 0.061333 0.038667
2 0.8506670000000001 0.635 0.074667 0.080667
2 0.746 0.624333 0.125333 0.114
2 0.695333 0.514333 0.128 0.114
2 0.939333 0.505333 0.105333 0.112
2 0.815333 0.573333 0.034667 0.032
2 0.814333 0.536667 0.05 0.038667
2 0.805667 0.496333 0.059333 0.042
2 0.855 0.449667 0.091333 0.068667
3 0.7703329999999999 0.435667 0.044667 0.043333
2 0.845 0.381 0.086 0.063333
2 0.953 0.307333 0.084667 0.105333
2 0.902667 0.248 0.070667 0.112
2 0.841 0.298 0.094 0.105333
2 0.790333 0.225 0.095333 0.082
2 0.740333 0.344 0.107333 0.14
2 0.647667 0.331667 0.080667 0.076667
3 0.5896669999999999 0.394333 0.039333 0.046
3 0.522 0.352667 0.04 0.04
3 0.49666699999999997 0.279667 0.058667 0.05
3 0.568667 0.299 0.041333 0.039333
2 0.637667 0.271333 0.048667 0.044
3 0.692333 0.235667 0.055333 0.054
2 0.971 0.082333 0.056667 0.052667
2 0.887 0.064333 0.078 0.083333
3 0.816333 0.085667 0.048667 0.054
2 0.740667 0.079667 0.069333 0.060667
2 0.786333 0.147 0.079333 0.071333
3 0.683333 0.151667 0.048 0.052667
2 0.65 0.071333 0.06 0.077333
2 0.592333 0.055 0.058 0.087333
3 0.613333 0.135333 0.061333 0.066667
2 0.471 0.042 0.09 0.074667
2 0.4 0.043 0.042667 0.051333
3 0.342333 0.063667 0.036667 0.048667
2 0.363333 0.138667 0.066667 0.088
2 0.428667 0.120667 0.072 0.101333
2 0.521667 0.12 0.108667 0.094667
3 0.525667 0.188667 0.052667 0.04
3 0.46799999999999997 0.210667 0.073333 0.096
3 0.398667 0.235333 0.021333 0.030667
3 0.557667 0.220667 0.05 0.042667
3 0.266 0.057667 0.105333 0.083333
2 0.28400000000000003 0.131 0.097333 0.091333
2 0.31999999999999995 0.217 0.092 0.088667
2 0.25433300000000003 0.257333 0.084667 0.077333
2 0.302667 0.329667 0.106667 0.088667
2 0.39033300000000004 0.395 0.112667 0.088667
2 0.31899999999999995 0.383 0.052667 0.046
2 0.40433300000000005 0.469 0.11 0.084667
3 0.449333 0.355333 0.033333 0.037333
3 0.562 0.454 0.072 0.065333
2 0.5123329999999999 0.494333 0.107333 0.115333
2 0.414667 0.545 0.105333 0.114
2 0.460333 0.6 0.072667 0.068
2 0.547667 0.592667 0.111333 0.090667
1 0.607 0.553667 0.084667 0.087333
3 0.6473329999999999 0.619 0.065333 0.048667
2 0.562333 0.669 0.118 0.084667
0 0.9646669999999999 0.897 0.034667 0.056667
0 0.251667 0.968333 0.038 0.034
0 0.294667 0.818 0.041333 0.046667
0 0.33266700000000005 0.782667 0.037333 0.053333
0 0.647 0.692 0.039333 0.068
0 0.6966669999999999 0.674667 0.048 0.041333
0 0.928 0.392 0.046667 0.045333
0 0.6990000000000001 0.434667 0.044667 0.04
0 0.6493329999999999 0.411 0.072 0.063333
0 0.601 0.252333 0.056667 0.043333
0 0.842333 0.151667 0.035333 0.048667
2 0.349333 0.979333 0.061333 0.041333
3 0.17766700000000002 0.978333 0.046 0.043333
2 0.971667 0.383333 0.054 0.086667
3 0.969333 0.150667 0.06 0.089333
3 0.933 0.025667 0.115333 0.048667
3 0.06566700000000003 0.031 0.131333 0.060667
2 0.03500000000000003 0.246667 0.07 0.105333
2 0.03633299999999995 0.342667 0.072667 0.081333
2 0.03733299999999995 0.554667 0.074667 0.078667
