2 0.954333 0.093667 0.09 0.103333
2 0.859333 0.077667 0.074667 0.084667
2 0.803667 0.059667 0.05 0.048667
2 0.760667 0.114667 0.069333 0.064
2 0.950333 0.195 0.087333 0.080667
2 0.865667 0.19 0.09 0.098667
2 0.798333 0.189 0.060667 0.079333
2 0.741333 0.193 0.069333 0.084667
2 0.45999999999999996 0.107 0.101333 0.115333
2 0.5740000000000001 0.063 0.145333 0.122
2 0.633667 0.140333 0.084667 0.082
2 0.6703330000000001 0.206667 0.083333 0.101333
2 0.628 0.253333 0.096 0.102667
2 0.570333 0.283333 0.055333 0.081333
2 0.642 0.345333 0.098667 0.094667
2 0.774 0.273667 0.112 0.09
2 0.896667 0.286 0.105333 0.104
2 0.92 0.389667 0.104 0.080667
2 0.971667 0.294333 0.055333 0.076667
2 0.928667 0.454 0.1 0.068
2 0.833 0.402 0.086 0.094667
2 0.781333 0.341 0.094667 0.075333
2 0.737 0.400667 0.108667 0.12
2 0.518667 0.234667 0.098667 0.132
2 0.44266700000000003 0.222 0.086667 0.104
2 0.538333 0.368667 0.108667 0.092
2 0.970333 0.529333 0.055333 0.070667
2 0.908 0.526667 0.1 0.096
2 0.895333 0.643333 0.069333 0.101333
2 0.813667 0.648 0.108667 0.097333
2 0.797667 0.734 0.107333 0.122667
2 0.932333 0.823 0.087333 0.096667
2 0.865 0.84 0.072667 0.068
2 0.9646669999999999 0.891 0.069333 0.075333
2 0.869 0.928667 0.091333 0.097333
2 0.8180000000000001 0.96 0.065333 0.08
2 0.786333 0.895 0.048667 0.075333
2 0.740667 0.955667 0.101333 0.074
2 0.717667 0.882667 0.094 0.092
2 0.724 0.808667 0.073333 0.065333
2 0.608 0.449333 0.12 0.105333
2 0.500667 0.457667 0.066667 0.086
2 0.44466700000000003 0.436 0.070667 0.098667
2 0.540667 0.543333 0.076 0.068
2 0.738667 0.518 0.108 0.088
2 0.646 0.529333 0.090667 0.070667
2 0.707333 0.598 0.076 0.066667
2 0.679333 0.686333 0.137333 0.176667
2 0.649667 0.785333 0.075333 0.061333
2 0.6373329999999999 0.909 0.069333 0.086
2 0.654333 0.971 0.054 0.040667
2 0.556667 0.931333 0.102667 0.133333
2 0.476 0.917667 0.094667 0.086
2 0.5836669999999999 0.717333 0.082 0.12
2 0.519333 0.656333 0.133333 0.142
2 0.505 0.763 0.111333 0.119333
2 0.510667 0.848667 0.069333 0.052
2 0.429667 0.812333 0.09 0.142
2 0.35266699999999995 0.843 0.064 0.074
2 0.353333 0.732667 0.132 0.141333
2 0.45099999999999996 0.584333 0.106 0.119333
2 0.38433300000000004 0.535333 0.075333 0.077333
2 0.350333 0.947 0.107333 0.106
2 0.256667 0.751333 0.077333 0.098667
2 0.24966699999999997 0.824333 0.096667 0.058
2 0.239 0.878667 0.120667 0.072
2 0.23833300000000002 0.953 0.108667 0.082
2 0.14900000000000002 0.935 0.098 0.13
2 0.07933299999999999 0.947667 0.062667 0.083333
2 0.29533299999999996 0.607667 0.164 0.163333
2 0.18366700000000002 0.703667 0.107333 0.147333
2 0.10433300000000001 0.675 0.079333 0.071333
2 0.08066700000000004 0.740333 0.096 0.102
2 0.10799999999999998 0.81 0.125333 0.065333
2 0.097333 0.875 0.104 0.068667
2 0.14533300000000005 0.544 0.141333 0.130667
2 0.10399999999999998 0.415333 0.094667 0.090667
2 0.10299999999999998 0.323 0.123333 0.091333
2 0.07899999999999996 0.208667 0.086 0.134667
2 0.16133299999999995 0.193 0.109333 0.159333
2 0.253667 0.172667 0.083333 0.097333
2 0.269 0.067333 0.088667 0.086667
2 0.353 0.067333 0.104667 0.097333
2 0.34066700000000005 0.137667 0.093333 0.054
2 0.347 0.203 0.108667 0.084667
3 0.412667 0.348 0.098667 0.094667
2 0.264 0.415333 0.073333 0.062667
2 0.23833300000000002 0.360333 0.083333 0.075333
2 0.272 0.248667 0.061333 0.054667
2 0.323333 0.322333 0.161333 0.148667
2 0.02633300000000005 0.869333 0.052667 0.081333
2 0.022666999999999993 0.788667 0.045333 0.070667
2 0.023333000000000048 0.432 0.046667 0.076
2 0.029667 0.314 0.059333 0.073333
2 0.059667000000000026 0.064 0.119333 0.126667
2 0.15033300000000005 0.042 0.084667 0.081333
2 0.7086669999999999 0.039667 0.086667 0.078
