3 0.058 0.055333 0.045333 0.037333
2 0.034 0.089333 0.065333 0.061333
2 0.147 0.070667 0.063333 0.069333
2 0.121667 0.136333 0.108667 0.114
2 0.051333 0.160667 0.078667 0.074667
2 0.052667 0.285333 0.050667 0.069333
2 0.042 0.334667 0.046667 0.04
2 0.108667 0.275333 0.065333 0.056
2 0.190667 0.253 0.061333 0.063333
2 0.173333 0.327667 0.08 0.067333
2 0.255 0.273667 0.075333 0.080667
2 0.309667 0.145667 0.054 0.060667
3 0.287 0.187333 0.083333 0.077333
3 0.252333 0.049333 0.052667 0.049333
2 0.335 0.017333 0.034 0.033333
2 0.335 0.05 0.040667 0.037333
2 0.329333 0.091 0.032 0.05
2 0.353333 0.086 0.017333 0.021333
2 0.392 0.086 0.045333 0.049333
2 0.394333 0.152333 0.079333 0.096667
2 0.466333 0.187333 0.120667 0.124
3 0.423333 0.236333 0.034667 0.034
1 0.47 0.084667 0.028 0.034667
2 0.494667 0.02 0.026667 0.034667
2 0.540667 0.082333 0.041333 0.034
2 0.613667 0.149333 0.038 0.058667
3 0.553333 0.133667 0.076 0.067333
3 0.443333 0.292333 0.064 0.068667
2 0.703 0.105667 0.086 0.091333
2 0.73 0.046333 0.045333 0.046
1 0.778667 0.070333 0.041333 0.043333
2 0.791 0.113 0.072667 0.058
1 0.686333 0.168 0.035333 0.026667
1 0.766 0.186 0.053333 0.034667
1 0.765667 0.218333 0.043333 0.034
2 0.733333 0.284 0.136 0.113333
1 0.642333 0.342667 0.05 0.053333
1 0.574667 0.299 0.041333 0.036667
1 0.390333 0.314667 0.038 0.028
2 0.313333 0.329333 0.038667 0.041333
2 0.275 0.341667 0.038 0.036667
2 0.153 0.422 0.066 0.077333
2 0.07 0.449667 0.038667 0.044667
2 0.229 0.422333 0.051333 0.044667
2 0.369333 0.401333 0.064 0.06
2 0.413667 0.378667 0.054 0.057333
2 0.473667 0.394667 0.076667 0.078667
2 0.622667 0.404667 0.066667 0.062667
2 0.709333 0.402667 0.038667 0.045333
2 0.529 0.442667 0.055333 0.057333
2 0.042667 0.552667 0.069333 0.068
2 0.068333 0.639667 0.068667 0.071333
2 0.139 0.628 0.072667 0.077333
3 0.170333 0.562 0.072667 0.072
2 0.25 0.550333 0.073333 0.068667
2 0.348 0.532 0.034667 0.048
2 0.317667 0.559667 0.048667 0.064667
2 0.203667 0.489667 0.054 0.067333
2 0.254333 0.485 0.044667 0.066
3 0.313333 0.477 0.058667 0.082
2 0.388 0.480333 0.08 0.087333
2 0.450667 0.456 0.042667 0.041333
3 0.601333 0.449333 0.078667 0.050667
3 0.596 0.492333 0.072 0.047333
2 0.580667 0.542333 0.088 0.080667
3 0.657 0.560333 0.063333 0.068667
3 0.747667 0.516667 0.071333 0.074667
2 0.485 0.592 0.084667 0.101333
2 0.234333 0.603667 0.075333 0.068667
1 0.295 0.639333 0.062 0.078667
2 0.201 0.680333 0.087333 0.111333
2 0.163667 0.766 0.062 0.065333
2 0.098333 0.784 0.05 0.048
2 0.294 0.756 0.129333 0.1
2 0.382 0.727667 0.098667 0.132667
1 0.460333 0.726333 0.046 0.051333
2 0.406 0.629667 0.102667 0.115333
2 0.558 0.634667 0.090667 0.092
2 0.635 0.646333 0.058 0.092667
2 0.718667 0.643667 0.117333 0.167333
3 0.585667 0.751667 0.084667 0.103333
2 0.684 0.767667 0.112 0.107333
3 0.781 0.800333 0.07 0.062
2 0.034667 0.827333 0.061333 0.078667
2 0.123333 0.856333 0.098667 0.099333
2 0.071333 0.916 0.073333 0.065333
2 0.565667 0.850333 0.052667 0.058
2 0.506667 0.859333 0.052 0.054667
2 0.439667 0.788667 0.047333 0.049333
1 0.412333 0.87 0.115333 0.136
1 0.492 0.911667 0.076 0.059333
2 0.560333 0.909333 0.068667 0.066667
2 0.717 0.949 0.075333 0.079333
2 0.642333 0.967 0.067333 0.058
1 0.391 0.956333 0.054 0.054
2 0.469 0.968333 0.044667 0.046
2 0.215 0.957667 0.102 0.071333
1 0.243667 0.824333 0.05 0.05
3 0.827 0.617667 0.103333 0.114
3 0.926333 0.572 0.103333 0.090667
3 0.833 0.545 0.059333 0.043333
3 0.852667 0.499 0.078667 0.067333
3 0.945667 0.486333 0.072667 0.079333
3 0.863333 0.431333 0.106667 0.070667
3 0.956 0.371 0.085333 0.074
2 0.864667 0.123333 0.070667 0.072
1 0.460333 0.503 0.052667 0.048667
2 0.507333 0.499667 0.038667 0.048667
3 0.521333 0.799333 0.02 0.025333
0 0.958667 0.890333 0.082667 0.156667
0 0.806 0.868667 0.041333 0.044
0 0.791667 0.953 0.031333 0.032667
0 0.317667 0.862667 0.07 0.08
0 0.223333 0.858 0.046667 0.041333
0 0.060333 0.726333 0.112667 0.11
0 0.482 0.66 0.049333 0.062667
0 0.385333 0.552 0.064 0.052
0 0.081333 0.515 0.049333 0.043333
0 0.789667 0.453667 0.038 0.05
0 0.938 0.426333 0.041333 0.038
0 0.676667 0.399667 0.02 0.028667
0 0.292333 0.418667 0.038 0.033333
0 0.844333 0.314667 0.084667 0.097333
0 0.971667 0.131667 0.042 0.046
0 0.941 0.197 0.034 0.038
0 0.839333 0.254 0.036 0.032
0 0.5 0.318667 0.037333 0.044
0 0.595667 0.222 0.039333 0.052
0 0.684333 0.202 0.046 0.041333
2 0.546333 0.964 0.120667 0.072
2 0.129333 0.976333 0.065333 0.047333
2 0.022667 0.906 0.041333 0.078667
0 0.979667 0.025667 0.039333 0.048667
