1 0.95 0.93 0.098667 0.108
1 0.911333 0.937667 0.104 0.120667
1 0.886333 0.785333 0.148667 0.18
1 0.800333 0.897333 0.128667 0.137333
1 0.727 0.830667 0.151333 0.176
1 0.781 0.723333 0.112667 0.137333
1 0.684667 0.698667 0.1 0.124
2 0.580333 0.870333 0.086 0.088667
2 0.605 0.753667 0.142 0.152667
1 0.627667 0.938333 0.159333 0.122
1 0.5489999999999999 0.621667 0.182 0.178
1 0.502667 0.744333 0.097333 0.087333
1 0.408667 0.614667 0.134667 0.225333
1 0.32866700000000004 0.564667 0.116 0.194667
2 0.44266700000000003 0.836667 0.189333 0.194667
2 0.32799999999999996 0.854 0.124 0.157333
2 0.28700000000000003 0.96 0.072667 0.065333
2 0.251 0.901667 0.083333 0.115333
1 0.25433300000000003 0.683 0.179333 0.21
2 0.18966700000000003 0.827 0.119333 0.108667
2 0.119 0.937667 0.180667 0.118
2 0.08433299999999999 0.846667 0.063333 0.058667
2 0.09299999999999997 0.734667 0.160667 0.148
1 0.139 0.659667 0.056667 0.056667
1 0.06799999999999995 0.653667 0.066667 0.052667
2 0.17966700000000002 0.542 0.156667 0.210667
2 0.07933299999999999 0.526333 0.124 0.243333
0 0.37366699999999997 0.186 0.140667 0.181333
0 0.29333299999999995 0.079667 0.074667 0.071333
0 0.42933299999999996 0.062 0.088 0.073333
0 0.5 0.203 0.121333 0.142
0 0.633 0.063 0.138 0.126
0 0.598333 0.249667 0.094 0.116667
0 0.633 0.164333 0.064667 0.062
0 0.703333 0.306667 0.138667 0.176
0 0.734667 0.173333 0.06 0.050667
0 0.722667 0.125333 0.072 0.053333
0 0.7476670000000001 0.087667 0.067333 0.063333
0 0.794 0.131333 0.056 0.061333
0 0.824667 0.185 0.092 0.106
0 0.875333 0.350667 0.141333 0.168
0 0.8993329999999999 0.237 0.08 0.092667
0 0.960333 0.178333 0.078 0.114
0 0.949667 0.469 0.098 0.175333
0 0.8993329999999999 0.126333 0.068 0.068667
0 0.514667 0.099333 0.081333 0.08
1 0.501667 0.964333 0.099333 0.064667
1 0.963333 0.792 0.069333 0.213333
2 0.032667 0.863 0.065333 0.106
0 0.830333 0.263667 0.083333 0.064667
