2 0.941333 0.173 0.102667 0.119333
2 0.930333 0.301333 0.119333 0.112
2 0.943333 0.379333 0.096 0.065333
2 0.954333 0.468333 0.048667 0.051333
2 0.881333 0.439 0.130667 0.087333
2 0.947333 0.559667 0.096 0.087333
2 0.912 0.623667 0.094667 0.079333
2 0.958333 0.669 0.082 0.080667
2 0.897667 0.747 0.120667 0.151333
2 0.888 0.896 0.065333 0.068
2 0.854 0.836333 0.066667 0.056667
2 0.78 0.912 0.141333 0.176
2 0.71 0.894667 0.068 0.093333
2 0.796333 0.754333 0.082 0.120667
2 0.869 0.521 0.07 0.082
2 0.822667 0.593333 0.104 0.134667
2 0.7853330000000001 0.667333 0.065333 0.066667
2 0.811333 0.486 0.054667 0.070667
2 0.8140000000000001 0.354 0.062667 0.062667
2 0.8296669999999999 0.273 0.087333 0.096667
2 0.854 0.193667 0.102667 0.075333
3 0.868333 0.123333 0.084667 0.065333
3 0.785667 0.086667 0.088667 0.074667
2 0.779667 0.171667 0.09 0.094
2 0.757333 0.264667 0.054667 0.08
2 0.662667 0.134667 0.124 0.145333
2 0.676667 0.261333 0.096 0.106667
2 0.582333 0.165333 0.071333 0.076
3 0.586333 0.246 0.079333 0.101333
2 0.482 0.121 0.068 0.084667
2 0.278 0.080667 0.029333 0.042667
2 0.062000000000000055 0.089667 0.036 0.039333
2 0.132 0.104 0.032 0.026667
2 0.756667 0.376333 0.105333 0.104667
2 0.739 0.461 0.09 0.074
2 0.734333 0.551667 0.124667 0.112667
2 0.637667 0.514333 0.107333 0.086
2 0.654667 0.439333 0.093333 0.069333
2 0.667667 0.364 0.078 0.093333
2 0.582667 0.366667 0.1 0.114667
2 0.5696669999999999 0.444333 0.059333 0.046
2 0.523667 0.309 0.087333 0.075333
2 0.477333 0.243 0.08 0.092667
2 0.498 0.434 0.069333 0.064
2 0.481 0.349333 0.09 0.108
2 0.41900000000000004 0.411 0.094 0.092667
2 0.413667 0.323 0.080667 0.088667
2 0.34266700000000005 0.302333 0.061333 0.052667
3 0.421667 0.266 0.042 0.049333
3 0.34866699999999995 0.213667 0.096 0.115333
2 0.265667 0.186 0.076667 0.068
3 0.265 0.127 0.060667 0.042
2 0.263 0.263333 0.082 0.089333
2 0.18566700000000003 0.128333 0.094 0.091333
2 0.17533299999999996 0.219333 0.106667 0.098667
2 0.10799999999999998 0.279667 0.089333 0.080667
2 0.05400000000000005 0.215 0.108 0.098
2 0.037667000000000006 0.308667 0.059333 0.065333
2 0.10533300000000001 0.356667 0.058667 0.068
2 0.18633299999999997 0.311667 0.062 0.05
2 0.17533299999999996 0.364 0.088 0.073333
2 0.16700000000000004 0.439 0.102 0.074
2 0.17833299999999996 0.496333 0.054 0.044667
2 0.24266699999999997 0.548667 0.1 0.126667
2 0.258667 0.455667 0.070667 0.051333
2 0.27233300000000005 0.374333 0.120667 0.122
2 0.33299999999999996 0.434 0.072667 0.064
2 0.622333 0.918 0.082 0.073333
2 0.647 0.848667 0.108667 0.090667
2 0.697667 0.759667 0.054 0.087333
2 0.724333 0.672333 0.083333 0.11
2 0.6353329999999999 0.636333 0.132 0.156667
3 0.5593330000000001 0.597333 0.056 0.057333
2 0.564333 0.753333 0.059333 0.064
2 0.5493330000000001 0.836 0.102667 0.129333
2 0.547667 0.912333 0.056667 0.051333
2 0.485 0.829 0.074 0.115333
2 0.431667 0.934667 0.094 0.104
2 0.40033300000000005 0.853333 0.095333 0.061333
2 0.417667 0.790333 0.103333 0.071333
2 0.504667 0.719 0.096 0.088667
2 0.408667 0.726333 0.096 0.074
2 0.503 0.643 0.104667 0.076667
2 0.49666699999999997 0.491 0.064 0.05
2 0.513667 0.553 0.114 0.11
2 0.42233299999999996 0.544667 0.079333 0.101333
2 0.411667 0.642333 0.084667 0.094
2 0.33699999999999997 0.504667 0.086 0.072
2 0.33566700000000005 0.579333 0.096667 0.090667
2 0.31299999999999994 0.664667 0.11 0.089333
2 0.330333 0.757 0.086 0.092667
3 0.24233300000000002 0.970333 0.095333 0.059333
2 0.241 0.906333 0.119333 0.072667
2 0.25733300000000003 0.831 0.101333 0.080667
2 0.251 0.738333 0.088667 0.114
2 0.16833299999999995 0.850667 0.068667 0.08
2 0.10533300000000001 0.873667 0.041333 0.059333
2 0.167667 0.782 0.096667 0.070667
2 0.162667 0.693 0.101333 0.123333
2 0.07733299999999999 0.750667 0.086667 0.102667
2 0.08566700000000005 0.654 0.106 0.101333
2 0.10899999999999999 0.574333 0.116667 0.063333
2 0.10566699999999996 0.494667 0.087333 0.101333
0 0.634667 0.067667 0.04 0.034
0 0.586667 0.072667 0.053333 0.048
0 0.05600000000000005 0.381667 0.112 0.122
2 0.512 0.966 0.137333 0.068
