2 0.066667 0.077667 0.093333 0.11
2 0.156333 0.047667 0.088667 0.086
2 0.226333 0.044333 0.076667 0.084667
2 0.11 0.121333 0.096 0.110667
2 0.22 0.122 0.136 0.104
2 0.038667 0.202333 0.065333 0.054
2 0.111333 0.215667 0.093333 0.086
2 0.234667 0.223333 0.178667 0.137333
2 0.262667 0.310667 0.093333 0.093333
2 0.314667 0.055333 0.089333 0.109333
2 0.354 0.226 0.065333 0.070667
2 0.163333 0.374333 0.102667 0.116667
2 0.069 0.377333 0.088667 0.096
3 0.185333 0.480333 0.125333 0.084667
2 0.278 0.561333 0.101333 0.133333
2 0.348667 0.483 0.090667 0.084667
2 0.405 0.413 0.139333 0.124667
2 0.376333 0.306667 0.123333 0.129333
2 0.461667 0.302667 0.05 0.093333
2 0.379333 0.577667 0.098667 0.112667
2 0.327 0.649 0.106 0.096667
3 0.309667 0.742667 0.046 0.054667
2 0.232667 0.729 0.089333 0.120667
2 0.149333 0.81 0.082667 0.102667
3 0.227 0.844333 0.124667 0.11
3 0.204333 0.915 0.040667 0.035333
3 0.194333 0.966333 0.046 0.048667
2 0.363667 0.828667 0.087333 0.104
3 0.296 0.902667 0.062667 0.073333
3 0.384667 0.928333 0.088 0.083333
2 0.462667 0.896333 0.073333 0.083333
2 0.539 0.96 0.126 0.074667
2 0.421 0.083667 0.159333 0.163333
2 0.499333 0.154333 0.189333 0.186
2 0.591 0.131 0.122 0.163333
2 0.695 0.073333 0.083333 0.090667
2 0.822333 0.101 0.071333 0.082
2 0.928333 0.114333 0.116667 0.091333
2 0.675 0.173333 0.126 0.137333
2 0.782667 0.160333 0.108 0.086
2 0.937 0.210667 0.116667 0.104
2 0.753 0.233667 0.148667 0.127333
2 0.887 0.258667 0.155333 0.144
2 0.826333 0.33 0.138 0.096
2 0.695333 0.329 0.130667 0.154
2 0.548 0.295333 0.172 0.162667
2 0.54 0.386667 0.065333 0.069333
2 0.626333 0.385667 0.184667 0.123333
2 0.825 0.459667 0.220667 0.179333
2 0.853 0.523333 0.048667 0.052
2 0.87 0.588333 0.069333 0.079333
2 0.786 0.608 0.098667 0.096
2 0.621 0.535667 0.207333 0.192667
2 0.468 0.541333 0.132 0.157333
2 0.433333 0.686667 0.148 0.130667
2 0.568333 0.683667 0.148667 0.147333
2 0.486 0.801 0.198667 0.156667
2 0.632 0.787333 0.118667 0.170667
2 0.697333 0.875333 0.088 0.074667
2 0.757 0.777 0.171333 0.255333
2 0.890333 0.714333 0.182 0.208667
2 0.847333 0.929 0.142667 0.115333
2 0.579 0.884333 0.072667 0.068667
0 0.078667 0.916 0.156 0.168
0 0.085333 0.683 0.169333 0.174
0 0.140667 0.596333 0.176 0.19
0 0.044333 0.541 0.086 0.083333
0 0.306667 0.41 0.029333 0.030667
2 0.927667 0.884 0.144667 0.222667
2 0.957333 0.038333 0.084 0.075333
2 0.054667 0.277 0.106667 0.115333
2 0.036333 0.454667 0.071333 0.092
