3 0.14600000000000002 0.081333 0.068 0.065333
3 0.06599999999999995 0.077333 0.072 0.076
3 0.24166699999999997 0.111333 0.092667 0.092
2 0.19499999999999995 0.175333 0.127333 0.094667
2 0.08666700000000005 0.192667 0.092 0.137333
2 0.14033300000000004 0.267667 0.104667 0.095333
2 0.237 0.255333 0.078 0.078667
3 0.359 0.178 0.072667 0.066667
3 0.453333 0.174667 0.108 0.109333
3 0.382667 0.254 0.066667 0.068
2 0.30900000000000005 0.252333 0.063333 0.059333
2 0.31799999999999995 0.319667 0.081333 0.088667
3 0.607 0.214 0.059333 0.069333
3 0.533667 0.223333 0.05 0.06
2 0.512667 0.308667 0.06 0.058667
2 0.228333 0.344667 0.080667 0.093333
2 0.164667 0.360333 0.069333 0.094
2 0.10833300000000001 0.385333 0.059333 0.1
2 0.03433299999999995 0.372333 0.068667 0.071333
2 0.05500000000000005 0.436333 0.086 0.078
2 0.089333 0.500333 0.097333 0.078
2 0.02200000000000002 0.518 0.044 0.065333
2 0.19999999999999996 0.431 0.081333 0.078
2 0.248 0.502333 0.161333 0.159333
2 0.20499999999999996 0.572 0.058 0.073333
2 0.14333300000000004 0.585 0.068 0.080667
2 0.41033299999999995 0.412333 0.075333 0.084667
2 0.32766700000000004 0.415667 0.082 0.086
3 0.484 0.408 0.072 0.085333
2 0.467333 0.497 0.092 0.092667
2 0.45266700000000004 0.654 0.124 0.209333
2 0.34299999999999997 0.588333 0.084667 0.084667
2 0.363333 0.666333 0.072 0.084667
2 0.36 0.742 0.068 0.074667
2 0.28400000000000003 0.677333 0.082667 0.109333
2 0.19233299999999998 0.642667 0.066 0.054667
2 0.17833299999999996 0.706667 0.111333 0.096
2 0.099333 0.699 0.058667 0.132667
2 0.03533299999999995 0.701 0.064 0.123333
2 0.19799999999999995 0.768667 0.072 0.061333
2 0.30000000000000004 0.782333 0.096 0.106
2 0.254667 0.831667 0.061333 0.056667
2 0.17966700000000002 0.861333 0.091333 0.097333
2 0.08533299999999999 0.871333 0.1 0.108
2 0.261 0.885333 0.079333 0.069333
2 0.33899999999999997 0.897333 0.059333 0.066667
2 0.27233300000000005 0.941333 0.087333 0.076
2 0.879667 0.348333 0.080667 0.064667
2 0.792333 0.36 0.091333 0.092
2 0.697333 0.369667 0.104 0.122
2 0.615333 0.395333 0.062667 0.065333
2 0.5513330000000001 0.367667 0.088 0.071333
2 0.552 0.474667 0.074667 0.085333
2 0.562333 0.564333 0.084667 0.078
2 0.652333 0.472333 0.083333 0.083333
2 0.748667 0.443667 0.109333 0.088667
2 0.872 0.424 0.137333 0.082667
2 0.823667 0.486333 0.09 0.122
2 0.750667 0.532333 0.072 0.07
2 0.922333 0.51 0.115333 0.110667
2 0.870333 0.583667 0.086 0.083333
2 0.941333 0.617333 0.116 0.094667
2 0.790333 0.610667 0.095333 0.090667
2 0.946 0.731667 0.104 0.082
2 0.866 0.720667 0.069333 0.104
2 0.788333 0.713 0.124667 0.111333
2 0.924 0.819 0.133333 0.179333
2 0.809667 0.836 0.11 0.106667
2 0.805667 0.924667 0.076667 0.073333
2 0.7256670000000001 0.819 0.075333 0.115333
2 0.653 0.805 0.087333 0.082
2 0.615667 0.735 0.086 0.078
2 0.722333 0.921333 0.082 0.072
2 0.718667 0.977333 0.066667 0.045333
2 0.634 0.887667 0.072 0.083333
2 0.501333 0.753 0.114667 0.119333
2 0.553667 0.849 0.078 0.088667
2 0.47 0.845 0.094667 0.083333
2 0.41633299999999995 0.939333 0.084667 0.105333
2 0.492333 0.935 0.075333 0.127333
2 0.5660000000000001 0.944667 0.089333 0.108
2 0.680667 0.557333 0.068 0.066667
2 0.562 0.645 0.072 0.091333
2 0.628 0.635 0.062667 0.119333
2 0.696 0.685333 0.073333 0.064
2 0.702 0.624667 0.094667 0.073333
0 0.38333300000000003 0.514333 0.1 0.114
0 0.918 0.082333 0.162667 0.163333
2 0.087333 0.969 0.1 0.062
2 0.6533329999999999 0.973667 0.066667 0.052667
2 0.04166700000000001 0.615667 0.083333 0.09
2 0.05266700000000002 0.826 0.105333 0.133333
0 0.847333 0.138667 0.176 0.216
0 0.7 0.153333 0.192 0.226667
