2 0.827 0.058667 0.119333 0.102667
2 0.6986669999999999 0.069667 0.112 0.119333
2 0.6206670000000001 0.056667 0.065333 0.096
2 0.531667 0.045667 0.051333 0.048667
2 0.5609999999999999 0.118667 0.087333 0.130667
2 0.440333 0.052667 0.087333 0.096
2 0.37633300000000003 0.088 0.079333 0.094667
2 0.33099999999999996 0.041667 0.080667 0.082
2 0.253 0.102333 0.151333 0.120667
2 0.10399999999999998 0.112 0.068 0.065333
2 0.163667 0.146 0.056667 0.066667
2 0.08799999999999997 0.22 0.176 0.141333
2 0.10533300000000001 0.29 0.093333 0.068
2 0.24566699999999997 0.203667 0.120667 0.082
2 0.479 0.131 0.082 0.07
2 0.406667 0.177333 0.134667 0.104
2 0.33266700000000005 0.214667 0.066667 0.065333
2 0.514 0.188667 0.070667 0.054667
2 0.646 0.186 0.062667 0.062667
2 0.727 0.170333 0.096667 0.087333
2 0.806333 0.146 0.075333 0.102667
3 0.876667 0.131667 0.065333 0.084667
3 0.913333 0.214333 0.074667 0.088667
2 0.828333 0.220333 0.094 0.09
2 0.735333 0.242667 0.08 0.054667
2 0.865333 0.337333 0.145333 0.124
2 0.738667 0.323333 0.106667 0.096
2 0.834667 0.417667 0.076 0.071333
3 0.754 0.413667 0.101333 0.079333
2 0.879 0.518 0.084667 0.068
2 0.919333 0.722 0.042667 0.029333
2 0.9103330000000001 0.938 0.039333 0.036
2 0.896 0.868 0.026667 0.032
2 0.623667 0.243333 0.104667 0.105333
2 0.5389999999999999 0.261 0.074 0.09
2 0.448333 0.265667 0.112667 0.124667
2 0.48566699999999996 0.362333 0.086 0.107333
2 0.560667 0.345333 0.069333 0.093333
2 0.636 0.332333 0.093333 0.078
2 0.6333329999999999 0.417333 0.114667 0.1
2 0.555667 0.430333 0.046 0.059333
2 0.6910000000000001 0.476333 0.075333 0.087333
2 0.757 0.522667 0.092667 0.08
2 0.5660000000000001 0.502 0.064 0.069333
2 0.650667 0.519 0.108 0.09
2 0.589 0.581 0.092667 0.094
2 0.677 0.586333 0.088667 0.080667
2 0.697667 0.657333 0.052667 0.061333
3 0.734 0.578333 0.049333 0.042
3 0.786333 0.651333 0.115333 0.096
2 0.8140000000000001 0.734333 0.068 0.076667
3 0.873 0.735 0.042 0.060667
2 0.736667 0.737 0.089333 0.082
2 0.871667 0.814333 0.091333 0.094
2 0.780667 0.824667 0.098667 0.106667
2 0.720333 0.892 0.080667 0.089333
2 0.785 0.946 0.098 0.108
2 0.691333 0.962333 0.065333 0.059333
2 0.6433329999999999 0.894667 0.068 0.058667
2 0.688333 0.813667 0.05 0.062
2 0.636 0.824667 0.073333 0.088
2 0.5609999999999999 0.833 0.074 0.102
2 0.503667 0.821667 0.044667 0.054
2 0.451333 0.757333 0.126667 0.1
2 0.544333 0.741333 0.051333 0.070667
2 0.625667 0.727667 0.122 0.120667
2 0.5660000000000001 0.667 0.064 0.072667
2 0.08199999999999996 0.377667 0.073333 0.082
2 0.15133300000000005 0.353 0.090667 0.108667
2 0.24033300000000002 0.302333 0.087333 0.054
2 0.32766700000000004 0.275667 0.11 0.083333
2 0.36366699999999996 0.364667 0.156667 0.132
3 0.402667 0.440667 0.057333 0.056
2 0.24666699999999997 0.435667 0.064 0.059333
2 0.16400000000000003 0.450667 0.129333 0.102667
2 0.08766700000000005 0.452333 0.051333 0.056667
2 0.17100000000000004 0.515 0.115333 0.074
2 0.06533299999999997 0.568333 0.104 0.094
2 0.146667 0.599667 0.061333 0.095333
2 0.20966700000000005 0.582333 0.071333 0.103333
2 0.281 0.495333 0.088667 0.096
2 0.273667 0.591333 0.074 0.096
2 0.357 0.497 0.076667 0.104667
2 0.509 0.503333 0.05 0.064
2 0.44699999999999995 0.486333 0.11 0.114
2 0.455333 0.577667 0.101333 0.079333
2 0.35766699999999996 0.588333 0.094 0.084667
2 0.495333 0.663 0.072 0.086
2 0.420667 0.664333 0.090667 0.096667
2 0.335333 0.687 0.089333 0.11
2 0.243 0.669667 0.092667 0.086
3 0.029667 0.757667 0.059333 0.095333
2 0.09366699999999994 0.759 0.072667 0.119333
2 0.16900000000000004 0.742667 0.080667 0.101333
2 0.261667 0.749 0.114 0.088667
2 0.14933300000000005 0.831667 0.08 0.068667
2 0.12633300000000003 0.894667 0.059333 0.041333
2 0.21799999999999997 0.832333 0.070667 0.096667
2 0.30700000000000005 0.837333 0.123333 0.101333
2 0.24933300000000003 0.922667 0.102667 0.086667
2 0.346 0.914333 0.101333 0.106
2 0.425667 0.891 0.063333 0.116667
2 0.505333 0.894333 0.101333 0.087333
0 0.932333 0.365333 0.034 0.04
0 0.927333 0.413333 0.048 0.053333
0 0.618333 0.944 0.122 0.112
2 0.03400000000000003 0.488 0.068 0.137333
