2 0.956333 0.933 0.05 0.05
2 0.863667 0.962333 0.048667 0.052667
3 0.888667 0.913 0.073333 0.054
2 0.937667 0.785667 0.115333 0.127333
3 0.843 0.812667 0.09 0.076
2 0.8180000000000001 0.866333 0.021333 0.022
3 0.811667 0.916333 0.05 0.05
2 0.7146669999999999 0.948 0.041333 0.033333
2 0.739333 0.875 0.061333 0.082
2 0.656333 0.897333 0.080667 0.093333
2 0.599333 0.944333 0.058667 0.052667
2 0.515333 0.958333 0.073333 0.082
2 0.372 0.958 0.068 0.08
2 0.30000000000000004 0.952333 0.078667 0.078
3 0.33099999999999996 0.875333 0.083333 0.090667
3 0.41000000000000003 0.89 0.068 0.058667
3 0.418667 0.826333 0.092 0.083333
2 0.505 0.815 0.075333 0.094
2 0.552 0.882333 0.069333 0.079333
2 0.601333 0.842667 0.070667 0.105333
2 0.681333 0.826667 0.058667 0.052
2 0.791667 0.719 0.071333 0.083333
2 0.765333 0.803667 0.026667 0.044667
2 0.736667 0.7969999999999999 0.033333 0.044667
2 0.705667 0.735 0.092667 0.095333
2 0.628667 0.760667 0.028 0.030667
3 0.881333 0.665333 0.033333 0.029333
3 0.371 0.771 0.046 0.043333
3 0.481 0.734333 0.05 0.05
2 0.639667 0.6803330000000001 0.042 0.05
2 0.567333 0.663667 0.108 0.114
2 0.752333 0.644333 0.047333 0.052667
2 0.942333 0.5349999999999999 0.114 0.084667
2 0.836667 0.624 0.058667 0.065333
2 0.784667 0.589333 0.088 0.090667
2 0.718333 0.494 0.051333 0.038667
2 0.699333 0.560667 0.105333 0.097333
2 0.648667 0.600333 0.073333 0.068667
2 0.683 0.634333 0.084667 0.083333
2 0.5700000000000001 0.568333 0.102667 0.087333
3 0.512667 0.5349999999999999 0.062667 0.062
2 0.47766699999999995 0.6086670000000001 0.074 0.096
3 0.413667 0.623 0.056667 0.047333
2 0.42300000000000004 0.5640000000000001 0.075333 0.073333
2 0.400667 0.687 0.069333 0.072667
2 0.29800000000000004 0.729333 0.094667 0.106667
3 0.215333 0.726 0.04 0.038667
3 0.217333 0.6599999999999999 0.092 0.090667
2 0.331333 0.634333 0.105333 0.091333
2 0.255667 0.587333 0.087333 0.072
2 0.33966700000000005 0.5473330000000001 0.091333 0.073333
3 0.5966670000000001 0.492 0.074667 0.068
2 0.40133300000000005 0.489333 0.070667 0.057333
2 0.891667 0.469333 0.038 0.036
2 0.952667 0.29300000000000004 0.093333 0.112667
2 0.28933299999999995 0.479 0.1 0.088667
3 0.208333 0.506 0.059333 0.057333
3 0.19433299999999998 0.405667 0.046 0.054
2 0.15000000000000002 0.471 0.042667 0.046
2 0.123 0.554333 0.047333 0.046
2 0.06733299999999998 0.817667 0.066667 0.060667
2 0.10566699999999996 0.744667 0.107333 0.096
2 0.17800000000000005 0.816333 0.137333 0.114
2 0.160667 0.907333 0.136 0.076
3 0.05700000000000005 0.888333 0.043333 0.05
2 0.03400000000000003 0.9646669999999999 0.066667 0.069333
2 0.05166700000000002 0.494333 0.103333 0.080667
3 0.08399999999999996 0.42933299999999996 0.097333 0.073333
3 0.052000000000000046 0.318333 0.046667 0.035333
2 0.423667 0.40933299999999995 0.092667 0.072
3 0.33966700000000005 0.381667 0.058 0.055333
2 0.28033300000000005 0.354333 0.079333 0.076667
2 0.24566699999999997 0.274 0.051333 0.042667
2 0.20599999999999996 0.320333 0.094667 0.094
3 0.12966699999999998 0.293667 0.055333 0.051333
2 0.07366700000000004 0.135 0.084667 0.068667
2 0.10699999999999998 0.06366700000000003 0.071333 0.075333
2 0.13333300000000003 0.16000000000000003 0.048 0.054667
2 0.19233299999999998 0.15233300000000005 0.078 0.088667
2 0.233333 0.09699999999999998 0.068 0.058
2 0.26833300000000004 0.17200000000000004 0.082 0.074667
2 0.33799999999999997 0.19066700000000003 0.038667 0.042667
2 0.35366699999999995 0.20999999999999996 0.047333 0.042667
2 0.39 0.26333300000000004 0.068 0.066667
3 0.30533299999999997 0.287667 0.068 0.059333
2 0.45766700000000005 0.32466700000000004 0.106 0.086667
3 0.46666700000000005 0.250333 0.057333 0.054
3 0.5263329999999999 0.280667 0.059333 0.073333
2 0.5549999999999999 0.234333 0.055333 0.05
2 0.601667 0.17033299999999996 0.051333 0.05
2 0.631 0.04366700000000001 0.083333 0.087333
2 0.675 0.11699999999999999 0.098 0.11
2 0.54 0.05800000000000005 0.065333 0.072
2 0.46599999999999997 0.06699999999999995 0.074667 0.084667
2 0.398667 0.047667000000000015 0.04 0.043333
2 0.451333 0.14900000000000002 0.081333 0.082
3 0.371333 0.11499999999999999 0.064 0.072667
2 0.302667 0.10599999999999998 0.065333 0.06
2 0.626333 0.41333299999999995 0.104667 0.1
3 0.575 0.356 0.082 0.06
2 0.6106670000000001 0.30500000000000005 0.1 0.086
2 0.652667 0.21699999999999997 0.112 0.084667
3 0.718667 0.369333 0.046667 0.066667
2 0.7853330000000001 0.35866699999999996 0.08 0.098667
2 0.854 0.359333 0.057333 0.050667
2 0.822333 0.29000000000000004 0.092667 0.072
2 0.715333 0.271667 0.057333 0.052667
2 0.775 0.22466699999999995 0.131333 0.089333
2 0.766 0.15200000000000002 0.066667 0.065333
2 0.92 0.10433300000000001 0.061333 0.059333
3 0.916 0.169667 0.046667 0.048667
2 0.859667 0.21066700000000005 0.098 0.144
2 0.806333 0.08599999999999997 0.055333 0.069333
2 0.8566670000000001 0.08766700000000005 0.062667 0.076667
0 0.168667 0.07866700000000004 0.049333 0.054667
0 0.557667 0.15233300000000005 0.032667 0.042
0 0.515667 0.18700000000000006 0.051333 0.042
0 0.410667 0.19966700000000004 0.076 0.063333
0 0.27233300000000005 0.41533299999999995 0.036667 0.048
0 0.35166699999999995 0.44166700000000003 0.067333 0.056667
0 0.476333 0.49366699999999997 0.063333 0.034
0 0.753667 0.457333 0.039333 0.036
0 0.743 0.42100000000000004 0.038 0.031333
0 0.759667 0.5063329999999999 0.03 0.023333
0 0.888667 0.40233300000000005 0.04 0.044667
0 0.149667 0.6166670000000001 0.060667 0.046667
0 0.07366700000000004 0.607333 0.043333 0.036
0 0.09966699999999995 0.646 0.051333 0.068
0 0.483333 0.687 0.086667 0.064667
0 0.862 0.720667 0.034667 0.032
0 0.476 0.912 0.068 0.057333
2 0.730667 0.043332999999999955 0.092 0.086667
2 0.891 0.027000000000000024 0.067333 0.054
2 0.957333 0.042332999999999954 0.084 0.084667
2 0.951333 0.646 0.096 0.141333
2 0.661667 0.978 0.075333 0.042667
2 0.43733299999999997 0.979 0.069333 0.040667
2 0.13333300000000003 0.970667 0.129333 0.057333
2 0.02200000000000002 0.767667 0.042667 0.086
2 0.042332999999999954 0.5700000000000001 0.084667 0.082667
2 0.04166700000000001 0.22399999999999998 0.083333 0.108
