2 0.202667 0.954333 0.137333 0.09
2 0.146333 0.902 0.072667 0.072
2 0.215667 0.878667 0.066 0.066667
2 0.14 0.827 0.096 0.088667
2 0.089667 0.706 0.071333 0.072
2 0.227 0.800667 0.080667 0.08
2 0.289333 0.806 0.053333 0.069333
2 0.278333 0.87 0.055333 0.061333
3 0.390667 0.943667 0.077333 0.083333
2 0.339333 0.888333 0.061333 0.052667
2 0.353 0.827667 0.080667 0.062
2 0.376667 0.761 0.1 0.087333
2 0.151 0.677 0.104667 0.103333
2 0.246333 0.729 0.088667 0.054
2 0.243667 0.667667 0.086 0.083333
2 0.246333 0.578333 0.147333 0.119333
2 0.31 0.660667 0.061333 0.066667
2 0.149 0.581333 0.096667 0.102667
2 0.036 0.5640000000000001 0.062667 0.056
2 0.047333 0.48066699999999996 0.044 0.050667
2 0.110667 0.495333 0.065333 0.069333
2 0.113667 0.435667 0.084667 0.05
2 0.178333 0.411667 0.055333 0.047333
2 0.193 0.45899999999999996 0.079333 0.086
2 0.042333 0.35766699999999996 0.080667 0.096667
2 0.034 0.278 0.066667 0.065333
2 0.067667 0.12433300000000003 0.09 0.088667
2 0.103667 0.21066700000000005 0.09 0.097333
3 0.119333 0.369333 0.062667 0.057333
2 0.132333 0.29700000000000004 0.075333 0.09
2 0.196 0.30733299999999997 0.072 0.097333
2 0.204667 0.22366699999999995 0.102667 0.11
2 0.161 0.15600000000000003 0.079333 0.069333
2 0.154667 0.08666700000000005 0.074667 0.064
2 0.238667 0.04266700000000001 0.101333 0.085333
2 0.228667 0.10533300000000001 0.065333 0.06
2 0.259 0.17333299999999996 0.114 0.134667
2 0.315 0.03633299999999995 0.051333 0.072667
2 0.361667 0.05566700000000002 0.075333 0.087333
2 0.354667 0.12966699999999998 0.089333 0.091333
2 0.365 0.22066699999999995 0.107333 0.098667
2 0.430333 0.11933300000000002 0.082 0.096
2 0.512 0.04600000000000004 0.076 0.092
2 0.481 0.20899999999999996 0.106 0.119333
2 0.295333 0.30633299999999997 0.070667 0.058
2 0.266667 0.465333 0.068 0.068
2 0.346667 0.525 0.032 0.031333
2 0.332333 0.472333 0.058 0.059333
2 0.323667 0.396667 0.083333 0.074667
2 0.346333 0.32799999999999996 0.055333 0.065333
2 0.409333 0.355 0.121333 0.116667
2 0.473333 0.41533299999999995 0.068 0.068
2 0.497667 0.33766700000000005 0.058 0.056667
2 0.524 0.291667 0.089333 0.074
2 0.546333 0.4 0.080667 0.093333
2 0.582333 0.33266700000000005 0.096667 0.086667
2 0.595 0.20966700000000005 0.111333 0.148667
2 0.614667 0.06533299999999997 0.065333 0.078667
2 0.644 0.12233300000000003 0.062667 0.051333
2 0.699 0.19866700000000004 0.094 0.121333
2 0.392 0.501667 0.053333 0.051333
2 0.393333 0.550667 0.074667 0.056
2 0.456667 0.816333 0.045333 0.051333
2 0.516333 0.923 0.040667 0.044667
2 0.454667 0.7436670000000001 0.058667 0.07
2 0.445667 0.667333 0.082 0.066667
2 0.461 0.593 0.054 0.059333
2 0.477333 0.5349999999999999 0.090667 0.082
2 0.528333 0.49366699999999997 0.05 0.05
2 0.598333 0.529333 0.098 0.093333
2 0.529333 0.5780000000000001 0.061333 0.065333
2 0.548333 0.657 0.128667 0.107333
2 0.523333 0.7893330000000001 0.088 0.105333
3 0.600667 0.839333 0.066667 0.069333
2 0.629333 0.755333 0.128 0.093333
2 0.660667 0.6803330000000001 0.093333 0.082
2 0.665 0.607667 0.062 0.064667
2 0.618333 0.43766700000000003 0.094 0.082
2 0.671333 0.472 0.072 0.070667
2 0.682333 0.371333 0.108667 0.1
2 0.702667 0.29233299999999995 0.073333 0.063333
3 0.691 0.871 0.083333 0.079333
2 0.699 0.786 0.099333 0.093333
3 0.726667 0.6966669999999999 0.066667 0.074667
2 0.722667 0.5736669999999999 0.122667 0.118
2 0.754667 0.492333 0.105333 0.072667
2 0.769667 0.405 0.122 0.108667
2 0.787333 0.28600000000000003 0.104 0.109333
2 0.802667 0.19299999999999995 0.070667 0.079333
2 0.850667 0.10466699999999995 0.133333 0.092
2 0.874667 0.032667 0.068 0.058667
2 0.874667 0.19433299999999998 0.088 0.095333
2 0.936333 0.19999999999999996 0.052667 0.054667
2 0.947 0.04033299999999995 0.051333 0.062
2 0.959333 0.12 0.081333 0.128
2 0.884 0.31666700000000003 0.136 0.145333
2 0.859667 0.44099999999999995 0.079333 0.086
2 0.843 0.516667 0.082 0.073333
2 0.913 0.509667 0.055333 0.040667
2 0.821 0.5916669999999999 0.086 0.09
2 0.806667 0.695333 0.088 0.102667
2 0.796333 0.8180000000000001 0.091333 0.145333
2 0.885 0.791667 0.072667 0.074
3 0.892 0.721333 0.072 0.066667
2 0.913333 0.5876669999999999 0.096 0.11
0 0.551333 0.091333 0.042667 0.044
0 0.958333 0.891 0.034 0.027333
0 0.291667 0.975333 0.032667 0.046667
0 0.820667 0.899 0.049333 0.058
0 0.873 0.880333 0.044667 0.047333
0 0.018333 0.958667 0.035333 0.050667
0 0.064333 0.954667 0.051333 0.056
0 0.06 0.882333 0.034667 0.027333
2 0.955667 0.409667 0.088667 0.140667
2 0.975667 0.52 0.048667 0.058667
2 0.948333 0.663667 0.103333 0.111333
2 0.969333 0.840667 0.061333 0.069333
0 0.598333 0.9359999999999999 0.152667 0.125333
2 0.027 0.785667 0.052667 0.075333
2 0.031 0.20166700000000004 0.060667 0.092667
2 0.079 0.029000000000000026 0.09 0.056667
2 0.153667 0.026666999999999996 0.072667 0.053333
2 0.430667 0.03633299999999995 0.073333 0.072667
2 0.751 0.06866700000000003 0.194 0.137333
