2 0.937333 0.260667 0.066667 0.1
2 0.892667 0.247 0.038667 0.051333
2 0.851 0.237333 0.058 0.073333
2 0.915 0.152 0.078 0.089333
2 0.886333 0.068333 0.084667 0.079333
2 0.827333 0.133333 0.097333 0.109333
2 0.798 0.035333 0.061333 0.066667
2 0.764667 0.092333 0.069333 0.075333
2 0.699667 0.076 0.052667 0.1
2 0.7026669999999999 0.183 0.069333 0.083333
3 0.77 0.223 0.037333 0.036667
3 0.803333 0.284 0.037333 0.038667
2 0.668667 0.067 0.032 0.048667
2 0.632667 0.048667 0.096 0.096
2 0.565 0.033333 0.042 0.057333
2 0.5569999999999999 0.127 0.079333 0.080667
2 0.474 0.103667 0.088 0.083333
2 0.399667 0.085333 0.07 0.074667
3 0.32799999999999996 0.057667 0.076 0.088667
2 0.368333 0.159 0.084667 0.078
2 0.218333 0.114667 0.102 0.110667
2 0.13066699999999998 0.075667 0.065333 0.063333
2 0.06133299999999997 0.053333 0.068 0.069333
2 0.13633300000000004 0.157 0.115333 0.087333
2 0.144667 0.232 0.068 0.076
2 0.07766700000000004 0.271667 0.119333 0.114
2 0.032332999999999945 0.192667 0.038 0.036
2 0.21899999999999997 0.320333 0.108667 0.078
2 0.244 0.236 0.128 0.096
2 0.36166699999999996 0.226667 0.082 0.065333
2 0.33366700000000005 0.294 0.082 0.072
3 0.30800000000000005 0.343333 0.038667 0.032
2 0.345 0.360333 0.051333 0.05
2 0.440333 0.264333 0.054 0.047333
3 0.42200000000000004 0.311 0.058667 0.043333
3 0.42933299999999996 0.386 0.093333 0.096
2 0.41700000000000004 0.478667 0.038 0.036
3 0.503667 0.414667 0.060667 0.058667
2 0.485 0.336667 0.054 0.061333
2 0.566333 0.364333 0.052667 0.05
3 0.596 0.315333 0.068 0.076
2 0.507 0.189667 0.084667 0.072667
2 0.584333 0.207667 0.063333 0.067333
2 0.6659999999999999 0.245667 0.097333 0.082
3 0.676667 0.331 0.081333 0.086
3 0.756333 0.342333 0.080667 0.075333
2 0.845 0.369667 0.054 0.043333
3 0.889 0.446667 0.079333 0.064
2 0.957333 0.474333 0.057333 0.067333
2 0.873333 0.491667 0.036 0.028667
2 0.783667 0.414 0.038 0.034667
2 0.7953330000000001 0.464 0.064 0.076
2 0.727333 0.409667 0.058667 0.043333
3 0.725333 0.457667 0.070667 0.048667
2 0.642 0.389667 0.054667 0.044667
3 0.648333 0.436333 0.075333 0.056667
3 0.318333 0.445 0.087333 0.083333
2 0.24133300000000002 0.423667 0.044 0.038
3 0.31299999999999994 0.527667 0.082 0.054
2 0.633 0.538 0.106 0.102667
3 0.7336670000000001 0.541 0.054 0.075333
2 0.906 0.584667 0.065333 0.065333
2 0.866 0.574333 0.033333 0.036667
2 0.804333 0.561667 0.084667 0.086
3 0.925 0.665333 0.084667 0.078667
2 0.926 0.759 0.072 0.086
3 0.834333 0.729667 0.044667 0.044667
2 0.9299999999999999 0.852667 0.028 0.032
2 0.879667 0.869333 0.048667 0.076
2 0.819333 0.970333 0.08 0.059333
2 0.808 0.865333 0.094667 0.126667
2 0.745333 0.841667 0.030667 0.028667
2 0.756667 0.930667 0.044 0.06
3 0.701667 0.932 0.068667 0.093333
3 0.781333 0.723 0.066667 0.075333
2 0.778 0.631333 0.093333 0.102667
2 0.6890000000000001 0.641 0.043333 0.039333
3 0.6819999999999999 0.707 0.065333 0.056667
3 0.617 0.71 0.074 0.062667
2 0.617667 0.626333 0.091333 0.095333
2 0.5573330000000001 0.645333 0.042667 0.038667
3 0.523333 0.679333 0.056 0.062667
3 0.521 0.591667 0.074 0.087333
2 0.49266699999999997 0.521333 0.036 0.038667
3 0.24733300000000003 0.514667 0.04 0.046667
2 0.33299999999999996 0.614 0.05 0.057333
2 0.290667 0.679333 0.090667 0.076
2 0.660667 0.828 0.077333 0.101333
3 0.654 0.898 0.038667 0.066667
3 0.607333 0.899333 0.065333 0.08
3 0.594333 0.968333 0.060667 0.063333
3 0.552333 0.948 0.042 0.064
3 0.512667 0.917333 0.076 0.089333
2 0.585 0.788 0.068667 0.094667
2 0.5023329999999999 0.764667 0.080667 0.094667
2 0.429667 0.737 0.076667 0.080667
2 0.476 0.658333 0.044 0.062
2 0.43700000000000006 0.652333 0.042 0.044667
2 0.403 0.627333 0.043333 0.061333
2 0.353 0.691667 0.020667 0.018
2 0.42333299999999996 0.881333 0.041333 0.041333
2 0.394667 0.818 0.088 0.093333
2 0.33699999999999997 0.883333 0.078 0.101333
2 0.31466700000000003 0.779667 0.097333 0.111333
2 0.265667 0.843333 0.071333 0.070667
2 0.26033300000000004 0.921667 0.084667 0.075333
2 0.23299999999999998 0.758333 0.094 0.092667
3 0.17733299999999996 0.812667 0.072 0.076
3 0.17666700000000002 0.884667 0.073333 0.068
2 0.123 0.954333 0.055333 0.040667
2 0.091333 0.889667 0.097333 0.086
2 0.034667 0.928 0.069333 0.08
2 0.07666700000000004 0.800667 0.106667 0.105333
2 0.15233300000000005 0.727 0.080667 0.091333
2 0.07099999999999995 0.710333 0.084667 0.083333
2 0.13066699999999998 0.640333 0.101333 0.084667
2 0.235 0.580667 0.051333 0.057333
2 0.20366700000000004 0.532667 0.044667 0.053333
2 0.15800000000000003 0.479 0.128 0.087333
2 0.15433300000000005 0.567 0.11 0.082
3 0.04600000000000004 0.597333 0.06 0.070667
2 0.03533299999999995 0.423333 0.070667 0.065333
2 0.07599999999999996 0.376333 0.030667 0.026
2 0.16700000000000004 0.393 0.084667 0.074
2 0.474 0.866667 0.026667 0.021333
3 0.726667 0.488333 0.034667 0.027333
2 0.776 0.487667 0.058667 0.040667
0 0.229333 0.665 0.050667 0.075333
0 0.45899999999999996 0.595 0.048667 0.044667
0 0.43200000000000005 0.202 0.062667 0.072
0 0.496 0.253 0.046667 0.051333
0 0.542667 0.277 0.032 0.032667
0 0.568667 0.419 0.030667 0.038
0 0.5469999999999999 0.498 0.040667 0.028
0 0.732333 0.784667 0.114 0.092
0 0.7030000000000001 0.603333 0.043333 0.042667
0 0.874333 0.351 0.043333 0.054
0 0.874667 0.747333 0.041333 0.061333
0 0.941667 0.091 0.052667 0.047333
2 0.030667 0.509667 0.061333 0.083333
2 0.24 0.030667 0.102667 0.06
2 0.969 0.025333 0.060667 0.049333
2 0.978 0.239333 0.042667 0.076
2 0.970333 0.614333 0.058 0.064667
2 0.978 0.77 0.042667 0.065333
2 0.49366699999999997 0.983 0.044667 0.034
2 0.42200000000000004 0.968333 0.08 0.063333
2 0.23099999999999998 0.973667 0.092667 0.052667
2 0.022333000000000047 0.817 0.043333 0.063333
