2 0.904667 0.071333 0.062667 0.066667
3 0.8376669999999999 0.052 0.074 0.092
2 0.875333 0.142667 0.085333 0.069333
2 0.866333 0.216 0.075333 0.072
2 0.741333 0.102333 0.097333 0.111333
2 0.6553329999999999 0.066667 0.064 0.068
2 0.651667 0.146667 0.107333 0.089333
2 0.6719999999999999 0.222333 0.074667 0.076667
2 0.765333 0.224333 0.101333 0.088667
2 0.735333 0.312 0.101333 0.092
2 0.840667 0.278667 0.070667 0.061333
3 0.810667 0.33 0.036 0.033333
2 0.862333 0.346 0.055333 0.057333
2 0.947667 0.253667 0.056667 0.058
3 0.926 0.303667 0.058667 0.047333
3 0.936667 0.383333 0.104 0.106667
3 0.921 0.470667 0.026 0.029333
3 0.825333 0.438333 0.085333 0.086
2 0.754333 0.411667 0.040667 0.05
3 0.823333 0.515333 0.056 0.054667
2 0.773 0.513 0.022 0.019333
2 0.83 0.602 0.038667 0.036
2 0.983 0.645333 0.024667 0.038667
2 0.951333 0.639667 0.033333 0.036667
3 0.904333 0.619667 0.040667 0.056667
3 0.799667 0.668 0.083333 0.070667
2 0.9390000000000001 0.723667 0.082 0.076667
2 0.929 0.959 0.082 0.082
2 0.671667 0.372333 0.080667 0.079333
2 0.6643330000000001 0.462667 0.118 0.096
2 0.744333 0.499333 0.05 0.053333
2 0.740667 0.569667 0.042667 0.046
2 0.661333 0.556333 0.129333 0.094
2 0.642667 0.631333 0.116 0.089333
2 0.657 0.720333 0.087333 0.086
3 0.5800000000000001 0.696333 0.074667 0.078
3 0.597333 0.796667 0.096 0.110667
2 0.611 0.880667 0.083333 0.073333
2 0.617667 0.944 0.044667 0.036
2 0.54 0.921 0.061333 0.082
2 0.525 0.807 0.048667 0.051333
3 0.688 0.800667 0.070667 0.074667
3 0.675333 0.874 0.057333 0.066667
2 0.737 0.745333 0.086 0.097333
2 0.778 0.832 0.073333 0.062667
3 0.759333 0.912 0.069333 0.064
2 0.855333 0.871667 0.074667 0.091333
2 0.9299999999999999 0.874333 0.033333 0.032667
2 0.91 0.811 0.078667 0.087333
2 0.826667 0.773 0.073333 0.094
2 0.581 0.041 0.056667 0.067333
2 0.517667 0.106333 0.091333 0.103333
2 0.606 0.260333 0.101333 0.139333
2 0.546333 0.183333 0.046 0.045333
2 0.521 0.238333 0.076667 0.072667
2 0.44899999999999995 0.213667 0.079333 0.087333
2 0.389667 0.212 0.044667 0.036
2 0.363333 0.282 0.092 0.104
2 0.30333299999999996 0.345667 0.104 0.09
2 0.23566699999999996 0.417333 0.080667 0.074667
2 0.138 0.455 0.093333 0.075333
2 0.07033299999999998 0.356 0.127333 0.097333
2 0.14 0.304333 0.056 0.048667
2 0.210333 0.333333 0.084667 0.085333
2 0.16500000000000004 0.383333 0.039333 0.037333
2 0.264 0.267667 0.073333 0.05
3 0.18999999999999995 0.258333 0.044 0.046
2 0.13766699999999998 0.229667 0.076667 0.080667
2 0.13333300000000003 0.145 0.068 0.078
2 0.06899999999999995 0.128333 0.058 0.055333
2 0.17733299999999996 0.064667 0.044 0.041333
2 0.256667 0.085333 0.094667 0.094667
2 0.20966700000000005 0.156333 0.083333 0.106
2 0.289667 0.187667 0.078 0.09
2 0.345333 0.125 0.092 0.120667
2 0.36066699999999996 0.037333 0.097333 0.070667
2 0.577333 0.366667 0.036 0.029333
2 0.513 0.329 0.087333 0.09
2 0.43433299999999997 0.303667 0.07 0.086
2 0.457333 0.387 0.096 0.091333
2 0.5449999999999999 0.414667 0.082 0.072
2 0.551667 0.503667 0.098 0.091333
3 0.560667 0.587 0.066667 0.083333
3 0.489 0.560333 0.054 0.052667
2 0.465333 0.483 0.068 0.083333
2 0.38233300000000003 0.388333 0.051333 0.042
2 0.392667 0.455667 0.08 0.084667
2 0.320333 0.425333 0.094 0.101333
3 0.227333 0.494 0.069333 0.066667
2 0.30933299999999997 0.516667 0.108 0.076
2 0.511333 0.670333 0.065333 0.124667
2 0.43999999999999995 0.642667 0.092 0.136
2 0.36266699999999996 0.628 0.093333 0.104
3 0.395667 0.537667 0.055333 0.059333
2 0.28 0.603333 0.105333 0.097333
2 0.29600000000000004 0.681333 0.073333 0.064
2 0.371 0.7 0.026 0.026667
2 0.43766700000000003 0.744 0.084667 0.066667
3 0.44399999999999995 0.806333 0.072 0.063333
2 0.49 0.825333 0.036 0.032
3 0.45699999999999996 0.898 0.051333 0.056
3 0.471 0.958333 0.056667 0.056667
3 0.385667 0.884333 0.075333 0.086
3 0.364333 0.786 0.084667 0.093333
3 0.31133299999999997 0.928667 0.032 0.030667
3 0.314333 0.861667 0.059333 0.052667
2 0.279667 0.828 0.023333 0.026667
2 0.278 0.759 0.098667 0.094
2 0.242 0.906333 0.093333 0.114
2 0.17000000000000004 0.895333 0.096 0.105333
2 0.06499999999999995 0.882667 0.124667 0.141333
2 0.20599999999999996 0.586667 0.065333 0.061333
2 0.13533300000000004 0.547667 0.101333 0.080667
2 0.05600000000000005 0.527 0.070667 0.055333
2 0.06633299999999998 0.637 0.096667 0.086
2 0.12866699999999998 0.652667 0.056 0.06
2 0.215333 0.661 0.062667 0.054
2 0.15733299999999995 0.749333 0.124 0.141333
2 0.07866700000000004 0.734 0.077333 0.08
0 0.121 0.065 0.067333 0.067333
0 0.43999999999999995 0.063333 0.046667 0.061333
0 0.591 0.125667 0.055333 0.095333
0 0.7256670000000001 0.657667 0.046 0.067333
0 0.873667 0.697667 0.044667 0.048667
0 0.959 0.591333 0.047333 0.046667
2 0.02533300000000005 0.764667 0.050667 0.102667
2 0.04533299999999996 0.213 0.090667 0.102
2 0.07233299999999998 0.034333 0.118 0.064667
2 0.768667 0.024333 0.073333 0.047333
2 0.734 0.967667 0.082667 0.064667
2 0.39933300000000005 0.963667 0.1 0.072667
