2 0.132 0.958 0.057333 0.065333
2 0.048667 0.855 0.062667 0.074
2 0.120333 0.883667 0.07 0.07
2 0.161333 0.810667 0.108 0.118667
2 0.252333 0.849667 0.084667 0.083333
2 0.28 0.949333 0.044 0.041333
1 0.260667 0.923667 0.046667 0.056667
2 0.200667 0.8993329999999999 0.058667 0.045333
2 0.326 0.975 0.08 0.048667
2 0.333667 0.897667 0.098 0.091333
2 0.411 0.954667 0.075333 0.077333
1 0.397667 0.8993329999999999 0.040667 0.038667
1 0.475 0.953667 0.051333 0.05
2 0.452333 0.806 0.075333 0.108
1 0.327667 0.777 0.052667 0.048667
2 0.129333 0.726667 0.069333 0.057333
1 0.058 0.7006669999999999 0.065333 0.046667
2 0.089333 0.789 0.065333 0.068667
2 0.034 0.7663329999999999 0.065333 0.075333
2 0.065 0.531667 0.086 0.076667
2 0.104667 0.6206670000000001 0.084 0.094667
2 0.185667 0.648333 0.099333 0.104667
2 0.220333 0.567 0.060667 0.062
2 0.228333 0.732333 0.116667 0.134
2 0.291667 0.6839999999999999 0.051333 0.069333
2 0.278 0.583 0.030667 0.034
2 0.346 0.601667 0.142667 0.123333
2 0.359 0.522 0.086 0.092
2 0.335667 0.45866700000000005 0.062 0.066667
2 0.289 0.499333 0.023333 0.022667
2 0.396333 0.45999999999999996 0.059333 0.069333
1 0.454667 0.632667 0.06 0.052
2 0.451667 0.554667 0.047333 0.049333
2 0.483333 0.577333 0.044 0.057333
2 0.457667 0.477333 0.07 0.105333
2 0.422 0.30533299999999997 0.065333 0.073333
1 0.444333 0.22866699999999995 0.035333 0.036
2 0.360667 0.20666700000000005 0.056 0.046667
3 0.27 0.242 0.084 0.078667
2 0.237667 0.33399999999999996 0.119333 0.12
2 0.229 0.43700000000000006 0.100667 0.092667
2 0.116 0.46299999999999997 0.110667 0.083333
2 0.128 0.39033300000000004 0.088 0.062
3 0.036333 0.364333 0.047333 0.051333
3 0.072667 0.19233299999999998 0.116 0.086
2 0.128667 0.298667 0.125333 0.110667
2 0.496667 0.404 0.121333 0.116
2 0.567333 0.502 0.082667 0.085333
1 0.535 0.588667 0.040667 0.037333
2 0.566333 0.599 0.028667 0.035333
2 0.507333 0.656667 0.092 0.077333
2 0.566667 0.6639999999999999 0.034667 0.041333
2 0.630333 0.5613330000000001 0.116667 0.113333
2 0.679667 0.647667 0.122 0.084667
1 0.756667 0.659333 0.032 0.044
2 0.742 0.5676669999999999 0.109333 0.118
2 0.790667 0.501 0.038667 0.032667
2 0.485 0.894333 0.063333 0.068667
2 0.552 0.901667 0.068 0.076667
2 0.527667 0.986 0.042 0.026667
2 0.618667 0.928 0.042667 0.04
1 0.698333 0.948 0.042 0.037333
2 0.534 0.756 0.042667 0.042667
2 0.662333 0.790333 0.135333 0.152667
2 0.517 0.314333 0.098 0.074
3 0.533333 0.26033300000000004 0.048 0.036667
2 0.550333 0.20766700000000005 0.078 0.088667
2 0.616 0.28300000000000003 0.037333 0.040667
2 0.601667 0.363 0.084667 0.087333
2 0.597 0.43300000000000005 0.078 0.059333
2 0.727 0.22299999999999998 0.060667 0.058
2 0.72 0.322333 0.104 0.13
2 0.839 0.41033299999999995 0.146 0.119333
2 0.925333 0.35966699999999996 0.086667 0.100667
2 0.878 0.28533299999999995 0.018667 0.018667
2 0.878667 0.526 0.129333 0.113333
2 0.885333 0.632333 0.129333 0.100667
2 0.956333 0.455333 0.078 0.086667
2 0.916667 0.714 0.068 0.06
2 0.940333 0.9666669999999999 0.088667 0.044
2 0.871333 0.872667 0.036 0.054667
2 0.934333 0.871 0.119333 0.143333
2 0.87 0.9359999999999999 0.041333 0.041333
2 0.833333 0.834333 0.057333 0.064667
2 0.793667 0.910667 0.111333 0.114667
1 0.815667 0.753333 0.042 0.037333
2 0.744 0.732667 0.06 0.078667
1 0.758667 0.823333 0.038667 0.034667
2 0.465 0.16000000000000003 0.07 0.073333
2 0.372333 0.13166699999999998 0.031333 0.032667
2 0.355 0.28733299999999995 0.028667 0.048
3 0.044333 0.08966700000000005 0.080667 0.094
2 0.126667 0.057667000000000024 0.021333 0.020667
2 0.166 0.138 0.030667 0.033333
0 0.928667 0.09266700000000005 0.142667 0.150667
0 0.964667 0.7969999999999999 0.062667 0.060667
0 0.719 0.796 0.039333 0.045333
0 0.786667 0.7146669999999999 0.041333 0.056
0 0.598333 0.604 0.05 0.050667
0 0.627 0.749 0.054 0.055333
0 0.548 0.8316669999999999 0.056 0.044667
0 0.604667 0.690333 0.050667 0.05
0 0.35 0.7006669999999999 0.078667 0.068
0 0.318333 0.35866699999999996 0.068667 0.078667
0 0.321333 0.05733299999999997 0.156 0.114667
0 0.207667 0.953667 0.099333 0.091333
0 0.113333 0.687 0.046667 0.032667
0 0.142 0.544667 0.068 0.072
0 0.038333 0.6206670000000001 0.056667 0.068
2 0.973 0.554333 0.054 0.116667
2 0.763667 0.962667 0.072667 0.073333
2 0.043667 0.959 0.086 0.080667
2 0.036 0.443333 0.070667 0.104
