2 0.063333 0.914 0.037333 0.042667
2 0.035667 0.879667 0.059333 0.052667
3 0.059 0.800667 0.080667 0.077333
2 0.125667 0.832333 0.080667 0.086
2 0.119667 0.902 0.075333 0.066667
2 0.19 0.950667 0.085333 0.089333
2 0.212 0.863 0.04 0.044667
2 0.267667 0.871333 0.079333 0.108
2 0.339 0.9033329999999999 0.080667 0.094667
2 0.391333 0.909667 0.029333 0.043333
2 0.474 0.956333 0.089333 0.083333
2 0.041333 0.7026669999999999 0.081333 0.096
2 0.052 0.604 0.064 0.057333
2 0.112 0.648667 0.106667 0.109333
2 0.13 0.729333 0.068 0.062667
2 0.205 0.6699999999999999 0.087333 0.092
2 0.201333 0.761333 0.098667 0.096
2 0.272 0.6886669999999999 0.032 0.034667
2 0.340667 0.6950000000000001 0.077333 0.108667
2 0.303 0.7783329999999999 0.086 0.078
2 0.374667 0.820333 0.078667 0.083333
2 0.444333 0.845 0.079333 0.083333
2 0.356333 0.621 0.048667 0.051333
2 0.426667 0.6473329999999999 0.064 0.070667
2 0.426333 0.738333 0.118 0.124667
2 0.516333 0.677667 0.09 0.087333
2 0.51 0.755 0.036 0.042
3 0.625333 0.628333 0.066667 0.058
2 0.54 0.884333 0.078667 0.083333
2 0.616333 0.905 0.092667 0.091333
2 0.574 0.797333 0.133333 0.109333
2 0.606 0.711333 0.102667 0.098667
2 0.654333 0.817667 0.044667 0.05
2 0.706667 0.834 0.065333 0.066667
2 0.684333 0.738 0.079333 0.069333
2 0.698333 0.654333 0.082 0.076667
3 0.707 0.944667 0.082 0.090667
2 0.786667 0.863 0.097333 0.083333
2 0.912333 0.914 0.087333 0.062667
3 0.849 0.888333 0.044667 0.042
2 0.821333 0.787 0.1 0.086
3 0.758667 0.757 0.069333 0.051333
2 0.763 0.594333 0.088667 0.071333
2 0.793333 0.6886669999999999 0.108 0.106667
2 0.857333 0.6206670000000001 0.084 0.093333
2 0.762667 0.515333 0.102667 0.096
2 0.833667 0.529667 0.07 0.083333
2 0.912 0.5740000000000001 0.065333 0.064
2 0.941333 0.655667 0.117333 0.092667
2 0.869667 0.720333 0.052667 0.055333
2 0.919 0.726333 0.054 0.054
3 0.933333 0.758667 0.032 0.033333
2 0.973 0.769333 0.054 0.052
2 0.96 0.840333 0.044 0.054
2 0.901667 0.809667 0.078 0.098
2 0.809667 0.43100000000000005 0.054 0.05
2 0.874 0.44799999999999995 0.084 0.092
2 0.937667 0.38833300000000004 0.124667 0.138
2 0.946333 0.28600000000000003 0.078 0.06
2 0.927333 0.19933299999999998 0.093333 0.077333
2 0.845333 0.07566700000000004 0.093333 0.096667
2 0.853333 0.18133299999999997 0.069333 0.077333
2 0.879333 0.27 0.072 0.077333
2 0.811333 0.344333 0.133333 0.118
2 0.800333 0.23733300000000002 0.096667 0.090667
2 0.779667 0.14700000000000002 0.080667 0.082
2 0.751667 0.06166700000000003 0.072667 0.078
2 0.722667 0.22266699999999995 0.066667 0.069333
2 0.741333 0.30633299999999997 0.068 0.086
2 0.686 0.307667 0.068 0.075333
2 0.729 0.40700000000000003 0.082 0.084667
2 0.691333 0.132 0.090667 0.093333
3 0.679 0.052000000000000046 0.059333 0.064
2 0.603 0.030333000000000054 0.063333 0.060667
2 0.635333 0.11466699999999996 0.066667 0.077333
2 0.662333 0.19833299999999998 0.046 0.046
2 0.634333 0.266 0.059333 0.069333
2 0.645 0.38333300000000003 0.091333 0.090667
2 0.648 0.469333 0.098667 0.090667
2 0.627667 0.5513330000000001 0.082 0.085333
2 0.569 0.099333 0.056667 0.046667
2 0.522667 0.143667 0.092 0.072667
2 0.369667 0.11433300000000002 0.052667 0.052667
2 0.442667 0.11733300000000002 0.068 0.049333
3 0.393333 0.047667000000000015 0.044 0.047333
2 0.464333 0.05566700000000002 0.094 0.082
2 0.417667 0.19733299999999998 0.071333 0.104
2 0.589667 0.35666699999999996 0.082 0.096
2 0.565 0.239 0.092667 0.126
2 0.478333 0.22166699999999995 0.086 0.108667
2 0.411333 0.293667 0.108 0.088667
2 0.506 0.32499999999999996 0.089333 0.104667
2 0.574 0.43999999999999995 0.056 0.070667
2 0.505 0.42200000000000004 0.079333 0.096
2 0.418333 0.398667 0.086 0.098667
2 0.322333 0.515 0.052667 0.051333
2 0.395667 0.5473330000000001 0.079333 0.090667
2 0.450667 0.491 0.069333 0.07
2 0.483667 0.5840000000000001 0.108667 0.094667
2 0.550333 0.554333 0.111333 0.154
2 0.086333 0.537667 0.108667 0.079333
2 0.077667 0.447333 0.120667 0.101333
3 0.062333 0.33699999999999997 0.054 0.044667
2 0.071333 0.261 0.069333 0.076667
2 0.130333 0.29900000000000004 0.087333 0.080667
2 0.14 0.38133300000000003 0.054667 0.056
2 0.185667 0.38833300000000004 0.054 0.047333
2 0.172667 0.486 0.072 0.073333
2 0.219667 0.581 0.078 0.080667
2 0.292 0.6066670000000001 0.077333 0.070667
2 0.249667 0.511667 0.071333 0.052667
2 0.277333 0.42833299999999996 0.142667 0.106
2 0.363667 0.374333 0.046 0.052667
2 0.269 0.32366700000000004 0.176667 0.112667
2 0.255 0.22899999999999998 0.120667 0.11
3 0.17 0.22466699999999995 0.064 0.065333
2 0.138667 0.10699999999999998 0.096 0.084667
3 0.226 0.05500000000000005 0.06 0.05
3 0.306333 0.09266700000000005 0.072667 0.061333
2 0.228667 0.141667 0.096 0.071333
0 0.060667 0.963 0.066667 0.055333
0 0.032 0.918 0.032 0.048
0 0.015667 0.624333 0.03 0.055333
0 0.043667 0.039000000000000035 0.063333 0.078
0 0.137333 0.04566700000000001 0.052 0.054
0 0.133 0.20033299999999998 0.054 0.054
0 0.293667 0.17166700000000001 0.046 0.048667
0 0.362667 0.17400000000000004 0.034667 0.044
0 0.177667 0.842333 0.035333 0.056667
0 0.253 0.960333 0.035333 0.052667
0 0.426 0.903 0.045333 0.054
0 0.471 0.896667 0.055333 0.058667
0 0.894333 0.11666699999999997 0.046 0.062667
2 0.867 0.974333 0.09 0.05
2 0.019333 0.505333 0.037333 0.08
2 0.305333 0.03200000000000003 0.112 0.064
2 0.782667 0.96 0.086667 0.078667
2 0.873667 0.037667000000000006 0.142 0.075333
