2 0.892 0.9390000000000001 0.164 0.120667
2 0.880667 0.865 0.142667 0.094
1 0.9103330000000001 0.786333 0.152667 0.11
2 0.907667 0.6579999999999999 0.163333 0.169333
1 0.7953330000000001 0.723333 0.128 0.102667
2 0.784667 0.625 0.088 0.118
3 0.714333 0.618333 0.05 0.062
3 0.701333 0.748333 0.073333 0.078
2 0.740333 0.821333 0.092667 0.098667
2 0.8069999999999999 0.800333 0.076667 0.082
2 0.7873330000000001 0.916667 0.070667 0.068
2 0.775 0.976 0.062 0.044
2 0.681667 0.913 0.112667 0.082
2 0.677333 0.8356669999999999 0.069333 0.060667
2 0.588333 0.892667 0.080667 0.082667
1 0.49566699999999997 0.929667 0.123333 0.09
2 0.514 0.850333 0.065333 0.064667
2 0.5966670000000001 0.809333 0.102667 0.084
2 0.615667 0.717667 0.083333 0.080667
2 0.597 0.678667 0.051333 0.041333
2 0.6353329999999999 0.615 0.1 0.119333
2 0.5373330000000001 0.589 0.165333 0.179333
2 0.438333 0.705667 0.052667 0.051333
2 0.5203329999999999 0.753333 0.116667 0.104
1 0.431667 0.5656669999999999 0.082 0.115333
2 0.529 0.675333 0.048667 0.045333
2 0.439333 0.85 0.086667 0.104
2 0.39633300000000005 0.871667 0.042 0.086
2 0.348 0.879333 0.072 0.090667
1 0.309667 0.924 0.076667 0.088
2 0.340333 0.803667 0.043333 0.052667
2 0.41600000000000004 0.639667 0.038667 0.044667
1 0.361 0.648 0.092667 0.072
2 0.353 0.525 0.087333 0.084667
2 0.28700000000000003 0.632333 0.055333 0.056667
2 0.34166700000000005 0.7196670000000001 0.143333 0.128667
2 0.252667 0.715333 0.065333 0.096
1 0.19433299999999998 0.698333 0.118 0.147333
2 0.11533300000000002 0.7050000000000001 0.054667 0.055333
2 0.09299999999999997 0.6453329999999999 0.074 0.074667
2 0.16733299999999995 0.601667 0.141333 0.128667
2 0.09999999999999998 0.553667 0.04 0.042
2 0.278 0.534333 0.068 0.091333
2 0.21399999999999997 0.51 0.101333 0.101333
2 0.11166699999999996 0.479 0.111333 0.086
1 0.03700000000000003 0.607333 0.074 0.093333
1 0.10899999999999999 0.758 0.086 0.069333
2 0.028666999999999998 0.771333 0.057333 0.068
2 0.08166700000000005 0.808667 0.084667 0.062667
2 0.264 0.794 0.098667 0.066667
1 0.236 0.8586670000000001 0.098667 0.078667
1 0.14833300000000005 0.8336669999999999 0.079333 0.098
1 0.23833300000000002 0.942667 0.075333 0.08
1 0.18066700000000002 0.908667 0.068 0.076
1 0.128 0.9143330000000001 0.065333 0.076667
2 0.06399999999999995 0.89 0.090667 0.094667
0 0.8396669999999999 0.10266699999999995 0.09 0.072
0 0.6783330000000001 0.29633299999999996 0.052667 0.044667
0 0.579333 0.24766699999999997 0.124 0.120667
0 0.534667 0.155667 0.145333 0.112667
0 0.546 0.05733299999999997 0.126667 0.081333
0 0.36766699999999997 0.122 0.104667 0.084
0 0.39633300000000005 0.05066700000000002 0.039333 0.038667
0 0.10633300000000001 0.08299999999999996 0.15 0.152667
0 0.635667 0.028333000000000053 0.072667 0.056667
0 0.979333 0.127 0.024 0.03
0 0.350333 0.586333 0.074 0.062
0 0.258667 0.594 0.069333 0.062667
0 0.06733299999999998 0.543667 0.029333 0.038
0 0.42333299999999996 0.764333 0.072 0.058
0 0.6026670000000001 0.935333 0.041333 0.033333
0 0.563333 0.952 0.037333 0.036
0 0.29833299999999996 0.8376669999999999 0.035333 0.028667
2 0.04166700000000001 0.6930000000000001 0.083333 0.074
2 0.06699999999999995 0.969 0.09 0.060667
2 0.15900000000000003 0.974333 0.102 0.05
