2 0.919 0.942 0.052667 0.054667
2 0.955333 0.845333 0.068 0.074667
2 0.786667 0.895333 0.066667 0.072
2 0.865333 0.896333 0.088 0.076667
2 0.797667 0.8240000000000001 0.05 0.062667
2 0.856333 0.840667 0.044667 0.034667
2 0.886 0.810667 0.073333 0.077333
2 0.822667 0.7476670000000001 0.072 0.09
2 0.927 0.727333 0.124667 0.102667
2 0.858333 0.670667 0.082 0.069333
2 0.946667 0.632 0.105333 0.098667
2 0.481 0.943333 0.088667 0.098667
2 0.512667 0.853333 0.062667 0.062667
2 0.546333 0.787 0.05 0.042
2 0.5680000000000001 0.731 0.073333 0.074
2 0.612333 0.6619999999999999 0.107333 0.130667
2 0.650667 0.5549999999999999 0.1 0.078
2 0.663 0.46766700000000005 0.114 0.094
2 0.6966669999999999 0.397667 0.097333 0.082
2 0.714 0.32499999999999996 0.098667 0.082
2 0.755333 0.21499999999999997 0.096 0.114
2 0.7146669999999999 0.17466700000000002 0.058667 0.072
2 0.650667 0.21966699999999995 0.050667 0.056667
2 0.751333 0.07399999999999995 0.06 0.062667
2 0.952 0.05933299999999997 0.074667 0.064
2 0.85 0.10566699999999996 0.096 0.087333
2 0.945333 0.14533300000000005 0.105333 0.1
2 0.929 0.22966699999999995 0.087333 0.082
2 0.851333 0.18633299999999997 0.098667 0.087333
2 0.828667 0.26833300000000004 0.105333 0.092667
2 0.916667 0.32066700000000004 0.109333 0.097333
2 0.802 0.351 0.056 0.067333
2 0.773333 0.44499999999999995 0.070667 0.079333
2 0.88 0.39833300000000005 0.108 0.083333
2 0.925 0.46599999999999997 0.064667 0.066667
2 0.853333 0.5023329999999999 0.122667 0.119333
2 0.811667 0.5876669999999999 0.091333 0.084667
2 0.754 0.529 0.093333 0.088667
2 0.711667 0.614 0.088667 0.068
2 0.772 0.665667 0.106667 0.082
2 0.741 0.762667 0.091333 0.104
2 0.709667 0.856333 0.079333 0.083333
2 0.6639999999999999 0.94 0.026667 0.028
2 0.588333 0.941333 0.042 0.044
2 0.606333 0.871667 0.124667 0.124667
2 0.646 0.788667 0.093333 0.108
3 0.677 0.705667 0.044667 0.056667
3 0.22699999999999998 0.896 0.094 0.096
3 0.258 0.813333 0.065333 0.041333
2 0.266 0.7416670000000001 0.12 0.082
2 0.32499999999999996 0.574667 0.156667 0.161333
2 0.35366699999999995 0.473333 0.080667 0.072
2 0.374667 0.41833299999999995 0.065333 0.054
2 0.364333 0.35666699999999996 0.080667 0.074667
3 0.391667 0.249 0.028667 0.020667
3 0.41900000000000004 0.15933299999999995 0.05 0.050667
2 0.359 0.07199999999999995 0.072667 0.102667
2 0.426667 0.07933299999999999 0.068 0.104
2 0.48666699999999996 0.16833299999999995 0.074667 0.079333
2 0.657667 0.126 0.072667 0.072
2 0.567333 0.14933300000000005 0.1 0.133333
2 0.537667 0.08033299999999999 0.112667 0.086
2 0.633 0.278 0.082 0.070667
2 0.499333 0.239 0.105333 0.079333
2 0.527 0.29133299999999995 0.139333 0.122667
2 0.610333 0.348333 0.108667 0.080667
2 0.477 0.388667 0.075333 0.072
2 0.5800000000000001 0.42333299999999996 0.130667 0.110667
2 0.554333 0.5223329999999999 0.09 0.082
2 0.471333 0.46266700000000005 0.1 0.070667
2 0.44866700000000004 0.541667 0.106667 0.115333
2 0.523 0.5946670000000001 0.091333 0.073333
2 0.40533300000000005 0.933667 0.06 0.082
2 0.39033300000000004 0.986333 0.028667 0.026
2 0.32899999999999996 0.929667 0.09 0.084667
2 0.346333 0.852333 0.080667 0.083333
2 0.438333 0.847333 0.091333 0.068
2 0.46099999999999997 0.771 0.107333 0.092667
2 0.366333 0.781333 0.084667 0.069333
2 0.37933300000000003 0.6926669999999999 0.126667 0.113333
2 0.5 0.6819999999999999 0.109333 0.101333
2 0.12833300000000003 0.982333 0.055333 0.026
2 0.050000000000000044 0.974667 0.057333 0.044
2 0.13166699999999998 0.947333 0.048667 0.04
2 0.13333300000000003 0.896667 0.088 0.066667
2 0.05233299999999996 0.873 0.104667 0.15
2 0.090333 0.774667 0.043333 0.041333
2 0.157667 0.817667 0.096667 0.100667
2 0.17566700000000002 0.748333 0.044667 0.044667
2 0.11566699999999996 0.703667 0.052667 0.047333
2 0.18933299999999997 0.678667 0.094667 0.089333
2 0.12066699999999997 0.642667 0.065333 0.08
2 0.07366700000000004 0.635 0.051333 0.064667
2 0.028666999999999998 0.649 0.057333 0.074
2 0.04700000000000004 0.566333 0.094 0.088667
2 0.12433300000000003 0.5449999999999999 0.091333 0.084667
2 0.20466700000000004 0.611333 0.102667 0.106667
2 0.21299999999999997 0.515667 0.091333 0.079333
2 0.261667 0.41600000000000004 0.072667 0.064
2 0.057667000000000024 0.48166699999999996 0.103333 0.091333
2 0.160667 0.45799999999999996 0.102667 0.086667
2 0.19233299999999998 0.401667 0.080667 0.084667
2 0.16100000000000003 0.352333 0.09 0.075333
2 0.09599999999999997 0.398 0.073333 0.072
2 0.099333 0.31699999999999995 0.086667 0.071333
2 0.031667 0.28033300000000005 0.063333 0.078
2 0.19599999999999995 0.28700000000000003 0.098667 0.075333
2 0.29233299999999995 0.28500000000000003 0.094 0.102
2 0.32366700000000004 0.19099999999999995 0.11 0.086
1 0.211333 0.216333 0.104 0.116667
2 0.132 0.16200000000000003 0.124 0.172
2 0.057667000000000024 0.09899999999999998 0.103333 0.079333
2 0.22799999999999998 0.12033300000000002 0.098667 0.088667
0 0.30100000000000005 0.119 0.064667 0.054
0 0.6986669999999999 0.07299999999999995 0.050667 0.056667
0 0.626667 0.03733299999999995 0.045333 0.045333
0 0.6643330000000001 0.17866700000000002 0.07 0.057333
0 0.708 0.275 0.036 0.031333
0 0.39 0.29133299999999995 0.070667 0.050667
0 0.25533300000000003 0.342333 0.102667 0.094
0 0.26333300000000004 0.47766699999999995 0.108 0.087333
0 0.960333 0.4 0.05 0.049333
0 0.849667 0.6106670000000001 0.051333 0.046667
0 0.27733300000000005 0.685333 0.090667 0.077333
0 0.12166699999999997 0.752333 0.031333 0.034
0 0.23166699999999996 0.950333 0.076667 0.048667
2 0.05566700000000002 0.033667 0.111333 0.063333
2 0.16833299999999995 0.04066700000000001 0.096667 0.081333
2 0.265667 0.049000000000000044 0.122 0.098
2 0.777 0.028000000000000025 0.09 0.056
2 0.870667 0.03633299999999995 0.078667 0.072667
2 0.764333 0.963 0.13 0.072667
2 0.039000000000000035 0.727 0.078 0.075333
