2 0.099667 0.936667 0.079333 0.092
2 0.177333 0.866667 0.109333 0.134667
2 0.267 0.920333 0.094 0.086
2 0.272 0.832 0.098667 0.090667
2 0.354 0.942333 0.076 0.083333
2 0.431667 0.882 0.156667 0.106667
2 0.401 0.775 0.059333 0.079333
2 0.556 0.734333 0.066667 0.05
3 0.488667 0.717333 0.045333 0.044
2 0.478667 0.78 0.106667 0.125333
2 0.504667 0.971667 0.056 0.055333
2 0.605 0.931333 0.087333 0.110667
2 0.672667 0.773667 0.110667 0.079333
2 0.702 0.856333 0.102667 0.094
2 0.684333 0.948667 0.074 0.098667
2 0.761667 0.955 0.075333 0.088667
2 0.774667 0.871333 0.048 0.058667
2 0.817667 0.903667 0.043333 0.052667
2 0.859333 0.888667 0.06 0.065333
2 0.866333 0.828333 0.064667 0.055333
2 0.911667 0.941667 0.088667 0.082
2 0.935 0.858333 0.072667 0.09
2 0.968333 0.7989999999999999 0.063333 0.07
2 0.89 0.687333 0.081333 0.062667
2 0.863667 0.7456670000000001 0.048667 0.040667
2 0.893667 0.760333 0.080667 0.080667
2 0.948333 0.7106669999999999 0.046 0.066667
2 0.984333 0.6313329999999999 0.028667 0.033333
2 0.922 0.613667 0.088 0.082
2 0.861 0.583333 0.046 0.052
2 0.89 0.519333 0.073333 0.073333
2 0.838667 0.48866699999999996 0.065333 0.065333
2 0.839 0.410667 0.05 0.064
2 0.901333 0.442333 0.068 0.072667
2 0.865667 0.35166699999999995 0.05 0.051333
2 0.949667 0.28733299999999995 0.054 0.04
2 0.871 0.27633300000000005 0.044667 0.043333
2 0.915 0.20766700000000005 0.071333 0.083333
2 0.942667 0.12933300000000003 0.06 0.070667
2 0.889 0.08533299999999999 0.116667 0.108
2 0.801333 0.07499999999999996 0.070667 0.104667
2 0.856667 0.17700000000000005 0.090667 0.088667
2 0.754667 0.215333 0.094667 0.101333
2 0.828667 0.246 0.070667 0.065333
3 0.759333 0.395667 0.042667 0.048667
2 0.761333 0.321333 0.138667 0.108
2 0.719 0.13733300000000004 0.151333 0.193333
2 0.637333 0.09566699999999995 0.065333 0.079333
2 0.586 0.08899999999999997 0.04 0.056667
2 0.607333 0.19099999999999995 0.072 0.094
2 0.782667 0.804 0.066667 0.065333
2 0.772667 0.72 0.105333 0.1
2 0.678667 0.694333 0.096 0.087333
2 0.784333 0.638333 0.087333 0.078
2 0.795333 0.561667 0.068 0.075333
2 0.776 0.470333 0.045333 0.055333
2 0.723333 0.525667 0.114667 0.122
2 0.699 0.6186670000000001 0.088667 0.08
2 0.684333 0.45466700000000004 0.038 0.033333
2 0.685 0.420667 0.052667 0.034667
2 0.627667 0.515333 0.09 0.088
2 0.599667 0.41933299999999996 0.138 0.142667
2 0.638 0.30700000000000005 0.094667 0.087333
2 0.614 0.597667 0.066667 0.080667
2 0.583333 0.650667 0.065333 0.061333
2 0.506667 0.657667 0.101333 0.096667
2 0.476 0.590333 0.04 0.046
2 0.532333 0.572667 0.055333 0.066667
2 0.487667 0.458333 0.052667 0.062
2 0.446333 0.29033299999999995 0.044667 0.056667
2 0.521333 0.28333299999999995 0.097333 0.093333
2 0.428333 0.219333 0.052667 0.070667
2 0.416333 0.11333300000000002 0.048667 0.074667
2 0.506 0.143667 0.130667 0.183333
2 0.342333 0.09999999999999998 0.083333 0.085333
2 0.280333 0.048667000000000016 0.087333 0.096
2 0.158667 0.11366699999999996 0.046667 0.043333
2 0.228667 0.131 0.093333 0.083333
2 0.23 0.22566699999999995 0.129333 0.122
2 0.365667 0.25833300000000003 0.060667 0.064667
2 0.354 0.33199999999999996 0.14 0.096
2 0.311 0.42500000000000004 0.076667 0.087333
3 0.284333 0.494333 0.056667 0.062
2 0.402667 0.44299999999999995 0.101333 0.112667
2 0.436667 0.542333 0.094667 0.088667
2 0.423333 0.645667 0.088 0.11
2 0.333667 0.587333 0.108667 0.126667
2 0.304333 0.7436670000000001 0.119333 0.086
2 0.263667 0.668667 0.087333 0.066667
2 0.238 0.5700000000000001 0.102667 0.122667
2 0.111 0.775 0.112667 0.082
3 0.150333 0.697333 0.088667 0.073333
2 0.047 0.675667 0.092667 0.086
2 0.047667 0.5986670000000001 0.072667 0.070667
2 0.056 0.529667 0.074667 0.080667
2 0.142667 0.561667 0.112 0.122
2 0.083667 0.44866700000000004 0.094 0.096
2 0.177333 0.46099999999999997 0.098667 0.084667
2 0.074 0.347333 0.046667 0.062667
2 0.041333 0.23666699999999996 0.042667 0.058667
2 0.111333 0.262 0.130667 0.1
2 0.052 0.15633300000000006 0.094667 0.080667
2 0.064333 0.06933299999999998 0.122 0.090667
2 0.125333 0.17433299999999996 0.094667 0.088667
2 0.149667 0.351333 0.148667 0.126667
2 0.237667 0.385667 0.086 0.080667
2 0.252333 0.307667 0.074 0.080667
0 0.748333 0.805667 0.034 0.062
0 0.858333 0.31899999999999995 0.040667 0.024667
0 0.943333 0.381 0.037333 0.031333
0 0.7 0.33499999999999996 0.081333 0.083333
0 0.528 0.415667 0.042667 0.067333
0 0.573 0.856 0.054 0.068
0 0.366667 0.6743330000000001 0.041333 0.058
0 0.335333 0.5283329999999999 0.024 0.035333
0 0.275 0.45066700000000004 0.031333 0.032
0 0.457333 0.375667 0.045333 0.047333
0 0.443667 0.331333 0.034 0.033333
0 0.426333 0.17033299999999996 0.026 0.024667
0 0.961667 0.17733299999999996 0.034 0.036
2 0.963333 0.032332999999999945 0.064 0.064667
2 0.982 0.25 0.036 0.044
2 0.959333 0.478333 0.081333 0.152667
2 0.427 0.968333 0.107333 0.062
2 0.181 0.962 0.102 0.074667
2 0.039667 0.42733299999999996 0.078 0.153333
2 0.184333 0.04933299999999996 0.106 0.098667
2 0.446 0.04633299999999996 0.114667 0.092667
2 0.654333 0.030667 0.115333 0.061333
2 0.861333 0.026000000000000023 0.065333 0.052
