3 0.081333 0.14600000000000002 0.065333 0.068
3 0.077333 0.06599999999999995 0.076 0.072
3 0.111333 0.24166699999999997 0.092 0.092667
2 0.175333 0.19499999999999995 0.094667 0.127333
2 0.192667 0.08666700000000005 0.137333 0.092
2 0.267667 0.14033300000000004 0.095333 0.104667
2 0.255333 0.237 0.078667 0.078
3 0.178 0.359 0.066667 0.072667
3 0.174667 0.453333 0.109333 0.108
3 0.254 0.382667 0.068 0.066667
2 0.252333 0.30900000000000005 0.059333 0.063333
2 0.319667 0.31799999999999995 0.088667 0.081333
3 0.214 0.607 0.069333 0.059333
3 0.223333 0.533667 0.06 0.05
2 0.308667 0.512667 0.058667 0.06
2 0.344667 0.228333 0.093333 0.080667
2 0.360333 0.164667 0.094 0.069333
2 0.385333 0.10833300000000001 0.1 0.059333
2 0.372333 0.03433299999999995 0.071333 0.068667
2 0.436333 0.05500000000000005 0.078 0.086
2 0.500333 0.089333 0.078 0.097333
2 0.518 0.02200000000000002 0.065333 0.044
2 0.431 0.19999999999999996 0.078 0.081333
2 0.502333 0.248 0.159333 0.161333
2 0.572 0.20499999999999996 0.073333 0.058
2 0.585 0.14333300000000004 0.080667 0.068
2 0.412333 0.41033299999999995 0.084667 0.075333
2 0.415667 0.32766700000000004 0.086 0.082
3 0.408 0.484 0.085333 0.072
2 0.497 0.467333 0.092667 0.092
2 0.654 0.45266700000000004 0.209333 0.124
2 0.588333 0.34299999999999997 0.084667 0.084667
2 0.666333 0.363333 0.084667 0.072
2 0.742 0.36 0.074667 0.068
2 0.677333 0.28400000000000003 0.109333 0.082667
2 0.642667 0.19233299999999998 0.054667 0.066
2 0.706667 0.17833299999999996 0.096 0.111333
2 0.699 0.099333 0.132667 0.058667
2 0.701 0.03533299999999995 0.123333 0.064
2 0.768667 0.19799999999999995 0.061333 0.072
2 0.782333 0.30000000000000004 0.106 0.096
2 0.831667 0.254667 0.056667 0.061333
2 0.861333 0.17966700000000002 0.097333 0.091333
2 0.871333 0.08533299999999999 0.108 0.1
2 0.885333 0.261 0.069333 0.079333
2 0.897333 0.33899999999999997 0.066667 0.059333
2 0.941333 0.27233300000000005 0.076 0.087333
2 0.348333 0.879667 0.064667 0.080667
2 0.36 0.792333 0.092 0.091333
2 0.369667 0.697333 0.122 0.104
2 0.395333 0.615333 0.065333 0.062667
2 0.367667 0.5513330000000001 0.071333 0.088
2 0.474667 0.552 0.085333 0.074667
2 0.564333 0.562333 0.078 0.084667
2 0.472333 0.652333 0.083333 0.083333
2 0.443667 0.748667 0.088667 0.109333
2 0.424 0.872 0.082667 0.137333
2 0.486333 0.823667 0.122 0.09
2 0.532333 0.750667 0.07 0.072
2 0.51 0.922333 0.110667 0.115333
2 0.583667 0.870333 0.083333 0.086
2 0.617333 0.941333 0.094667 0.116
2 0.610667 0.790333 0.090667 0.095333
2 0.731667 0.946 0.082 0.104
2 0.720667 0.866 0.104 0.069333
2 0.713 0.788333 0.111333 0.124667
2 0.819 0.924 0.179333 0.133333
2 0.836 0.809667 0.106667 0.11
2 0.924667 0.805667 0.073333 0.076667
2 0.819 0.7256670000000001 0.115333 0.075333
2 0.805 0.653 0.082 0.087333
2 0.735 0.615667 0.078 0.086
2 0.921333 0.722333 0.072 0.082
2 0.977333 0.718667 0.045333 0.066667
2 0.887667 0.634 0.083333 0.072
2 0.753 0.501333 0.119333 0.114667
2 0.849 0.553667 0.088667 0.078
2 0.845 0.47 0.083333 0.094667
2 0.939333 0.41633299999999995 0.105333 0.084667
2 0.935 0.492333 0.127333 0.075333
2 0.944667 0.5660000000000001 0.108 0.089333
2 0.557333 0.680667 0.066667 0.068
2 0.645 0.562 0.091333 0.072
2 0.635 0.628 0.119333 0.062667
2 0.685333 0.696 0.064 0.073333
2 0.624667 0.702 0.073333 0.094667
0 0.514333 0.38333300000000003 0.114 0.1
0 0.082333 0.918 0.163333 0.162667
2 0.969 0.087333 0.062 0.1
2 0.973667 0.6533329999999999 0.052667 0.066667
2 0.615667 0.04166700000000001 0.09 0.083333
2 0.826 0.05266700000000002 0.133333 0.105333
0 0.138667 0.847333 0.216 0.176
0 0.153333 0.7 0.226667 0.192
