2 0.09399999999999997 0.068667 0.058667 0.072
3 0.06566700000000003 0.125 0.076667 0.062
3 0.16833299999999995 0.112667 0.059333 0.057333
2 0.24966699999999997 0.036 0.072667 0.070667
2 0.255 0.120667 0.080667 0.093333
3 0.308667 0.129333 0.057333 0.073333
3 0.246 0.201333 0.042667 0.054667
2 0.250333 0.271667 0.048667 0.05
2 0.271 0.347333 0.059333 0.054667
2 0.32866700000000004 0.297333 0.072 0.073333
2 0.34099999999999997 0.215 0.083333 0.084667
3 0.398667 0.319667 0.070667 0.084667
3 0.43233299999999997 0.251667 0.074 0.084667
2 0.47466699999999995 0.209 0.041333 0.047333
2 0.399 0.113333 0.062 0.064
2 0.394667 0.041 0.062667 0.072667
2 0.44399999999999995 0.067333 0.046667 0.061333
2 0.49 0.050667 0.074667 0.086667
2 0.566667 0.067333 0.068 0.086667
2 0.5333330000000001 0.130667 0.065333 0.070667
3 0.459333 0.127 0.056 0.055333
2 0.48566699999999996 0.276 0.027333 0.033333
2 0.47066699999999995 0.337667 0.066667 0.09
2 0.44966700000000004 0.400667 0.063333 0.061333
2 0.45466700000000004 0.472333 0.037333 0.048667
2 0.513 0.423333 0.056667 0.065333
2 0.5283329999999999 0.370333 0.054 0.047333
2 0.5489999999999999 0.232667 0.043333 0.050667
2 0.528667 0.287667 0.061333 0.076667
2 0.628667 0.119333 0.044 0.042667
2 0.606333 0.181 0.044667 0.047333
2 0.597333 0.305333 0.062667 0.070667
2 0.704 0.516 0.061333 0.061333
2 0.667667 0.344 0.078 0.072
2 0.663333 0.283333 0.030667 0.04
2 0.603667 0.254 0.058 0.037333
2 0.7106669999999999 0.140333 0.041333 0.046
2 0.6803330000000001 0.229 0.047333 0.046
2 0.722667 0.301333 0.057333 0.054667
2 0.728 0.386 0.04 0.042667
1 0.780667 0.376667 0.032 0.032
1 0.875333 0.279333 0.021333 0.024
2 0.815667 0.335667 0.020667 0.016667
2 0.802667 0.243 0.033333 0.040667
3 0.765667 0.264 0.051333 0.062667
2 0.7276670000000001 0.218333 0.05 0.048667
2 0.718333 0.066667 0.056667 0.057333
2 0.782 0.167667 0.065333 0.052667
2 0.843333 0.185667 0.045333 0.047333
1 0.901667 0.136 0.035333 0.04
2 0.958667 0.151333 0.065333 0.076
2 0.973333 0.029 0.044 0.046
2 0.808667 0.074333 0.065333 0.075333
2 0.799667 0.024333 0.072667 0.047333
0 0.11366699999999996 0.305 0.227333 0.318
0 0.12866699999999998 0.615 0.257333 0.311333
0 0.364 0.639667 0.22 0.27
0 0.41900000000000004 0.827 0.11 0.111333
0 0.46766700000000005 0.909667 0.148667 0.119333
0 0.6659999999999999 0.930667 0.156 0.138667
0 0.623 0.806667 0.178 0.18
0 0.521333 0.619667 0.04 0.036667
0 0.542 0.193667 0.045333 0.048667
0 0.607333 0.482667 0.04 0.044
0 0.568667 0.500667 0.030667 0.04
0 0.5263329999999999 0.495667 0.043333 0.05
0 0.738 0.749667 0.062667 0.047333
0 0.74 0.699 0.06 0.060667
0 0.753333 0.644 0.042667 0.049333
0 0.774667 0.543 0.068 0.076667
0 0.7663329999999999 0.475667 0.043333 0.039333
0 0.751 0.449667 0.034 0.038
0 0.849667 0.401 0.052667 0.048667
0 0.867667 0.46 0.040667 0.041333
0 0.858333 0.705 0.034 0.048667
0 0.874667 0.810667 0.030667 0.041333
0 0.926 0.682667 0.046667 0.044
0 0.883 0.619667 0.060667 0.05
0 0.820333 0.470667 0.05 0.052
0 0.823333 0.365 0.036 0.048667
0 0.890333 0.323667 0.054 0.038
0 0.929 0.364333 0.038 0.034
0 0.929667 0.399667 0.039333 0.036667
0 0.922 0.793333 0.052 0.049333
0 0.8446670000000001 0.966333 0.070667 0.062
0 0.592333 0.559333 0.034 0.041333
0 0.31100000000000005 0.478333 0.088667 0.056667
2 0.031000000000000028 0.050333 0.062 0.083333
2 0.16833299999999995 0.039 0.107333 0.076667
2 0.654667 0.050667 0.097333 0.1
2 0.897 0.052667 0.099333 0.104
