2 0.936667 0.086 0.037333 0.042667
2 0.964333 0.120333 0.059333 0.052667
3 0.9410000000000001 0.199333 0.080667 0.077333
2 0.874333 0.167667 0.080667 0.086
2 0.880333 0.098 0.075333 0.066667
2 0.81 0.049333 0.085333 0.089333
2 0.788 0.137 0.04 0.044667
2 0.732333 0.128667 0.079333 0.108
2 0.661 0.096667 0.080667 0.094667
2 0.6086670000000001 0.090333 0.029333 0.043333
2 0.526 0.043667 0.089333 0.083333
2 0.958667 0.297333 0.081333 0.096
2 0.948 0.396 0.064 0.057333
2 0.888 0.351333 0.106667 0.109333
2 0.87 0.270667 0.068 0.062667
2 0.795 0.33 0.087333 0.092
2 0.798667 0.238667 0.098667 0.096
2 0.728 0.311333 0.032 0.034667
2 0.659333 0.305 0.077333 0.108667
2 0.6970000000000001 0.221667 0.086 0.078
2 0.625333 0.179667 0.078667 0.083333
2 0.555667 0.155 0.079333 0.083333
2 0.643667 0.379 0.048667 0.051333
2 0.573333 0.352667 0.064 0.070667
2 0.5736669999999999 0.261667 0.118 0.124667
2 0.48366699999999996 0.322333 0.09 0.087333
2 0.49 0.245 0.036 0.042
3 0.374667 0.371667 0.066667 0.058
2 0.45999999999999996 0.115667 0.078667 0.083333
2 0.383667 0.095 0.092667 0.091333
2 0.42600000000000005 0.202667 0.133333 0.109333
2 0.394 0.288667 0.102667 0.098667
2 0.34566699999999995 0.182333 0.044667 0.05
2 0.29333299999999995 0.166 0.065333 0.066667
2 0.31566700000000003 0.262 0.079333 0.069333
2 0.301667 0.345667 0.082 0.076667
3 0.29300000000000004 0.055333 0.082 0.090667
2 0.213333 0.137 0.097333 0.083333
2 0.08766700000000005 0.086 0.087333 0.062667
3 0.15100000000000002 0.111667 0.044667 0.042
2 0.17866700000000002 0.213 0.1 0.086
3 0.24133300000000002 0.243 0.069333 0.051333
2 0.237 0.405667 0.088667 0.071333
2 0.20666700000000005 0.311333 0.108 0.106667
2 0.142667 0.379333 0.084 0.093333
2 0.23733300000000002 0.484667 0.102667 0.096
2 0.16633299999999995 0.470333 0.07 0.083333
2 0.08799999999999997 0.426 0.065333 0.064
2 0.058667000000000025 0.344333 0.117333 0.092667
2 0.13033300000000003 0.279667 0.052667 0.055333
2 0.08099999999999996 0.273667 0.054 0.054
3 0.06666700000000003 0.241333 0.032 0.033333
2 0.027000000000000024 0.230667 0.054 0.052
2 0.040000000000000036 0.159667 0.044 0.054
2 0.098333 0.190333 0.078 0.098
2 0.19033299999999997 0.569 0.054 0.05
2 0.126 0.552 0.084 0.092
2 0.06233299999999997 0.611667 0.124667 0.138
2 0.05366700000000002 0.714 0.078 0.06
2 0.07266700000000004 0.800667 0.093333 0.077333
2 0.154667 0.924333 0.093333 0.096667
2 0.146667 0.818667 0.069333 0.077333
2 0.12066699999999997 0.73 0.072 0.077333
2 0.18866700000000003 0.655667 0.133333 0.118
2 0.19966700000000004 0.762667 0.096667 0.090667
2 0.220333 0.853 0.080667 0.082
2 0.24833300000000003 0.938333 0.072667 0.078
2 0.27733300000000005 0.777333 0.066667 0.069333
2 0.258667 0.693667 0.068 0.086
2 0.31399999999999995 0.692333 0.068 0.075333
2 0.271 0.593 0.082 0.084667
2 0.308667 0.868 0.090667 0.093333
3 0.32099999999999995 0.948 0.059333 0.064
2 0.397 0.969667 0.063333 0.060667
2 0.36466699999999996 0.885333 0.066667 0.077333
2 0.33766700000000005 0.801667 0.046 0.046
2 0.36566699999999996 0.734 0.059333 0.069333
2 0.355 0.616667 0.091333 0.090667
2 0.352 0.530667 0.098667 0.090667
2 0.372333 0.448667 0.082 0.085333
2 0.43100000000000005 0.900667 0.056667 0.046667
2 0.477333 0.856333 0.092 0.072667
2 0.630333 0.885667 0.052667 0.052667
2 0.5573330000000001 0.882667 0.068 0.049333
3 0.6066670000000001 0.952333 0.044 0.047333
2 0.535667 0.944333 0.094 0.082
2 0.582333 0.802667 0.071333 0.104
2 0.41033299999999995 0.643333 0.082 0.096
2 0.43500000000000005 0.761 0.092667 0.126
2 0.521667 0.778333 0.086 0.108667
2 0.588667 0.706333 0.108 0.088667
2 0.494 0.675 0.089333 0.104667
2 0.42600000000000005 0.56 0.056 0.070667
2 0.495 0.578 0.079333 0.096
2 0.5816669999999999 0.601333 0.086 0.098667
2 0.677667 0.485 0.052667 0.051333
2 0.604333 0.452667 0.079333 0.090667
2 0.5493330000000001 0.509 0.069333 0.07
2 0.5163329999999999 0.416 0.108667 0.094667
2 0.44966700000000004 0.445667 0.111333 0.154
2 0.913667 0.462333 0.108667 0.079333
2 0.922333 0.552667 0.120667 0.101333
3 0.937667 0.663 0.054 0.044667
2 0.928667 0.739 0.069333 0.076667
2 0.869667 0.701 0.087333 0.080667
2 0.86 0.618667 0.054667 0.056
2 0.814333 0.611667 0.054 0.047333
2 0.827333 0.514 0.072 0.073333
2 0.7803329999999999 0.419 0.078 0.080667
2 0.708 0.393333 0.077333 0.070667
2 0.750333 0.488333 0.071333 0.052667
2 0.722667 0.571667 0.142667 0.106
2 0.636333 0.625667 0.046 0.052667
2 0.731 0.676333 0.176667 0.112667
2 0.745 0.771 0.120667 0.11
3 0.83 0.775333 0.064 0.065333
2 0.861333 0.893 0.096 0.084667
3 0.774 0.945 0.06 0.05
3 0.693667 0.907333 0.072667 0.061333
2 0.771333 0.858333 0.096 0.071333
0 0.939333 0.037 0.066667 0.055333
0 0.968 0.082 0.032 0.048
0 0.984333 0.375667 0.03 0.055333
0 0.956333 0.961 0.063333 0.078
0 0.862667 0.954333 0.052 0.054
0 0.867 0.799667 0.054 0.054
0 0.706333 0.828333 0.046 0.048667
0 0.6373329999999999 0.826 0.034667 0.044
0 0.822333 0.157667 0.035333 0.056667
0 0.747 0.039667 0.035333 0.052667
0 0.5740000000000001 0.097 0.045333 0.054
0 0.529 0.103333 0.055333 0.058667
0 0.10566699999999996 0.883333 0.046 0.062667
2 0.133 0.025667 0.09 0.05
2 0.980667 0.494667 0.037333 0.08
2 0.6946669999999999 0.968 0.112 0.064
2 0.217333 0.04 0.086667 0.078667
2 0.12633300000000003 0.962333 0.142 0.075333
