2 0.074667 0.033333 0.1 0.065333
2 0.048 0.111333 0.094667 0.105333
2 0.156333 0.082333 0.060667 0.063333
2 0.128667 0.150333 0.102667 0.075333
2 0.035333 0.202333 0.066667 0.076667
2 0.114 0.233 0.106667 0.107333
2 0.209333 0.213 0.097333 0.111333
2 0.244667 0.264 0.062667 0.069333
2 0.236667 0.097333 0.105333 0.102667
2 0.25 0.031 0.068 0.052667
2 0.118 0.314333 0.088 0.094
2 0.217333 0.364333 0.056 0.058
2 0.100667 0.406 0.089333 0.094667
2 0.197333 0.417 0.106667 0.106
2 0.106333 0.483333 0.027333 0.034667
2 0.189 0.528667 0.159333 0.134667
2 0.300667 0.479667 0.053333 0.058
2 0.289 0.540667 0.074 0.069333
2 0.092333 0.580333 0.07 0.074
1 0.189667 0.601667 0.144667 0.091333
2 0.073 0.665 0.047333 0.051333
2 0.159667 0.682333 0.140667 0.122
1 0.154 0.809333 0.173333 0.142667
2 0.275667 0.833 0.088667 0.092667
3 0.342333 0.835 0.042 0.052667
2 0.27 0.744333 0.130667 0.079333
3 0.370667 0.709333 0.070667 0.065333
2 0.262667 0.673333 0.068 0.068
2 0.328 0.642 0.093333 0.113333
2 0.398 0.629667 0.064 0.060667
2 0.400667 0.561333 0.102667 0.074667
2 0.410333 0.46 0.152667 0.128
3 0.551667 0.279667 0.054 0.060667
2 0.606333 0.367 0.07 0.075333
2 0.539 0.353333 0.076667 0.094667
2 0.427667 0.337667 0.118 0.111333
2 0.481333 0.258667 0.072 0.064
2 0.436 0.251667 0.026667 0.044667
2 0.303667 0.219667 0.055333 0.047333
2 0.311667 0.299 0.075333 0.075333
2 0.382 0.260333 0.093333 0.119333
2 0.458667 0.169 0.101333 0.09
2 0.380667 0.167 0.06 0.063333
2 0.318333 0.149 0.084667 0.088667
2 0.345667 0.063667 0.112667 0.087333
2 0.483333 0.030333 0.078667 0.056667
2 0.441667 0.099 0.131333 0.075333
2 0.706333 0.373333 0.13 0.090667
2 0.806333 0.408 0.091333 0.101333
2 0.887333 0.434333 0.098667 0.107333
2 0.940333 0.419667 0.068667 0.088667
2 0.983 0.433667 0.034 0.047333
2 0.969667 0.349667 0.060667 0.059333
2 0.901667 0.303667 0.112667 0.123333
2 0.837667 0.258 0.107333 0.165333
2 0.738333 0.291333 0.106 0.081333
2 0.742333 0.205333 0.116667 0.106667
2 0.641333 0.234333 0.1 0.09
2 0.572667 0.195667 0.030667 0.040667
2 0.668333 0.145667 0.084667 0.076667
2 0.593667 0.080333 0.083333 0.079333
2 0.693 0.027667 0.062 0.054
2 0.755333 0.036667 0.070667 0.064
2 0.791667 0.075333 0.074 0.08
2 0.862 0.029667 0.069333 0.052667
2 0.951333 0.054 0.096 0.096
2 0.862 0.108667 0.092 0.108
2 0.766667 0.148 0.109333 0.065333
2 0.943 0.140667 0.084667 0.072
2 0.573667 0.462 0.146 0.106667
2 0.701333 0.473333 0.112 0.109333
2 0.782667 0.494333 0.089333 0.084667
2 0.914667 0.512333 0.102667 0.079333
1 0.831333 0.544667 0.066667 0.072
1 0.895333 0.584333 0.074667 0.087333
1 0.948667 0.583333 0.062667 0.068
2 0.759667 0.567 0.092667 0.072667
1 0.829333 0.629 0.093333 0.087333
1 0.917333 0.645333 0.074667 0.065333
2 0.671 0.603333 0.043333 0.072
2 0.627 0.624667 0.078 0.098667
2 0.576667 0.549667 0.132 0.092667
2 0.484333 0.578333 0.080667 0.086
2 0.551333 0.621333 0.065333 0.061333
2 0.721667 0.665 0.060667 0.048667
1 0.948667 0.733667 0.085333 0.072667
2 0.811667 0.694 0.108667 0.073333
2 0.709667 0.759333 0.148667 0.137333
1 0.681667 0.828333 0.115333 0.086
2 0.767333 0.850333 0.056 0.060667
2 0.803333 0.772 0.066667 0.104
2 0.869667 0.787333 0.11 0.142667
1 0.943 0.787 0.062 0.056667
2 0.958667 0.852667 0.082667 0.090667
2 0.886333 0.890667 0.143333 0.125333
2 0.830667 0.960667 0.101333 0.078667
2 0.769333 0.942 0.062667 0.066667
1 0.692667 0.953 0.097333 0.078
2 0.475 0.668 0.138 0.098667
2 0.543667 0.729 0.119333 0.126
2 0.613333 0.760333 0.041333 0.047333
2 0.441667 0.752333 0.084667 0.084667
2 0.470333 0.792667 0.058 0.045333
2 0.422333 0.844333 0.107333 0.115333
2 0.523667 0.806667 0.051333 0.042667
2 0.616667 0.903 0.081333 0.114
2 0.52 0.893333 0.172 0.138667
2 0.721333 0.606667 0.072 0.073333
0 0.693667 0.895 0.084667 0.064667
0 0.785 0.891667 0.074 0.058
0 0.646 0.711 0.090667 0.068667
0 0.473333 0.526 0.048 0.044
0 0.279333 0.371667 0.096 0.074
0 0.493 0.428333 0.052667 0.039333
0 0.661333 0.318667 0.086667 0.061333
0 0.255667 0.170667 0.056667 0.036
0 0.565 0.150667 0.071333 0.053333
0 0.537333 0.092333 0.045333 0.05
0 0.706667 0.092667 0.088 0.069333
2 0.970333 0.692667 0.059333 0.078667
2 0.033667 0.277333 0.066 0.094667
2 0.027333 0.373667 0.053333 0.078
