2 0.131333 0.044333 0.072 0.064667
2 0.115333 0.118333 0.045333 0.047333
2 0.236333 0.02 0.035333 0.032
2 0.376667 0.025333 0.037333 0.044
3 0.415333 0.124 0.068 0.066667
3 0.454 0.211667 0.070667 0.078
3 0.359 0.111667 0.05 0.055333
2 0.336667 0.187 0.041333 0.048667
2 0.250667 0.199667 0.072 0.064667
2 0.166 0.188 0.092 0.092
2 0.059333 0.255333 0.066667 0.062667
2 0.15 0.269667 0.096 0.083333
2 0.093 0.352333 0.107333 0.09
2 0.168667 0.431333 0.136 0.134667
3 0.263 0.440667 0.05 0.069333
2 0.330667 0.377667 0.129333 0.118
2 0.302333 0.269667 0.086 0.088667
3 0.548 0.251333 0.094667 0.104
2 0.569333 0.154 0.024 0.029333
3 0.429 0.311333 0.054 0.061333
2 0.054333 0.522667 0.059333 0.066667
3 0.127667 0.592 0.040667 0.044
3 0.187667 0.609 0.046 0.052667
3 0.353333 0.563667 0.074667 0.084667
3 0.266667 0.601 0.062667 0.056667
3 0.261667 0.681 0.080667 0.080667
2 0.143 0.689333 0.126 0.110667
2 0.202333 0.761 0.088667 0.084667
3 0.127 0.772667 0.060667 0.056
2 0.111667 0.837667 0.055333 0.055333
2 0.186667 0.856333 0.092 0.084667
2 0.159667 0.929 0.059333 0.059333
3 0.339667 0.890667 0.094 0.092
2 0.412667 0.843333 0.101333 0.094667
2 0.452333 0.881667 0.052667 0.056667
2 0.440333 0.778 0.087333 0.074667
2 0.525 0.751667 0.104667 0.091333
2 0.452 0.702333 0.130667 0.09
2 0.493333 0.626667 0.137333 0.110667
2 0.541 0.549667 0.091333 0.071333
2 0.554333 0.473333 0.056667 0.065333
2 0.567333 0.405333 0.086667 0.078667
2 0.616 0.486 0.069333 0.093333
2 0.616667 0.663 0.042667 0.044667
2 0.61 0.718333 0.070667 0.055333
3 0.637 0.626333 0.052667 0.051333
2 0.646667 0.572667 0.044 0.046667
3 0.676333 0.543 0.043333 0.051333
2 0.705667 0.469667 0.095333 0.108667
3 0.810333 0.455333 0.058 0.054667
2 0.891667 0.44 0.079333 0.068
2 0.884 0.515667 0.097333 0.080667
2 0.779667 0.534 0.088667 0.102667
2 0.848 0.591333 0.113333 0.085333
2 0.952667 0.573333 0.090667 0.098667
3 0.748667 0.618 0.073333 0.070667
3 0.713333 0.696 0.066667 0.064
3 0.687333 0.769 0.062667 0.056667
3 0.663333 0.852667 0.036 0.04
2 0.766667 0.831333 0.062667 0.065333
3 0.771333 0.758 0.097333 0.076
2 0.866667 0.777333 0.101333 0.106667
2 0.808667 0.674667 0.101333 0.073333
2 0.922333 0.675333 0.115333 0.105333
2 0.940333 0.821333 0.062 0.064
3 0.905667 0.868 0.071333 0.062667
2 0.882 0.966333 0.073333 0.062
2 0.960667 0.935 0.078667 0.104667
2 0.788333 0.968 0.027333 0.029333
2 0.939333 0.376333 0.1 0.151333
2 0.841333 0.363333 0.1 0.101333
2 0.749333 0.377 0.089333 0.080667
3 0.604667 0.331667 0.030667 0.040667
2 0.677667 0.295 0.107333 0.119333
2 0.786667 0.286667 0.108 0.094667
3 0.644 0.186667 0.102667 0.094667
2 0.678667 0.103667 0.102667 0.087333
3 0.758333 0.086667 0.046 0.061333
3 0.852 0.021333 0.041333 0.038667
2 0.945667 0.055667 0.09 0.080667
2 0.913333 0.134333 0.072 0.059333
2 0.905 0.213 0.111333 0.122
2 0.798 0.188 0.105333 0.108
2 0.950333 0.270667 0.099333 0.082667
0 0.806667 0.914333 0.042667 0.052667
0 0.759667 0.924333 0.047333 0.052667
0 0.578 0.930333 0.06 0.048667
0 0.649667 0.913 0.058 0.054
0 0.701333 0.870333 0.046667 0.039333
0 0.584667 0.821333 0.041333 0.044
0 0.267667 0.896333 0.047333 0.048667
0 0.044333 0.788667 0.064667 0.076
0 0.264667 0.822333 0.050667 0.044667
0 0.329667 0.819667 0.043333 0.040667
0 0.346667 0.766667 0.069333 0.066667
0 0.057667 0.629333 0.054 0.034667
0 0.046667 0.675 0.053333 0.034
0 0.197333 0.542333 0.070667 0.072667
0 0.271667 0.554 0.064667 0.049333
0 0.266333 0.517667 0.034 0.034
0 0.321667 0.465 0.059333 0.058
0 0.397333 0.505333 0.049333 0.044
0 0.453 0.495333 0.052667 0.069333
0 0.078 0.194333 0.06 0.046
0 0.035333 0.133 0.056 0.064667
0 0.508 0.168333 0.069333 0.07
0 0.535667 0.126667 0.055333 0.045333
0 0.215333 0.062333 0.056 0.059333
0 0.264 0.082333 0.037333 0.032667
0 0.319 0.021667 0.059333 0.042
0 0.418333 0.071333 0.059333 0.052
0 0.461333 0.078 0.029333 0.030667
0 0.574 0.078 0.032 0.030667
0 0.618667 0.066 0.026667 0.041333
0 0.589 0.045 0.032667 0.039333
0 0.808667 0.121333 0.032 0.033333
2 0.506667 0.962333 0.089333 0.075333
2 0.363 0.966333 0.128667 0.067333
2 0.066333 0.963333 0.13 0.073333
2 0.22 0.955333 0.109333 0.089333
2 0.024333 0.705 0.047333 0.099333
2 0.029 0.424 0.056667 0.102667
2 0.026667 0.326 0.052 0.089333
2 0.047 0.052667 0.092667 0.104
2 0.715667 0.026333 0.114 0.051333
2 0.972 0.756667 0.056 0.089333
