2 0.116333 0.927667 0.102 0.128667
3 0.226667 0.892333 0.064 0.063333
2 0.184333 0.8416669999999999 0.046 0.048667
2 0.313 0.859 0.088667 0.103333
2 0.286667 0.9359999999999999 0.058667 0.06
2 0.324 0.968 0.058667 0.057333
3 0.043 0.802 0.051333 0.044
2 0.149 0.800667 0.07 0.074667
2 0.103333 0.728667 0.097333 0.094667
3 0.036667 0.605 0.064 0.05
3 0.098333 0.661 0.043333 0.040667
2 0.181667 0.692333 0.102 0.100667
2 0.245667 0.777333 0.107333 0.1
2 0.308 0.7106669999999999 0.124 0.136
2 0.298 0.613333 0.068 0.058667
2 0.225333 0.577333 0.066667 0.064
2 0.197667 0.504667 0.083333 0.066667
2 0.115 0.540333 0.112667 0.140667
2 0.044333 0.42633299999999996 0.087333 0.082
2 0.143333 0.44099999999999995 0.069333 0.052667
3 0.257333 0.432667 0.061333 0.038667
3 0.156333 0.320333 0.051333 0.055333
2 0.090667 0.11433300000000002 0.128 0.088667
2 0.202333 0.07433299999999998 0.026 0.024667
2 0.081 0.255 0.15 0.114
2 0.09 0.34866699999999995 0.098667 0.068
2 0.349 0.552667 0.032667 0.029333
2 0.413 0.516 0.05 0.044
2 0.437667 0.46366700000000005 0.044667 0.043333
2 0.374 0.42133299999999996 0.038667 0.041333
2 0.481 0.38533300000000004 0.052667 0.046667
2 0.533 0.38833300000000004 0.051333 0.055333
2 0.567 0.31999999999999995 0.042 0.038667
2 0.24 0.19033299999999997 0.068 0.059333
2 0.306 0.219333 0.064 0.054667
2 0.382333 0.24533300000000002 0.091333 0.072
2 0.451667 0.27233300000000005 0.042 0.046
3 0.377 0.14933300000000005 0.086 0.097333
2 0.454667 0.07433299999999998 0.094667 0.086
2 0.454 0.18866700000000003 0.070667 0.070667
3 0.549 0.13166699999999998 0.086 0.087333
2 0.575333 0.05700000000000005 0.077333 0.071333
2 0.596333 0.24033300000000002 0.083333 0.084667
2 0.66 0.26133300000000004 0.064 0.101333
2 0.711 0.38833300000000004 0.056667 0.055333
2 0.776 0.396 0.037333 0.032
2 0.719333 0.289667 0.073333 0.078
2 0.719667 0.224333 0.047333 0.05
2 0.793667 0.19666700000000004 0.083333 0.072
2 0.805667 0.13733300000000004 0.114 0.073333
2 0.945333 0.07233299999999998 0.109333 0.131333
2 0.813667 0.04466700000000001 0.13 0.089333
2 0.920667 0.42400000000000004 0.090667 0.069333
2 0.915667 0.330333 0.108667 0.09
3 0.928 0.574333 0.130667 0.106
2 0.908667 0.667333 0.130667 0.092
2 0.899667 0.764 0.126 0.093333
2 0.855333 0.8416669999999999 0.137333 0.095333
2 0.872 0.92 0.104 0.089333
2 0.546333 0.879667 0.055333 0.05
2 0.459 0.928333 0.047333 0.075333
2 0.653 0.859 0.122 0.111333
2 0.693667 0.789667 0.119333 0.091333
2 0.627667 0.707667 0.056667 0.063333
2 0.687667 0.722667 0.080667 0.097333
2 0.780333 0.723 0.09 0.106
2 0.748333 0.639 0.098 0.074
2 0.793667 0.574333 0.116667 0.096667
2 0.687333 0.531333 0.132 0.130667
2 0.787333 0.48066699999999996 0.106667 0.090667
0 0.728 0.867 0.048 0.054
0 0.672667 0.024666999999999994 0.068 0.049333
0 0.661 0.169667 0.047333 0.067333
0 0.637667 0.939333 0.054 0.048
0 0.586333 0.761333 0.067333 0.069333
0 0.660333 0.638667 0.05 0.032
0 0.715 0.44366700000000003 0.054 0.058
0 0.657333 0.34566699999999995 0.073333 0.076667
0 0.661 0.41300000000000003 0.047333 0.068667
0 0.646667 0.46766700000000005 0.054667 0.059333
0 0.585667 0.928667 0.048667 0.044
0 0.532333 0.961333 0.032667 0.026667
0 0.543 0.828667 0.080667 0.061333
0 0.572333 0.624333 0.078 0.056667
0 0.588333 0.561667 0.080667 0.083333
0 0.538667 0.47 0.036 0.030667
0 0.582333 0.42600000000000005 0.031333 0.030667
0 0.600333 0.394667 0.038 0.038667
0 0.493333 0.31499999999999995 0.046667 0.043333
0 0.488333 0.748333 0.054 0.068667
0 0.525667 0.701333 0.054 0.065333
0 0.503 0.25833300000000003 0.059333 0.062
0 0.454333 0.8396669999999999 0.074 0.07
0 0.396667 0.798667 0.073333 0.076
0 0.410333 0.7216670000000001 0.064667 0.052667
0 0.384333 0.681 0.052667 0.058
0 0.434333 0.6583330000000001 0.032667 0.036667
0 0.472667 0.558667 0.045333 0.038667
0 0.474 0.434667 0.037333 0.037333
0 0.416333 0.33799999999999997 0.05 0.030667
0 0.367 0.06699999999999995 0.064667 0.062
0 0.357333 0.36766699999999997 0.030667 0.031333
0 0.258667 0.673 0.048 0.048667
0 0.300667 0.34566699999999995 0.050667 0.059333
0 0.251 0.289667 0.080667 0.084667
0 0.282667 0.10266699999999995 0.064 0.057333
0 0.297333 0.046667000000000014 0.061333 0.061333
0 0.195667 0.11299999999999999 0.052667 0.056667
0 0.182667 0.18433299999999997 0.070667 0.068667
0 0.204 0.39533300000000005 0.062667 0.062667
0 0.051333 0.872 0.026667 0.032
0 0.155667 0.08399999999999996 0.035333 0.033333
0 0.173333 0.05366700000000002 0.034667 0.043333
0 0.156333 0.02433300000000005 0.036667 0.031333
2 0.890667 0.98 0.092 0.038667
2 0.392 0.970667 0.070667 0.056
2 0.205333 0.97 0.08 0.056
2 0.031333 0.51 0.058667 0.105333
2 0.094667 0.02533300000000005 0.064 0.050667
2 0.740333 0.953667 0.160667 0.091333
