3 0.096333 0.08099999999999996 0.05 0.055333
2 0.152 0.04933299999999996 0.038667 0.044
3 0.226 0.09366699999999994 0.065333 0.078
3 0.344 0.12766699999999997 0.029333 0.028667
3 0.309333 0.11533300000000002 0.029333 0.045333
2 0.400667 0.12633300000000003 0.069333 0.092667
2 0.445333 0.05466700000000002 0.096 0.105333
2 0.476667 0.16333299999999995 0.064 0.074667
3 0.514667 0.097333 0.034667 0.037333
2 0.549667 0.10966699999999996 0.023333 0.026
3 0.555 0.19599999999999995 0.082 0.098667
3 0.631 0.05900000000000005 0.047333 0.039333
2 0.684333 0.13333300000000003 0.123333 0.121333
3 0.754667 0.025666999999999995 0.033333 0.022
2 0.635 0.231333 0.106 0.136
3 0.698333 0.244 0.028667 0.036
2 0.705333 0.34666699999999995 0.109333 0.105333
3 0.777 0.39233300000000004 0.019333 0.019333
2 0.769667 0.264667 0.075333 0.074667
2 0.780333 0.18766700000000003 0.095333 0.087333
3 0.769667 0.11966699999999997 0.055333 0.051333
2 0.868 0.03833299999999995 0.065333 0.052667
2 0.866333 0.12833300000000003 0.118 0.122
2 0.928 0.170667 0.038667 0.034667
2 0.963333 0.08366700000000005 0.073333 0.106
2 0.900333 0.24233300000000002 0.055333 0.063333
2 0.852333 0.221333 0.051333 0.064
2 0.907333 0.486 0.02 0.026667
2 0.931 0.475 0.027333 0.028667
2 0.917 0.315333 0.060667 0.054667
2 0.878667 0.40433300000000005 0.132 0.115333
2 0.822667 0.975 0.069333 0.046
2 0.833 0.916667 0.095333 0.078667
2 0.924667 0.929 0.034667 0.023333
2 0.911 0.847 0.076667 0.084667
2 0.826 0.844333 0.062667 0.046
2 0.828 0.794333 0.064 0.038
2 0.869 0.722 0.140667 0.129333
3 0.832333 0.649667 0.063333 0.051333
3 0.794 0.603333 0.068 0.061333
3 0.721333 0.556333 0.041333 0.047333
2 0.732333 0.6186670000000001 0.047333 0.046667
3 0.769667 0.687 0.058 0.055333
2 0.739333 0.772667 0.1 0.102667
2 0.733 0.881333 0.095333 0.1
2 0.685667 0.937 0.043333 0.05
2 0.647667 0.923667 0.036667 0.051333
2 0.586667 0.973 0.038667 0.047333
2 0.570667 0.891 0.04 0.063333
2 0.53 0.885333 0.037333 0.064
2 0.608667 0.912 0.038667 0.061333
2 0.635 0.8506670000000001 0.080667 0.074667
2 0.624333 0.746 0.114 0.125333
2 0.514333 0.695333 0.114 0.128
2 0.505333 0.939333 0.112 0.105333
2 0.573333 0.815333 0.032 0.034667
2 0.536667 0.814333 0.038667 0.05
2 0.496333 0.805667 0.042 0.059333
2 0.449667 0.855 0.068667 0.091333
3 0.435667 0.7703329999999999 0.043333 0.044667
2 0.381 0.845 0.063333 0.086
2 0.307333 0.953 0.105333 0.084667
2 0.248 0.902667 0.112 0.070667
2 0.298 0.841 0.105333 0.094
2 0.225 0.790333 0.082 0.095333
2 0.344 0.740333 0.14 0.107333
2 0.331667 0.647667 0.076667 0.080667
3 0.394333 0.5896669999999999 0.046 0.039333
3 0.352667 0.522 0.04 0.04
3 0.279667 0.49666699999999997 0.05 0.058667
3 0.299 0.568667 0.039333 0.041333
2 0.271333 0.637667 0.044 0.048667
3 0.235667 0.692333 0.054 0.055333
2 0.082333 0.971 0.052667 0.056667
2 0.064333 0.887 0.083333 0.078
3 0.085667 0.816333 0.054 0.048667
2 0.079667 0.740667 0.060667 0.069333
2 0.147 0.786333 0.071333 0.079333
3 0.151667 0.683333 0.052667 0.048
2 0.071333 0.65 0.077333 0.06
2 0.055 0.592333 0.087333 0.058
3 0.135333 0.613333 0.066667 0.061333
2 0.042 0.471 0.074667 0.09
2 0.043 0.4 0.051333 0.042667
3 0.063667 0.342333 0.048667 0.036667
2 0.138667 0.363333 0.088 0.066667
2 0.120667 0.428667 0.101333 0.072
2 0.12 0.521667 0.094667 0.108667
3 0.188667 0.525667 0.04 0.052667
3 0.210667 0.46799999999999997 0.096 0.073333
3 0.235333 0.398667 0.030667 0.021333
3 0.220667 0.557667 0.042667 0.05
3 0.057667 0.266 0.083333 0.105333
2 0.131 0.28400000000000003 0.091333 0.097333
2 0.217 0.31999999999999995 0.088667 0.092
2 0.257333 0.25433300000000003 0.077333 0.084667
2 0.329667 0.302667 0.088667 0.106667
2 0.395 0.39033300000000004 0.088667 0.112667
2 0.383 0.31899999999999995 0.046 0.052667
2 0.469 0.40433300000000005 0.084667 0.11
3 0.355333 0.449333 0.037333 0.033333
3 0.454 0.562 0.065333 0.072
2 0.494333 0.5123329999999999 0.115333 0.107333
2 0.545 0.414667 0.114 0.105333
2 0.6 0.460333 0.068 0.072667
2 0.592667 0.547667 0.090667 0.111333
1 0.553667 0.607 0.087333 0.084667
3 0.619 0.6473329999999999 0.048667 0.065333
2 0.669 0.562333 0.084667 0.118
0 0.897 0.9646669999999999 0.056667 0.034667
0 0.968333 0.251667 0.034 0.038
0 0.818 0.294667 0.046667 0.041333
0 0.782667 0.33266700000000005 0.053333 0.037333
0 0.692 0.647 0.068 0.039333
0 0.674667 0.6966669999999999 0.041333 0.048
0 0.392 0.928 0.045333 0.046667
0 0.434667 0.6990000000000001 0.04 0.044667
0 0.411 0.6493329999999999 0.063333 0.072
0 0.252333 0.601 0.043333 0.056667
0 0.151667 0.842333 0.048667 0.035333
2 0.979333 0.349333 0.041333 0.061333
3 0.978333 0.17766700000000002 0.043333 0.046
2 0.383333 0.971667 0.086667 0.054
3 0.150667 0.969333 0.089333 0.06
3 0.025667 0.933 0.048667 0.115333
3 0.031 0.06566700000000003 0.060667 0.131333
2 0.246667 0.03500000000000003 0.105333 0.07
2 0.342667 0.03633299999999995 0.081333 0.072667
2 0.554667 0.03733299999999995 0.078667 0.074667
