2 0.963333 0.073333 0.066667 0.085333
2 0.89 0.067667 0.070667 0.084667
2 0.902667 0.144333 0.065333 0.079333
2 0.791667 0.039333 0.082 0.074667
2 0.813 0.120333 0.119333 0.120667
3 0.826333 0.194667 0.048667 0.041333
2 0.692333 0.082333 0.115333 0.139333
2 0.716333 0.159333 0.036667 0.042667
2 0.502667 0.062 0.057333 0.062667
2 0.41833299999999995 0.063 0.078 0.087333
2 0.353 0.085333 0.055333 0.086667
2 0.383667 0.159333 0.099333 0.074667
1 0.267 0.075 0.060667 0.056667
3 0.546333 0.137 0.062 0.062
3 0.597333 0.076667 0.049333 0.050667
3 0.902667 0.263 0.101333 0.098
2 0.762 0.255667 0.101333 0.156667
2 0.653667 0.286333 0.118 0.143333
3 0.576333 0.288667 0.043333 0.053333
2 0.630667 0.189333 0.082667 0.065333
2 0.5283329999999999 0.216 0.088667 0.093333
3 0.501667 0.314667 0.076667 0.081333
1 0.522667 0.361333 0.033333 0.032
2 0.618 0.422667 0.066667 0.068
2 0.708333 0.451667 0.067333 0.066
2 0.783667 0.407 0.055333 0.055333
2 0.859333 0.345 0.032 0.042
2 0.965 0.42 0.059333 0.070667
2 0.887 0.421333 0.102 0.077333
3 0.816667 0.502333 0.065333 0.058
2 0.913667 0.506667 0.123333 0.090667
2 0.923 0.582333 0.066 0.054
2 0.833333 0.583333 0.069333 0.069333
2 0.946333 0.618 0.072667 0.048
2 0.941667 0.668667 0.059333 0.053333
2 0.856 0.654 0.094667 0.096
2 0.925333 0.776333 0.049333 0.056667
2 0.936667 0.83 0.045333 0.044
2 0.867333 0.775333 0.073333 0.056
2 0.785 0.750667 0.064667 0.072
2 0.8049999999999999 0.835333 0.076667 0.074667
2 0.723333 0.774667 0.066667 0.076
2 0.7030000000000001 0.690333 0.063333 0.074
2 0.665 0.655 0.058 0.072667
2 0.6473329999999999 0.599 0.04 0.047333
1 0.638667 0.515333 0.04 0.036
3 0.729 0.551667 0.051333 0.058
1 0.639667 0.552 0.040667 0.036
2 0.586667 0.589333 0.048 0.056
2 0.447333 0.516667 0.025333 0.029333
1 0.48166699999999996 0.521 0.027333 0.038
2 0.43733299999999997 0.468 0.021333 0.024
2 0.47366699999999995 0.418 0.022 0.021333
2 0.390667 0.462667 0.025333 0.030667
2 0.32799999999999996 0.511667 0.048 0.048667
1 0.25 0.547 0.036 0.046
1 0.19866700000000004 0.572667 0.036 0.049333
2 0.18866700000000003 0.624333 0.068 0.060667
3 0.274 0.615333 0.082667 0.08
2 0.291667 0.671 0.03 0.024667
0 0.212333 0.692333 0.052667 0.032667
2 0.363333 0.653667 0.036 0.058
3 0.42133299999999996 0.649 0.072 0.084667
2 0.5776669999999999 0.664 0.096667 0.089333
3 0.494 0.672333 0.044 0.051333
2 0.515333 0.740333 0.116 0.092667
3 0.534667 0.815 0.065333 0.07
1 0.703667 0.841 0.031333 0.035333
1 0.6643330000000001 0.831333 0.046 0.048
1 0.5900000000000001 0.824 0.034667 0.038667
1 0.33799999999999997 0.848667 0.048 0.057333
2 0.24933300000000003 0.803 0.133333 0.116667
2 0.265 0.916333 0.031333 0.048667
2 0.355333 0.912 0.074667 0.069333
2 0.493333 0.918 0.078667 0.098667
2 0.44799999999999995 0.945667 0.053333 0.048667
2 0.562667 0.900667 0.054667 0.068
2 0.614333 0.913 0.066 0.086
2 0.821667 0.924667 0.063333 0.078667
2 0.971333 0.918667 0.049333 0.062667
2 0.907667 0.943333 0.035333 0.04
3 0.379667 0.965333 0.09 0.069333
3 0.033667 0.892333 0.060667 0.071333
3 0.11633300000000002 0.943667 0.102 0.079333
2 0.10966699999999996 0.635333 0.076667 0.069333
3 0.08999999999999997 0.539 0.128 0.11
3 0.06999999999999995 0.439667 0.117333 0.092667
3 0.044332999999999956 0.359333 0.083333 0.066667
1 0.14600000000000002 0.160667 0.026667 0.032
3 0.10266699999999995 0.065 0.068 0.048667
1 0.09299999999999997 0.171667 0.034 0.031333
0 0.129 0.851 0.112667 0.092667
0 0.19033299999999997 0.929333 0.035333 0.037333
0 0.18733299999999997 0.972667 0.044 0.042667
0 0.747 0.921333 0.055333 0.045333
0 0.6886669999999999 0.92 0.044 0.048
0 0.40533300000000005 0.801333 0.041333 0.036
0 0.140667 0.765333 0.038667 0.046667
0 0.037667000000000006 0.704333 0.040667 0.043333
0 0.293667 0.708667 0.047333 0.044
0 0.38333300000000003 0.731333 0.037333 0.046667
0 0.982333 0.712 0.034 0.030667
0 0.773333 0.632667 0.068 0.065333
0 0.6333329999999999 0.717667 0.06 0.066
0 0.16533299999999995 0.509 0.052 0.048667
0 0.391 0.543333 0.042 0.034667
0 0.804333 0.451667 0.044667 0.043333
0 0.42200000000000004 0.373333 0.04 0.030667
0 0.831 0.338 0.060667 0.066667
0 0.961333 0.152333 0.049333 0.042
0 0.22366699999999995 0.048667 0.060667 0.04
3 0.579333 0.047 0.110667 0.092667
