2 0.875667 0.928 0.078 0.073333
2 0.890667 0.865 0.069333 0.072667
2 0.795667 0.8586670000000001 0.115333 0.112
2 0.701333 0.943333 0.106667 0.106667
2 0.6583330000000001 0.875333 0.118 0.109333
2 0.552 0.920333 0.069333 0.088667
2 0.43600000000000005 0.938333 0.126667 0.122
1 0.32299999999999995 0.885667 0.127333 0.122
1 0.31666700000000003 0.797667 0.121333 0.076667
1 0.33866700000000005 0.695333 0.169333 0.173333
2 0.48966699999999996 0.753 0.172667 0.162
2 0.44566700000000004 0.653 0.146 0.140667
2 0.345 0.552667 0.175333 0.166667
2 0.8336669999999999 0.781 0.100667 0.112667
2 0.915333 0.806333 0.057333 0.055333
2 0.902667 0.7476670000000001 0.088 0.082
2 0.758667 0.751 0.056 0.078
2 0.667333 0.78 0.102667 0.094667
2 0.6859999999999999 0.7196670000000001 0.101333 0.09
2 0.8049999999999999 0.656333 0.124667 0.119333
2 0.7763329999999999 0.549667 0.120667 0.104667
2 0.576333 0.619667 0.09 0.076667
2 0.6046670000000001 0.558 0.058667 0.061333
2 0.494333 0.533667 0.128667 0.104667
2 0.414667 0.46299999999999997 0.094667 0.09
2 0.544333 0.44999999999999996 0.154 0.150667
1 0.342333 0.351 0.160667 0.172667
2 0.45699999999999996 0.340333 0.115333 0.148667
2 0.554333 0.345333 0.087333 0.094667
2 0.648667 0.381667 0.101333 0.144667
2 0.7376670000000001 0.389667 0.142 0.147333
2 0.8296669999999999 0.39533300000000005 0.05 0.072
2 0.943667 0.525667 0.072667 0.083333
2 0.826333 0.498333 0.066 0.078
2 0.885333 0.49766699999999997 0.064 0.087333
2 0.918 0.401667 0.106667 0.104667
2 0.868 0.249 0.090667 0.154
2 0.958333 0.08666700000000005 0.080667 0.056
2 0.929 0.17966700000000002 0.135333 0.172667
2 0.773333 0.237 0.104 0.15
2 0.6890000000000001 0.244 0.074 0.105333
2 0.7316670000000001 0.122 0.082 0.108
2 0.816667 0.07933299999999999 0.116 0.144
2 0.599333 0.19566700000000004 0.12 0.178
2 0.655667 0.13066699999999998 0.087333 0.096
2 0.505 0.21766700000000005 0.086 0.108667
2 0.387667 0.19733299999999998 0.151333 0.132
2 0.358333 0.08099999999999996 0.154 0.123333
2 0.481 0.08566700000000005 0.122 0.132667
2 0.560333 0.05700000000000005 0.096667 0.114
0 0.91 0.633667 0.089333 0.102
0 0.760333 0.488 0.058 0.045333
0 0.6759999999999999 0.503667 0.104 0.084667
0 0.671667 0.5880000000000001 0.095333 0.092
0 0.449333 0.836667 0.12 0.094667
0 0.03500000000000003 0.08366700000000005 0.07 0.139333
0 0.8089999999999999 0.931667 0.060667 0.068667
2 0.958667 0.921 0.081333 0.108667
2 0.30733299999999997 0.973 0.12 0.052667
0 0.692333 0.6433329999999999 0.088667 0.073333
0 0.873 0.585333 0.092667 0.082667
