3 0.929333 0.548 0.037333 0.041333
2 0.806 0.511 0.065333 0.059333
2 0.958333 0.460333 0.051333 0.052667
2 0.947667 0.309 0.046 0.042
2 0.921 0.212667 0.026 0.029333
2 0.899667 0.152 0.063333 0.064
2 0.777 0.423 0.051333 0.039333
2 0.7106669999999999 0.336 0.041333 0.04
2 0.637667 0.369333 0.043333 0.042667
2 0.5453330000000001 0.299333 0.061333 0.061333
2 0.48766699999999996 0.175 0.087333 0.074
3 0.967 0.042667 0.064667 0.062667
2 0.913667 0.043667 0.05 0.072667
2 0.838667 0.062 0.102667 0.108
2 0.765667 0.121 0.046 0.056667
2 0.665 0.128667 0.060667 0.058667
2 0.640333 0.081333 0.048667 0.041333
2 0.522667 0.099333 0.06 0.056
2 0.41633299999999995 0.082667 0.042 0.044
3 0.325333 0.055 0.06 0.080667
2 0.222333 0.103 0.054 0.051333
2 0.13166699999999998 0.182 0.080667 0.076
2 0.14 0.266 0.064 0.056
2 0.06899999999999995 0.171 0.044667 0.054
2 0.037667000000000006 0.144333 0.048667 0.051333
2 0.33166700000000005 0.252 0.027333 0.033333
2 0.42333299999999996 0.276667 0.064 0.065333
3 0.43233299999999997 0.355 0.040667 0.044667
2 0.455333 0.448 0.041333 0.041333
2 0.34199999999999997 0.316 0.054667 0.056
2 0.368333 0.427 0.128667 0.114
3 0.368333 0.510333 0.062 0.05
3 0.366333 0.579667 0.058 0.047333
3 0.297667 0.488 0.054 0.064
2 0.23766699999999996 0.371667 0.082 0.080667
2 0.07833299999999999 0.368667 0.054 0.044
2 0.09699999999999998 0.444667 0.078 0.065333
2 0.08099999999999996 0.522333 0.054 0.046
2 0.18366700000000002 0.545 0.107333 0.088667
2 0.18766700000000003 0.63 0.107333 0.089333
2 0.09899999999999998 0.615667 0.054 0.05
2 0.11833300000000002 0.698667 0.084667 0.065333
2 0.18566700000000003 0.731667 0.05 0.048667
2 0.20299999999999996 0.800667 0.038 0.030667
2 0.121 0.774333 0.040667 0.036667
2 0.145667 0.873 0.086 0.086
2 0.05033299999999996 0.857 0.098 0.084667
2 0.11133300000000002 0.963667 0.070667 0.062
2 0.24766699999999997 0.919 0.123333 0.119333
2 0.269 0.744333 0.075333 0.115333
3 0.351 0.767667 0.07 0.086
3 0.38233300000000003 0.678667 0.09 0.102667
2 0.444333 0.615333 0.080667 0.098667
3 0.492 0.551 0.078667 0.086
2 0.530667 0.476333 0.034667 0.028667
2 0.5946670000000001 0.502667 0.042667 0.042667
2 0.577333 0.595667 0.08 0.087333
2 0.576667 0.690333 0.034667 0.031333
2 0.5023329999999999 0.661667 0.060667 0.075333
2 0.553667 0.773667 0.086 0.098
3 0.576667 0.875333 0.068 0.065333
3 0.5023329999999999 0.840667 0.063333 0.066667
2 0.450333 0.744 0.09 0.102667
2 0.406 0.812 0.070667 0.072
2 0.448333 0.844333 0.052667 0.040667
2 0.44866700000000004 0.911333 0.104 0.098667
3 0.7010000000000001 0.469667 0.055333 0.048667
2 0.705667 0.545 0.09 0.086
2 0.6719999999999999 0.626333 0.097333 0.09
3 0.651 0.705 0.083333 0.072667
2 0.640667 0.811 0.101333 0.112667
2 0.657 0.906333 0.084667 0.088667
2 0.753 0.906333 0.087333 0.058
2 0.731 0.821667 0.076667 0.078
2 0.717667 0.737667 0.091333 0.084667
2 0.748 0.656333 0.069333 0.07
3 0.835 0.678667 0.048667 0.038667
3 0.867 0.620667 0.071333 0.062667
2 0.944 0.648667 0.046667 0.045333
2 0.889 0.782667 0.118 0.117333
2 0.7989999999999999 0.752 0.074 0.077333
2 0.905667 0.911 0.143333 0.123333
2 0.467333 0.981333 0.04 0.030667
2 0.28500000000000003 0.836 0.07 0.061333
0 0.06866700000000003 0.048333 0.068 0.063333
0 0.026000000000000023 0.079 0.052 0.055333
0 0.11466699999999996 0.571 0.038667 0.047333
0 0.147667 0.410667 0.046 0.030667
0 0.140667 0.093333 0.025333 0.029333
0 0.17600000000000005 0.103667 0.037333 0.038
0 0.143667 0.129 0.038 0.034
0 0.276667 0.112 0.050667 0.046667
0 0.23066699999999996 0.224333 0.04 0.036667
0 0.31399999999999995 0.654667 0.065333 0.073333
0 0.38633300000000004 0.137333 0.062 0.064
0 0.48366699999999996 0.367 0.054 0.054
0 0.567 0.532333 0.038 0.042
0 0.585 0.145 0.067333 0.060667
0 0.665333 0.275667 0.064 0.055333
0 0.6910000000000001 0.234 0.055333 0.050667
0 0.769 0.201333 0.048667 0.044
0 0.817 0.206333 0.040667 0.038
0 0.805333 0.257333 0.068 0.065333
0 0.839 0.305333 0.059333 0.064
0 0.759667 0.602 0.059333 0.068
0 0.811333 0.580667 0.048 0.04
0 0.794 0.84 0.045333 0.052
0 0.946333 0.18 0.036667 0.046667
0 0.927 0.699 0.059333 0.068667
0 0.519333 0.935667 0.04 0.042
2 0.03400000000000003 0.745333 0.066667 0.097333
2 0.970667 0.813667 0.057333 0.108667
2 0.36566699999999996 0.969 0.119333 0.060667
2 0.03633299999999995 0.960333 0.072667 0.079333
