3 0.45199999999999996 0.070667 0.041333 0.037333
2 0.489 0.194 0.059333 0.065333
2 0.539667 0.041667 0.052667 0.051333
2 0.6910000000000001 0.052333 0.042 0.046
2 0.7873330000000001 0.079 0.029333 0.026
2 0.848 0.100333 0.064 0.063333
2 0.577 0.223 0.039333 0.051333
2 0.6639999999999999 0.289333 0.04 0.041333
2 0.630667 0.362333 0.042667 0.043333
2 0.7006669999999999 0.454667 0.061333 0.061333
2 0.825 0.512333 0.074 0.087333
3 0.957333 0.033 0.062667 0.064667
2 0.956333 0.086333 0.072667 0.05
2 0.938 0.161333 0.108 0.102667
2 0.879 0.234333 0.056667 0.046
2 0.871333 0.335 0.058667 0.060667
2 0.918667 0.359667 0.041333 0.048667
2 0.900667 0.477333 0.056 0.06
2 0.917333 0.583667 0.044 0.042
3 0.945 0.674667 0.080667 0.06
2 0.897 0.777667 0.051333 0.054
2 0.8180000000000001 0.868333 0.076 0.080667
2 0.734 0.86 0.056 0.064
2 0.829 0.931 0.054 0.044667
2 0.855667 0.962333 0.051333 0.048667
2 0.748 0.668333 0.033333 0.027333
2 0.723333 0.576667 0.065333 0.064
3 0.645 0.567667 0.044667 0.040667
2 0.552 0.544667 0.041333 0.041333
2 0.6839999999999999 0.658 0.056 0.054667
2 0.573 0.631667 0.114 0.128667
3 0.48966699999999996 0.631667 0.05 0.062
3 0.42033299999999996 0.633667 0.047333 0.058
3 0.512 0.702333 0.064 0.054
2 0.628333 0.762333 0.080667 0.082
2 0.6313329999999999 0.921667 0.044 0.054
2 0.5553330000000001 0.903 0.065333 0.078
2 0.47766699999999995 0.919 0.046 0.054
2 0.45499999999999996 0.816333 0.088667 0.107333
2 0.37 0.812333 0.089333 0.107333
2 0.38433300000000004 0.901 0.05 0.054
2 0.30133299999999996 0.881667 0.065333 0.084667
2 0.26833300000000004 0.814333 0.048667 0.05
2 0.19933299999999998 0.797 0.030667 0.038
2 0.22566699999999995 0.879 0.036667 0.040667
2 0.127 0.854333 0.086 0.086
2 0.14300000000000002 0.949667 0.084667 0.098
2 0.03633299999999995 0.888667 0.062 0.070667
2 0.08099999999999996 0.752333 0.119333 0.123333
2 0.255667 0.731 0.115333 0.075333
3 0.232333 0.649 0.086 0.07
3 0.321333 0.617667 0.102667 0.09
2 0.384667 0.555667 0.098667 0.080667
3 0.44899999999999995 0.508 0.086 0.078667
2 0.523667 0.469333 0.028667 0.034667
2 0.497333 0.405333 0.042667 0.042667
2 0.40433300000000005 0.422667 0.087333 0.08
2 0.309667 0.423333 0.031333 0.034667
2 0.338333 0.497667 0.075333 0.060667
2 0.226333 0.446333 0.098 0.086
3 0.12466699999999997 0.423333 0.065333 0.068
3 0.15933299999999995 0.497667 0.066667 0.063333
2 0.256 0.549667 0.102667 0.09
2 0.18799999999999994 0.594 0.072 0.070667
2 0.155667 0.551667 0.040667 0.052667
2 0.08866700000000005 0.551333 0.098667 0.104
3 0.5303329999999999 0.299 0.048667 0.055333
2 0.45499999999999996 0.294333 0.086 0.09
2 0.37366699999999997 0.328 0.09 0.097333
3 0.29500000000000004 0.349 0.072667 0.083333
2 0.18899999999999995 0.359333 0.112667 0.101333
2 0.09366699999999994 0.343 0.088667 0.084667
2 0.09366699999999994 0.247 0.058 0.087333
2 0.17833299999999996 0.269 0.078 0.076667
2 0.26233300000000004 0.282333 0.084667 0.091333
2 0.34366699999999994 0.252 0.07 0.069333
3 0.321333 0.165 0.038667 0.048667
3 0.37933300000000003 0.133 0.062667 0.071333
2 0.351333 0.056 0.045333 0.046667
2 0.217333 0.111 0.117333 0.118
2 0.248 0.201 0.077333 0.074
2 0.08899999999999997 0.094333 0.123333 0.143333
2 0.01866699999999999 0.532667 0.030667 0.04
2 0.16400000000000003 0.715 0.061333 0.07
0 0.951667 0.931333 0.063333 0.068
0 0.921 0.974 0.055333 0.052
0 0.42900000000000005 0.885333 0.047333 0.038667
0 0.589333 0.852333 0.030667 0.046
0 0.906667 0.859333 0.029333 0.025333
0 0.896333 0.824 0.038 0.037333
0 0.871 0.856333 0.034 0.038
0 0.888 0.723333 0.046667 0.050667
0 0.775667 0.769333 0.036667 0.04
0 0.345333 0.686 0.073333 0.065333
0 0.862667 0.613667 0.064 0.062
0 0.633 0.516333 0.054 0.054
0 0.46766700000000005 0.433 0.042 0.038
0 0.855 0.415 0.060667 0.067333
0 0.724333 0.334667 0.055333 0.064
0 0.766 0.309 0.050667 0.055333
0 0.798667 0.231 0.044 0.048667
0 0.793667 0.183 0.038 0.040667
0 0.742667 0.194667 0.065333 0.068
0 0.6946669999999999 0.161 0.064 0.059333
0 0.398 0.240333 0.068 0.059333
0 0.41933299999999996 0.188667 0.04 0.048
0 0.16000000000000003 0.206 0.052 0.045333
0 0.8200000000000001 0.053667 0.046667 0.036667
0 0.30100000000000005 0.073 0.068667 0.059333
0 0.06433299999999997 0.480667 0.042 0.04
2 0.254667 0.966 0.097333 0.066667
2 0.18633299999999997 0.029333 0.108667 0.057333
2 0.031000000000000028 0.634333 0.060667 0.119333
2 0.03966700000000001 0.963667 0.079333 0.072667
