1 0.070667 0.906 0.049333 0.06
1 0.049 0.816667 0.05 0.049333
2 0.041667 0.769333 0.05 0.042667
1 0.118 0.878667 0.056 0.050667
1 0.120333 0.822667 0.046 0.037333
2 0.170667 0.938 0.109333 0.121333
3 0.184667 0.846 0.070667 0.077333
2 0.152 0.767 0.084 0.076667
1 0.066667 0.714333 0.037333 0.048667
2 0.075 0.643 0.054 0.074
3 0.080333 0.49866699999999997 0.074 0.129333
3 0.149333 0.490333 0.069333 0.126
2 0.110333 0.38633300000000004 0.054 0.064667
2 0.149667 0.32799999999999996 0.059333 0.06
2 0.144667 0.24433300000000002 0.053333 0.042
2 0.215 0.357 0.071333 0.078
3 0.271333 0.268 0.065333 0.088
3 0.285333 0.362 0.085333 0.088
2 0.279 0.43100000000000005 0.060667 0.066
2 0.204 0.391667 0.045333 0.123333
1 0.295333 0.507333 0.037333 0.028
2 0.336333 0.504667 0.066 0.072
1 0.333667 0.44799999999999995 0.048667 0.056
3 0.387 0.32299999999999995 0.07 0.072667
2 0.417333 0.278667 0.045333 0.049333
2 0.442333 0.260667 0.063333 0.061333
2 0.501333 0.28800000000000003 0.030667 0.034667
1 0.42 0.477333 0.057333 0.050667
1 0.482333 0.573333 0.072667 0.066667
1 0.366333 0.389667 0.040667 0.026
2 0.248 0.619 0.064 0.067333
2 0.158 0.6703330000000001 0.065333 0.055333
2 0.161 0.597333 0.107333 0.096
2 0.242 0.702333 0.097333 0.098
2 0.247667 0.784667 0.067333 0.070667
1 0.283 0.945 0.051333 0.068667
2 0.33 0.813333 0.094667 0.089333
2 0.364 0.7026669999999999 0.133333 0.132
2 0.410667 0.824667 0.044 0.034667
1 0.479333 0.837333 0.034667 0.030667
2 0.486333 0.687667 0.102 0.106
1 0.549667 0.599 0.035333 0.038
2 0.516 0.502667 0.061333 0.070667
2 0.499667 0.917 0.063333 0.07
2 0.571 0.9410000000000001 0.083333 0.106
2 0.628667 0.943667 0.037333 0.05
2 0.678333 0.965333 0.09 0.068
2 0.626667 0.877 0.098667 0.09
2 0.641333 0.711333 0.130667 0.086667
2 0.613 0.781667 0.171333 0.099333
2 0.616667 0.613 0.097333 0.096667
2 0.692667 0.621 0.068 0.102
2 0.715667 0.554333 0.092667 0.074
2 0.589333 0.5373330000000001 0.06 0.052
1 0.649667 0.5349999999999999 0.038 0.040667
2 0.652 0.467333 0.061333 0.046667
1 0.555333 0.43600000000000005 0.088 0.08
2 0.558667 0.30033299999999996 0.026667 0.026
2 0.587333 0.30233299999999996 0.025333 0.03
3 0.682667 0.31699999999999995 0.109333 0.115333
2 0.739333 0.244 0.058667 0.053333
3 0.777333 0.31799999999999995 0.076 0.089333
3 0.877 0.33566700000000005 0.094 0.11
3 0.934333 0.29600000000000004 0.068667 0.082667
3 0.967 0.36166699999999996 0.066 0.066
2 0.911333 0.6006670000000001 0.084 0.089333
2 0.894667 0.6699999999999999 0.034667 0.044
2 0.926 0.752 0.102667 0.081333
2 0.802 0.883667 0.116 0.160667
3 0.846333 0.655667 0.056667 0.095333
1 0.848 0.5796669999999999 0.037333 0.042
2 0.771667 0.638 0.091333 0.106667
2 0.748667 0.733333 0.090667 0.108
3 0.920667 0.18200000000000005 0.109333 0.094667
3 0.916333 0.10533300000000001 0.043333 0.044
3 0.875333 0.040000000000000036 0.046667 0.044
3 0.827667 0.10233300000000001 0.046 0.047333
3 0.788667 0.165667 0.048 0.052667
3 0.771333 0.07699999999999996 0.102667 0.115333
2 0.671333 0.06566700000000003 0.034667 0.034
3 0.609667 0.13933300000000004 0.024667 0.02
2 0.482667 0.12266699999999997 0.065333 0.074667
2 0.487667 0.07033299999999998 0.020667 0.023333
2 0.413333 0.11866699999999997 0.030667 0.04
3 0.361333 0.10699999999999998 0.094667 0.086
3 0.399667 0.18666700000000003 0.083333 0.084
3 0.343333 0.253 0.074667 0.083333
3 0.298 0.17700000000000005 0.077333 0.071333
3 0.264333 0.100333 0.100667 0.084667
3 0.184667 0.18100000000000005 0.114667 0.132667
3 0.149667 0.06999999999999995 0.09 0.112
2 0.080333 0.06166700000000003 0.035333 0.036667
2 0.066667 0.141667 0.050667 0.048667
3 0.045 0.35666699999999996 0.088667 0.129333
0 0.900333 0.45699999999999996 0.034 0.040667
0 0.921333 0.5183329999999999 0.025333 0.019333
0 0.986 0.5609999999999999 0.028 0.035333
0 0.900333 0.825 0.054 0.043333
0 0.93 0.904 0.052 0.081333
0 0.783 0.568333 0.063333 0.044667
0 0.816 0.402 0.086667 0.061333
0 0.847333 0.17766700000000002 0.030667 0.023333
0 0.833667 0.20566700000000004 0.03 0.026
0 0.718667 0.484333 0.065333 0.063333
0 0.584667 0.361333 0.04 0.046667
0 0.447333 0.878 0.052 0.092
0 0.418667 0.775333 0.088 0.102667
0 0.405333 0.626333 0.068 0.07
0 0.409667 0.554333 0.046 0.038
0 0.434333 0.39033300000000004 0.043333 0.038
0 0.476667 0.18999999999999995 0.041333 0.034667
0 0.445667 0.17866700000000002 0.031333 0.04
0 0.413 0.058667000000000025 0.031333 0.033333
0 0.318667 0.30500000000000005 0.061333 0.075333
0 0.187667 0.29533299999999996 0.048667 0.061333
0 0.065667 0.093333 0.051333 0.041333
0 0.053 0.28433299999999995 0.031333 0.028667
0 0.075333 0.5720000000000001 0.046667 0.045333
2 0.944667 0.04700000000000004 0.109333 0.094
2 0.957333 0.44666700000000004 0.085333 0.101333
2 0.974667 0.912 0.050667 0.093333
2 0.341333 0.951333 0.121333 0.096
2 0.305333 0.038000000000000034 0.161333 0.076
2 0.695667 0.021666999999999992 0.102 0.043333
