2 0.948 0.953667 0.056 0.058
2 0.943333 0.86 0.068 0.090667
1 0.967333 0.808 0.056 0.053333
2 0.8506670000000001 0.966333 0.072 0.055333
2 0.864 0.883 0.090667 0.091333
2 0.7853330000000001 0.867667 0.058667 0.067333
2 0.759667 0.960667 0.074 0.072
2 0.612333 0.925333 0.082 0.106667
2 0.719333 0.834333 0.026667 0.03
2 0.643 0.840667 0.040667 0.042667
2 0.749667 0.749667 0.051333 0.052667
2 0.665333 0.776 0.057333 0.061333
2 0.523667 0.892333 0.087333 0.083333
3 0.5493330000000001 0.813667 0.086667 0.088667
2 0.425667 0.932667 0.032667 0.033333
2 0.44399999999999995 0.892 0.036 0.04
2 0.39433300000000004 0.855667 0.076667 0.082
2 0.41800000000000004 0.804667 0.029333 0.032
2 0.476333 0.819 0.031333 0.03
2 0.429667 0.760667 0.05 0.058667
2 0.489333 0.767 0.064 0.064667
2 0.44566700000000004 0.703333 0.026 0.029333
1 0.5083329999999999 0.7126669999999999 0.031333 0.029333
2 0.5760000000000001 0.739 0.066667 0.054
2 0.5860000000000001 0.689333 0.029333 0.034667
2 0.6 0.6273329999999999 0.088 0.069333
2 0.6910000000000001 0.6946669999999999 0.058 0.037333
2 0.823333 0.733 0.070667 0.055333
2 0.943667 0.669 0.080667 0.088667
2 0.867667 0.661333 0.083333 0.088
2 0.756 0.688333 0.064 0.042
3 0.775667 0.6493329999999999 0.07 0.069333
2 0.808333 0.5876669999999999 0.038 0.051333
2 0.959 0.602333 0.078 0.088667
2 0.9033329999999999 0.572667 0.028 0.032
2 0.968667 0.531667 0.053333 0.052667
2 0.843667 0.526667 0.083333 0.068
2 0.854333 0.468333 0.046 0.051333
2 0.977 0.35366699999999995 0.039333 0.044667
3 0.923667 0.351 0.074 0.058
2 0.920667 0.48566699999999996 0.057333 0.044667
2 0.938333 0.42933299999999996 0.119333 0.093333
2 0.809667 0.41233299999999995 0.048667 0.044667
1 0.718667 0.44466700000000003 0.022667 0.024
2 0.6603330000000001 0.395 0.016667 0.015333
2 0.6166670000000001 0.35466699999999995 0.032 0.037333
2 0.606333 0.306667 0.042 0.041333
2 0.475 0.28500000000000003 0.071333 0.074
2 0.513 0.04200000000000004 0.052667 0.054667
2 0.562667 0.09199999999999997 0.06 0.062667
2 0.610333 0.097333 0.039333 0.06
2 0.693667 0.08099999999999996 0.075333 0.087333
2 0.680667 0.156667 0.06 0.072
2 0.733333 0.17600000000000005 0.037333 0.053333
2 0.641667 0.232333 0.095333 0.079333
2 0.712 0.23633300000000002 0.030667 0.028667
2 0.693667 0.281667 0.060667 0.047333
2 0.765333 0.251 0.04 0.032667
2 0.75 0.376 0.048 0.033333
2 0.728333 0.338333 0.058 0.055333
2 0.769333 0.297667 0.037333 0.043333
2 0.829 0.34066700000000005 0.040667 0.04
2 0.853333 0.272667 0.041333 0.037333
2 0.924333 0.27533300000000005 0.042 0.04
2 0.95 0.19066700000000003 0.093333 0.096
2 0.870667 0.19199999999999995 0.037333 0.032
2 0.922667 0.10799999999999998 0.069333 0.072
2 0.978667 0.08066700000000004 0.030667 0.04
2 0.935667 0.03733299999999995 0.083333 0.072
2 0.855 0.02733300000000005 0.044667 0.046667
2 0.847333 0.09499999999999997 0.06 0.082
2 0.755667 0.11633300000000002 0.048667 0.058
2 0.813 0.17966700000000002 0.058 0.051333
3 0.5796669999999999 0.032332999999999945 0.052667 0.062
2 0.33966700000000005 0.728667 0.039333 0.038667
2 0.358333 0.952333 0.031333 0.039333
2 0.31599999999999995 0.909333 0.036 0.046667
3 0.243 0.901667 0.118 0.123333
2 0.12566699999999997 0.927333 0.058 0.058667
2 0.13733300000000004 0.859333 0.068 0.072
2 0.09799999999999998 0.809333 0.074667 0.058667
2 0.19033299999999997 0.7853330000000001 0.084667 0.068
2 0.212333 0.703667 0.115333 0.088667
2 0.11933300000000002 0.701667 0.078667 0.087333
2 0.04366700000000001 0.696 0.072667 0.065333
0 0.07033299999999998 0.20766700000000005 0.140667 0.154
0 0.18766700000000003 0.13266699999999998 0.335333 0.258667
0 0.36666699999999997 0.122 0.045333 0.041333
0 0.8089999999999999 0.11199999999999999 0.043333 0.042667
0 0.46399999999999997 0.23533300000000001 0.049333 0.037333
0 0.5780000000000001 0.33699999999999997 0.036 0.032667
0 0.446333 0.358333 0.07 0.066
0 0.352 0.34866699999999995 0.052 0.048
0 0.335333 0.38333300000000003 0.042667 0.038667
0 0.291667 0.445333 0.054 0.044
0 0.033667 0.42400000000000004 0.067333 0.118667
0 0.44166700000000003 0.42933299999999996 0.064667 0.052
0 0.542333 0.447333 0.051333 0.045333
0 0.595 0.432667 0.058 0.050667
0 0.672667 0.46466700000000005 0.044 0.042667
0 0.422667 0.505667 0.049333 0.052667
0 0.385 0.47066699999999995 0.052667 0.057333
0 0.315333 0.515667 0.065333 0.05
0 0.276 0.576667 0.050667 0.044
0 0.31899999999999995 0.6413329999999999 0.051333 0.057333
0 0.29633299999999996 0.6759999999999999 0.042 0.049333
0 0.33966700000000005 0.693667 0.052667 0.05
0 0.39133300000000004 0.6930000000000001 0.057333 0.056667
0 0.526 0.65 0.08 0.048
0 0.45966700000000005 0.470333 0.032667 0.031333
0 0.929333 0.756 0.044 0.053333
0 0.46599999999999997 0.928333 0.048 0.042
0 0.09299999999999997 0.975333 0.066 0.048
2 0.661667 0.02633300000000005 0.063333 0.052667
2 0.6839999999999999 0.965 0.064 0.067333
3 0.038000000000000034 0.969333 0.076 0.06
3 0.050000000000000044 0.895667 0.098667 0.098
2 0.022666999999999993 0.830667 0.045333 0.057333
2 0.028000000000000025 0.649667 0.052 0.063333
