2 0.885333 0.889667 0.138667 0.118
2 0.766667 0.847667 0.109333 0.111333
2 0.677333 0.801 0.064 0.071333
2 0.593667 0.781667 0.083333 0.098
2 0.525333 0.758667 0.068 0.074667
2 0.921667 0.793333 0.072667 0.077333
1 0.865 0.763333 0.051333 0.068
1 0.7969999999999999 0.746333 0.087333 0.091333
1 0.7126669999999999 0.731 0.090667 0.088667
1 0.641 0.714333 0.055333 0.05
1 0.554667 0.685 0.094667 0.088667
1 0.501667 0.648333 0.087333 0.079333
2 0.446333 0.718667 0.111333 0.097333
2 0.345333 0.674667 0.138667 0.170667
2 0.253667 0.611333 0.124667 0.133333
1 0.161667 0.591333 0.075333 0.081333
2 0.06033299999999997 0.573333 0.119333 0.16
2 0.15833299999999995 0.497667 0.064667 0.055333
1 0.05366700000000002 0.481667 0.086 0.076667
1 0.10066699999999995 0.444 0.072 0.093333
1 0.04833299999999996 0.400333 0.071333 0.086
1 0.10766699999999996 0.355 0.096667 0.084667
1 0.20199999999999996 0.410333 0.108 0.144667
1 0.14600000000000002 0.431667 0.062667 0.074
1 0.10533300000000001 0.274 0.096 0.089333
2 0.07833299999999999 0.086333 0.114 0.144667
2 0.18466700000000003 0.074667 0.098667 0.098667
1 0.150667 0.16 0.1 0.077333
1 0.16333299999999995 0.227333 0.122667 0.090667
2 0.23766699999999996 0.174 0.084667 0.089333
2 0.271667 0.09 0.091333 0.088
1 0.26333300000000004 0.255 0.092 0.079333
1 0.20766700000000005 0.305333 0.111333 0.093333
1 0.328333 0.292333 0.091333 0.080667
1 0.286667 0.350333 0.097333 0.086
1 0.28400000000000003 0.44 0.108 0.129333
1 0.261 0.513 0.048667 0.060667
1 0.214333 0.525333 0.052667 0.058667
1 0.32866700000000004 0.198333 0.094667 0.102
1 0.366 0.089333 0.1 0.102667
2 0.46799999999999997 0.106 0.093333 0.138667
1 0.43033299999999997 0.205 0.112667 0.115333
1 0.42733299999999996 0.297 0.097333 0.087333
1 0.39233300000000004 0.375333 0.111333 0.110667
1 0.373 0.455333 0.094 0.088
1 0.35566699999999996 0.519 0.092667 0.09
2 0.5856669999999999 0.04 0.111333 0.078667
2 0.552333 0.119333 0.096667 0.106667
2 0.6859999999999999 0.048333 0.090667 0.095333
2 0.6473329999999999 0.124667 0.101333 0.104
2 0.926 0.113667 0.102667 0.095333
1 0.804 0.123667 0.14 0.116667
2 0.775333 0.186333 0.065333 0.042
2 0.699333 0.217667 0.050667 0.056667
1 0.518667 0.2 0.066667 0.065333
1 0.5063329999999999 0.256667 0.086 0.090667
1 0.599333 0.192667 0.110667 0.101333
1 0.6146670000000001 0.282333 0.105333 0.108667
1 0.793 0.258667 0.118 0.12
2 0.898 0.202 0.110667 0.1
1 0.903 0.275 0.054 0.051333
1 0.959333 0.317667 0.081333 0.074
1 0.796333 0.348333 0.05 0.054
1 0.708333 0.317667 0.051333 0.046
1 0.7150000000000001 0.272 0.048667 0.042667
1 0.6799999999999999 0.274667 0.033333 0.042667
1 0.6859999999999999 0.362333 0.065333 0.056667
1 0.5429999999999999 0.342667 0.062 0.073333
1 0.48866699999999996 0.393 0.129333 0.120667
1 0.458333 0.497667 0.11 0.080667
1 0.55 0.452667 0.109333 0.096
1 0.883667 0.371667 0.118 0.118
2 0.967 0.421667 0.066 0.072667
1 0.911 0.490667 0.084667 0.092
1 0.953 0.577 0.087333 0.080667
2 0.839 0.549 0.148667 0.108667
2 0.798667 0.635 0.157333 0.119333
1 0.822667 0.439 0.102667 0.119333
1 0.7276670000000001 0.422 0.112667 0.129333
1 0.621667 0.387667 0.094 0.111333
1 0.677 0.505333 0.147333 0.129333
1 0.879667 0.699 0.083333 0.072667
1 0.661 0.651 0.107333 0.095333
2 0.626667 0.585333 0.134667 0.094667
1 0.504667 0.589333 0.064 0.053333
1 0.404667 0.615667 0.064 0.060667
1 0.428667 0.584 0.105333 0.097333
1 0.554333 0.538333 0.120667 0.118
0 0.07799999999999996 0.929 0.046667 0.048667
0 0.01433300000000004 0.932667 0.027333 0.041333
0 0.743333 0.336667 0.041333 0.044
0 0.838333 0.834 0.052667 0.050667
0 0.933667 0.286667 0.028667 0.04
2 0.951333 0.688667 0.097333 0.170667
2 0.971333 0.494667 0.057333 0.070667
2 0.917 0.040333 0.119333 0.078
2 0.799333 0.034333 0.133333 0.067333
2 0.41333299999999995 0.025 0.124 0.047333
1 0.04733299999999996 0.166667 0.093333 0.105333
1 0.03533299999999995 0.258 0.069333 0.112
