2 0.79 0.053667 0.102667 0.102
2 0.862 0.149667 0.122667 0.13
2 0.9033329999999999 0.239667 0.144 0.140667
1 0.870333 0.328333 0.082 0.062
2 0.907667 0.511 0.120667 0.102
2 0.862 0.432667 0.113333 0.117333
2 0.783 0.478667 0.127333 0.126667
2 0.937 0.65 0.116667 0.158667
2 0.8336669999999999 0.645667 0.116667 0.154
2 0.718 0.379 0.124 0.116667
2 0.761 0.177667 0.100667 0.099333
2 0.756333 0.275667 0.136667 0.128667
2 0.691667 0.147 0.07 0.076667
2 0.664667 0.223667 0.084 0.09
2 0.608 0.180333 0.1 0.104667
2 0.704333 0.064 0.07 0.057333
2 0.620333 0.354 0.084667 0.110667
3 0.593 0.277333 0.031333 0.032
2 0.529 0.383667 0.086 0.079333
2 0.594 0.462333 0.106667 0.106
2 0.727333 0.645333 0.114667 0.145333
2 0.623333 0.602333 0.121333 0.124667
2 0.580333 0.687667 0.09 0.095333
2 0.51 0.629 0.098667 0.108667
3 0.466333 0.719 0.094 0.071333
3 0.408667 0.619 0.102667 0.11
2 0.47266699999999995 0.520667 0.104 0.1
2 0.51 0.264 0.096 0.098667
3 0.454333 0.186333 0.091333 0.098
3 0.40933299999999995 0.269 0.082667 0.071333
3 0.366333 0.169 0.084667 0.126
3 0.329333 0.060667 0.073333 0.092
3 0.261 0.214333 0.072667 0.071333
2 0.36066699999999996 0.52 0.104 0.093333
2 0.30133299999999996 0.476333 0.058667 0.052667
2 0.23933300000000002 0.582667 0.108 0.104
2 0.17100000000000004 0.512 0.05 0.046667
3 0.325333 0.312 0.072 0.074667
3 0.39333300000000004 0.337 0.061333 0.07
3 0.438333 0.79 0.078 0.082667
3 0.493333 0.807 0.044 0.056667
3 0.542 0.764333 0.04 0.035333
2 0.501667 0.898333 0.136667 0.134
3 0.36966699999999997 0.947667 0.09 0.104667
3 0.592333 0.883 0.048667 0.056667
2 0.577333 0.927 0.053333 0.056667
2 0.5549999999999999 0.966667 0.039333 0.042667
2 0.657667 0.735333 0.111333 0.108
2 0.621 0.820667 0.095333 0.092
2 0.704333 0.853667 0.126 0.108667
3 0.6863330000000001 0.941667 0.092667 0.083333
3 0.6373329999999999 0.957 0.038667 0.051333
2 0.752 0.77 0.089333 0.112
2 0.777667 0.945 0.071333 0.094
2 0.856 0.790667 0.110667 0.130667
2 0.942 0.777333 0.105333 0.112
2 0.883333 0.931333 0.128 0.133333
0 0.09399999999999997 0.767 0.188 0.267333
0 0.282667 0.816 0.308 0.368
0 0.094333 0.496333 0.07 0.079333
0 0.06133299999999997 0.372667 0.086667 0.089333
0 0.098333 0.311333 0.087333 0.106667
0 0.12 0.12 0.24 0.238667
0 0.21266700000000005 0.391 0.248 0.202
0 0.40633300000000006 0.044 0.124667 0.081333
0 0.513 0.448333 0.067333 0.075333
0 0.543667 0.797333 0.052667 0.049333
0 0.529 0.073667 0.080667 0.082
0 0.614333 0.079333 0.076667 0.068
0 0.680667 0.442333 0.057333 0.063333
0 0.714333 0.538667 0.074 0.074667
0 0.7913330000000001 0.127 0.044 0.042
0 0.8180000000000001 0.323333 0.036 0.048
0 0.795667 0.364333 0.03 0.034
0 0.972 0.026 0.054667 0.049333
0 0.950333 0.137333 0.071333 0.093333
0 0.900333 0.362333 0.063333 0.058
2 0.613667 0.025333 0.096667 0.049333
2 0.961667 0.358667 0.074 0.108
1 0.971 0.457333 0.056667 0.090667
2 0.951 0.901667 0.096667 0.139333
