3 0.945 0.949 0.086 0.080667
2 0.951333 0.871333 0.068 0.058667
2 0.973 0.818333 0.051333 0.048667
2 0.947667 0.7216670000000001 0.096667 0.111333
1 0.872667 0.657667 0.046667 0.05
1 0.845667 0.610333 0.054 0.042
2 0.825333 0.5660000000000001 0.038667 0.028
1 0.792667 0.5083329999999999 0.04 0.028667
1 0.808667 0.5389999999999999 0.036 0.026
1 0.913667 0.628333 0.056667 0.044667
1 0.957333 0.587 0.044 0.044667
3 0.854333 0.971 0.055333 0.043333
3 0.788667 0.947333 0.029333 0.026667
2 0.759333 0.890333 0.076 0.076667
1 0.696 0.968667 0.038667 0.038667
2 0.696 0.934667 0.038667 0.034667
1 0.685 0.887 0.042 0.055333
2 0.700333 0.810333 0.072667 0.060667
2 0.682 0.73 0.1 0.092
3 0.669667 0.649 0.052667 0.052667
2 0.674 0.5640000000000001 0.077333 0.096
2 0.753667 0.599333 0.082 0.097333
3 0.886333 0.508 0.047333 0.034667
2 0.885 0.564667 0.094 0.074667
2 0.962 0.513 0.068 0.083333
2 0.908333 0.44199999999999995 0.082 0.066667
2 0.952333 0.384667 0.076667 0.054667
2 0.802333 0.45899999999999996 0.087333 0.075333
2 0.850333 0.40533300000000005 0.072667 0.065333
2 0.857333 0.46266700000000005 0.030667 0.032
2 0.883667 0.35266699999999995 0.075333 0.076
2 0.942 0.259667 0.030667 0.031333
2 0.977333 0.18899999999999995 0.042667 0.059333
2 0.903 0.058667000000000025 0.083333 0.1
2 0.809333 0.099333 0.073333 0.089333
2 0.754 0.05733299999999997 0.096 0.114667
2 0.670667 0.471333 0.057333 0.066667
2 0.679667 0.41533299999999995 0.044667 0.045333
2 0.722667 0.41800000000000004 0.038667 0.042667
2 0.691333 0.362333 0.052 0.051333
2 0.777667 0.382 0.084667 0.076
2 0.788667 0.309667 0.088 0.076667
2 0.784333 0.226333 0.092667 0.092667
2 0.707333 0.212333 0.084 0.087333
2 0.702667 0.29033299999999995 0.073333 0.076667
2 0.612 0.945333 0.062667 0.069333
2 0.537333 0.918667 0.057333 0.074667
2 0.524 0.826333 0.033333 0.040667
2 0.607 0.866667 0.083333 0.070667
2 0.617 0.7723329999999999 0.086 0.115333
2 0.54 0.765 0.068 0.084667
2 0.467 0.714 0.05 0.04
2 0.370667 0.692333 0.065333 0.058
2 0.329667 0.609667 0.044667 0.054
2 0.399667 0.627 0.071333 0.083333
2 0.468333 0.656 0.052667 0.064
2 0.536667 0.677667 0.069333 0.074
2 0.534333 0.5860000000000001 0.11 0.106667
2 0.601333 0.521667 0.037333 0.044667
2 0.467333 0.577 0.066667 0.078
2 0.397667 0.5353330000000001 0.083333 0.092
2 0.335333 0.44099999999999995 0.069333 0.108667
3 0.306667 0.336333 0.065333 0.054
2 0.380667 0.37366699999999997 0.097333 0.115333
2 0.367 0.26533300000000004 0.080667 0.106667
3 0.427667 0.17300000000000004 0.076667 0.080667
2 0.501 0.11566699999999996 0.082 0.086
2 0.572 0.05133299999999996 0.076 0.062667
2 0.588 0.13266699999999998 0.094667 0.1
2 0.620667 0.221333 0.090667 0.1
2 0.603667 0.31666700000000003 0.054 0.052
2 0.619 0.395667 0.074 0.087333
2 0.549 0.356333 0.066 0.058
2 0.536333 0.285667 0.078 0.083333
2 0.529667 0.20133299999999998 0.088667 0.088
2 0.453 0.261 0.088667 0.115333
2 0.455333 0.39033300000000004 0.076 0.084667
2 0.444 0.46399999999999997 0.06 0.062667
2 0.524667 0.418667 0.065333 0.061333
2 0.524667 0.497 0.090667 0.079333
2 0.364 0.759667 0.066667 0.079333
2 0.442667 0.793 0.101333 0.112667
2 0.469 0.902 0.079333 0.1
2 0.428 0.952 0.058667 0.064
2 0.361333 0.9359999999999999 0.058667 0.065333
2 0.379 0.861 0.076667 0.09
2 0.229667 0.625667 0.044667 0.039333
2 0.280667 0.6603330000000001 0.069333 0.114
2 0.267333 0.8009999999999999 0.102667 0.116667
2 0.161 0.838667 0.079333 0.096
3 0.154667 0.925 0.066667 0.071333
2 0.089333 0.971 0.061333 0.054
2 0.226667 0.9390000000000001 0.138667 0.120667
2 0.201667 0.715667 0.088667 0.115333
2 0.792667 0.825667 0.093333 0.076667
3 0.831667 0.76 0.076667 0.064
3 0.878333 0.837 0.083333 0.09
0 0.91 0.17566700000000002 0.053333 0.046
0 0.913 0.12266699999999997 0.05 0.042667
0 0.802667 0.6579999999999999 0.037333 0.057333
0 0.736 0.473333 0.048 0.052
0 0.365667 0.08133299999999999 0.194 0.162667
0 0.314 0.23766699999999996 0.077333 0.068667
0 0.093333 0.14233300000000004 0.137333 0.17
0 0.194333 0.36766699999999997 0.240667 0.268667
0 0.212333 0.5696669999999999 0.056667 0.05
0 0.167667 0.554333 0.05 0.056667
0 0.142 0.521667 0.044 0.052667
0 0.11 0.607333 0.036 0.036
0 0.103667 0.642667 0.035333 0.033333
0 0.089 0.713667 0.052667 0.040667
0 0.081 0.459333 0.046 0.050667
0 0.053667 0.04133299999999995 0.094 0.082667
0 0.231 0.049000000000000044 0.063333 0.068667
0 0.203 0.11766699999999997 0.080667 0.074
2 0.967333 0.089333 0.061333 0.094667
2 0.671333 0.03833299999999995 0.105333 0.076667
2 0.83 0.031333000000000055 0.072 0.062667
