2 0.956333 0.937333 0.086 0.105333
2 0.873333 0.908 0.068 0.053333
2 0.883333 0.847333 0.085333 0.073333
2 0.922333 0.778667 0.092667 0.097333
3 0.952 0.7106669999999999 0.044 0.046667
2 0.816667 0.798333 0.042667 0.058
2 0.7166669999999999 0.851667 0.070667 0.079333
2 0.7969999999999999 0.880333 0.084667 0.091333
2 0.656667 0.7969999999999999 0.068 0.083333
2 0.574333 0.795 0.091333 0.091333
2 0.584667 0.714333 0.073333 0.087333
2 0.679333 0.711667 0.101333 0.087333
2 0.754 0.774 0.093333 0.101333
2 0.8506670000000001 0.738333 0.094667 0.078
2 0.781 0.687 0.047333 0.039333
2 0.790333 0.646333 0.048667 0.046
2 0.868667 0.669667 0.092 0.079333
2 0.959 0.6433329999999999 0.078 0.068
2 0.895667 0.606 0.059333 0.057333
2 0.824333 0.597 0.060667 0.052667
2 0.632667 0.636667 0.061333 0.068
2 0.718 0.633 0.098667 0.108667
2 0.940333 0.5349999999999999 0.115333 0.128667
2 0.953667 0.44399999999999995 0.083333 0.058667
2 0.843667 0.498333 0.058 0.058
2 0.753333 0.510667 0.128 0.156
2 0.627667 0.556667 0.09 0.1
2 0.657 0.476 0.084667 0.084
2 0.701667 0.381667 0.084667 0.091333
2 0.798667 0.38633300000000004 0.14 0.107333
2 0.884667 0.385 0.034667 0.040667
2 0.8396669999999999 0.30233299999999996 0.124667 0.078
2 0.734 0.30600000000000005 0.082667 0.073333
2 0.756 0.238 0.061333 0.068
2 0.855 0.22966699999999995 0.119333 0.112667
2 0.945 0.18233299999999997 0.083333 0.076667
2 0.865333 0.14333300000000004 0.090667 0.081333
2 0.764 0.14700000000000002 0.132 0.124667
2 0.6970000000000001 0.06433299999999997 0.079333 0.079333
2 0.601333 0.10933300000000001 0.052 0.074667
2 0.663 0.137 0.083333 0.091333
2 0.641 0.216333 0.127333 0.088667
2 0.6146670000000001 0.30033299999999996 0.156 0.076667
2 0.600333 0.38633300000000004 0.116667 0.09
3 0.507 0.42800000000000005 0.048667 0.057333
2 0.568667 0.45799999999999996 0.105333 0.092
2 0.530667 0.549667 0.109333 0.119333
2 0.457333 0.544667 0.069333 0.065333
2 0.536667 0.276667 0.074667 0.098667
2 0.44299999999999995 0.626 0.143333 0.117333
2 0.5083329999999999 0.6779999999999999 0.079333 0.078667
2 0.488333 0.7396670000000001 0.05 0.05
2 0.329333 0.672667 0.073333 0.076
2 0.341333 0.591 0.065333 0.083333
2 0.38733300000000004 0.544667 0.032 0.034667
2 0.25433300000000003 0.617667 0.079333 0.083333
2 0.14300000000000002 0.687 0.09 0.111333
2 0.06666700000000003 0.659333 0.096 0.150667
2 0.24466699999999997 0.698 0.070667 0.072
2 0.607 0.930667 0.084667 0.093333
2 0.525667 0.905 0.080667 0.114
2 0.44066700000000003 0.904 0.1 0.105333
2 0.41400000000000003 0.962667 0.096 0.070667
2 0.456333 0.820333 0.080667 0.078
2 0.321333 0.92 0.072 0.070667
2 0.257 0.887667 0.043333 0.056667
2 0.237 0.949 0.044667 0.048667
2 0.152667 0.959 0.042667 0.05
2 0.08333299999999999 0.926667 0.052 0.062667
3 0.10399999999999998 0.856333 0.06 0.055333
2 0.11666699999999997 0.788 0.090667 0.073333
1 0.17666700000000002 0.913667 0.068 0.052667
2 0.18833299999999997 0.861333 0.078 0.078667
2 0.363333 0.868333 0.058667 0.059333
1 0.358333 0.811333 0.079333 0.062667
2 0.28733299999999995 0.8280000000000001 0.068 0.06
2 0.210333 0.7703329999999999 0.091333 0.094
1 0.304667 0.757 0.092 0.084667
2 0.40133300000000005 0.733333 0.109333 0.098667
2 0.10966699999999996 0.554333 0.092667 0.084667
2 0.19566700000000004 0.5369999999999999 0.092667 0.086
2 0.289667 0.5413330000000001 0.086 0.069333
2 0.40033300000000005 0.47166699999999995 0.083333 0.075333
2 0.31200000000000006 0.46199999999999997 0.105333 0.092
2 0.21799999999999997 0.46199999999999997 0.090667 0.077333
2 0.136 0.461333 0.134667 0.132
2 0.04300000000000004 0.46699999999999997 0.062 0.071333
2 0.440333 0.379667 0.087333 0.084667
2 0.34966699999999995 0.373333 0.082 0.077333
2 0.243 0.37733300000000003 0.051333 0.056
2 0.159667 0.33499999999999996 0.118 0.120667
2 0.07199999999999995 0.371333 0.098667 0.106667
2 0.029000000000000026 0.28300000000000003 0.051333 0.047333
2 0.095333 0.29433299999999996 0.072 0.086
2 0.248 0.289667 0.110667 0.122
2 0.362333 0.29300000000000004 0.107333 0.083333
2 0.44699999999999995 0.29900000000000004 0.056667 0.079333
2 0.059667000000000026 0.20166700000000004 0.118 0.102
2 0.17700000000000005 0.23299999999999998 0.091333 0.083333
2 0.289667 0.20066700000000004 0.075333 0.066667
2 0.36366699999999996 0.21099999999999997 0.054 0.05
2 0.21466700000000005 0.16133299999999995 0.094667 0.088
2 0.122 0.10866699999999996 0.106667 0.126667
2 0.07566700000000004 0.03733299999999995 0.094 0.074667
2 0.24366699999999997 0.089333 0.116667 0.104
2 0.32366700000000004 0.12466699999999997 0.082 0.086667
2 0.40533300000000005 0.131 0.096 0.115333
2 0.478333 0.21466700000000005 0.114 0.1
2 0.505 0.131 0.111333 0.140667
2 0.41500000000000004 0.038000000000000034 0.076667 0.076
2 0.494 0.978333 0.068 0.042
0 0.17200000000000004 0.623 0.077333 0.067333
0 0.05033299999999996 0.75 0.05 0.044
0 0.014000000000000012 0.976667 0.024 0.036
2 0.266 0.031000000000000028 0.077333 0.058
2 0.169667 0.029000000000000026 0.111333 0.056667
2 0.537667 0.043332999999999955 0.179333 0.086667
2 0.846 0.04500000000000004 0.096 0.09
2 0.871333 0.969333 0.077333 0.06
2 0.760333 0.945667 0.119333 0.106
2 0.03933299999999995 0.8220000000000001 0.078667 0.124
2 0.35166699999999995 0.03633299999999995 0.060667 0.072667
2 0.960333 0.384 0.078 0.074667
