2 0.912667 0.101 0.101333 0.120667
1 0.814333 0.058 0.119333 0.104
1 0.822333 0.148333 0.107333 0.095333
1 0.928 0.215 0.101333 0.104667
1 0.857 0.222 0.054 0.073333
2 0.745 0.187 0.042 0.046
2 0.710333 0.113 0.114 0.094
1 0.682667 0.036 0.089333 0.070667
1 0.613667 0.040667 0.056667 0.061333
2 0.5660000000000001 0.069333 0.105333 0.106667
2 0.632667 0.147667 0.086667 0.094
2 0.45499999999999996 0.061 0.116667 0.118
2 0.5640000000000001 0.165667 0.096 0.096667
2 0.473 0.161667 0.124667 0.142
1 0.356 0.091333 0.094667 0.104
1 0.24866699999999997 0.066333 0.134667 0.120667
1 0.18833299999999997 0.034333 0.055333 0.056667
1 0.08599999999999997 0.091667 0.078667 0.115333
1 0.15633300000000006 0.100333 0.075333 0.075333
1 0.28 0.141333 0.102667 0.118667
1 0.378 0.200333 0.129333 0.106
1 0.30900000000000005 0.242 0.060667 0.056
1 0.219333 0.185 0.129333 0.122
1 0.10999999999999999 0.196 0.101333 0.094667
2 0.928667 0.200333 0.1 0.078
1 0.794667 0.244 0.101333 0.098667
1 0.687333 0.222667 0.104 0.102667
1 0.739333 0.287 0.097333 0.076667
2 0.609 0.252333 0.096667 0.09
1 0.43033299999999997 0.275333 0.118 0.102667
1 0.06933299999999998 0.277667 0.070667 0.09
1 0.16233299999999995 0.297667 0.118 0.188667
1 0.245 0.285667 0.108667 0.107333
1 0.34666699999999995 0.304667 0.108 0.102667
2 0.911333 0.307333 0.134667 0.12
1 0.812333 0.339667 0.11 0.118
2 0.743 0.372667 0.095333 0.089333
2 0.657667 0.333667 0.094 0.108667
1 0.592333 0.379667 0.083333 0.078
1 0.5533330000000001 0.324667 0.133333 0.129333
1 0.44099999999999995 0.379 0.183333 0.107333
2 0.875667 0.398 0.067333 0.068
1 0.812 0.424 0.102667 0.1
2 0.9666669999999999 0.466333 0.052 0.054
2 0.871 0.488 0.156667 0.141333
2 0.792333 0.525333 0.067333 0.064
2 0.9646669999999999 0.548333 0.058667 0.068667
2 0.894333 0.572 0.082 0.070667
1 0.820667 0.618333 0.109333 0.116667
2 0.911667 0.655667 0.080667 0.086
2 0.921667 0.739333 0.144667 0.125333
2 0.832667 0.705 0.053333 0.048667
1 0.764 0.679 0.109333 0.092667
2 0.655667 0.633667 0.056667 0.042
2 0.938333 0.833 0.088667 0.064667
2 0.862667 0.803333 0.065333 0.058667
2 0.893667 0.931 0.060667 0.063333
1 0.800667 0.853333 0.116 0.072
1 0.7723329999999999 0.815667 0.084667 0.042
2 0.772667 0.767667 0.138667 0.09
1 0.7296670000000001 0.452667 0.055333 0.065333
2 0.681333 0.533667 0.156 0.183333
2 0.584667 0.499667 0.054667 0.056667
1 0.601333 0.570667 0.054667 0.057333
1 0.10066699999999995 0.415667 0.094667 0.086
1 0.13166699999999998 0.485667 0.120667 0.11
1 0.208333 0.431667 0.087333 0.102
1 0.29533299999999996 0.438667 0.136 0.16
1 0.40133300000000005 0.488 0.109333 0.105333
2 0.507 0.462 0.138 0.101333
2 0.527667 0.549667 0.118 0.104667
1 0.43133299999999997 0.575333 0.108 0.102667
1 0.32866700000000004 0.563667 0.097333 0.107333
1 0.22999999999999998 0.537667 0.125333 0.152667
1 0.257667 0.644333 0.091333 0.076667
1 0.13666699999999998 0.609333 0.141333 0.154667
1 0.050000000000000044 0.552 0.088 0.094667
2 0.14100000000000001 0.729667 0.186 0.147333
1 0.17200000000000004 0.81 0.170667 0.141333
1 0.16300000000000003 0.915 0.111333 0.118
1 0.07499999999999996 0.956333 0.100667 0.087333
2 0.15633300000000006 0.976667 0.047333 0.044
1 0.590333 0.775667 0.087333 0.080667
1 0.679 0.734333 0.092667 0.09
2 0.690333 0.830333 0.092667 0.095333
2 0.734667 0.929667 0.093333 0.083333
2 0.646333 0.913667 0.086 0.084667
2 0.611333 0.84 0.065333 0.06
1 0.570667 0.682333 0.173333 0.178
1 0.362333 0.655667 0.076667 0.080667
1 0.46199999999999997 0.662333 0.138667 0.123333
1 0.431667 0.79 0.182 0.168
2 0.5263329999999999 0.876333 0.120667 0.115333
2 0.43733299999999997 0.901 0.076 0.092667
1 0.29433299999999996 0.720333 0.11 0.084667
1 0.322333 0.794 0.092667 0.098667
1 0.33466700000000005 0.885333 0.112 0.105333
1 0.25133300000000003 0.883667 0.068 0.119333
2 0.46199999999999997 0.967667 0.096 0.064667
1 0.901667 0.037 0.083333 0.072667
1 0.04033299999999995 0.379333 0.080667 0.093333
1 0.033667 0.785333 0.067333 0.086667
