2 0.946 0.125 0.097333 0.099333
2 0.84 0.135 0.121333 0.116667
3 0.8396669999999999 0.215333 0.05 0.030667
3 0.741333 0.12 0.029333 0.026667
3 0.866667 0.271333 0.064 0.045333
3 0.88 0.338333 0.128 0.082
3 0.896667 0.391667 0.054667 0.046
3 0.913333 0.465333 0.06 0.065333
2 0.825 0.382667 0.104667 0.104
2 0.725 0.378333 0.128667 0.118
3 0.650667 0.382667 0.049333 0.06
3 0.625667 0.331667 0.043333 0.040667
3 0.5860000000000001 0.397667 0.105333 0.100667
3 0.7913330000000001 0.301 0.032 0.036667
2 0.704 0.261667 0.164 0.159333
3 0.540333 0.310333 0.112667 0.078
3 0.503 0.366333 0.044667 0.038
3 0.588333 0.197333 0.128667 0.129333
3 0.501333 0.239 0.1 0.092667
3 0.45499999999999996 0.242 0.035333 0.032
3 0.499 0.126 0.075333 0.081333
3 0.5696669999999999 0.085667 0.031333 0.03
2 0.673 0.101333 0.086 0.082667
3 0.565333 0.036667 0.076 0.070667
3 0.484333 0.038667 0.066 0.074667
3 0.42700000000000005 0.12 0.07 0.068
3 0.35766699999999996 0.090333 0.063333 0.059333
2 0.28900000000000003 0.123 0.043333 0.046
2 0.373 0.159333 0.039333 0.044
3 0.39333300000000004 0.211667 0.076 0.068667
3 0.31299999999999994 0.190333 0.051333 0.048667
3 0.31366700000000003 0.281 0.123333 0.132667
3 0.23399999999999999 0.283 0.036 0.040667
3 0.40800000000000003 0.297667 0.065333 0.066
3 0.428667 0.366 0.029333 0.025333
3 0.44299999999999995 0.428667 0.035333 0.046667
3 0.275667 0.397333 0.067333 0.061333
3 0.357333 0.437333 0.117333 0.129333
3 0.45566700000000004 0.508 0.063333 0.069333
2 0.52 0.456667 0.116 0.129333
2 0.586333 0.512667 0.094 0.106667
2 0.671333 0.494333 0.082667 0.095333
2 0.746333 0.496 0.078 0.108
3 0.8316669999999999 0.478667 0.107333 0.104
2 0.928333 0.54 0.112667 0.096
3 0.842 0.570333 0.082667 0.084667
3 0.761667 0.578 0.059333 0.046667
3 0.6886669999999999 0.583667 0.076 0.100667
2 0.6066670000000001 0.601667 0.102667 0.102
3 0.507 0.580333 0.098 0.09
3 0.40033300000000005 0.554333 0.05 0.048667
2 0.408667 0.610333 0.098667 0.092667
3 0.319333 0.618667 0.086667 0.058667
3 0.305667 0.550333 0.120667 0.108667
3 0.267667 0.672 0.071333 0.066667
2 0.44166700000000003 0.698 0.114 0.14
2 0.34366699999999994 0.695 0.100667 0.086
3 0.537667 0.666667 0.084667 0.08
2 0.36966699999999997 0.779 0.103333 0.084667
2 0.554 0.761 0.12 0.106
2 0.636667 0.685333 0.1 0.085333
2 0.718333 0.69 0.102 0.112
2 0.753333 0.779 0.078667 0.056667
2 0.729 0.752667 0.042 0.030667
2 0.697667 0.769 0.031333 0.031333
2 0.961333 0.743667 0.074667 0.079333
2 0.65 0.770667 0.077333 0.077333
2 0.787667 0.657333 0.096667 0.118667
2 0.866667 0.651333 0.073333 0.088
3 0.949667 0.647 0.096667 0.107333
3 0.868333 0.740667 0.095333 0.078667
2 0.908667 0.839333 0.090667 0.096
2 0.834 0.849 0.066667 0.096667
2 0.845333 0.910333 0.029333 0.028667
2 0.756333 0.865667 0.087333 0.100667
3 0.767667 0.925333 0.035333 0.024
2 0.6619999999999999 0.847667 0.084 0.075333
2 0.687667 0.912333 0.075333 0.056667
3 0.639 0.899333 0.051333 0.038667
2 0.6819999999999999 0.961 0.093333 0.05
3 0.599 0.943333 0.048667 0.046667
3 0.572333 0.845 0.05 0.043333
3 0.5063329999999999 0.891 0.119333 0.107333
3 0.401 0.913 0.075333 0.098
3 0.31899999999999995 0.858 0.068667 0.061333
2 0.32366700000000004 0.922 0.080667 0.069333
3 0.326333 0.972333 0.055333 0.042
3 0.255 0.945667 0.083333 0.094
3 0.18500000000000005 0.926333 0.042 0.046
2 0.04966700000000002 0.947667 0.068667 0.064667
1 0.11266699999999996 0.913667 0.054667 0.058
2 0.163667 0.850667 0.084667 0.08
3 0.22266699999999995 0.803 0.084 0.054
1 0.08099999999999996 0.785333 0.055333 0.042667
1 0.025666999999999995 0.870667 0.051333 0.056
1 0.09566699999999995 0.859333 0.056667 0.042667
3 0.14133300000000004 0.797 0.074667 0.05
3 0.20666700000000005 0.746667 0.114667 0.090667
3 0.12033300000000002 0.728 0.071333 0.08
3 0.19333299999999998 0.680333 0.077333 0.055333
3 0.18533299999999997 0.594333 0.089333 0.063333
3 0.224333 0.510333 0.039333 0.038
3 0.230333 0.568 0.039333 0.044
2 0.09799999999999998 0.614333 0.088 0.080667
1 0.08899999999999997 0.528667 0.046 0.053333
2 0.204333 0.441667 0.039333 0.034
2 0.12533300000000003 0.401667 0.052 0.046
2 0.14733300000000005 0.264 0.082667 0.064
2 0.028333000000000053 0.357 0.056667 0.063333
2 0.140667 0.214 0.032 0.037333
3 0.21066700000000005 0.190333 0.112 0.09
3 0.20233299999999999 0.115667 0.058 0.051333
3 0.18000000000000005 0.031667 0.073333 0.062
2 0.097333 0.092333 0.044 0.043333
2 0.10399999999999998 0.137333 0.029333 0.04
3 0.11333300000000002 0.186333 0.036 0.035333
0 0.924667 0.913 0.044 0.051333
0 0.5966670000000001 0.893333 0.057333 0.04
0 0.23933300000000002 0.846333 0.046667 0.047333
0 0.46866699999999994 0.798667 0.061333 0.052
0 0.04966700000000002 0.576333 0.07 0.071333
0 0.024666999999999994 0.476 0.049333 0.06
0 0.026000000000000023 0.410667 0.052 0.053333
0 0.06333299999999997 0.333667 0.062667 0.056667
0 0.17566700000000002 0.408333 0.031333 0.028667
0 0.977333 0.327667 0.041333 0.052667
3 0.506 0.970333 0.113333 0.059333
3 0.87 0.97 0.077333 0.06
2 0.960667 0.234 0.076 0.137333
3 0.815333 0.05 0.102667 0.098667
2 0.7296670000000001 0.033 0.094 0.063333
3 0.639667 0.035 0.079333 0.067333
