3 0.942 0.944667 0.045333 0.037333
2 0.966 0.910667 0.065333 0.061333
2 0.853 0.929333 0.063333 0.069333
2 0.878333 0.863667 0.108667 0.114
2 0.948667 0.839333 0.078667 0.074667
2 0.947333 0.7146669999999999 0.050667 0.069333
2 0.958 0.665333 0.046667 0.04
2 0.891333 0.724667 0.065333 0.056
2 0.809333 0.747 0.061333 0.063333
2 0.826667 0.6723330000000001 0.08 0.067333
2 0.745 0.726333 0.075333 0.080667
2 0.690333 0.854333 0.054 0.060667
3 0.7130000000000001 0.812667 0.083333 0.077333
3 0.7476670000000001 0.950667 0.052667 0.049333
2 0.665 0.982667 0.034 0.033333
2 0.665 0.95 0.040667 0.037333
2 0.670667 0.909 0.032 0.05
2 0.646667 0.914 0.017333 0.021333
2 0.608 0.914 0.045333 0.049333
2 0.605667 0.847667 0.079333 0.096667
2 0.533667 0.812667 0.120667 0.124
3 0.576667 0.763667 0.034667 0.034
1 0.53 0.915333 0.028 0.034667
2 0.505333 0.98 0.026667 0.034667
2 0.459333 0.917667 0.041333 0.034
2 0.38633300000000004 0.8506670000000001 0.038 0.058667
3 0.44666700000000004 0.866333 0.076 0.067333
3 0.556667 0.707667 0.064 0.068667
2 0.29700000000000004 0.894333 0.086 0.091333
2 0.27 0.953667 0.045333 0.046
1 0.221333 0.929667 0.041333 0.043333
2 0.20899999999999996 0.887 0.072667 0.058
1 0.31366700000000003 0.832 0.035333 0.026667
1 0.23399999999999999 0.8140000000000001 0.053333 0.034667
1 0.234333 0.781667 0.043333 0.034
2 0.266667 0.716 0.136 0.113333
1 0.35766699999999996 0.657333 0.05 0.053333
1 0.42533299999999996 0.7010000000000001 0.041333 0.036667
1 0.609667 0.685333 0.038 0.028
2 0.686667 0.670667 0.038667 0.041333
2 0.725 0.6583330000000001 0.038 0.036667
2 0.847 0.5780000000000001 0.066 0.077333
2 0.9299999999999999 0.550333 0.038667 0.044667
2 0.771 0.5776669999999999 0.051333 0.044667
2 0.630667 0.5986670000000001 0.064 0.06
2 0.586333 0.621333 0.054 0.057333
2 0.5263329999999999 0.605333 0.076667 0.078667
2 0.37733300000000003 0.595333 0.066667 0.062667
2 0.290667 0.597333 0.038667 0.045333
2 0.471 0.5573330000000001 0.055333 0.057333
2 0.957333 0.447333 0.069333 0.068
2 0.931667 0.360333 0.068667 0.071333
2 0.861 0.372 0.072667 0.077333
3 0.8296669999999999 0.43799999999999994 0.072667 0.072
2 0.75 0.44966700000000004 0.073333 0.068667
2 0.652 0.46799999999999997 0.034667 0.048
2 0.6823330000000001 0.440333 0.048667 0.064667
2 0.796333 0.5103329999999999 0.054 0.067333
2 0.7456670000000001 0.515 0.044667 0.066
3 0.686667 0.523 0.058667 0.082
2 0.612 0.519667 0.08 0.087333
2 0.5493330000000001 0.544 0.042667 0.041333
3 0.398667 0.550667 0.078667 0.050667
3 0.404 0.507667 0.072 0.047333
2 0.41933299999999996 0.45766700000000005 0.088 0.080667
3 0.34299999999999997 0.43966700000000003 0.063333 0.068667
3 0.25233300000000003 0.483333 0.071333 0.074667
2 0.515 0.40800000000000003 0.084667 0.101333
2 0.765667 0.39633300000000005 0.075333 0.068667
1 0.7050000000000001 0.36066699999999996 0.062 0.078667
2 0.7989999999999999 0.31966700000000003 0.087333 0.111333
2 0.836333 0.23399999999999999 0.062 0.065333
2 0.901667 0.21599999999999997 0.05 0.048
2 0.706 0.244 0.129333 0.1
2 0.618 0.27233300000000005 0.098667 0.132667
1 0.539667 0.273667 0.046 0.051333
2 0.594 0.370333 0.102667 0.115333
2 0.44199999999999995 0.365333 0.090667 0.092
2 0.365 0.35366699999999995 0.058 0.092667
2 0.28133300000000006 0.356333 0.117333 0.167333
3 0.41433299999999995 0.24833300000000003 0.084667 0.103333
2 0.31599999999999995 0.232333 0.112 0.107333
3 0.21899999999999997 0.19966700000000004 0.07 0.062
2 0.965333 0.17266700000000001 0.061333 0.078667
2 0.876667 0.143667 0.098667 0.099333
2 0.928667 0.08399999999999996 0.073333 0.065333
2 0.43433299999999997 0.149667 0.052667 0.058
2 0.493333 0.140667 0.052 0.054667
2 0.560333 0.211333 0.047333 0.049333
1 0.5876669999999999 0.13 0.115333 0.136
1 0.508 0.088333 0.076 0.059333
2 0.43966700000000003 0.09066700000000005 0.068667 0.066667
2 0.28300000000000003 0.051000000000000045 0.075333 0.079333
2 0.35766699999999996 0.03300000000000003 0.067333 0.058
1 0.609 0.04366700000000001 0.054 0.054
2 0.531 0.031667 0.044667 0.046
2 0.785 0.042332999999999954 0.102 0.071333
1 0.756333 0.17566700000000002 0.05 0.05
3 0.17300000000000004 0.38233300000000003 0.103333 0.114
3 0.07366700000000004 0.42800000000000005 0.103333 0.090667
3 0.16700000000000004 0.45499999999999996 0.059333 0.043333
3 0.14733300000000005 0.501 0.078667 0.067333
3 0.054332999999999965 0.513667 0.072667 0.079333
3 0.13666699999999998 0.568667 0.106667 0.070667
3 0.04400000000000004 0.629 0.085333 0.074
2 0.13533300000000004 0.876667 0.070667 0.072
1 0.539667 0.497 0.052667 0.048667
2 0.49266699999999997 0.500333 0.038667 0.048667
3 0.47866699999999995 0.20066700000000004 0.02 0.025333
0 0.04133299999999995 0.10966699999999996 0.082667 0.156667
0 0.19399999999999995 0.13133300000000003 0.041333 0.044
0 0.208333 0.04700000000000004 0.031333 0.032667
0 0.6823330000000001 0.13733300000000004 0.07 0.08
0 0.776667 0.14200000000000002 0.046667 0.041333
0 0.939667 0.273667 0.112667 0.11
0 0.518 0.33999999999999997 0.049333 0.062667
0 0.6146670000000001 0.44799999999999995 0.064 0.052
0 0.918667 0.485 0.049333 0.043333
0 0.210333 0.546333 0.038 0.05
0 0.062000000000000055 0.5736669999999999 0.041333 0.038
0 0.323333 0.600333 0.02 0.028667
0 0.707667 0.581333 0.038 0.033333
0 0.155667 0.685333 0.084667 0.097333
0 0.028333000000000053 0.868333 0.042 0.046
0 0.05900000000000005 0.8029999999999999 0.034 0.038
0 0.160667 0.746 0.036 0.032
0 0.5 0.681333 0.037333 0.044
0 0.40433300000000005 0.778 0.039333 0.052
0 0.31566700000000003 0.798 0.046 0.041333
2 0.45366700000000004 0.03600000000000003 0.120667 0.072
2 0.870667 0.023666999999999994 0.065333 0.047333
2 0.977333 0.09399999999999997 0.041333 0.078667
0 0.020333000000000045 0.974333 0.039333 0.048667
