2 0.935333 0.076333 0.125333 0.098
2 0.925333 0.238667 0.097333 0.086667
2 0.977 0.353 0.036667 0.047333
2 0.9390000000000001 0.332333 0.079333 0.11
2 0.878667 0.324333 0.090667 0.118
2 0.825333 0.397333 0.090667 0.082667
2 0.792333 0.316 0.108667 0.096
2 0.813667 0.207667 0.123333 0.111333
2 0.758333 0.068667 0.118 0.134667
2 0.935667 0.416667 0.059333 0.053333
2 0.877 0.486 0.060667 0.048
2 0.874 0.418667 0.04 0.044
2 0.937 0.494667 0.034 0.036
2 0.973 0.522 0.052667 0.078667
3 0.86 0.64 0.102667 0.118667
2 0.792667 0.707333 0.052 0.057333
3 0.765333 0.628667 0.088 0.093333
3 0.6783330000000001 0.604333 0.088667 0.123333
3 0.623667 0.648333 0.058 0.084667
3 0.579 0.663667 0.040667 0.056667
3 0.527333 0.659 0.073333 0.084667
3 0.573333 0.585333 0.062667 0.065333
3 0.5720000000000001 0.498333 0.097333 0.099333
1 0.689667 0.368667 0.038 0.042667
3 0.6986669999999999 0.298 0.070667 0.106667
3 0.635 0.347667 0.07 0.083333
2 0.646 0.278667 0.034667 0.044
2 0.6273329999999999 0.195667 0.090667 0.087333
2 0.574333 0.036 0.075333 0.069333
3 0.502 0.734 0.050667 0.056
2 0.449333 0.725667 0.034667 0.034
2 0.46266700000000005 0.646667 0.052 0.049333
2 0.474333 0.574 0.100667 0.076
2 0.46966699999999995 0.487667 0.060667 0.064667
2 0.419667 0.504667 0.054 0.061333
2 0.493 0.401667 0.107333 0.099333
2 0.409667 0.403 0.046 0.048667
2 0.534667 0.319667 0.044 0.046
2 0.541667 0.084333 0.092667 0.066
2 0.537667 0.165333 0.102 0.096
2 0.46366700000000005 0.178 0.039333 0.038667
2 0.447333 0.094333 0.088 0.116667
3 0.489333 0.257 0.082667 0.083333
2 0.404 0.233667 0.069333 0.072667
2 0.33499999999999996 0.134667 0.104667 0.129333
2 0.392667 0.169667 0.050667 0.056667
2 0.38433300000000004 0.641333 0.05 0.046667
2 0.32099999999999995 0.695333 0.038 0.034667
2 0.328333 0.639667 0.059333 0.064667
3 0.22899999999999998 0.711667 0.055333 0.046
2 0.24033300000000002 0.636333 0.067333 0.078
2 0.23099999999999998 0.540333 0.091333 0.099333
2 0.29433299999999996 0.546667 0.034 0.034667
2 0.34766699999999995 0.483 0.078 0.080667
2 0.29300000000000004 0.477 0.031333 0.031333
1 0.16033299999999995 0.417 0.026 0.022
2 0.19366700000000003 0.386 0.034 0.032
2 0.09399999999999997 0.189667 0.062667 0.080667
2 0.031000000000000028 0.096 0.062 0.054667
2 0.033332999999999946 0.036667 0.066667 0.068
2 0.12166699999999997 0.110333 0.078 0.059333
2 0.21999999999999997 0.128333 0.085333 0.060667
3 0.20999999999999996 0.199333 0.078667 0.078667
2 0.16333299999999995 0.183333 0.029333 0.037333
2 0.301667 0.289 0.142 0.155333
3 0.28633299999999995 0.393667 0.018 0.018
2 0.245 0.773 0.102 0.088667
2 0.28800000000000003 0.919 0.042667 0.044667
2 0.33566700000000005 0.843 0.076667 0.096667
2 0.391 0.857333 0.036667 0.04
2 0.41733299999999995 0.87 0.038667 0.042667
3 0.43999999999999995 0.923667 0.086667 0.095333
2 0.42800000000000005 0.789 0.057333 0.042
3 0.501667 0.808667 0.096667 0.097333
3 0.499333 0.89 0.037333 0.038667
3 0.63 0.745333 0.098667 0.061333
3 0.617333 0.795 0.070667 0.060667
3 0.61 0.846 0.041333 0.04
3 0.569333 0.795667 0.037333 0.043333
2 0.5780000000000001 0.923667 0.102667 0.108667
2 0.652333 0.913333 0.040667 0.044
2 0.738667 0.784333 0.044 0.043333
2 0.6990000000000001 0.848667 0.046 0.048
3 0.744 0.923333 0.036 0.048
3 0.752667 0.955333 0.050667 0.04
3 0.702333 0.970333 0.048667 0.05
3 0.771667 0.844333 0.096667 0.076667
3 0.785667 0.897333 0.082 0.057333
3 0.847 0.886667 0.03 0.030667
2 0.39633300000000005 0.568333 0.047333 0.046
2 0.358 0.402 0.052 0.062667
3 0.43233299999999997 0.311667 0.082 0.086
0 0.166667 0.883333 0.165333 0.158667
0 0.118 0.663 0.189333 0.191333
0 0.099333 0.532 0.198667 0.204
0 0.09299999999999997 0.265333 0.044667 0.045333
0 0.18433299999999997 0.275667 0.035333 0.036667
0 0.32066700000000004 0.591667 0.029333 0.023333
0 0.295667 0.573 0.026 0.026
0 0.507667 0.921 0.027333 0.03
0 0.5820000000000001 0.424 0.029333 0.030667
0 0.5660000000000001 0.741 0.061333 0.064667
0 0.6986669999999999 0.744 0.024 0.025333
0 0.713667 0.88 0.054 0.041333
0 0.712 0.546667 0.070667 0.042667
0 0.742 0.374667 0.062667 0.056
0 0.801667 0.472 0.038 0.036
0 0.8109999999999999 0.530333 0.035333 0.044667
0 0.946667 0.592333 0.042667 0.042
2 0.12866699999999998 0.037 0.104 0.072667
2 0.22366699999999995 0.047667 0.09 0.092667
2 0.362333 0.037333 0.115333 0.073333
2 0.49466699999999997 0.025667 0.073333 0.05
2 0.936667 0.154 0.125333 0.109333
2 0.847333 0.975667 0.072 0.048667
2 0.617 0.967333 0.122 0.065333
