2 0.061 0.892 0.120667 0.164
2 0.135 0.880667 0.094 0.142667
1 0.213667 0.9103330000000001 0.11 0.152667
2 0.342 0.907667 0.169333 0.163333
1 0.276667 0.7953330000000001 0.102667 0.128
2 0.375 0.784667 0.118 0.088
3 0.381667 0.714333 0.062 0.05
3 0.251667 0.701333 0.078 0.073333
2 0.178667 0.740333 0.098667 0.092667
2 0.199667 0.8069999999999999 0.082 0.076667
2 0.083333 0.7873330000000001 0.068 0.070667
2 0.024 0.775 0.044 0.062
2 0.087 0.681667 0.082 0.112667
2 0.164333 0.677333 0.060667 0.069333
2 0.107333 0.588333 0.082667 0.080667
1 0.070333 0.49566699999999997 0.09 0.123333
2 0.149667 0.514 0.064667 0.065333
2 0.190667 0.5966670000000001 0.084 0.102667
2 0.282333 0.615667 0.080667 0.083333
2 0.321333 0.597 0.041333 0.051333
2 0.385 0.6353329999999999 0.119333 0.1
2 0.411 0.5373330000000001 0.179333 0.165333
2 0.294333 0.438333 0.051333 0.052667
2 0.246667 0.5203329999999999 0.104 0.116667
1 0.434333 0.431667 0.115333 0.082
2 0.324667 0.529 0.045333 0.048667
2 0.15 0.439333 0.104 0.086667
2 0.128333 0.39633300000000005 0.086 0.042
2 0.120667 0.348 0.090667 0.072
1 0.076 0.309667 0.088 0.076667
2 0.196333 0.340333 0.052667 0.043333
2 0.360333 0.41600000000000004 0.044667 0.038667
1 0.352 0.361 0.072 0.092667
2 0.475 0.353 0.084667 0.087333
2 0.367667 0.28700000000000003 0.056667 0.055333
2 0.280333 0.34166700000000005 0.128667 0.143333
2 0.284667 0.252667 0.096 0.065333
1 0.301667 0.19433299999999998 0.147333 0.118
2 0.295 0.11533300000000002 0.055333 0.054667
2 0.354667 0.09299999999999997 0.074667 0.074
2 0.398333 0.16733299999999995 0.128667 0.141333
2 0.446333 0.09999999999999998 0.042 0.04
2 0.465667 0.278 0.091333 0.068
2 0.49 0.21399999999999997 0.101333 0.101333
2 0.521 0.11166699999999996 0.086 0.111333
1 0.392667 0.03700000000000003 0.093333 0.074
1 0.242 0.10899999999999999 0.069333 0.086
2 0.228667 0.028666999999999998 0.068 0.057333
2 0.191333 0.08166700000000005 0.062667 0.084667
2 0.206 0.264 0.066667 0.098667
1 0.141333 0.236 0.078667 0.098667
1 0.166333 0.14833300000000005 0.098 0.079333
1 0.057333 0.23833300000000002 0.08 0.075333
1 0.091333 0.18066700000000002 0.076 0.068
1 0.085667 0.128 0.076667 0.065333
2 0.11 0.06399999999999995 0.094667 0.090667
0 0.897333 0.8396669999999999 0.072 0.09
0 0.703667 0.6783330000000001 0.044667 0.052667
0 0.752333 0.579333 0.120667 0.124
0 0.844333 0.534667 0.112667 0.145333
0 0.942667 0.546 0.081333 0.126667
0 0.878 0.36766699999999997 0.084 0.104667
0 0.949333 0.39633300000000005 0.038667 0.039333
0 0.917 0.10633300000000001 0.152667 0.15
0 0.971667 0.635667 0.056667 0.072667
0 0.873 0.979333 0.03 0.024
0 0.413667 0.350333 0.062 0.074
0 0.406 0.258667 0.062667 0.069333
0 0.456333 0.06733299999999998 0.038 0.029333
0 0.235667 0.42333299999999996 0.058 0.072
0 0.064667 0.6026670000000001 0.033333 0.041333
0 0.048 0.563333 0.036 0.037333
0 0.162333 0.29833299999999996 0.028667 0.035333
2 0.307 0.04166700000000001 0.074 0.083333
2 0.031 0.06699999999999995 0.060667 0.09
2 0.025667 0.15900000000000003 0.05 0.102
