2 0.105667 0.93 0.107333 0.096
2 0.119333 0.824 0.093333 0.1
2 0.207 0.836 0.080667 0.104
2 0.291667 0.852333 0.11 0.118
2 0.161333 0.965333 0.077333 0.069333
2 0.240333 0.928 0.104667 0.097333
2 0.373667 0.849667 0.071333 0.082
2 0.337 0.947333 0.078 0.1
2 0.445 0.838667 0.078 0.076
2 0.434 0.942 0.086667 0.105333
2 0.520333 0.959333 0.091333 0.078667
3 0.51 0.863 0.070667 0.094
2 0.578 0.867667 0.073333 0.087333
2 0.662 0.860667 0.092 0.096
2 0.780667 0.889 0.078667 0.086
2 0.96 0.819333 0.065333 0.073333
2 0.939 0.887667 0.084667 0.080667
2 0.899333 0.951 0.097333 0.087333
2 0.972 0.965667 0.056 0.067333
2 0.880667 0.833 0.065333 0.082
2 0.820333 0.818333 0.075333 0.083333
2 0.759 0.787333 0.07 0.076
2 0.906333 0.652333 0.086 0.118
2 0.851333 0.734333 0.112 0.084667
2 0.749333 0.706 0.082667 0.086667
2 0.793 0.633 0.138 0.112667
3 0.921667 0.528667 0.075333 0.073333
3 0.839 0.524667 0.079333 0.076
3 0.745333 0.565667 0.105333 0.096667
3 0.899333 0.452 0.038667 0.038667
2 0.840667 0.445333 0.066667 0.070667
3 0.774667 0.442333 0.066667 0.086
3 0.702 0.426 0.092 0.096
3 0.631333 0.423333 0.038667 0.034667
3 0.701667 0.347 0.051333 0.040667
2 0.682667 0.292667 0.046667 0.037333
3 0.600667 0.288 0.046667 0.041333
3 0.528 0.626667 0.098667 0.108
3 0.636333 0.635 0.09 0.094
3 0.598667 0.713333 0.073333 0.062667
2 0.673 0.716667 0.072667 0.065333
2 0.671 0.778 0.092667 0.066667
2 0.473333 0.767 0.065333 0.07
3 0.457 0.685 0.048667 0.05
3 0.387667 0.670333 0.048667 0.054
0 0.608333 0.958667 0.084667 0.081333
0 0.096333 0.569333 0.191333 0.182667
0 0.152 0.676667 0.2 0.209333
0 0.325333 0.483333 0.250667 0.208
0 0.086 0.349667 0.170667 0.251333
0 0.236667 0.324333 0.12 0.124667
0 0.337333 0.339333 0.153333 0.149333
0 0.184667 0.192667 0.102667 0.126667
0 0.399667 0.154667 0.219333 0.276
0 0.538 0.235333 0.088 0.102667
0 0.516667 0.408667 0.168 0.133333
0 0.661667 0.090333 0.300667 0.179333
0 0.783333 0.087 0.098667 0.07
0 0.784 0.187333 0.137333 0.134667
0 0.821667 0.317667 0.198 0.196667
0 0.924667 0.126667 0.148 0.125333
0 0.926 0.232 0.148 0.158667
2 0.745 0.937667 0.171333 0.124667
3 0.975333 0.526333 0.049333 0.087333
2 0.955 0.622333 0.09 0.092667
0 0.285 0.185 0.156667 0.195333
0 0.295333 0.647667 0.181333 0.183333
