2 0.933 0.922667 0.09 0.105333
2 0.854 0.917333 0.097333 0.078667
2 0.861333 0.839333 0.085333 0.078667
2 0.948 0.822333 0.102667 0.098
2 0.881 0.749333 0.15 0.104
2 0.876 0.6763330000000001 0.066667 0.051333
2 0.816667 0.7006669999999999 0.065333 0.054667
2 0.957667 0.656333 0.063333 0.063333
2 0.968333 0.588667 0.062 0.074667
2 0.896333 0.6026670000000001 0.09 0.092
1 0.839333 0.586667 0.04 0.044
2 0.822667 0.5433330000000001 0.064 0.044
2 0.827 0.5103329999999999 0.032667 0.020667
2 0.798 0.623667 0.090667 0.100667
2 0.753 0.8089999999999999 0.135333 0.159333
3 0.728333 0.919333 0.031333 0.032
2 0.599333 0.919667 0.113333 0.084667
2 0.619 0.812333 0.120667 0.160667
2 0.521 0.816333 0.107333 0.124667
2 0.46099999999999997 0.870667 0.09 0.097333
2 0.389667 0.960667 0.074 0.062667
2 0.36366699999999996 0.858 0.108667 0.132
1 0.44099999999999995 0.768667 0.108667 0.085333
1 0.558333 0.713667 0.102 0.088667
2 0.7006669999999999 0.654667 0.101333 0.129333
2 0.624667 0.639 0.053333 0.079333
1 0.551667 0.6226670000000001 0.11 0.106667
2 0.443333 0.686667 0.112 0.084
1 0.298667 0.675667 0.158667 0.200667
2 0.31100000000000005 0.541667 0.080667 0.071333
2 0.465333 0.602333 0.092 0.106
2 0.397 0.584667 0.100667 0.124
2 0.649 0.5549999999999999 0.082 0.052667
2 0.572667 0.533667 0.104 0.083333
2 0.745333 0.510667 0.077333 0.076
2 0.921667 0.520667 0.111333 0.082667
2 0.886667 0.477333 0.054667 0.052
2 0.8280000000000001 0.472 0.069333 0.054667
2 0.795667 0.43600000000000005 0.035333 0.033333
2 0.673667 0.47266699999999995 0.080667 0.109333
2 0.74 0.442333 0.078667 0.059333
2 0.47066699999999995 0.501333 0.093333 0.092
2 0.37833300000000003 0.44966700000000004 0.128667 0.126
2 0.358 0.389 0.106667 0.09
2 0.31399999999999995 0.29933299999999996 0.177333 0.133333
2 0.522 0.44899999999999995 0.109333 0.106
2 0.601 0.46299999999999997 0.059333 0.063333
2 0.963667 0.310667 0.064667 0.070667
2 0.937 0.22299999999999998 0.056667 0.05
2 0.898667 0.25133300000000003 0.049333 0.049333
2 0.911 0.16733299999999995 0.068667 0.06
2 0.825 0.12933300000000003 0.072667 0.102667
3 0.786667 0.04033299999999995 0.125333 0.080667
2 0.754667 0.08499999999999996 0.062667 0.074
2 0.690333 0.15200000000000002 0.108667 0.166667
2 0.78 0.18133299999999997 0.090667 0.133333
2 0.835 0.295667 0.111333 0.126
2 0.726 0.328333 0.102667 0.172667
2 0.649667 0.302667 0.056667 0.056
2 0.611667 0.373 0.098 0.107333
2 0.513667 0.367333 0.096667 0.077333
2 0.460333 0.29600000000000004 0.102 0.101333
2 0.532 0.26433300000000004 0.124 0.119333
2 0.493333 0.17000000000000004 0.116 0.109333
2 0.6006670000000001 0.13233300000000003 0.106667 0.138
2 0.32599999999999996 0.091333 0.145333 0.145333
2 0.20333299999999999 0.11466699999999996 0.116 0.116
2 0.10299999999999998 0.05666700000000002 0.09 0.113333
2 0.32699999999999996 0.20333299999999999 0.131333 0.076
2 0.244 0.42800000000000005 0.136 0.141333
2 0.153667 0.38733300000000004 0.067333 0.086667
2 0.18966700000000003 0.308667 0.112667 0.097333
2 0.18466700000000003 0.222333 0.121333 0.079333
2 0.06433299999999997 0.35166699999999995 0.128667 0.166
2 0.13766699999999998 0.502 0.176667 0.148
1 0.12166699999999997 0.670667 0.15 0.137333
1 0.28200000000000003 0.823 0.082667 0.082
2 0.18166700000000002 0.879 0.076667 0.063333
1 0.18366700000000002 0.787667 0.127333 0.136667
0 0.523 0.08333299999999999 0.080667 0.065333
0 0.42533299999999996 0.14700000000000002 0.076 0.078
0 0.898667 0.062000000000000055 0.084 0.085333
0 0.86 0.21399999999999997 0.038667 0.034667
0 0.644667 0.25733300000000003 0.045333 0.04
0 0.6106670000000001 0.30500000000000005 0.046667 0.043333
0 0.948667 0.442333 0.070667 0.074
0 0.905667 0.404667 0.027333 0.041333
0 0.822667 0.394667 0.088 0.086667
0 0.15700000000000003 0.581 0.09 0.059333
0 0.19999999999999996 0.6513329999999999 0.08 0.070667
0 0.709333 0.948667 0.045333 0.041333
0 0.6783330000000001 0.899667 0.044667 0.068667
0 0.12333300000000003 0.820667 0.034667 0.042667
2 0.033667 0.04600000000000004 0.059333 0.092
2 0.5243329999999999 0.02066699999999999 0.068667 0.041333
2 0.613 0.039000000000000035 0.099333 0.078
2 0.955333 0.05400000000000005 0.088 0.108
2 0.47666699999999995 0.969333 0.088 0.06
2 0.08899999999999997 0.943333 0.080667 0.112
2 0.07566700000000004 0.736667 0.151333 0.130667
2 0.05066700000000002 0.5876669999999999 0.101333 0.151333
2 0.05566700000000002 0.230333 0.11 0.151333
