3 0.055333 0.942 0.037333 0.045333
2 0.089333 0.966 0.061333 0.065333
2 0.070667 0.853 0.069333 0.063333
2 0.136333 0.878333 0.114 0.108667
2 0.160667 0.948667 0.074667 0.078667
2 0.285333 0.947333 0.069333 0.050667
2 0.334667 0.958 0.04 0.046667
2 0.275333 0.891333 0.056 0.065333
2 0.253 0.809333 0.063333 0.061333
2 0.327667 0.826667 0.067333 0.08
2 0.273667 0.745 0.080667 0.075333
2 0.145667 0.690333 0.060667 0.054
3 0.187333 0.7130000000000001 0.077333 0.083333
3 0.049333 0.7476670000000001 0.049333 0.052667
2 0.017333 0.665 0.033333 0.034
2 0.05 0.665 0.037333 0.040667
2 0.091 0.670667 0.05 0.032
2 0.086 0.646667 0.021333 0.017333
2 0.086 0.608 0.049333 0.045333
2 0.152333 0.605667 0.096667 0.079333
2 0.187333 0.533667 0.124 0.120667
3 0.236333 0.576667 0.034 0.034667
1 0.084667 0.53 0.034667 0.028
2 0.02 0.505333 0.034667 0.026667
2 0.082333 0.459333 0.034 0.041333
2 0.149333 0.38633300000000004 0.058667 0.038
3 0.133667 0.44666700000000004 0.067333 0.076
3 0.292333 0.556667 0.068667 0.064
2 0.105667 0.29700000000000004 0.091333 0.086
2 0.046333 0.27 0.046 0.045333
1 0.070333 0.221333 0.043333 0.041333
2 0.113 0.20899999999999996 0.058 0.072667
1 0.168 0.31366700000000003 0.026667 0.035333
1 0.186 0.23399999999999999 0.034667 0.053333
1 0.218333 0.234333 0.034 0.043333
2 0.284 0.266667 0.113333 0.136
1 0.342667 0.35766699999999996 0.053333 0.05
1 0.299 0.42533299999999996 0.036667 0.041333
1 0.314667 0.609667 0.028 0.038
2 0.329333 0.686667 0.041333 0.038667
2 0.341667 0.725 0.036667 0.038
2 0.422 0.847 0.077333 0.066
2 0.449667 0.9299999999999999 0.044667 0.038667
2 0.422333 0.771 0.044667 0.051333
2 0.401333 0.630667 0.06 0.064
2 0.378667 0.586333 0.057333 0.054
2 0.394667 0.5263329999999999 0.078667 0.076667
2 0.404667 0.37733300000000003 0.062667 0.066667
2 0.402667 0.290667 0.045333 0.038667
2 0.442667 0.471 0.057333 0.055333
2 0.552667 0.957333 0.068 0.069333
2 0.639667 0.931667 0.071333 0.068667
2 0.628 0.861 0.077333 0.072667
3 0.562 0.8296669999999999 0.072 0.072667
2 0.550333 0.75 0.068667 0.073333
2 0.532 0.652 0.048 0.034667
2 0.559667 0.6823330000000001 0.064667 0.048667
2 0.489667 0.796333 0.067333 0.054
2 0.485 0.7456670000000001 0.066 0.044667
3 0.477 0.686667 0.082 0.058667
2 0.480333 0.612 0.087333 0.08
2 0.456 0.5493330000000001 0.041333 0.042667
3 0.449333 0.398667 0.050667 0.078667
3 0.492333 0.404 0.047333 0.072
2 0.542333 0.41933299999999996 0.080667 0.088
3 0.560333 0.34299999999999997 0.068667 0.063333
3 0.516667 0.25233300000000003 0.074667 0.071333
2 0.592 0.515 0.101333 0.084667
2 0.603667 0.765667 0.068667 0.075333
1 0.639333 0.7050000000000001 0.078667 0.062
2 0.680333 0.7989999999999999 0.111333 0.087333
2 0.766 0.836333 0.065333 0.062
2 0.784 0.901667 0.048 0.05
2 0.756 0.706 0.1 0.129333
2 0.727667 0.618 0.132667 0.098667
1 0.726333 0.539667 0.051333 0.046
2 0.629667 0.594 0.115333 0.102667
2 0.634667 0.44199999999999995 0.092 0.090667
2 0.646333 0.365 0.092667 0.058
2 0.643667 0.28133300000000006 0.167333 0.117333
3 0.751667 0.41433299999999995 0.103333 0.084667
2 0.767667 0.31599999999999995 0.107333 0.112
3 0.800333 0.21899999999999997 0.062 0.07
2 0.827333 0.965333 0.078667 0.061333
2 0.856333 0.876667 0.099333 0.098667
2 0.916 0.928667 0.065333 0.073333
2 0.850333 0.43433299999999997 0.058 0.052667
2 0.859333 0.493333 0.054667 0.052
2 0.788667 0.560333 0.049333 0.047333
1 0.87 0.5876669999999999 0.136 0.115333
1 0.911667 0.508 0.059333 0.076
2 0.909333 0.43966700000000003 0.066667 0.068667
2 0.949 0.28300000000000003 0.079333 0.075333
2 0.967 0.35766699999999996 0.058 0.067333
1 0.956333 0.609 0.054 0.054
2 0.968333 0.531 0.046 0.044667
2 0.957667 0.785 0.071333 0.102
1 0.824333 0.756333 0.05 0.05
3 0.617667 0.17300000000000004 0.114 0.103333
3 0.572 0.07366700000000004 0.090667 0.103333
3 0.545 0.16700000000000004 0.043333 0.059333
3 0.499 0.14733300000000005 0.067333 0.078667
3 0.486333 0.054332999999999965 0.079333 0.072667
3 0.431333 0.13666699999999998 0.070667 0.106667
3 0.371 0.04400000000000004 0.074 0.085333
2 0.123333 0.13533300000000004 0.072 0.070667
1 0.503 0.539667 0.048667 0.052667
2 0.499667 0.49266699999999997 0.048667 0.038667
3 0.799333 0.47866699999999995 0.025333 0.02
0 0.890333 0.04133299999999995 0.156667 0.082667
0 0.868667 0.19399999999999995 0.044 0.041333
0 0.953 0.208333 0.032667 0.031333
0 0.862667 0.6823330000000001 0.08 0.07
0 0.858 0.776667 0.041333 0.046667
0 0.726333 0.939667 0.11 0.112667
0 0.66 0.518 0.062667 0.049333
0 0.552 0.6146670000000001 0.052 0.064
0 0.515 0.918667 0.043333 0.049333
0 0.453667 0.210333 0.05 0.038
0 0.426333 0.062000000000000055 0.038 0.041333
0 0.399667 0.323333 0.028667 0.02
0 0.418667 0.707667 0.033333 0.038
0 0.314667 0.155667 0.097333 0.084667
0 0.131667 0.028333000000000053 0.046 0.042
0 0.197 0.05900000000000005 0.038 0.034
0 0.254 0.160667 0.032 0.036
0 0.318667 0.5 0.044 0.037333
0 0.222 0.40433300000000005 0.052 0.039333
0 0.202 0.31566700000000003 0.041333 0.046
2 0.964 0.45366700000000004 0.072 0.120667
2 0.976333 0.870667 0.047333 0.065333
2 0.906 0.977333 0.078667 0.041333
0 0.025667 0.020333000000000045 0.048667 0.039333
