2 0.848 0.119333 0.194667 0.157333
2 0.734333 0.079667 0.142 0.144667
2 0.637 0.151667 0.047333 0.051333
2 0.618333 0.071667 0.048667 0.052667
2 0.912667 0.22 0.076 0.074667
2 0.747333 0.245333 0.137333 0.102667
3 0.889 0.296 0.084667 0.057333
2 0.901 0.364667 0.122 0.105333
2 0.94 0.426 0.058667 0.064
2 0.770667 0.334 0.164 0.108
2 0.7953330000000001 0.412667 0.097333 0.070667
2 0.756 0.472 0.109333 0.129333
2 0.876 0.461333 0.128 0.096
2 0.853 0.558333 0.084667 0.082
2 0.774667 0.563 0.086667 0.080667
2 0.869667 0.646 0.11 0.093333
2 0.973667 0.634333 0.051333 0.063333
2 0.765 0.646 0.106 0.106667
2 0.934333 0.778667 0.052667 0.058667
3 0.869667 0.750667 0.062 0.064
2 0.948667 0.876333 0.065333 0.056667
2 0.929667 0.949333 0.09 0.086667
2 0.842 0.891 0.096 0.142
2 0.787667 0.786 0.11 0.132
2 0.707333 0.854667 0.073333 0.1
2 0.626667 0.840333 0.088 0.092667
2 0.618333 0.918 0.074 0.076
2 0.624 0.759333 0.068 0.066667
2 0.6413329999999999 0.689333 0.077333 0.069333
2 0.642 0.627 0.081333 0.060667
2 0.5493330000000001 0.673 0.097333 0.108667
2 0.518667 0.927333 0.098667 0.138667
2 0.42733299999999996 0.918667 0.08 0.102667
2 0.41533299999999995 0.808333 0.068 0.064667
2 0.48666699999999996 0.771667 0.068 0.094
2 0.433667 0.726333 0.095333 0.092667
2 0.346333 0.704333 0.115333 0.107333
2 0.33499999999999996 0.775 0.071333 0.059333
2 0.379667 0.856333 0.112667 0.116667
2 0.30800000000000005 0.909667 0.094667 0.120667
2 0.22966699999999995 0.872333 0.079333 0.092667
2 0.29700000000000004 0.822333 0.05 0.048667
2 0.225333 0.796667 0.04 0.038667
2 0.158667 0.854667 0.037333 0.033333
2 0.167667 0.692333 0.100667 0.088667
2 0.14633300000000005 0.784 0.123333 0.097333
2 0.06966700000000003 0.746667 0.082 0.092
2 0.09266700000000005 0.664 0.094667 0.096
2 0.04266700000000001 0.487333 0.074667 0.065333
2 0.18566700000000003 0.548333 0.063333 0.084667
2 0.19599999999999995 0.476667 0.065333 0.062667
2 0.13566699999999998 0.434667 0.111333 0.085333
3 0.07166700000000004 0.395 0.052667 0.044667
2 0.15733299999999995 0.355333 0.070667 0.070667
2 0.07899999999999996 0.320667 0.080667 0.073333
2 0.10933300000000001 0.254333 0.056 0.046
2 0.22399999999999998 0.389667 0.070667 0.083333
2 0.278667 0.454667 0.110667 0.138667
2 0.555667 0.591 0.084667 0.063333
2 0.56 0.517333 0.068 0.074667
2 0.48366699999999996 0.480667 0.148667 0.121333
2 0.492 0.562667 0.065333 0.06
2 0.438333 0.594 0.114 0.102667
2 0.36 0.546 0.093333 0.090667
2 0.36766699999999997 0.463 0.091333 0.086
2 0.387667 0.397667 0.107333 0.080667
2 0.443333 0.371 0.068 0.059333
2 0.412667 0.312667 0.106667 0.090667
2 0.352333 0.212 0.088667 0.097333
2 0.292667 0.163667 0.074667 0.076667
2 0.23866699999999996 0.181667 0.064 0.082
2 0.231333 0.071667 0.102667 0.088667
2 0.18233299999999997 0.14 0.09 0.065333
2 0.16900000000000004 0.205667 0.044667 0.051333
2 0.17300000000000004 0.291667 0.05 0.040667
2 0.07533299999999998 0.110333 0.104 0.111333
2 0.501667 0.327 0.074 0.075333
2 0.552333 0.357667 0.063333 0.072667
2 0.585333 0.385 0.101333 0.084667
2 0.588333 0.45 0.052667 0.052
2 0.666667 0.408333 0.068 0.071333
2 0.634333 0.311 0.075333 0.079333
2 0.5696669999999999 0.272 0.048667 0.068
2 0.6293329999999999 0.231333 0.062667 0.066667
0 0.16733299999999995 0.906667 0.052 0.069333
0 0.097333 0.898667 0.056 0.061333
0 0.046667000000000014 0.869667 0.04 0.046
0 0.14600000000000002 0.608333 0.076 0.051333
0 0.08499999999999996 0.216 0.054 0.050667
0 0.26433300000000004 0.282667 0.178 0.154667
0 0.24766699999999997 0.54 0.054 0.044
0 0.23066699999999996 0.640667 0.057333 0.06
0 0.270667 0.58 0.068 0.057333
0 0.30500000000000005 0.608667 0.047333 0.057333
0 0.24066699999999996 0.729 0.062667 0.055333
0 0.29000000000000004 0.752 0.032 0.052
0 0.36066699999999996 0.611667 0.036 0.040667
0 0.5529999999999999 0.792667 0.080667 0.110667
0 0.344333 0.085 0.139333 0.164667
0 0.514667 0.221 0.142667 0.155333
0 0.552667 0.067333 0.109333 0.128
0 0.71 0.773667 0.065333 0.067333
0 0.650333 0.493667 0.114 0.128667
0 0.959333 0.700667 0.042667 0.061333
2 0.12233300000000003 0.037 0.098 0.072667
2 0.866333 0.026667 0.11 0.052
2 0.752333 0.955 0.114 0.09
