2 0.944667 0.938333 0.109333 0.118
1 0.951333 0.865 0.065333 0.056667
1 0.940333 0.800333 0.118 0.086
1 0.845333 0.836333 0.1 0.083333
1 0.8506670000000001 0.911667 0.086667 0.075333
1 0.755667 0.951667 0.100667 0.096667
1 0.750667 0.870667 0.1 0.070667
1 0.789 0.79 0.107333 0.090667
1 0.693667 0.829 0.083333 0.087333
1 0.679333 0.911667 0.070667 0.075333
1 0.621 0.863667 0.084667 0.092667
1 0.530667 0.861 0.090667 0.082
1 0.5720000000000001 0.948667 0.106667 0.1
1 0.418667 0.888333 0.058667 0.084667
2 0.33866700000000005 0.934333 0.093333 0.131333
1 0.25633300000000003 0.862667 0.060667 0.064
1 0.275667 0.919667 0.067333 0.078
1 0.16700000000000004 0.898 0.05 0.065333
1 0.07399999999999995 0.935 0.112 0.13
1 0.092333 0.848333 0.042 0.048667
1 0.056332999999999966 0.825 0.05 0.051333
1 0.168667 0.807333 0.122667 0.110667
2 0.18533299999999997 0.738667 0.056 0.054667
2 0.25833300000000003 0.757 0.054 0.05
2 0.250667 0.811 0.050667 0.051333
1 0.34466699999999995 0.829333 0.104 0.094667
2 0.15233300000000005 0.504667 0.116667 0.094667
1 0.04266700000000001 0.537333 0.085333 0.08
1 0.051000000000000045 0.620333 0.102 0.100667
1 0.164667 0.603333 0.130667 0.108
1 0.151667 0.695333 0.148667 0.093333
1 0.043332999999999955 0.702 0.086667 0.076
1 0.07066700000000004 0.771667 0.137333 0.079333
2 0.27233300000000005 0.596 0.082 0.105333
2 0.315333 0.525 0.065333 0.051333
2 0.35266699999999995 0.720667 0.045333 0.042667
2 0.305667 0.679333 0.09 0.094667
2 0.355 0.759667 0.119333 0.082
1 0.43533299999999997 0.749667 0.058667 0.056667
1 0.45266700000000004 0.806667 0.073333 0.078667
1 0.538 0.769667 0.102667 0.114
2 0.626667 0.766333 0.098667 0.104667
1 0.7166669999999999 0.735 0.090667 0.086
1 0.808333 0.711333 0.084667 0.072
1 0.926667 0.722 0.134667 0.090667
2 0.862333 0.627333 0.123333 0.137333
2 0.931333 0.495667 0.125333 0.107333
1 0.823667 0.513667 0.104667 0.115333
1 0.771667 0.632333 0.083333 0.080667
1 0.681333 0.651 0.092 0.079333
1 0.5880000000000001 0.662667 0.094667 0.102667
2 0.489333 0.66 0.094667 0.097333
2 0.4 0.674667 0.085333 0.073333
2 0.373 0.599 0.116667 0.091333
2 0.420667 0.531 0.096 0.080667
1 0.5449999999999999 0.574 0.122 0.089333
1 0.6473329999999999 0.551333 0.126667 0.129333
1 0.754 0.553667 0.090667 0.087333
2 0.12733300000000003 0.435 0.033333 0.039333
2 0.945 0.318667 0.039333 0.033333
2 0.9123330000000001 0.403333 0.056667 0.061333
2 0.8566670000000001 0.304333 0.070667 0.083333
2 0.773333 0.323333 0.096 0.098667
2 0.794667 0.406667 0.070667 0.065333
2 0.752667 0.447 0.088 0.095333
2 0.65 0.455667 0.085333 0.086
2 0.625667 0.390333 0.067333 0.05
2 0.621 0.346 0.048667 0.038667
1 0.556667 0.428 0.096 0.097333
2 0.538333 0.492667 0.078 0.073333
2 0.477 0.469 0.072667 0.09
2 0.37933300000000003 0.456667 0.129333 0.101333
2 0.279 0.445 0.074 0.086
2 0.096333 0.367 0.080667 0.080667
2 0.07833299999999999 0.303 0.05 0.05
2 0.18400000000000005 0.392667 0.094667 0.112
1 0.254 0.342 0.090667 0.113333
1 0.36966699999999997 0.368 0.148667 0.098667
2 0.451333 0.379667 0.088 0.086
2 0.5409999999999999 0.356667 0.078 0.057333
2 0.35266699999999995 0.300667 0.078667 0.036
2 0.33166700000000005 0.255333 0.054 0.042667
2 0.239 0.267667 0.118 0.095333
2 0.126 0.236333 0.133333 0.119333
2 0.030333000000000054 0.223 0.046 0.051333
2 0.12766699999999997 0.153333 0.084667 0.061333
2 0.12066699999999997 0.072 0.065333 0.062667
2 0.17433299999999996 0.117333 0.078 0.1
2 0.27433300000000005 0.072667 0.124667 0.122667
2 0.23666699999999996 0.180333 0.102667 0.092667
2 0.309667 0.162667 0.054 0.064
2 0.367333 0.120667 0.089333 0.126667
2 0.400667 0.204667 0.1 0.1
2 0.495333 0.197667 0.094667 0.080667
2 0.5716669999999999 0.205 0.058 0.046
2 0.560667 0.109333 0.1 0.096
2 0.523667 0.044 0.046 0.042667
2 0.456333 0.101 0.116667 0.112667
2 0.644333 0.038 0.079333 0.072
2 0.77 0.034 0.089333 0.066667
2 0.686667 0.080333 0.097333 0.084667
2 0.711667 0.139333 0.124667 0.102667
2 0.663667 0.209667 0.087333 0.082
2 0.614333 0.274667 0.111333 0.098667
2 0.6890000000000001 0.319 0.054 0.076667
2 0.788667 0.094667 0.06 0.069333
2 0.848333 0.107333 0.120667 0.144
2 0.947333 0.170667 0.098667 0.137333
2 0.900667 0.054667 0.077333 0.069333
2 0.956333 0.051333 0.044667 0.068
0 0.217333 0.888333 0.052 0.068667
0 0.03433299999999995 0.845 0.036667 0.039333
0 0.24233300000000002 0.723333 0.031333 0.034667
0 0.49466699999999997 0.541333 0.048 0.045333
0 0.854333 0.409333 0.044667 0.062667
0 0.921667 0.279 0.048667 0.046
0 0.885 0.216 0.067333 0.077333
0 0.7989999999999999 0.186333 0.059333 0.075333
0 0.546667 0.311 0.034667 0.032667
0 0.513 0.258 0.055333 0.052
0 0.606 0.134333 0.04 0.040667
2 0.486333 0.960333 0.086 0.079333
2 0.906667 0.968333 0.08 0.063333
2 0.819 0.974667 0.056667 0.050667
2 0.947333 0.606333 0.104 0.139333
2 0.43300000000000005 0.032 0.111333 0.062667
2 0.040000000000000036 0.15 0.08 0.128
