2 0.947333 0.921667 0.037333 0.042
2 0.871 0.947333 0.112667 0.096
2 0.505667 0.926 0.087333 0.084
2 0.522 0.846 0.065333 0.062667
3 0.568667 0.962333 0.057333 0.074
3 0.607 0.944333 0.051333 0.047333
2 0.683 0.952333 0.115333 0.094
2 0.779667 0.944667 0.075333 0.076
2 0.685667 0.874 0.147333 0.096
2 0.802667 0.877333 0.093333 0.08
2 0.9 0.871667 0.114667 0.078
2 0.821333 0.802333 0.066667 0.063333
2 0.920667 0.794667 0.101333 0.078667
2 0.933333 0.717667 0.090667 0.094
2 0.8376669999999999 0.724 0.120667 0.134667
2 0.732333 0.717667 0.083333 0.086
2 0.704333 0.792667 0.123333 0.110667
2 0.6046670000000001 0.829 0.072 0.083333
2 0.404667 0.929333 0.094667 0.076
2 0.42233299999999996 0.840667 0.112667 0.126667
2 0.42500000000000004 0.755 0.051333 0.047333
2 0.528667 0.777333 0.130667 0.094667
2 0.5796669999999999 0.7010000000000001 0.124667 0.124667
2 0.300667 0.917 0.044 0.043333
2 0.313333 0.842667 0.105333 0.130667
2 0.22066699999999995 0.885 0.098667 0.135333
2 0.131 0.928333 0.080667 0.120667
2 0.053332999999999964 0.9053329999999999 0.074667 0.136
3 0.09699999999999998 0.826667 0.043333 0.048
2 0.157667 0.835 0.07 0.084667
2 0.12566699999999997 0.7476670000000001 0.114 0.118
2 0.03533299999999995 0.763 0.066667 0.076667
2 0.24066699999999996 0.790667 0.102667 0.096
2 0.357 0.751 0.084667 0.067333
2 0.27933300000000005 0.7196670000000001 0.093333 0.087333
2 0.385667 0.667 0.080667 0.120667
2 0.47666699999999995 0.69 0.098667 0.105333
2 0.767 0.636667 0.083333 0.070667
2 0.6803330000000001 0.6783330000000001 0.079333 0.082
2 0.900667 0.616333 0.130667 0.103333
2 0.918 0.509333 0.14 0.133333
1 0.768667 0.573 0.174667 0.122
2 0.6226670000000001 0.540667 0.072 0.073333
2 0.586333 0.599667 0.112667 0.106
2 0.5283329999999999 0.529667 0.078 0.082
2 0.560667 0.45799999999999996 0.069333 0.064
2 0.632 0.479333 0.070667 0.068
2 0.713667 0.47766699999999995 0.09 0.15
3 0.661667 0.41200000000000003 0.060667 0.064
2 0.582667 0.363333 0.102667 0.125333
2 0.6046670000000001 0.278667 0.102667 0.1
2 0.689667 0.33199999999999996 0.091333 0.134667
2 0.769 0.36 0.083333 0.085333
3 0.932667 0.40433300000000005 0.069333 0.074
2 0.855667 0.38833300000000004 0.11 0.116667
2 0.7873330000000001 0.30600000000000005 0.076 0.057333
2 0.870667 0.316333 0.076 0.063333
2 0.911 0.22999999999999998 0.084667 0.094667
2 0.813667 0.21499999999999997 0.112667 0.147333
2 0.720667 0.24766699999999997 0.068 0.076667
2 0.9319999999999999 0.137 0.132 0.147333
2 0.755667 0.144667 0.146 0.126667
2 0.854333 0.04133299999999995 0.051333 0.082667
2 0.779 0.05066700000000002 0.087333 0.066667
2 0.667333 0.08199999999999996 0.116 0.096
2 0.622333 0.16533299999999995 0.120667 0.165333
2 0.49866699999999997 0.20166700000000004 0.096 0.082
2 0.536 0.11833300000000002 0.106667 0.104667
2 0.447333 0.149667 0.062667 0.060667
2 0.45266700000000004 0.07899999999999996 0.078667 0.083333
3 0.38 0.06999999999999995 0.028 0.029333
2 0.35966699999999996 0.142667 0.087333 0.116
2 0.29233299999999995 0.087333 0.060667 0.069333
1 0.20299999999999996 0.08099999999999996 0.135333 0.151333
2 0.323333 0.209333 0.062667 0.066667
2 0.28333299999999995 0.167667 0.048 0.05
2 0.236 0.21499999999999997 0.093333 0.083333
2 0.17100000000000004 0.15633300000000006 0.084667 0.083333
2 0.10466699999999995 0.07266700000000004 0.074667 0.101333
2 0.036667000000000005 0.06766700000000003 0.066667 0.099333
2 0.08533299999999999 0.16533299999999995 0.089333 0.098667
2 0.027000000000000024 0.19266700000000003 0.052667 0.069333
2 0.13666699999999998 0.249 0.105333 0.095333
2 0.19733299999999998 0.29600000000000004 0.090667 0.093333
2 0.287667 0.29933299999999996 0.120667 0.102667
2 0.14133300000000004 0.344 0.098667 0.1
2 0.03700000000000003 0.32099999999999995 0.074 0.087333
2 0.04400000000000004 0.41233299999999995 0.088 0.094
2 0.12366699999999997 0.43100000000000005 0.048667 0.054
2 0.17933299999999996 0.44366700000000003 0.068 0.084667
2 0.25833300000000003 0.403 0.102 0.104667
2 0.47166699999999995 0.276667 0.155333 0.137333
2 0.384667 0.30100000000000005 0.070667 0.067333
1 0.373 0.376 0.122 0.092
2 0.35 0.460333 0.096 0.115333
2 0.45499999999999996 0.44666700000000004 0.119333 0.105333
2 0.502 0.38233300000000003 0.072 0.095333
2 0.43033299999999997 0.526667 0.076667 0.052
2 0.412667 0.5760000000000001 0.065333 0.058667
2 0.48066699999999996 0.605 0.098667 0.086
1 0.24666699999999997 0.502667 0.097333 0.097333
2 0.33199999999999996 0.568333 0.090667 0.082
3 0.131 0.674667 0.047333 0.064
2 0.20133299999999998 0.669 0.098667 0.119333
1 0.302667 0.651 0.106667 0.083333
2 0.23966699999999996 0.5836669999999999 0.106 0.09
2 0.12 0.607333 0.133333 0.088
2 0.16533299999999995 0.519 0.096 0.108667
2 0.07699999999999996 0.538667 0.111333 0.130667
0 0.38333300000000003 0.24433300000000002 0.029333 0.035333
2 0.324333 0.03533299999999995 0.132667 0.070667
3 0.028333000000000053 0.253 0.056667 0.059333
