2 0.28 0.848667 0.102667 0.106667
2 0.19299999999999995 0.825 0.083333 0.087333
2 0.18266700000000002 0.910333 0.1 0.094
2 0.10499999999999998 0.884667 0.075333 0.078667
2 0.09899999999999998 0.802667 0.071333 0.068
2 0.022666999999999993 0.769667 0.045333 0.059333
2 0.10799999999999998 0.692333 0.033333 0.022
2 0.06366700000000003 0.613 0.05 0.047333
2 0.14600000000000002 0.575333 0.124 0.132
2 0.12533300000000003 0.470333 0.101333 0.091333
2 0.04133299999999995 0.535 0.082667 0.11
2 0.254667 0.614667 0.096 0.086667
2 0.324333 0.637 0.05 0.05
3 0.41200000000000003 0.664667 0.061333 0.058667
3 0.35366699999999995 0.544667 0.060667 0.068
2 0.285667 0.520333 0.075333 0.075333
3 0.370333 0.478667 0.047333 0.038667
2 0.40233300000000005 0.350667 0.036667 0.038667
2 0.397667 0.163333 0.087333 0.108
2 0.32966700000000004 0.142333 0.023333 0.024667
2 0.40800000000000003 0.066 0.138667 0.1
2 0.162667 0.073667 0.106667 0.104667
3 0.138 0.166 0.068 0.072
2 0.07233299999999998 0.125 0.082 0.082
2 0.08033299999999999 0.218667 0.080667 0.077333
2 0.15433300000000005 0.262333 0.082 0.076667
3 0.12466699999999997 0.326333 0.094667 0.082
2 0.263667 0.215333 0.114 0.114667
3 0.23633300000000002 0.302 0.071333 0.058667
3 0.21499999999999997 0.361333 0.058 0.04
3 0.292667 0.389667 0.069333 0.063333
3 0.238 0.423333 0.070667 0.068
2 0.5143329999999999 0.052333 0.059333 0.052667
2 0.586333 0.085667 0.084667 0.111333
2 0.509333 0.115333 0.069333 0.068
2 0.48766699999999996 0.186 0.079333 0.098667
2 0.5043329999999999 0.292667 0.107333 0.102667
2 0.478333 0.359667 0.084667 0.071333
2 0.457333 0.429 0.062667 0.056667
2 0.43300000000000005 0.509333 0.088667 0.1
2 0.514667 0.536667 0.1 0.105333
2 0.546667 0.475667 0.074667 0.058
3 0.571 0.385333 0.054 0.044
2 0.592667 0.306333 0.069333 0.07
2 0.609333 0.247333 0.053333 0.054667
2 0.685 0.13 0.084667 0.064
2 0.6799999999999999 0.195333 0.066667 0.066667
2 0.740667 0.051667 0.098667 0.087333
2 0.806667 0.147 0.069333 0.082
2 0.758 0.166333 0.072 0.083333
2 0.937667 0.182667 0.051333 0.058667
2 0.954333 0.358333 0.056667 0.056667
2 0.9319999999999999 0.392333 0.104 0.09
2 0.89 0.454333 0.1 0.076667
2 0.864667 0.531333 0.094667 0.086667
2 0.939667 0.578333 0.119333 0.122
2 0.794 0.444 0.105333 0.137333
2 0.731 0.380667 0.074 0.077333
2 0.679667 0.271667 0.043333 0.042
2 0.665 0.338333 0.072667 0.072667
2 0.650333 0.420333 0.09 0.091333
2 0.7046669999999999 0.464 0.073333 0.062667
2 0.6823330000000001 0.538333 0.087333 0.086
2 0.840667 0.689 0.137333 0.11
2 0.933 0.719667 0.060667 0.082
2 0.931 0.918333 0.082 0.084667
2 0.877333 0.843 0.128 0.138
2 0.8009999999999999 0.895667 0.124667 0.120667
2 0.785667 0.809667 0.044667 0.043333
2 0.824667 0.765333 0.086667 0.062667
2 0.72 0.866667 0.096 0.088
2 0.640667 0.844 0.029333 0.028
2 0.704 0.788667 0.030667 0.029333
2 0.644 0.769667 0.1 0.115333
2 0.667667 0.677 0.091333 0.086
2 0.590667 0.655667 0.073333 0.09
2 0.556667 0.732667 0.092 0.1
0 0.06233299999999997 0.831667 0.051333 0.059333
0 0.03433299999999995 0.623 0.047333 0.043333
0 0.021666999999999992 0.254333 0.043333 0.047333
0 0.06599999999999995 0.066333 0.034667 0.024667
0 0.08866700000000005 0.386667 0.042667 0.045333
0 0.12366699999999997 0.397333 0.052667 0.052
0 0.15633300000000006 0.710667 0.080667 0.078667
0 0.18933299999999997 0.609667 0.044 0.056667
0 0.19366700000000003 0.472333 0.044667 0.054
0 0.22599999999999998 0.501 0.034667 0.046
0 0.27333300000000005 0.120333 0.045333 0.060667
0 0.33766700000000005 0.303333 0.063333 0.069333
0 0.282667 0.679333 0.056 0.068
0 0.295667 0.738 0.075333 0.068
0 0.322333 0.964667 0.068667 0.06
0 0.381667 0.945 0.054 0.07
0 0.363 0.255667 0.042 0.036667
0 0.405 0.289 0.058 0.063333
0 0.41433299999999995 0.814333 0.072667 0.067333
0 0.385667 0.867667 0.066 0.048667
0 0.31899999999999995 0.904333 0.058 0.051333
0 0.42500000000000004 0.908 0.054 0.058667
0 0.487 0.917333 0.064667 0.072
0 0.516667 0.843667 0.084 0.092667
0 0.5636669999999999 0.806333 0.054 0.067333
0 0.49366699999999997 0.674667 0.054 0.064
0 0.523667 0.617333 0.062 0.068
0 0.527333 0.385667 0.029333 0.032667
0 0.575333 0.208 0.057333 0.056
0 0.642667 0.254 0.033333 0.048
0 0.585333 0.440333 0.046667 0.07
0 0.611667 0.504 0.07 0.066667
0 0.5946670000000001 0.556 0.061333 0.062667
0 0.629 0.595667 0.083333 0.055333
0 0.7256670000000001 0.721667 0.048667 0.054
0 0.714333 0.632 0.071333 0.065333
0 0.743 0.525667 0.058 0.058
0 0.756333 0.57 0.066 0.06
0 0.803333 0.593667 0.062667 0.066
0 0.854333 0.603333 0.043333 0.044
0 0.978333 0.831333 0.040667 0.041333
0 0.91 0.078333 0.165333 0.155333
0 0.837333 0.275 0.221333 0.191333
0 0.607667 0.969 0.047333 0.05
0 0.655 0.899333 0.056667 0.057333
2 0.040000000000000036 0.427333 0.078667 0.108
3 0.023666999999999994 0.182667 0.046 0.077333
3 0.03866700000000001 0.028667 0.077333 0.056
2 0.26533300000000004 0.045667 0.128 0.09
2 0.655 0.031 0.095333 0.060667
2 0.969 0.757667 0.059333 0.099333
2 0.95 0.98 0.06 0.04
