2 0.035 0.921667 0.052667 0.054
2 0.104667 0.967667 0.081333 0.063333
1 0.094667 0.909 0.046667 0.034
1 0.048667 0.838333 0.066667 0.060667
2 0.042333 0.702 0.07 0.058667
2 0.108667 0.742 0.078667 0.094667
2 0.122667 0.851667 0.066667 0.082
1 0.163 0.958 0.032667 0.033333
1 0.166667 0.928 0.041333 0.033333
2 0.177667 0.8356669999999999 0.086 0.07
2 0.191 0.753333 0.126 0.104
2 0.235 0.7026669999999999 0.083333 0.081333
2 0.144333 0.6819999999999999 0.027333 0.026667
1 0.202667 0.881667 0.053333 0.062
1 0.251333 0.862667 0.054667 0.062667
2 0.226 0.9666669999999999 0.054667 0.065333
2 0.276667 0.948 0.062667 0.092
2 0.346667 0.930333 0.044 0.052667
2 0.334 0.857667 0.086667 0.094
2 0.415667 0.979333 0.048667 0.038667
2 0.418333 0.883667 0.03 0.034
2 0.484667 0.935 0.050667 0.052667
2 0.414667 0.8009999999999999 0.065333 0.088667
2 0.352 0.796 0.037333 0.052
1 0.342333 0.707667 0.046 0.048667
2 0.077333 0.625333 0.086667 0.085333
2 0.114 0.5589999999999999 0.061333 0.046
2 0.086 0.488333 0.048 0.048667
2 0.072333 0.40433300000000005 0.079333 0.07
2 0.057667 0.31233299999999997 0.086 0.079333
2 0.049 0.22866699999999995 0.091333 0.062667
2 0.127 0.259 0.063333 0.075333
1 0.148333 0.33899999999999997 0.044667 0.058
2 0.154333 0.419667 0.094 0.079333
3 0.157333 0.503 0.084 0.088667
2 0.227667 0.514 0.062 0.072
2 0.234 0.581333 0.042667 0.036
1 0.208 0.356333 0.048 0.052667
2 0.248667 0.372333 0.057333 0.052667
2 0.260667 0.44566700000000004 0.081333 0.075333
3 0.313 0.546 0.059333 0.062667
2 0.279667 0.621333 0.067333 0.081333
1 0.34 0.6533329999999999 0.046667 0.054667
2 0.379 0.611 0.054 0.067333
3 0.414333 0.704 0.044667 0.056
3 0.451 0.5589999999999999 0.040667 0.043333
3 0.462333 0.500667 0.031333 0.037333
2 0.449333 0.44899999999999995 0.057333 0.058
3 0.463 0.387 0.059333 0.064667
2 0.418 0.338333 0.052 0.056667
2 0.364 0.31299999999999994 0.049333 0.051333
3 0.358 0.25133300000000003 0.046667 0.058667
2 0.295333 0.27 0.070667 0.088
2 0.266333 0.334333 0.019333 0.020667
2 0.221667 0.260667 0.054 0.064
2 0.200667 0.19666700000000004 0.068 0.06
2 0.431333 0.20899999999999996 0.096 0.112667
2 0.544333 0.892 0.016667 0.017333
2 0.471 0.757 0.020667 0.023333
2 0.508667 0.825667 0.122667 0.128667
2 0.612667 0.815 0.042667 0.035333
2 0.662667 0.967667 0.042667 0.038
2 0.699667 0.9319999999999999 0.055333 0.037333
2 0.762 0.963 0.038667 0.042
2 0.668667 0.864667 0.089333 0.077333
2 0.748 0.884 0.073333 0.1
3 0.8 0.9013329999999999 0.036 0.056
3 0.457667 0.657 0.098 0.122
3 0.528333 0.633 0.054 0.068667
3 0.503 0.5780000000000001 0.058 0.042667
2 0.516 0.521333 0.077333 0.062667
3 0.527 0.472333 0.072667 0.040667
3 0.549 0.42400000000000004 0.066 0.054667
2 0.521667 0.362333 0.051333 0.05
2 0.525333 0.256 0.094667 0.089333
2 0.589667 0.23733300000000002 0.046 0.076
2 0.588 0.38533300000000004 0.04 0.04
2 0.63 0.31399999999999995 0.073333 0.092
2 0.648333 0.234333 0.072667 0.064667
2 0.721 0.254667 0.079333 0.085333
2 0.711333 0.17400000000000004 0.041333 0.049333
3 0.72 0.33199999999999996 0.077333 0.078667
3 0.676333 0.396667 0.07 0.064
2 0.751333 0.41800000000000004 0.052 0.058667
3 0.681667 0.501 0.058 0.062
3 0.725 0.515667 0.035333 0.042
3 0.723333 0.574333 0.054667 0.067333
3 0.682333 0.607 0.056667 0.048667
3 0.664667 0.5553330000000001 0.069333 0.057333
3 0.639333 0.534333 0.034667 0.031333
3 0.597667 0.522 0.063333 0.06
3 0.623667 0.46099999999999997 0.095333 0.095333
3 0.600667 0.593333 0.061333 0.053333
2 0.624 0.750333 0.065333 0.086
2 0.67 0.784667 0.062667 0.069333
2 0.764667 0.815333 0.065333 0.062667
2 0.824 0.866333 0.045333 0.031333
2 0.818667 0.838667 0.053333 0.033333
3 0.892333 0.935667 0.079333 0.09
2 0.912667 0.865333 0.065333 0.058667
2 0.915667 0.7969999999999999 0.044667 0.044667
2 0.941 0.675 0.068667 0.054
2 0.979667 0.642 0.040667 0.037333
2 0.941 0.6126670000000001 0.075333 0.058667
2 0.847333 0.627667 0.068 0.055333
2 0.770333 0.665 0.088667 0.084667
2 0.704 0.696333 0.069333 0.075333
3 0.795667 0.572333 0.078 0.063333
3 0.797 0.503667 0.096667 0.074
2 0.859333 0.464333 0.093333 0.092667
2 0.936 0.513667 0.032 0.020667
2 0.805667 0.349 0.075333 0.066
2 0.85 0.29633299999999996 0.058667 0.058
2 0.915333 0.382667 0.089333 0.105333
3 0.850333 0.397667 0.040667 0.038
2 0.862333 0.20299999999999996 0.071333 0.060667
2 0.907667 0.300667 0.048667 0.050667
2 0.963333 0.327333 0.050667 0.057333
2 0.944 0.217333 0.112 0.137333
2 0.876 0.139 0.081333 0.084667
3 0.79 0.121 0.056 0.044667
3 0.773 0.18300000000000005 0.075333 0.082
3 0.755333 0.049000000000000044 0.037333 0.032667
2 0.656667 0.15033300000000005 0.093333 0.104667
3 0.721333 0.096333 0.045333 0.05
2 0.682 0.05466700000000002 0.092 0.089333
2 0.562333 0.11566699999999996 0.099333 0.147333
2 0.461667 0.07799999999999996 0.091333 0.122667
2 0.355 0.16400000000000003 0.076667 0.084
3 0.381 0.08199999999999996 0.060667 0.070667
2 0.296667 0.08533299999999999 0.050667 0.052
2 0.276333 0.15633300000000006 0.078 0.095333
2 0.2 0.125 0.066667 0.062
2 0.225 0.05066700000000002 0.086 0.088
3 0.090667 0.16100000000000003 0.074667 0.074
3 0.089 0.07999999999999996 0.028667 0.033333
3 0.351 0.472 0.062 0.064
3 0.33 0.391667 0.101333 0.091333
0 0.809333 0.050000000000000044 0.088 0.096
0 0.914 0.5529999999999999 0.042667 0.027333
0 0.951667 0.735333 0.080667 0.070667
0 0.822 0.744333 0.052 0.047333
0 0.861 0.722333 0.054 0.056667
0 0.728667 0.786 0.061333 0.084
0 0.652 0.655667 0.04 0.035333
0 0.597 0.6583330000000001 0.064667 0.066
0 0.552667 0.947333 0.069333 0.064
0 0.349 0.742333 0.038 0.035333
0 0.367333 0.529667 0.028 0.035333
0 0.315 0.022666999999999993 0.054 0.045333
0 0.279667 0.5083329999999999 0.059333 0.058
0 0.297333 0.827 0.050667 0.068667
0 0.263667 0.733 0.031333 0.034
0 0.177667 0.596 0.052667 0.054667
0 0.069 0.784 0.027333 0.042667
2 0.951333 0.07466700000000004 0.094667 0.149333
2 0.968333 0.462333 0.056667 0.091333
2 0.975333 0.823667 0.049333 0.067333
2 0.345 0.975333 0.099333 0.048
1 0.028 0.972667 0.054667 0.053333
2 0.034667 0.764333 0.068 0.072667
2 0.028333 0.133 0.055333 0.086
