2 0.954667 0.090333 0.073333 0.062
2 0.947667 0.158667 0.076667 0.065333
2 0.856 0.128 0.104 0.106667
2 0.820333 0.050667 0.039333 0.044
2 0.892 0.227 0.085333 0.086
2 0.953667 0.336333 0.088667 0.120667
2 0.853667 0.306 0.094 0.097333
2 0.819667 0.203333 0.048667 0.058667
2 0.765667 0.097 0.048667 0.051333
1 0.868333 0.398 0.09 0.092
2 0.92 0.481333 0.101333 0.089333
2 0.957 0.581333 0.079333 0.086667
2 0.77 0.289667 0.068 0.096667
2 0.758667 0.187667 0.070667 0.087333
2 0.691333 0.052 0.105333 0.089333
2 0.705333 0.142333 0.094667 0.108667
2 0.7146669999999999 0.262 0.069333 0.133333
1 0.657667 0.227667 0.080667 0.084667
2 0.645667 0.320333 0.080667 0.088667
2 0.759333 0.023667 0.056 0.046
2 0.631 0.145 0.074 0.078
2 0.5736669999999999 0.212 0.087333 0.092
2 0.580667 0.052333 0.062667 0.052667
2 0.574333 0.115333 0.052667 0.070667
2 0.515333 0.025 0.068 0.046
2 0.505 0.095333 0.078 0.102667
2 0.501667 0.194333 0.046 0.082
3 0.42733299999999996 0.188333 0.044 0.039333
2 0.41600000000000004 0.099333 0.069333 0.082667
2 0.34966699999999995 0.067333 0.072667 0.074667
2 0.269667 0.037 0.043333 0.047333
2 0.32566700000000004 0.133 0.05 0.05
2 0.376667 0.156667 0.034667 0.032
3 0.558667 0.281333 0.052 0.036
2 0.525333 0.332 0.124 0.162667
2 0.399667 0.244 0.03 0.033333
2 0.46366700000000005 0.264 0.052667 0.045333
2 0.43033299999999997 0.314 0.086 0.096
2 0.43433299999999997 0.416667 0.042 0.054667
2 0.373 0.398667 0.080667 0.101333
2 0.339333 0.299333 0.076 0.084
2 0.322333 0.208667 0.087333 0.098667
3 0.18700000000000006 0.032 0.058 0.054667
2 0.20999999999999996 0.11 0.065333 0.070667
2 0.24 0.195667 0.066667 0.076667
2 0.271 0.289 0.051333 0.046
2 0.232333 0.345333 0.059333 0.064
3 0.15533300000000005 0.338 0.061333 0.061333
2 0.20333299999999999 0.256 0.062667 0.069333
3 0.13366699999999998 0.251333 0.076667 0.090667
2 0.14900000000000002 0.166667 0.054 0.054667
2 0.144667 0.090333 0.068 0.09
2 0.08299999999999996 0.073667 0.058 0.056667
2 0.07333299999999998 0.148667 0.072 0.068
3 0.06566700000000003 0.208667 0.071333 0.068
2 0.06133299999999997 0.389 0.045333 0.048667
3 0.031667 0.470667 0.044667 0.034667
2 0.099333 0.482667 0.064 0.061333
2 0.166667 0.505667 0.068 0.087333
2 0.225333 0.441333 0.029333 0.033333
3 0.36 0.472333 0.045333 0.046
2 0.29733299999999996 0.381333 0.070667 0.105333
2 0.288667 0.450667 0.058667 0.069333
3 0.137 0.573667 0.055333 0.064667
3 0.212333 0.591 0.044667 0.042
2 0.24533300000000002 0.53 0.092 0.122667
2 0.31299999999999994 0.615333 0.087333 0.076
2 0.711667 0.417333 0.051333 0.061333
2 0.668667 0.419333 0.032 0.026667
2 0.6946669999999999 0.507667 0.054667 0.052667
3 0.6843330000000001 0.587 0.052667 0.055333
2 0.6393329999999999 0.489 0.065333 0.084667
2 0.5760000000000001 0.451333 0.050667 0.054667
2 0.578667 0.523 0.077333 0.083333
2 0.520667 0.436333 0.061333 0.054
2 0.505 0.513667 0.075333 0.087333
2 0.47466699999999995 0.585333 0.089333 0.074667
2 0.556 0.598667 0.062667 0.062667
2 0.615 0.617333 0.058 0.056
2 0.42100000000000004 0.491 0.09 0.088667
3 0.403 0.576 0.046 0.066667
2 0.325333 0.544333 0.078667 0.078
2 0.532 0.682667 0.068 0.086667
3 0.524667 0.777 0.064 0.058
3 0.489 0.837667 0.056667 0.056667
3 0.443333 0.758 0.06 0.066667
3 0.41500000000000004 0.813 0.075333 0.055333
2 0.41000000000000003 0.851333 0.062667 0.062667
2 0.405667 0.906667 0.076667 0.068
2 0.368333 0.714667 0.107333 0.137333
2 0.327333 0.807 0.077333 0.068667
3 0.33366700000000005 0.855 0.062 0.055333
2 0.24633300000000002 0.930333 0.09 0.115333
2 0.28600000000000003 0.712667 0.066667 0.098667
3 0.237 0.786 0.088667 0.096
2 0.16633299999999995 0.905 0.075333 0.114
2 0.17600000000000005 0.808667 0.058667 0.068
2 0.216333 0.696333 0.083333 0.086
3 0.15233300000000005 0.666667 0.044667 0.052
2 0.06966700000000003 0.657667 0.084667 0.07
2 0.09466699999999995 0.810667 0.096 0.1
3 0.10099999999999998 0.876333 0.067333 0.054
2 0.07166700000000004 0.948667 0.091333 0.090667
3 0.586333 0.868333 0.046 0.054
2 0.538 0.929667 0.122667 0.140667
2 0.6990000000000001 0.65 0.062 0.06
2 0.645 0.680333 0.048667 0.054
2 0.640333 0.755 0.118 0.091333
2 0.691333 0.834 0.094667 0.105333
2 0.6683330000000001 0.909667 0.074 0.062
2 0.742667 0.932667 0.061333 0.089333
2 0.788667 0.875 0.097333 0.126
2 0.872667 0.896667 0.068 0.064
2 0.825333 0.793 0.085333 0.095333
2 0.7743329999999999 0.687333 0.083333 0.101333
3 0.775333 0.516 0.045333 0.044
2 0.758667 0.597333 0.088 0.098667
2 0.84 0.623 0.077333 0.078
2 0.857 0.705333 0.087333 0.104
2 0.942667 0.753667 0.113333 0.124667
1 0.904667 0.836667 0.106667 0.102667
2 0.961333 0.947 0.076 0.084667
0 0.05600000000000005 0.311 0.034667 0.044667
0 0.19366700000000003 0.396 0.092667 0.064
0 0.24633300000000002 0.852667 0.059333 0.054667
0 0.386667 0.641667 0.070667 0.067333
0 0.435667 0.97 0.052667 0.048
0 0.474333 0.667667 0.051333 0.051333
0 0.623333 0.882333 0.038667 0.059333
0 0.842333 0.543667 0.067333 0.07
2 0.02066699999999999 0.911667 0.041333 0.055333
2 0.031000000000000028 0.782333 0.062 0.099333
2 0.02433300000000005 0.373667 0.048667 0.076667
2 0.02200000000000002 0.283667 0.042667 0.076667
2 0.438333 0.025667 0.067333 0.05
2 0.968667 0.237333 0.061333 0.094667
2 0.828333 0.957667 0.102 0.084667
2 0.6273329999999999 0.97 0.074667 0.06
2 0.391667 0.976333 0.075333 0.047333
2 0.316333 0.959667 0.074 0.080667
