2 0.900333 0.063333 0.079333 0.092
2 0.822667 0.133333 0.109333 0.134667
2 0.733 0.079667 0.094 0.086
2 0.728 0.168 0.098667 0.090667
2 0.646 0.057667 0.076 0.083333
2 0.568333 0.118 0.156667 0.106667
2 0.599 0.225 0.059333 0.079333
2 0.44399999999999995 0.265667 0.066667 0.05
3 0.511333 0.282667 0.045333 0.044
2 0.521333 0.22 0.106667 0.125333
2 0.495333 0.028333 0.056 0.055333
2 0.395 0.068667 0.087333 0.110667
2 0.327333 0.226333 0.110667 0.079333
2 0.29800000000000004 0.143667 0.102667 0.094
2 0.31566700000000003 0.051333 0.074 0.098667
2 0.23833300000000002 0.045 0.075333 0.088667
2 0.225333 0.128667 0.048 0.058667
2 0.18233299999999997 0.096333 0.043333 0.052667
2 0.140667 0.111333 0.06 0.065333
2 0.13366699999999998 0.171667 0.064667 0.055333
2 0.088333 0.058333 0.088667 0.082
2 0.06499999999999995 0.141667 0.072667 0.09
2 0.031667 0.201 0.063333 0.07
2 0.10999999999999999 0.312667 0.081333 0.062667
2 0.13633300000000004 0.254333 0.048667 0.040667
2 0.10633300000000001 0.239667 0.080667 0.080667
2 0.05166700000000002 0.289333 0.046 0.066667
2 0.015666999999999986 0.368667 0.028667 0.033333
2 0.07799999999999996 0.386333 0.088 0.082
2 0.139 0.416667 0.046 0.052
2 0.10999999999999999 0.480667 0.073333 0.073333
2 0.16133299999999995 0.511333 0.065333 0.065333
2 0.16100000000000003 0.589333 0.05 0.064
2 0.09866699999999995 0.557667 0.068 0.072667
2 0.13433300000000004 0.648333 0.05 0.051333
2 0.05033299999999996 0.712667 0.054 0.04
2 0.129 0.723667 0.044667 0.043333
2 0.08499999999999996 0.792333 0.071333 0.083333
2 0.05733299999999997 0.870667 0.06 0.070667
2 0.11099999999999999 0.914667 0.116667 0.108
2 0.19866700000000004 0.925 0.070667 0.104667
2 0.14333300000000004 0.823 0.090667 0.088667
2 0.24533300000000002 0.784667 0.094667 0.101333
2 0.17133299999999996 0.754 0.070667 0.065333
3 0.24066699999999996 0.604333 0.042667 0.048667
2 0.23866699999999996 0.678667 0.138667 0.108
2 0.281 0.862667 0.151333 0.193333
2 0.36266699999999996 0.904333 0.065333 0.079333
2 0.41400000000000003 0.911 0.04 0.056667
2 0.392667 0.809 0.072 0.094
2 0.217333 0.196 0.066667 0.065333
2 0.227333 0.28 0.105333 0.1
2 0.321333 0.305667 0.096 0.087333
2 0.21566700000000005 0.361667 0.087333 0.078
2 0.20466700000000004 0.438333 0.068 0.075333
2 0.22399999999999998 0.529667 0.045333 0.055333
2 0.276667 0.474333 0.114667 0.122
2 0.30100000000000005 0.381333 0.088667 0.08
2 0.31566700000000003 0.545333 0.038 0.033333
2 0.31499999999999995 0.579333 0.052667 0.034667
2 0.372333 0.484667 0.09 0.088
2 0.40033300000000005 0.580667 0.138 0.142667
2 0.362 0.693 0.094667 0.087333
2 0.386 0.402333 0.066667 0.080667
2 0.416667 0.349333 0.065333 0.061333
2 0.493333 0.342333 0.101333 0.096667
2 0.524 0.409667 0.04 0.046
2 0.46766700000000005 0.427333 0.055333 0.066667
2 0.5123329999999999 0.541667 0.052667 0.062
2 0.553667 0.709667 0.044667 0.056667
2 0.47866699999999995 0.716667 0.097333 0.093333
2 0.5716669999999999 0.780667 0.052667 0.070667
2 0.5836669999999999 0.886667 0.048667 0.074667
2 0.494 0.856333 0.130667 0.183333
2 0.657667 0.9 0.083333 0.085333
2 0.7196670000000001 0.951333 0.087333 0.096
2 0.841333 0.886333 0.046667 0.043333
2 0.771333 0.869 0.093333 0.083333
2 0.77 0.774333 0.129333 0.122
2 0.634333 0.741667 0.060667 0.064667
2 0.646 0.668 0.14 0.096
2 0.6890000000000001 0.575 0.076667 0.087333
3 0.715667 0.505667 0.056667 0.062
2 0.597333 0.557 0.101333 0.112667
2 0.563333 0.457667 0.094667 0.088667
2 0.576667 0.354333 0.088 0.11
2 0.6663330000000001 0.412667 0.108667 0.126667
2 0.695667 0.256333 0.119333 0.086
2 0.736333 0.331333 0.087333 0.066667
2 0.762 0.43 0.102667 0.122667
2 0.889 0.225 0.112667 0.082
3 0.849667 0.302667 0.088667 0.073333
2 0.953 0.324333 0.092667 0.086
2 0.952333 0.401333 0.072667 0.070667
2 0.944 0.470333 0.074667 0.080667
2 0.857333 0.438333 0.112 0.122
2 0.916333 0.551333 0.094 0.096
2 0.822667 0.539 0.098667 0.084667
2 0.926 0.652667 0.046667 0.062667
2 0.958667 0.763333 0.042667 0.058667
2 0.888667 0.738 0.130667 0.1
2 0.948 0.843667 0.094667 0.080667
2 0.935667 0.930667 0.122 0.090667
2 0.874667 0.825667 0.094667 0.088667
2 0.850333 0.648667 0.148667 0.126667
2 0.762333 0.614333 0.086 0.080667
2 0.7476670000000001 0.692333 0.074 0.080667
0 0.251667 0.194333 0.034 0.062
0 0.141667 0.681 0.040667 0.024667
0 0.05666700000000002 0.619 0.037333 0.031333
0 0.30000000000000004 0.665 0.081333 0.083333
0 0.472 0.584333 0.042667 0.067333
0 0.42700000000000005 0.144 0.054 0.068
0 0.6333329999999999 0.325667 0.041333 0.058
0 0.664667 0.471667 0.024 0.035333
0 0.725 0.549333 0.031333 0.032
0 0.542667 0.624333 0.045333 0.047333
0 0.556333 0.668667 0.034 0.033333
0 0.5736669999999999 0.829667 0.026 0.024667
0 0.03833299999999995 0.822667 0.034 0.036
2 0.036667000000000005 0.967667 0.064 0.064667
2 0.018000000000000016 0.75 0.036 0.044
2 0.04066700000000001 0.521667 0.081333 0.152667
2 0.573 0.031667 0.107333 0.062
2 0.819 0.038 0.102 0.074667
2 0.960333 0.572667 0.078 0.153333
2 0.815667 0.950667 0.106 0.098667
2 0.554 0.953667 0.114667 0.092667
2 0.34566699999999995 0.969333 0.115333 0.061333
2 0.13866699999999998 0.974 0.065333 0.052
