2 0.11666699999999997 0.942667 0.045333 0.045333
2 0.28800000000000003 0.786333 0.1 0.108667
3 0.21366700000000005 0.845 0.087333 0.088667
2 0.20599999999999996 0.759667 0.038667 0.048667
2 0.321333 0.879 0.092 0.09
2 0.24666699999999997 0.92 0.072 0.074667
2 0.33666700000000005 0.958 0.061333 0.070667
2 0.384 0.806667 0.074667 0.081333
3 0.358333 0.722 0.046 0.054667
3 0.42300000000000004 0.69 0.094 0.093333
3 0.47166699999999995 0.761 0.044667 0.043333
2 0.47 0.919667 0.072 0.119333
2 0.41033299999999995 0.954 0.058 0.070667
3 0.403 0.890667 0.048667 0.056
2 0.562 0.959333 0.088 0.081333
2 0.554 0.854667 0.098667 0.125333
2 0.625667 0.829 0.058 0.059333
2 0.743 0.845667 0.051333 0.056667
2 0.825667 0.885 0.066 0.075333
2 0.775667 0.919 0.086 0.079333
2 0.7006669999999999 0.953333 0.077333 0.074667
2 0.677667 0.872667 0.074 0.092
2 0.639667 0.922667 0.055333 0.069333
2 0.09799999999999998 0.779667 0.102667 0.080667
2 0.06599999999999995 0.704667 0.072 0.072
2 0.16233299999999995 0.704333 0.120667 0.086
2 0.146667 0.634 0.125333 0.069333
2 0.12633300000000003 0.558667 0.140667 0.089333
2 0.20899999999999996 0.490667 0.063333 0.058667
2 0.02733300000000005 0.531 0.054667 0.063333
3 0.028666999999999998 0.462667 0.057333 0.052
2 0.10199999999999998 0.485667 0.105333 0.076667
2 0.07133299999999998 0.405333 0.097333 0.070667
2 0.10833300000000001 0.303333 0.087333 0.072
2 0.03300000000000003 0.321 0.066 0.066
2 0.06233299999999997 0.236333 0.123333 0.083333
2 0.06733299999999998 0.051 0.066667 0.076667
2 0.14600000000000002 0.063667 0.070667 0.095333
2 0.23533300000000001 0.096667 0.092 0.101333
2 0.36266699999999996 0.044333 0.06 0.051333
2 0.32966700000000004 0.108667 0.052667 0.069333
2 0.40433300000000005 0.113 0.084667 0.091333
2 0.535667 0.114333 0.047333 0.047333
2 0.953667 0.095 0.078 0.083333
2 0.926333 0.027 0.071333 0.05
2 0.879 0.097667 0.074 0.108667
2 0.8416669999999999 0.026 0.026 0.032
2 0.790333 0.099667 0.112667 0.098
2 0.6906669999999999 0.041333 0.064 0.076
2 0.777 0.028333 0.086 0.055333
2 0.42633299999999996 0.023333 0.054 0.045333
2 0.744333 0.158 0.092667 0.093333
2 0.820667 0.187667 0.076 0.078
2 0.979333 0.213333 0.032 0.037333
2 0.942667 0.206 0.033333 0.036
2 0.897667 0.197667 0.044667 0.036667
3 0.961 0.294667 0.028667 0.030667
2 0.911667 0.268667 0.060667 0.072
2 0.845 0.279667 0.072667 0.072667
3 0.657 0.185 0.046 0.042
2 0.772667 0.331 0.066667 0.07
3 0.846 0.373 0.101333 0.084667
3 0.955667 0.441667 0.082 0.084667
2 0.885333 0.469333 0.064 0.093333
2 0.8296669999999999 0.476667 0.055333 0.061333
3 0.853 0.542333 0.051333 0.05
2 0.946 0.576667 0.068 0.077333
3 0.877667 0.595667 0.071333 0.048667
2 0.927 0.735667 0.111333 0.120667
2 0.886 0.664333 0.037333 0.036667
2 0.8296669999999999 0.694333 0.091333 0.084667
2 0.728667 0.623333 0.061333 0.065333
2 0.750667 0.698333 0.033333 0.046
2 0.723333 0.707333 0.034667 0.041333
2 0.6146670000000001 0.740667 0.038667 0.030667
2 0.689667 0.774 0.088667 0.094667
2 0.7763329999999999 0.787667 0.084667 0.083333
3 0.869333 0.826 0.04 0.037333
2 0.7969999999999999 0.584333 0.056667 0.054
2 0.775 0.523333 0.107333 0.070667
3 0.7006669999999999 0.547667 0.050667 0.047333
3 0.6493329999999999 0.514333 0.046667 0.052667
2 0.734333 0.448333 0.116667 0.095333
2 0.675 0.383667 0.035333 0.039333
2 0.643 0.430333 0.046 0.048667
3 0.6743330000000001 0.671 0.07 0.05
2 0.638 0.591 0.1 0.083333
2 0.5966670000000001 0.675667 0.072 0.080667
2 0.5389999999999999 0.627 0.074 0.080667
2 0.501333 0.686 0.065333 0.068
3 0.404 0.612667 0.068 0.061333
2 0.323333 0.642667 0.096 0.076
2 0.28833299999999995 0.573333 0.091333 0.065333
2 0.27333300000000005 0.458667 0.037333 0.036
2 0.28600000000000003 0.511333 0.090667 0.058667
2 0.36666699999999997 0.558667 0.065333 0.08
2 0.360333 0.496 0.03 0.030667
2 0.400667 0.455333 0.072 0.06
2 0.42900000000000005 0.52 0.074 0.064
2 0.589333 0.553 0.061333 0.058
2 0.599667 0.474 0.048667 0.044
2 0.5283329999999999 0.457333 0.086 0.077333
2 0.477333 0.475333 0.036 0.053333
2 0.613333 0.319333 0.041333 0.034667
2 0.624333 0.358 0.039333 0.042667
2 0.564667 0.387 0.066667 0.056667
2 0.520667 0.396667 0.029333 0.032
2 0.515333 0.543667 0.093333 0.083333
2 0.577 0.338 0.024667 0.025333
2 0.550667 0.318667 0.025333 0.030667
2 0.5243329999999999 0.308667 0.024667 0.030667
2 0.594333 0.427333 0.040667 0.032
2 0.45699999999999996 0.406667 0.079333 0.081333
2 0.370333 0.384333 0.078 0.09
3 0.21666700000000005 0.367 0.042667 0.05
2 0.275 0.335667 0.107333 0.112667
2 0.23266699999999996 0.258667 0.094667 0.089333
2 0.22366699999999995 0.183667 0.095333 0.078
2 0.30333299999999996 0.199667 0.077333 0.071333
2 0.31466700000000003 0.263 0.077333 0.078
2 0.47366699999999995 0.19 0.046 0.057333
2 0.574667 0.171333 0.098667 0.077333
2 0.6206670000000001 0.250333 0.093333 0.060667
2 0.47 0.302 0.089333 0.1
2 0.41533299999999995 0.339333 0.062667 0.08
2 0.391667 0.265 0.080667 0.076667
2 0.36666699999999997 0.199667 0.054667 0.059333
2 0.42833299999999996 0.190667 0.047333 0.053333
3 0.43033299999999997 0.238333 0.046 0.046
0 0.848333 0.931667 0.027333 0.028667
0 0.033667 0.822 0.063333 0.066667
0 0.09299999999999997 0.840333 0.055333 0.046
0 0.148667 0.875 0.045333 0.048667
0 0.839 0.747667 0.038 0.028667
0 0.851333 0.780333 0.037333 0.032667
0 0.46299999999999997 0.602667 0.075333 0.073333
0 0.18799999999999994 0.425667 0.053333 0.059333
2 0.036667000000000005 0.941333 0.072 0.117333
2 0.951333 0.961333 0.096 0.077333
2 0.944 0.858333 0.108 0.124667
2 0.979 0.675 0.040667 0.059333
2 0.609333 0.037333 0.090667 0.073333
2 0.497 0.035667 0.082 0.07
2 0.29233299999999995 0.029333 0.075333 0.056
2 0.20699999999999996 0.029 0.080667 0.056667
2 0.038000000000000034 0.154333 0.074667 0.079333
2 0.02433300000000005 0.731333 0.048667 0.110667
