2 0.063333 0.099667 0.092 0.079333
2 0.133333 0.177333 0.134667 0.109333
2 0.079667 0.267 0.086 0.094
2 0.168 0.272 0.090667 0.098667
2 0.057667 0.354 0.083333 0.076
2 0.118 0.431667 0.106667 0.156667
2 0.225 0.401 0.079333 0.059333
2 0.265667 0.556 0.05 0.066667
3 0.282667 0.488667 0.044 0.045333
2 0.22 0.478667 0.125333 0.106667
2 0.028333 0.504667 0.055333 0.056
2 0.068667 0.605 0.110667 0.087333
2 0.226333 0.672667 0.079333 0.110667
2 0.143667 0.702 0.094 0.102667
2 0.051333 0.684333 0.098667 0.074
2 0.045 0.761667 0.088667 0.075333
2 0.128667 0.774667 0.058667 0.048
2 0.096333 0.817667 0.052667 0.043333
2 0.111333 0.859333 0.065333 0.06
2 0.171667 0.866333 0.055333 0.064667
2 0.058333 0.911667 0.082 0.088667
2 0.141667 0.935 0.09 0.072667
2 0.201 0.968333 0.07 0.063333
2 0.312667 0.89 0.062667 0.081333
2 0.254333 0.863667 0.040667 0.048667
2 0.239667 0.893667 0.080667 0.080667
2 0.289333 0.948333 0.066667 0.046
2 0.368667 0.984333 0.033333 0.028667
2 0.386333 0.922 0.082 0.088
2 0.416667 0.861 0.052 0.046
2 0.480667 0.89 0.073333 0.073333
2 0.511333 0.838667 0.065333 0.065333
2 0.589333 0.839 0.064 0.05
2 0.557667 0.901333 0.072667 0.068
2 0.648333 0.865667 0.051333 0.05
2 0.712667 0.949667 0.04 0.054
2 0.723667 0.871 0.043333 0.044667
2 0.792333 0.915 0.083333 0.071333
2 0.870667 0.942667 0.070667 0.06
2 0.914667 0.889 0.108 0.116667
2 0.925 0.801333 0.104667 0.070667
2 0.823 0.856667 0.088667 0.090667
2 0.784667 0.754667 0.101333 0.094667
2 0.754 0.828667 0.065333 0.070667
3 0.604333 0.759333 0.048667 0.042667
2 0.678667 0.761333 0.108 0.138667
2 0.862667 0.719 0.193333 0.151333
2 0.904333 0.637333 0.079333 0.065333
2 0.911 0.586 0.056667 0.04
2 0.809 0.607333 0.094 0.072
2 0.196 0.782667 0.065333 0.066667
2 0.28 0.772667 0.1 0.105333
2 0.305667 0.678667 0.087333 0.096
2 0.361667 0.784333 0.078 0.087333
2 0.438333 0.795333 0.075333 0.068
2 0.529667 0.776 0.055333 0.045333
2 0.474333 0.723333 0.122 0.114667
2 0.381333 0.699 0.08 0.088667
2 0.545333 0.684333 0.033333 0.038
2 0.579333 0.685 0.034667 0.052667
2 0.484667 0.627667 0.088 0.09
2 0.580667 0.599667 0.142667 0.138
2 0.693 0.638 0.087333 0.094667
2 0.402333 0.614 0.080667 0.066667
2 0.349333 0.583333 0.061333 0.065333
2 0.342333 0.506667 0.096667 0.101333
2 0.409667 0.476 0.046 0.04
2 0.427333 0.532333 0.066667 0.055333
2 0.541667 0.487667 0.062 0.052667
2 0.709667 0.446333 0.056667 0.044667
2 0.716667 0.521333 0.093333 0.097333
2 0.780667 0.428333 0.070667 0.052667
2 0.886667 0.416333 0.074667 0.048667
2 0.856333 0.506 0.183333 0.130667
2 0.9 0.342333 0.085333 0.083333
2 0.951333 0.280333 0.096 0.087333
2 0.886333 0.158667 0.043333 0.046667
2 0.869 0.228667 0.083333 0.093333
2 0.774333 0.23 0.122 0.129333
2 0.741667 0.365667 0.064667 0.060667
2 0.668 0.354 0.096 0.14
2 0.575 0.311 0.087333 0.076667
3 0.505667 0.284333 0.062 0.056667
2 0.557 0.402667 0.112667 0.101333
2 0.457667 0.436667 0.088667 0.094667
2 0.354333 0.423333 0.11 0.088
2 0.412667 0.333667 0.126667 0.108667
2 0.256333 0.304333 0.086 0.119333
2 0.331333 0.263667 0.066667 0.087333
2 0.43 0.238 0.122667 0.102667
2 0.225 0.111 0.082 0.112667
3 0.302667 0.150333 0.073333 0.088667
2 0.324333 0.047 0.086 0.092667
2 0.401333 0.047667 0.070667 0.072667
2 0.470333 0.056 0.080667 0.074667
2 0.438333 0.142667 0.122 0.112
2 0.551333 0.083667 0.096 0.094
2 0.539 0.177333 0.084667 0.098667
2 0.652667 0.074 0.062667 0.046667
2 0.763333 0.041333 0.058667 0.042667
2 0.738 0.111333 0.1 0.130667
2 0.843667 0.052 0.080667 0.094667
2 0.930667 0.064333 0.090667 0.122
2 0.825667 0.125333 0.088667 0.094667
2 0.648667 0.149667 0.126667 0.148667
2 0.614333 0.237667 0.080667 0.086
2 0.692333 0.252333 0.080667 0.074
0 0.194333 0.748333 0.062 0.034
0 0.681 0.858333 0.024667 0.040667
0 0.619 0.943333 0.031333 0.037333
0 0.665 0.7 0.083333 0.081333
0 0.584333 0.528 0.067333 0.042667
0 0.144 0.573 0.068 0.054
0 0.325667 0.366667 0.058 0.041333
0 0.471667 0.335333 0.035333 0.024
0 0.549333 0.275 0.032 0.031333
0 0.624333 0.457333 0.047333 0.045333
0 0.668667 0.443667 0.033333 0.034
0 0.829667 0.426333 0.024667 0.026
0 0.822667 0.961667 0.036 0.034
2 0.967667 0.963333 0.064667 0.064
2 0.75 0.982 0.044 0.036
2 0.521667 0.959333 0.152667 0.081333
2 0.031667 0.427 0.062 0.107333
2 0.038 0.181 0.074667 0.102
2 0.572667 0.039667 0.153333 0.078
2 0.950667 0.184333 0.098667 0.106
2 0.953667 0.446 0.092667 0.114667
2 0.969333 0.654333 0.061333 0.115333
2 0.974 0.861333 0.052 0.065333
