2 0.924 0.095333 0.073333 0.110667
2 0.8526670000000001 0.12 0.069333 0.108
2 0.784333 0.083333 0.099333 0.142667
2 0.7010000000000001 0.152333 0.091333 0.086
2 0.685667 0.074333 0.091333 0.080667
2 0.5780000000000001 0.054 0.054667 0.04
2 0.5549999999999999 0.134 0.078 0.086667
2 0.410667 0.083333 0.146667 0.112
2 0.43500000000000005 0.185333 0.056667 0.074667
2 0.363 0.157 0.048667 0.046
3 0.487333 0.188 0.033333 0.033333
3 0.608333 0.239667 0.084667 0.080667
3 0.5349999999999999 0.291 0.048667 0.047333
3 0.46499999999999997 0.270667 0.024667 0.029333
2 0.283667 0.292 0.071333 0.068
2 0.288667 0.207333 0.108 0.1
2 0.220333 0.097333 0.075333 0.068
2 0.19333299999999998 0.188667 0.088 0.096
2 0.137 0.063333 0.108667 0.092
2 0.04566700000000001 0.046333 0.091333 0.083333
2 0.09799999999999998 0.139667 0.1 0.091333
2 0.05133299999999996 0.212 0.102667 0.105333
3 0.03833299999999995 0.297667 0.075333 0.047333
2 0.10266699999999995 0.371667 0.136 0.116667
2 0.20999999999999996 0.346667 0.112 0.089333
3 0.16900000000000004 0.467 0.060667 0.051333
3 0.267 0.495 0.076667 0.075333
3 0.350333 0.458667 0.076667 0.065333
3 0.373 0.398 0.052667 0.046667
3 0.29333299999999995 0.382667 0.052 0.049333
2 0.45999999999999996 0.422333 0.048 0.043333
3 0.54 0.441 0.066667 0.055333
2 0.549667 0.380667 0.047333 0.04
2 0.697667 0.328667 0.074 0.097333
2 0.617 0.457 0.068667 0.064667
2 0.622 0.538333 0.038667 0.039333
3 0.601667 0.613333 0.074 0.074667
3 0.5569999999999999 0.691 0.084667 0.080667
2 0.673667 0.644 0.079333 0.064
3 0.788667 0.607667 0.092 0.088667
3 0.888 0.617667 0.062667 0.086
3 0.864333 0.517 0.056667 0.051333
2 0.843667 0.451667 0.051333 0.048667
2 0.929 0.401333 0.119333 0.096
2 0.971333 0.325667 0.037333 0.05
2 0.94 0.233333 0.074667 0.052
2 0.913 0.296667 0.079333 0.092
2 0.841333 0.284667 0.08 0.06
2 0.797333 0.362 0.106667 0.102667
3 0.892 0.797333 0.054667 0.06
2 0.948 0.917333 0.1 0.1
2 0.855 0.887333 0.091333 0.093333
2 0.811333 0.957667 0.073333 0.080667
2 0.767667 0.866 0.086 0.1
3 0.721 0.740333 0.051333 0.048667
3 0.812667 0.772333 0.109333 0.095333
2 0.731333 0.95 0.097333 0.096
2 0.635667 0.932667 0.122 0.117333
2 0.6823330000000001 0.813333 0.120667 0.158667
2 0.584333 0.790333 0.088667 0.118
2 0.554333 0.891667 0.079333 0.076667
3 0.497 0.921667 0.055333 0.075333
3 0.446333 0.887667 0.051333 0.056667
2 0.49 0.772333 0.105333 0.138
2 0.42800000000000005 0.749333 0.090667 0.12
3 0.365 0.801333 0.047333 0.057333
2 0.339333 0.717333 0.093333 0.12
3 0.269667 0.692333 0.092667 0.114
3 0.22366699999999995 0.586667 0.087333 0.097333
3 0.316333 0.947333 0.078 0.096
2 0.23733300000000002 0.945667 0.121333 0.108667
2 0.262667 0.836333 0.109333 0.11
2 0.16633299999999995 0.831667 0.088667 0.115333
2 0.160667 0.728 0.113333 0.101333
3 0.14200000000000002 0.649333 0.042667 0.046667
2 0.07033299999999998 0.613 0.094 0.088667
2 0.07666700000000004 0.791 0.078667 0.078
2 0.086333 0.885333 0.084667 0.1
2 0.32266700000000004 0.612333 0.029333 0.024667
2 0.700333 0.465333 0.087333 0.072
0 0.094333 0.513667 0.047333 0.056667
0 0.07199999999999995 0.678333 0.046667 0.027333
0 0.16700000000000004 0.606 0.027333 0.024
0 0.218333 0.274333 0.054 0.048667
0 0.30733299999999997 0.552667 0.073333 0.061333
0 0.29633299999999996 0.122 0.05 0.052
0 0.352333 0.076667 0.040667 0.056
0 0.42533299999999996 0.253667 0.057333 0.058
0 0.40900000000000003 0.301333 0.032667 0.034667
0 0.41200000000000003 0.455667 0.064 0.060667
0 0.40733299999999995 0.61 0.030667 0.024
0 0.398667 0.656667 0.036 0.033333
0 0.43400000000000005 0.63 0.037333 0.030667
0 0.46466700000000005 0.523667 0.062667 0.064667
0 0.514667 0.577 0.1 0.09
0 0.464333 0.362333 0.074 0.055333
0 0.470333 0.315 0.039333 0.043333
0 0.6026670000000001 0.353333 0.056 0.076
0 0.591333 0.554333 0.024 0.023333
0 0.735333 0.68 0.046667 0.038667
0 0.765 0.275333 0.046 0.054667
0 0.724333 0.235 0.059333 0.060667
0 0.808 0.213667 0.070667 0.063333
0 0.864 0.969 0.054667 0.05
0 0.898667 0.493333 0.045333 0.038667
0 0.863 0.228333 0.039333 0.044667
0 0.982333 0.834333 0.031333 0.03
2 0.02533300000000005 0.942 0.050667 0.072
2 0.027666999999999997 0.751333 0.054 0.1
2 0.258 0.042333 0.113333 0.083333
2 0.49266699999999997 0.034667 0.1 0.068
2 0.705667 0.019 0.096667 0.036667
2 0.963333 0.062333 0.072 0.123333
3 0.395 0.973 0.086 0.054
2 0.07066700000000004 0.962333 0.121333 0.075333
