2 0.868 0.042 0.057333 0.065333
2 0.951333 0.145 0.062667 0.074
2 0.879667 0.116333 0.07 0.07
2 0.838667 0.189333 0.108 0.118667
2 0.7476670000000001 0.150333 0.084667 0.083333
2 0.72 0.050667 0.044 0.041333
1 0.739333 0.076333 0.046667 0.056667
2 0.799333 0.100667 0.058667 0.045333
2 0.6739999999999999 0.025 0.08 0.048667
2 0.6663330000000001 0.102333 0.098 0.091333
2 0.589 0.045333 0.075333 0.077333
1 0.602333 0.100667 0.040667 0.038667
1 0.525 0.046333 0.051333 0.05
2 0.547667 0.194 0.075333 0.108
1 0.6723330000000001 0.223 0.052667 0.048667
2 0.870667 0.273333 0.069333 0.057333
1 0.942 0.299333 0.065333 0.046667
2 0.910667 0.211 0.065333 0.068667
2 0.966 0.233667 0.065333 0.075333
2 0.935 0.468333 0.086 0.076667
2 0.895333 0.379333 0.084 0.094667
2 0.814333 0.351667 0.099333 0.104667
2 0.779667 0.433 0.060667 0.062
2 0.771667 0.267667 0.116667 0.134
2 0.708333 0.316 0.051333 0.069333
2 0.722 0.417 0.030667 0.034
2 0.654 0.398333 0.142667 0.123333
2 0.641 0.478 0.086 0.092
2 0.6643330000000001 0.541333 0.062 0.066667
2 0.7110000000000001 0.500667 0.023333 0.022667
2 0.603667 0.54 0.059333 0.069333
1 0.5453330000000001 0.367333 0.06 0.052
2 0.548333 0.445333 0.047333 0.049333
2 0.516667 0.422667 0.044 0.057333
2 0.542333 0.522667 0.07 0.105333
2 0.5780000000000001 0.694667 0.065333 0.073333
1 0.555667 0.771333 0.035333 0.036
2 0.6393329999999999 0.793333 0.056 0.046667
3 0.73 0.758 0.084 0.078667
2 0.762333 0.666 0.119333 0.12
2 0.771 0.563 0.100667 0.092667
2 0.884 0.537 0.110667 0.083333
2 0.872 0.609667 0.088 0.062
3 0.963667 0.635667 0.047333 0.051333
3 0.927333 0.807667 0.116 0.086
2 0.871333 0.701333 0.125333 0.110667
2 0.503333 0.596 0.121333 0.116
2 0.432667 0.498 0.082667 0.085333
1 0.46499999999999997 0.411333 0.040667 0.037333
2 0.433667 0.401 0.028667 0.035333
2 0.49266699999999997 0.343333 0.092 0.077333
2 0.43333299999999997 0.336 0.034667 0.041333
2 0.36966699999999997 0.438667 0.116667 0.113333
2 0.320333 0.352333 0.122 0.084667
1 0.24333300000000002 0.340667 0.032 0.044
2 0.258 0.432333 0.109333 0.118
2 0.209333 0.499 0.038667 0.032667
2 0.515 0.105667 0.063333 0.068667
2 0.44799999999999995 0.098333 0.068 0.076667
2 0.472333 0.014 0.042 0.026667
2 0.38133300000000003 0.072 0.042667 0.04
1 0.301667 0.052 0.042 0.037333
2 0.46599999999999997 0.244 0.042667 0.042667
2 0.33766700000000005 0.209667 0.135333 0.152667
2 0.483 0.685667 0.098 0.074
3 0.46666700000000005 0.739667 0.048 0.036667
2 0.44966700000000004 0.792333 0.078 0.088667
2 0.384 0.717 0.037333 0.040667
2 0.39833300000000005 0.637 0.084667 0.087333
2 0.403 0.567 0.078 0.059333
2 0.273 0.777 0.060667 0.058
2 0.28 0.677667 0.104 0.13
2 0.16100000000000003 0.589667 0.146 0.119333
2 0.07466700000000004 0.640333 0.086667 0.100667
2 0.122 0.714667 0.018667 0.018667
2 0.12133300000000002 0.474 0.129333 0.113333
2 0.11466699999999996 0.367667 0.129333 0.100667
2 0.04366700000000001 0.544667 0.078 0.086667
2 0.08333299999999999 0.286 0.068 0.06
2 0.059667000000000026 0.033333 0.088667 0.044
2 0.12866699999999998 0.127333 0.036 0.054667
2 0.06566700000000003 0.129 0.119333 0.143333
2 0.13 0.064 0.041333 0.041333
2 0.166667 0.165667 0.057333 0.064667
2 0.206333 0.089333 0.111333 0.114667
1 0.18433299999999997 0.246667 0.042 0.037333
2 0.256 0.267333 0.06 0.078667
1 0.24133300000000002 0.176667 0.038667 0.034667
2 0.5349999999999999 0.84 0.07 0.073333
2 0.627667 0.868333 0.031333 0.032667
2 0.645 0.712667 0.028667 0.048
3 0.955667 0.910333 0.080667 0.094
2 0.873333 0.942333 0.021333 0.020667
2 0.834 0.862 0.030667 0.033333
0 0.07133299999999998 0.907333 0.142667 0.150667
0 0.03533299999999995 0.203 0.062667 0.060667
0 0.281 0.204 0.039333 0.045333
0 0.213333 0.285333 0.041333 0.056
0 0.401667 0.396 0.05 0.050667
0 0.373 0.251 0.054 0.055333
0 0.45199999999999996 0.168333 0.056 0.044667
0 0.39533300000000005 0.309667 0.050667 0.05
0 0.65 0.299333 0.078667 0.068
0 0.681667 0.641333 0.068667 0.078667
0 0.678667 0.942667 0.156 0.114667
0 0.792333 0.046333 0.099333 0.091333
0 0.886667 0.313 0.046667 0.032667
0 0.858 0.455333 0.068 0.072
0 0.961667 0.379333 0.056667 0.068
2 0.027000000000000024 0.445667 0.054 0.116667
2 0.23633300000000002 0.037333 0.072667 0.073333
2 0.956333 0.041 0.086 0.080667
2 0.964 0.556667 0.070667 0.104
