2 0.933333 0.922333 0.093333 0.11
2 0.843667 0.952333 0.088667 0.086
2 0.773667 0.955667 0.076667 0.084667
2 0.89 0.878667 0.096 0.110667
2 0.78 0.878 0.136 0.104
2 0.961333 0.797667 0.065333 0.054
2 0.888667 0.784333 0.093333 0.086
2 0.765333 0.776667 0.178667 0.137333
2 0.737333 0.689333 0.093333 0.093333
2 0.685333 0.944667 0.089333 0.109333
2 0.646 0.774 0.065333 0.070667
2 0.836667 0.625667 0.102667 0.116667
2 0.931 0.6226670000000001 0.088667 0.096
3 0.814667 0.519667 0.125333 0.084667
2 0.722 0.43866700000000003 0.101333 0.133333
2 0.6513329999999999 0.517 0.090667 0.084667
2 0.595 0.587 0.139333 0.124667
2 0.623667 0.693333 0.123333 0.129333
2 0.538333 0.697333 0.05 0.093333
2 0.6206670000000001 0.42233299999999996 0.098667 0.112667
2 0.673 0.351 0.106 0.096667
3 0.690333 0.25733300000000003 0.046 0.054667
2 0.767333 0.271 0.089333 0.120667
2 0.8506670000000001 0.18999999999999995 0.082667 0.102667
3 0.773 0.155667 0.124667 0.11
3 0.795667 0.08499999999999996 0.040667 0.035333
3 0.805667 0.033667 0.046 0.048667
2 0.636333 0.17133299999999996 0.087333 0.104
3 0.704 0.097333 0.062667 0.073333
3 0.615333 0.07166700000000004 0.088 0.083333
2 0.5373330000000001 0.10366699999999995 0.073333 0.083333
2 0.46099999999999997 0.040000000000000036 0.126 0.074667
2 0.579 0.916333 0.159333 0.163333
2 0.500667 0.845667 0.189333 0.186
2 0.40900000000000003 0.869 0.122 0.163333
2 0.30500000000000005 0.926667 0.083333 0.090667
2 0.17766700000000002 0.899 0.071333 0.082
2 0.07166700000000004 0.885667 0.116667 0.091333
2 0.32499999999999996 0.826667 0.126 0.137333
2 0.217333 0.8396669999999999 0.108 0.086
2 0.06299999999999994 0.7893330000000001 0.116667 0.104
2 0.247 0.7663329999999999 0.148667 0.127333
2 0.11299999999999999 0.741333 0.155333 0.144
2 0.17366700000000002 0.6699999999999999 0.138 0.096
2 0.304667 0.671 0.130667 0.154
2 0.45199999999999996 0.7046669999999999 0.172 0.162667
2 0.45999999999999996 0.613333 0.065333 0.069333
2 0.37366699999999997 0.614333 0.184667 0.123333
2 0.17500000000000004 0.540333 0.220667 0.179333
2 0.14700000000000002 0.47666699999999995 0.048667 0.052
2 0.13 0.411667 0.069333 0.079333
2 0.21399999999999997 0.392 0.098667 0.096
2 0.379 0.464333 0.207333 0.192667
2 0.532 0.45866700000000005 0.132 0.157333
2 0.566667 0.313333 0.148 0.130667
2 0.431667 0.316333 0.148667 0.147333
2 0.514 0.19899999999999995 0.198667 0.156667
2 0.368 0.21266700000000005 0.118667 0.170667
2 0.302667 0.12466699999999997 0.088 0.074667
2 0.243 0.22299999999999998 0.171333 0.255333
2 0.10966699999999996 0.285667 0.182 0.208667
2 0.152667 0.07099999999999995 0.142667 0.115333
2 0.42100000000000004 0.11566699999999996 0.072667 0.068667
0 0.921333 0.08399999999999996 0.156 0.168
0 0.914667 0.31699999999999995 0.169333 0.174
0 0.859333 0.403667 0.176 0.19
0 0.955667 0.45899999999999996 0.086 0.083333
0 0.693333 0.5900000000000001 0.029333 0.030667
2 0.07233299999999998 0.11599999999999999 0.144667 0.222667
2 0.04266700000000001 0.961667 0.084 0.075333
2 0.945333 0.723 0.106667 0.115333
2 0.963667 0.5453330000000001 0.071333 0.092
