2 0.087333 0.10099999999999998 0.101333 0.120667
1 0.18566700000000003 0.05800000000000005 0.119333 0.104
1 0.17766700000000002 0.14833300000000005 0.107333 0.095333
1 0.07199999999999995 0.21499999999999997 0.101333 0.104667
1 0.14300000000000002 0.22199999999999998 0.054 0.073333
2 0.255 0.18700000000000006 0.042 0.046
2 0.289667 0.11299999999999999 0.114 0.094
1 0.317333 0.03600000000000003 0.089333 0.070667
1 0.38633300000000004 0.04066700000000001 0.056667 0.061333
2 0.43400000000000005 0.06933299999999998 0.105333 0.106667
2 0.367333 0.147667 0.086667 0.094
2 0.5449999999999999 0.061000000000000054 0.116667 0.118
2 0.43600000000000005 0.165667 0.096 0.096667
2 0.527 0.161667 0.124667 0.142
1 0.644 0.091333 0.094667 0.104
1 0.751333 0.06633299999999998 0.134667 0.120667
1 0.811667 0.03433299999999995 0.055333 0.056667
1 0.914 0.09166700000000005 0.078667 0.115333
1 0.843667 0.100333 0.075333 0.075333
1 0.72 0.14133300000000004 0.102667 0.118667
1 0.622 0.20033299999999998 0.129333 0.106
1 0.6910000000000001 0.242 0.060667 0.056
1 0.780667 0.18500000000000005 0.129333 0.122
1 0.89 0.19599999999999995 0.101333 0.094667
2 0.07133299999999998 0.20033299999999998 0.1 0.078
1 0.205333 0.244 0.101333 0.098667
1 0.31266700000000003 0.22266699999999995 0.104 0.102667
1 0.260667 0.28700000000000003 0.097333 0.076667
2 0.391 0.25233300000000003 0.096667 0.09
1 0.5696669999999999 0.27533300000000005 0.118 0.102667
1 0.930667 0.277667 0.070667 0.09
1 0.8376669999999999 0.297667 0.118 0.188667
1 0.755 0.285667 0.108667 0.107333
1 0.6533329999999999 0.304667 0.108 0.102667
2 0.08866700000000005 0.30733299999999997 0.134667 0.12
1 0.18766700000000003 0.33966700000000005 0.11 0.118
2 0.257 0.37266699999999997 0.095333 0.089333
2 0.342333 0.33366700000000005 0.094 0.108667
1 0.407667 0.379667 0.083333 0.078
1 0.44666700000000004 0.32466700000000004 0.133333 0.129333
1 0.5589999999999999 0.379 0.183333 0.107333
2 0.12433300000000003 0.398 0.067333 0.068
1 0.18799999999999994 0.42400000000000004 0.102667 0.1
2 0.033332999999999946 0.466333 0.052 0.054
2 0.129 0.488 0.156667 0.141333
2 0.20766700000000005 0.525333 0.067333 0.064
2 0.03533299999999995 0.548333 0.058667 0.068667
2 0.10566699999999996 0.5720000000000001 0.082 0.070667
1 0.17933299999999996 0.618333 0.109333 0.116667
2 0.088333 0.655667 0.080667 0.086
2 0.07833299999999999 0.739333 0.144667 0.125333
2 0.16733299999999995 0.7050000000000001 0.053333 0.048667
1 0.236 0.679 0.109333 0.092667
2 0.344333 0.633667 0.056667 0.042
2 0.06166700000000003 0.833 0.088667 0.064667
2 0.13733300000000004 0.803333 0.065333 0.058667
2 0.10633300000000001 0.931 0.060667 0.063333
1 0.19933299999999998 0.853333 0.116 0.072
1 0.22766699999999995 0.815667 0.084667 0.042
2 0.227333 0.767667 0.138667 0.09
1 0.27033300000000005 0.45266700000000004 0.055333 0.065333
2 0.31866700000000003 0.533667 0.156 0.183333
2 0.41533299999999995 0.499667 0.054667 0.056667
1 0.398667 0.570667 0.054667 0.057333
1 0.8993329999999999 0.415667 0.094667 0.086
1 0.868333 0.48566699999999996 0.120667 0.11
1 0.791667 0.431667 0.087333 0.102
1 0.7046669999999999 0.43866700000000003 0.136 0.16
1 0.5986670000000001 0.488 0.109333 0.105333
2 0.493 0.46199999999999997 0.138 0.101333
2 0.472333 0.549667 0.118 0.104667
1 0.568667 0.575333 0.108 0.102667
1 0.671333 0.5636669999999999 0.097333 0.107333
1 0.77 0.537667 0.125333 0.152667
1 0.742333 0.644333 0.091333 0.076667
1 0.863333 0.609333 0.141333 0.154667
1 0.95 0.552 0.088 0.094667
2 0.859 0.7296670000000001 0.186 0.147333
1 0.8280000000000001 0.81 0.170667 0.141333
1 0.837 0.915 0.111333 0.118
1 0.925 0.956333 0.100667 0.087333
2 0.843667 0.976667 0.047333 0.044
1 0.409667 0.775667 0.087333 0.080667
1 0.32099999999999995 0.734333 0.092667 0.09
2 0.309667 0.830333 0.092667 0.095333
2 0.26533300000000004 0.929667 0.093333 0.083333
2 0.35366699999999995 0.913667 0.086 0.084667
2 0.388667 0.84 0.065333 0.06
1 0.42933299999999996 0.6823330000000001 0.173333 0.178
1 0.637667 0.655667 0.076667 0.080667
1 0.538 0.6623330000000001 0.138667 0.123333
1 0.568333 0.79 0.182 0.168
2 0.47366699999999995 0.876333 0.120667 0.115333
2 0.562667 0.901 0.076 0.092667
1 0.705667 0.720333 0.11 0.084667
1 0.677667 0.794 0.092667 0.098667
1 0.665333 0.885333 0.112 0.105333
1 0.748667 0.883667 0.068 0.119333
2 0.538 0.967667 0.096 0.064667
1 0.098333 0.03700000000000003 0.083333 0.072667
1 0.959667 0.37933300000000003 0.080667 0.093333
1 0.966333 0.7853330000000001 0.067333 0.086667
