2 0.061 0.043667 0.112667 0.083333
2 0.157667 0.079333 0.119333 0.097333
2 0.168667 0.156667 0.094667 0.078667
1 0.073667 0.127667 0.09 0.076667
1 0.059667 0.197 0.107333 0.074
2 0.166667 0.234333 0.126667 0.115333
1 0.064 0.281667 0.106667 0.095333
1 0.116667 0.373333 0.068 0.070667
2 0.108333 0.483 0.120667 0.095333
2 0.07 0.566333 0.102667 0.068667
2 0.409667 0.214333 0.079333 0.096667
1 0.468 0.222 0.042667 0.065333
1 0.518 0.224667 0.068 0.101333
2 0.568 0.252667 0.042667 0.073333
2 0.617333 0.256 0.061333 0.092
1 0.689 0.271667 0.087333 0.118
2 0.766667 0.279667 0.073333 0.088667
1 0.778 0.321 0.06 0.047333
2 0.856333 0.317 0.072667 0.078
1 0.914667 0.322667 0.064 0.097333
1 0.953333 0.356 0.066667 0.08
1 0.389667 0.302 0.114 0.097333
2 0.357667 0.388667 0.106 0.088
2 0.354 0.447667 0.065333 0.039333
2 0.455 0.403 0.088667 0.075333
1 0.476333 0.32 0.082 0.092
1 0.545333 0.315667 0.064 0.075333
2 0.616667 0.343 0.096 0.084667
2 0.608333 0.413333 0.074 0.068
1 0.529667 0.374 0.052667 0.041333
2 0.533333 0.434333 0.070667 0.062
2 0.425 0.488 0.115333 0.105333
2 0.514667 0.517 0.133333 0.122
2 0.333333 0.522667 0.065333 0.064
2 0.302667 0.576667 0.104 0.089333
2 0.4 0.595 0.096 0.111333
2 0.511 0.611667 0.123333 0.080667
2 0.278 0.661667 0.132 0.116667
2 0.278667 0.767667 0.130667 0.115333
2 0.373 0.699667 0.096667 0.11
2 0.469 0.69 0.116667 0.090667
2 0.543 0.726 0.082 0.088
2 0.522333 0.79 0.059333 0.057333
2 0.451333 0.77 0.078667 0.069333
2 0.432 0.831667 0.057333 0.051333
2 0.484667 0.861667 0.057333 0.058
2 0.356333 0.872 0.072667 0.068
2 0.428333 0.911 0.05 0.056667
2 0.506333 0.934 0.039333 0.030667
2 0.504667 0.959333 0.030667 0.024
2 0.344333 0.953667 0.084667 0.076667
2 0.740333 0.389 0.079333 0.080667
1 0.801333 0.383667 0.054667 0.072667
1 0.868 0.405333 0.088 0.129333
1 0.938667 0.406 0.062667 0.056
1 0.957667 0.453667 0.083333 0.056667
1 0.943667 0.506667 0.106 0.076
1 0.928667 0.57 0.092 0.1
2 0.841 0.536333 0.108667 0.122
2 0.753 0.582667 0.084667 0.066667
2 0.703667 0.461 0.080667 0.079333
2 0.676 0.542 0.102667 0.089333
2 0.655 0.618333 0.083333 0.075333
2 0.727667 0.647667 0.079333 0.07
2 0.825667 0.648333 0.119333 0.102
1 0.925667 0.653333 0.088667 0.074667
1 0.883333 0.718333 0.16 0.106
2 0.972333 0.731667 0.054 0.064667
2 0.950667 0.803333 0.077333 0.072
2 0.868 0.813333 0.124 0.101333
1 0.791 0.781 0.083333 0.091333
2 0.708333 0.715667 0.082 0.072667
2 0.626333 0.700333 0.09 0.091333
2 0.613667 0.791333 0.112667 0.096
2 0.777667 0.867667 0.079333 0.071333
1 0.714667 0.796333 0.094667 0.091333
2 0.582667 0.867667 0.105333 0.071333
2 0.582667 0.94 0.08 0.06
2 0.666667 0.958667 0.088 0.072
2 0.682667 0.894667 0.130667 0.130667
2 0.761 0.934333 0.046 0.043333
2 0.816 0.962 0.038667 0.032
2 0.884667 0.972 0.045333 0.034667
2 0.906333 0.932333 0.047333 0.042
2 0.918 0.874667 0.062667 0.052
1 0.850667 0.894 0.077333 0.093333
2 0.796333 0.444333 0.047333 0.043333
2 0.256333 0.849 0.074 0.060667
2 0.050667 0.652667 0.097333 0.090667
2 0.98 0.660667 0.04 0.057333
2 0.041 0.732667 0.080667 0.117333
2 0.035333 0.444333 0.069333 0.099333
2 0.043 0.363 0.084667 0.094
