2 0.872333 0.054 0.112667 0.098667
2 0.890667 0.122333 0.062667 0.051333
2 0.973667 0.182667 0.048667 0.074667
2 0.874 0.184333 0.062667 0.05
3 0.863667 0.234667 0.05 0.054667
3 0.806 0.150667 0.068 0.066667
2 0.7989999999999999 0.233333 0.074 0.078667
2 0.905 0.287 0.088667 0.078
2 0.8586670000000001 0.351333 0.076 0.068
2 0.959333 0.366667 0.074667 0.070667
2 0.877667 0.416 0.05 0.050667
2 0.965333 0.503667 0.062667 0.047333
2 0.960667 0.578667 0.074667 0.064
3 0.929333 0.629667 0.06 0.055333
2 0.935 0.707 0.064667 0.059333
2 0.876667 0.680667 0.06 0.062667
2 0.860667 0.742333 0.058667 0.063333
2 0.866333 0.816 0.047333 0.044
2 0.938 0.838333 0.073333 0.078
3 0.945667 0.927333 0.078 0.069333
2 0.847333 0.876333 0.04 0.040667
2 0.865 0.543 0.088667 0.079333
2 0.910667 0.476 0.033333 0.030667
2 0.957667 0.443 0.083333 0.074
2 0.835 0.458333 0.062 0.068667
3 0.842 0.611333 0.081333 0.06
2 0.803667 0.661 0.086 0.079333
2 0.783667 0.723 0.068667 0.07
2 0.754667 0.787 0.104 0.075333
2 0.786 0.845333 0.036 0.028
2 0.721333 0.838667 0.037333 0.034667
2 0.744667 0.918333 0.065333 0.087333
2 0.81 0.952 0.065333 0.074667
2 0.644667 0.871667 0.078667 0.088667
2 0.753667 0.363 0.091333 0.088667
2 0.773667 0.466 0.051333 0.069333
2 0.703667 0.437 0.108667 0.083333
2 0.6863330000000001 0.502667 0.059333 0.057333
3 0.747333 0.52 0.06 0.061333
2 0.7146669999999999 0.579333 0.069333 0.057333
3 0.617 0.550667 0.056667 0.066667
2 0.684667 0.634667 0.1 0.096
3 0.634333 0.682 0.072667 0.065333
2 0.571 0.656667 0.059333 0.065333
2 0.562 0.581333 0.066667 0.089333
3 0.619 0.607 0.022 0.026
2 0.683 0.754667 0.052667 0.072
2 0.6226670000000001 0.750667 0.070667 0.086667
3 0.624 0.809667 0.042667 0.038
3 0.575333 0.938667 0.073333 0.096
2 0.486333 0.913333 0.059333 0.064
3 0.45466700000000004 0.837 0.068 0.083333
3 0.43033299999999997 0.908333 0.042 0.048667
3 0.40233300000000005 0.819667 0.042 0.048667
2 0.494 0.633667 0.089333 0.084667
2 0.499333 0.731 0.102667 0.116667
3 0.5509999999999999 0.799333 0.086 0.086667
3 0.525333 0.86 0.065333 0.068
3 0.42533299999999996 0.696667 0.052 0.064
2 0.385 0.728333 0.071333 0.052667
2 0.346333 0.802 0.082 0.092
3 0.31366700000000003 0.953 0.075333 0.082
3 0.276 0.787 0.072 0.091333
3 0.281 0.865333 0.076667 0.076
2 0.24233300000000002 0.907667 0.05 0.042
2 0.19699999999999995 0.979 0.044667 0.042
3 0.18433299999999997 0.921667 0.05 0.05
2 0.207333 0.849333 0.073333 0.094667
2 0.140667 0.84 0.070667 0.101333
2 0.07099999999999995 0.970333 0.048667 0.055333
2 0.06366700000000003 0.902 0.122 0.130667
3 0.027666999999999997 0.860333 0.05 0.052667
2 0.748 0.084667 0.038667 0.065333
2 0.687 0.098667 0.075333 0.076
2 0.687667 0.189667 0.120667 0.139333
1 0.653 0.240333 0.054 0.051333
2 0.631667 0.323667 0.091333 0.118
2 0.597667 0.395333 0.084667 0.108
1 0.555667 0.317 0.056667 0.051333
1 0.525333 0.375333 0.062667 0.068
2 0.542 0.456 0.088 0.097333
1 0.46366700000000005 0.426333 0.083333 0.071333
2 0.484333 0.513667 0.088667 0.084667
2 0.429667 0.492333 0.048667 0.063333
2 0.457333 0.576333 0.112 0.084667
2 0.398667 0.621333 0.068 0.072
2 0.343333 0.668 0.093333 0.068
2 0.27333300000000005 0.7 0.097333 0.078667
2 0.18866700000000003 0.745 0.1 0.086
3 0.11966699999999997 0.747333 0.038 0.054667
3 0.11266699999999996 0.659667 0.090667 0.074
2 0.033667 0.634 0.064667 0.074667
2 0.097333 0.583333 0.065333 0.057333
2 0.162667 0.599333 0.070667 0.044
1 0.23299999999999998 0.557667 0.05 0.055333
2 0.17233299999999996 0.541667 0.079333 0.092667
2 0.10299999999999998 0.518667 0.074 0.074667
2 0.06299999999999994 0.461333 0.112667 0.070667
2 0.06633299999999998 0.394667 0.055333 0.062667
3 0.12166699999999997 0.404333 0.047333 0.076667
2 0.17900000000000005 0.418667 0.083333 0.1
2 0.23633300000000002 0.500667 0.059333 0.056
2 0.255667 0.424333 0.087333 0.099333
2 0.33366700000000005 0.457667 0.056667 0.058
2 0.30233299999999996 0.509 0.07 0.07
2 0.34066700000000005 0.583333 0.037333 0.068
2 0.29833299999999996 0.584 0.058 0.074667
2 0.36066699999999996 0.526 0.064 0.064
2 0.39 0.476333 0.041333 0.059333
1 0.568333 0.243 0.064667 0.087333
1 0.5920000000000001 0.167333 0.065333 0.069333
1 0.523333 0.157 0.077333 0.087333
2 0.562333 0.109 0.052667 0.047333
2 0.534333 0.063333 0.096667 0.094667
2 0.46066700000000005 0.040333 0.053333 0.056667
2 0.405 0.089667 0.116667 0.103333
2 0.432667 0.184667 0.064 0.062667
1 0.46699999999999997 0.289333 0.048667 0.064
2 0.391 0.39 0.119333 0.098667
2 0.38133300000000003 0.324333 0.069333 0.042
2 0.40933299999999995 0.263333 0.082667 0.094667
2 0.32099999999999995 0.075667 0.048667 0.05
2 0.343333 0.157667 0.121333 0.103333
2 0.29400000000000004 0.312333 0.141333 0.118
2 0.31133299999999997 0.232667 0.045333 0.050667
1 0.254667 0.216333 0.06 0.083333
2 0.256667 0.136 0.056 0.068
2 0.229333 0.045667 0.090667 0.087333
2 0.17333299999999996 0.092 0.089333 0.098667
2 0.16833299999999995 0.200333 0.115333 0.115333
2 0.18433299999999997 0.282333 0.058 0.05
1 0.10333300000000001 0.252667 0.062667 0.065333
2 0.090333 0.176667 0.054 0.062667
2 0.086333 0.066667 0.084667 0.096
2 0.03500000000000003 0.239 0.066 0.07
3 0.026000000000000023 0.059 0.044 0.052667
2 0.052000000000000046 0.691667 0.037333 0.031333
2 0.25133300000000003 0.629 0.090667 0.098
3 0.19233299999999998 0.666333 0.080667 0.071333
0 0.11633300000000002 0.974 0.05 0.052
0 0.523 0.237 0.031333 0.054
0 0.586333 0.876 0.042 0.045333
0 0.6066670000000001 0.052333 0.034667 0.05
0 0.6839999999999999 0.048667 0.048 0.033333
0 0.726667 0.296333 0.050667 0.056667
0 0.757333 0.248 0.048 0.056
0 0.804 0.810333 0.041333 0.047333
0 0.9103330000000001 0.353 0.028667 0.040667
0 0.921 0.771 0.038 0.032667
2 0.04133299999999995 0.770333 0.082667 0.088667
1 0.031000000000000028 0.549333 0.062 0.065333
2 0.033332999999999946 0.141333 0.066667 0.110667
2 0.955667 0.075667 0.087333 0.136667
2 0.975667 0.777333 0.047333 0.069333
2 0.9410000000000001 0.982 0.078 0.036
2 0.389667 0.957 0.082 0.086
