2 0.929667 0.936333 0.088667 0.087333
2 0.909667 0.853 0.104667 0.084667
2 0.799333 0.926667 0.12 0.14
2 0.614 0.882 0.118667 0.172
2 0.792333 0.8029999999999999 0.111333 0.092667
2 0.900667 0.744 0.192 0.161333
2 0.48866699999999996 0.895333 0.132 0.166667
2 0.536 0.813 0.106667 0.094
2 0.355333 0.898333 0.096 0.094
2 0.26233300000000004 0.958667 0.087333 0.078667
2 0.11033300000000001 0.949 0.086 0.087333
2 0.15900000000000003 0.874667 0.124667 0.12
2 0.28600000000000003 0.867 0.073333 0.123333
2 0.10533300000000001 0.792 0.073333 0.085333
2 0.17800000000000005 0.773333 0.065333 0.102667
2 0.248 0.753333 0.089333 0.132
2 0.884 0.599 0.141333 0.118
2 0.791667 0.562 0.087333 0.061333
2 0.746333 0.636 0.152667 0.169333
2 0.7376670000000001 0.7046669999999999 0.118 0.201333
2 0.640333 0.730333 0.095333 0.124667
2 0.545667 0.726 0.082 0.082667
2 0.642333 0.624667 0.063333 0.074667
2 0.552667 0.630667 0.098667 0.104
1 0.592333 0.558 0.078 0.061333
2 0.46299999999999997 0.723333 0.075333 0.097333
2 0.479 0.636333 0.056667 0.079333
1 0.48666699999999996 0.552333 0.092 0.088667
2 0.441333 0.603 0.065333 0.043333
2 0.363 0.681667 0.124667 0.186
2 0.372333 0.813667 0.082 0.080667
3 0.23933300000000002 0.862 0.036 0.056
2 0.25633300000000003 0.642 0.094 0.081333
2 0.207333 0.5776669999999999 0.1 0.083333
2 0.13466699999999998 0.595667 0.065333 0.080667
2 0.07833299999999999 0.577333 0.075333 0.108
2 0.309667 0.533667 0.098 0.092667
2 0.20566700000000004 0.498333 0.082 0.083333
2 0.12466699999999997 0.480333 0.068 0.075333
2 0.411667 0.537667 0.091333 0.087333
2 0.898667 0.49266699999999997 0.076 0.086667
2 0.928667 0.43100000000000005 0.130667 0.115333
2 0.823667 0.47166699999999995 0.095333 0.155333
2 0.745 0.489 0.083333 0.082
2 0.766667 0.42133299999999996 0.057333 0.06
2 0.687333 0.41100000000000003 0.106667 0.114
1 0.634667 0.493333 0.109333 0.121333
1 0.544333 0.477333 0.087333 0.133333
2 0.485333 0.46499999999999997 0.08 0.091333
2 0.5740000000000001 0.398667 0.069333 0.070667
2 0.440333 0.385667 0.104667 0.094
1 0.393 0.45366700000000004 0.102 0.108667
2 0.32799999999999996 0.424667 0.070667 0.12
2 0.257667 0.426667 0.078 0.104
2 0.18266700000000002 0.383 0.1 0.096667
2 0.08199999999999996 0.406667 0.090667 0.094667
2 0.903 0.32799999999999996 0.115333 0.112
2 0.943 0.23166699999999996 0.104667 0.083333
2 0.794333 0.32666700000000004 0.095333 0.096
2 0.7130000000000001 0.304667 0.088667 0.104
2 0.827 0.23066699999999996 0.111333 0.104
2 0.849333 0.125 0.110667 0.115333
2 0.742333 0.13566699999999998 0.083333 0.080667
2 0.679333 0.19966700000000004 0.134667 0.111333
2 0.756667 0.049000000000000044 0.070667 0.079333
2 0.628333 0.31000000000000005 0.106 0.104
1 0.5409999999999999 0.28433299999999995 0.052667 0.066
2 0.46866699999999994 0.30600000000000005 0.094667 0.101333
2 0.48266699999999996 0.21399999999999997 0.128 0.098667
2 0.355333 0.28633299999999995 0.14 0.146
2 0.384 0.204333 0.066667 0.051333
2 0.568667 0.09899999999999998 0.053333 0.071333
2 0.463333 0.11133300000000002 0.141333 0.132
2 0.275667 0.294667 0.044667 0.065333
2 0.19166700000000003 0.287667 0.115333 0.09
2 0.08333299999999999 0.28633299999999995 0.088 0.082
2 0.12433300000000003 0.21899999999999997 0.063333 0.058
2 0.04466700000000001 0.17700000000000005 0.089333 0.142
2 0.11933300000000002 0.149667 0.088 0.080667
2 0.19099999999999995 0.20499999999999996 0.060667 0.078
2 0.277667 0.20599999999999996 0.107333 0.106667
2 0.35766699999999996 0.10999999999999999 0.075333 0.106667
2 0.290667 0.08566700000000005 0.102667 0.124667
2 0.211333 0.10866699999999996 0.070667 0.070667
0 0.6763330000000001 0.06733299999999998 0.07 0.072
0 0.141667 0.733 0.039333 0.040667
2 0.17266700000000001 0.060667000000000026 0.174667 0.121333
2 0.980667 0.32799999999999996 0.037333 0.110667
2 0.038000000000000034 0.878333 0.076 0.07
2 0.04833299999999996 0.02200000000000002 0.064667 0.044
