3 0.14600000000000002 0.918667 0.068 0.065333
3 0.06599999999999995 0.922667 0.072 0.076
3 0.24166699999999997 0.888667 0.092667 0.092
2 0.19499999999999995 0.824667 0.127333 0.094667
2 0.08666700000000005 0.807333 0.092 0.137333
2 0.14033300000000004 0.732333 0.104667 0.095333
2 0.237 0.744667 0.078 0.078667
3 0.359 0.8220000000000001 0.072667 0.066667
3 0.453333 0.825333 0.108 0.109333
3 0.382667 0.746 0.066667 0.068
2 0.30900000000000005 0.7476670000000001 0.063333 0.059333
2 0.31799999999999995 0.6803330000000001 0.081333 0.088667
3 0.607 0.786 0.059333 0.069333
3 0.533667 0.776667 0.05 0.06
2 0.512667 0.691333 0.06 0.058667
2 0.228333 0.6553329999999999 0.080667 0.093333
2 0.164667 0.639667 0.069333 0.094
2 0.10833300000000001 0.6146670000000001 0.059333 0.1
2 0.03433299999999995 0.627667 0.068667 0.071333
2 0.05500000000000005 0.5636669999999999 0.086 0.078
2 0.089333 0.499667 0.097333 0.078
2 0.02200000000000002 0.482 0.044 0.065333
2 0.19999999999999996 0.569 0.081333 0.078
2 0.248 0.49766699999999997 0.161333 0.159333
2 0.20499999999999996 0.42800000000000005 0.058 0.073333
2 0.14333300000000004 0.41500000000000004 0.068 0.080667
2 0.41033299999999995 0.5876669999999999 0.075333 0.084667
2 0.32766700000000004 0.584333 0.082 0.086
3 0.484 0.5920000000000001 0.072 0.085333
2 0.467333 0.503 0.092 0.092667
2 0.45266700000000004 0.346 0.124 0.209333
2 0.34299999999999997 0.411667 0.084667 0.084667
2 0.363333 0.33366700000000005 0.072 0.084667
2 0.36 0.258 0.068 0.074667
2 0.28400000000000003 0.32266700000000004 0.082667 0.109333
2 0.19233299999999998 0.357333 0.066 0.054667
2 0.17833299999999996 0.29333299999999995 0.111333 0.096
2 0.099333 0.30100000000000005 0.058667 0.132667
2 0.03533299999999995 0.29900000000000004 0.064 0.123333
2 0.19799999999999995 0.231333 0.072 0.061333
2 0.30000000000000004 0.21766700000000005 0.096 0.106
2 0.254667 0.16833299999999995 0.061333 0.056667
2 0.17966700000000002 0.13866699999999998 0.091333 0.097333
2 0.08533299999999999 0.12866699999999998 0.1 0.108
2 0.261 0.11466699999999996 0.079333 0.069333
2 0.33899999999999997 0.10266699999999995 0.059333 0.066667
2 0.27233300000000005 0.058667000000000025 0.087333 0.076
2 0.879667 0.651667 0.080667 0.064667
2 0.792333 0.64 0.091333 0.092
2 0.697333 0.630333 0.104 0.122
2 0.615333 0.6046670000000001 0.062667 0.065333
2 0.5513330000000001 0.632333 0.088 0.071333
2 0.552 0.525333 0.074667 0.085333
2 0.562333 0.435667 0.084667 0.078
2 0.652333 0.527667 0.083333 0.083333
2 0.748667 0.556333 0.109333 0.088667
2 0.872 0.5760000000000001 0.137333 0.082667
2 0.823667 0.513667 0.09 0.122
2 0.750667 0.46766700000000005 0.072 0.07
2 0.922333 0.49 0.115333 0.110667
2 0.870333 0.41633299999999995 0.086 0.083333
2 0.941333 0.382667 0.116 0.094667
2 0.790333 0.38933300000000004 0.095333 0.090667
2 0.946 0.26833300000000004 0.104 0.082
2 0.866 0.27933300000000005 0.069333 0.104
2 0.788333 0.28700000000000003 0.124667 0.111333
2 0.924 0.18100000000000005 0.133333 0.179333
2 0.809667 0.16400000000000003 0.11 0.106667
2 0.805667 0.07533299999999998 0.076667 0.073333
2 0.7256670000000001 0.18100000000000005 0.075333 0.115333
2 0.653 0.19499999999999995 0.087333 0.082
2 0.615667 0.265 0.086 0.078
2 0.722333 0.07866700000000004 0.082 0.072
2 0.718667 0.022666999999999993 0.066667 0.045333
2 0.634 0.11233300000000002 0.072 0.083333
2 0.501333 0.247 0.114667 0.119333
2 0.553667 0.15100000000000002 0.078 0.088667
2 0.47 0.15500000000000003 0.094667 0.083333
2 0.41633299999999995 0.060667000000000026 0.084667 0.105333
2 0.492333 0.06499999999999995 0.075333 0.127333
2 0.5660000000000001 0.055332999999999966 0.089333 0.108
2 0.680667 0.44266700000000003 0.068 0.066667
2 0.562 0.355 0.072 0.091333
2 0.628 0.365 0.062667 0.119333
2 0.696 0.31466700000000003 0.073333 0.064
2 0.702 0.375333 0.094667 0.073333
0 0.38333300000000003 0.48566699999999996 0.1 0.114
0 0.918 0.917667 0.162667 0.163333
2 0.087333 0.031000000000000028 0.1 0.062
2 0.6533329999999999 0.02633300000000005 0.066667 0.052667
2 0.04166700000000001 0.38433300000000004 0.083333 0.09
2 0.05266700000000002 0.17400000000000004 0.105333 0.133333
0 0.847333 0.861333 0.176 0.216
0 0.7 0.8466670000000001 0.192 0.226667
