2 0.725 0.958667 0.038 0.04
2 0.599333 0.895333 0.046667 0.044
2 0.621667 0.823 0.078 0.086
2 0.641667 0.898333 0.026 0.024667
2 0.689667 0.842 0.060667 0.070667
2 0.736333 0.9053329999999999 0.112667 0.072
2 0.847667 0.817 0.052667 0.082
2 0.755333 0.817667 0.14 0.158
2 0.985333 0.7803329999999999 0.028 0.047333
2 0.939667 0.730333 0.075333 0.075333
2 0.872 0.724 0.034667 0.034667
2 0.955333 0.6413329999999999 0.088 0.093333
2 0.822333 0.667667 0.056667 0.052667
2 0.69 0.6946669999999999 0.070667 0.054667
2 0.7090000000000001 0.637667 0.047333 0.048667
2 0.9390000000000001 0.56 0.054 0.045333
2 0.879667 0.5329999999999999 0.058 0.07
2 0.955667 0.49266699999999997 0.084667 0.072
2 0.896333 0.46199999999999997 0.078 0.061333
2 0.807667 0.486 0.05 0.069333
2 0.758 0.489 0.068 0.079333
2 0.925667 0.38133300000000003 0.027333 0.030667
2 0.8416669999999999 0.381 0.079333 0.074
2 0.911 0.22966699999999995 0.082 0.087333
1 0.925 0.15433300000000005 0.079333 0.056667
2 0.947 0.094333 0.056667 0.047333
1 0.855 0.08799999999999997 0.086 0.093333
2 0.756667 0.11266699999999996 0.101333 0.132
2 0.832667 0.20666700000000005 0.089333 0.125333
1 0.778667 0.26633300000000004 0.072 0.080667
2 0.6906669999999999 0.251667 0.102667 0.115333
2 0.6513329999999999 0.344 0.062667 0.066667
2 0.748 0.34266700000000005 0.105333 0.092
2 0.7006669999999999 0.399667 0.086667 0.07
2 0.619333 0.42033299999999996 0.037333 0.039333
1 0.666667 0.469 0.104 0.080667
1 0.642333 0.545667 0.091333 0.078
2 0.576333 0.491333 0.082 0.110667
2 0.528 0.554333 0.101333 0.09
2 0.605 0.621333 0.080667 0.098667
1 0.516667 0.64 0.109333 0.1
2 0.541667 0.757333 0.140667 0.14
2 0.46266700000000005 0.725 0.065333 0.084667
2 0.41400000000000003 0.802333 0.090667 0.091333
2 0.506 0.843333 0.097333 0.078667
2 0.485333 0.924333 0.094667 0.083333
2 0.360333 0.965667 0.052667 0.048667
2 0.38533300000000004 0.896 0.102667 0.101333
2 0.17633299999999996 0.965667 0.038 0.048667
2 0.11866699999999997 0.937 0.064 0.083333
2 0.04366700000000001 0.929333 0.072667 0.093333
2 0.139 0.863 0.048667 0.056667
2 0.18899999999999995 0.895333 0.051333 0.061333
2 0.270667 0.895333 0.106667 0.110667
2 0.300667 0.818667 0.077333 0.065333
2 0.224333 0.808 0.072667 0.064
2 0.09866699999999995 0.771333 0.090667 0.126667
2 0.08399999999999996 0.6799999999999999 0.028 0.028
2 0.17366700000000002 0.714 0.092667 0.096
2 0.26533300000000004 0.749 0.096 0.09
1 0.343333 0.745333 0.065333 0.074667
2 0.153667 0.621 0.05 0.056667
2 0.21599999999999997 0.632333 0.077333 0.071333
2 0.28133300000000006 0.6533329999999999 0.097333 0.101333
2 0.35366699999999995 0.650333 0.088667 0.107333
2 0.309667 0.5760000000000001 0.048667 0.053333
2 0.37266699999999997 0.563 0.069333 0.076667
2 0.23933300000000002 0.568667 0.072 0.065333
2 0.16233299999999995 0.5509999999999999 0.09 0.086
2 0.19299999999999995 0.46266700000000005 0.115333 0.090667
2 0.10633300000000001 0.44399999999999995 0.042 0.041333
2 0.25133300000000003 0.51 0.085333 0.057333
2 0.42133299999999996 0.5283329999999999 0.066667 0.084667
2 0.33599999999999997 0.51 0.065333 0.070667
2 0.503333 0.46766700000000005 0.069333 0.088667
2 0.548667 0.38033300000000003 0.121333 0.119333
1 0.44166700000000003 0.45166700000000004 0.082 0.092667
1 0.371333 0.43533299999999997 0.064 0.065333
2 0.27833300000000005 0.42533299999999996 0.083333 0.078667
2 0.467333 0.359333 0.08 0.089333
2 0.36866699999999997 0.360333 0.138667 0.115333
2 0.300667 0.324333 0.041333 0.052667
2 0.593667 0.251667 0.07 0.071333
2 0.602 0.18533299999999997 0.069333 0.065333
2 0.638667 0.12366699999999997 0.096 0.082
2 0.6493329999999999 0.044332999999999956 0.089333 0.080667
2 0.565333 0.07399999999999995 0.073333 0.070667
2 0.471333 0.06966700000000003 0.092 0.104667
2 0.5303329999999999 0.12533300000000003 0.11 0.076
2 0.5103329999999999 0.20566700000000004 0.111333 0.09
2 0.488 0.274667 0.097333 0.092
2 0.389667 0.24733300000000003 0.119333 0.14
2 0.31266700000000003 0.23833300000000002 0.070667 0.116667
2 0.22766699999999995 0.34199999999999997 0.074 0.073333
2 0.21399999999999997 0.402667 0.04 0.036
2 0.14500000000000002 0.37166699999999997 0.075333 0.080667
2 0.057667000000000024 0.25933300000000004 0.091333 0.1
2 0.156667 0.26 0.098667 0.145333
2 0.23833300000000002 0.24133300000000002 0.078 0.108
2 0.20499999999999996 0.15033300000000005 0.088667 0.082
2 0.313333 0.088333 0.074667 0.083333
2 0.31699999999999995 0.027000000000000024 0.07 0.054
2 0.236 0.07499999999999996 0.078667 0.084667
2 0.15033300000000005 0.05300000000000005 0.083333 0.09
2 0.123 0.12733300000000003 0.060667 0.056
2 0.06333299999999997 0.07833299999999999 0.1 0.120667
0 0.38733300000000004 0.048667000000000016 0.078667 0.093333
0 0.380667 0.15533300000000005 0.072 0.054667
0 0.08133299999999999 0.170667 0.069333 0.073333
0 0.447333 0.152667 0.056 0.041333
0 0.693667 0.15433300000000005 0.047333 0.040667
0 0.973333 0.206333 0.052 0.044667
0 0.589333 0.30433299999999996 0.074667 0.058
0 0.800333 0.431667 0.060667 0.042
0 0.471333 0.566667 0.048 0.037333
0 0.7783329999999999 0.6433329999999999 0.032667 0.032
0 0.910667 0.6583330000000001 0.045333 0.035333
0 0.751667 0.745 0.054 0.044667
0 0.692 0.768667 0.061333 0.052
0 0.43133299999999997 0.679667 0.064 0.076667
0 0.03200000000000003 0.77 0.041333 0.056
0 0.967667 0.827333 0.051333 0.044
0 0.871667 0.927 0.043333 0.046
0 0.628 0.944 0.048 0.044
2 0.801333 0.030667 0.113333 0.057333
2 0.901667 0.03300000000000003 0.095333 0.064667
2 0.45099999999999996 0.975667 0.112667 0.047333
2 0.05366700000000002 0.380667 0.079333 0.097333
