3 0.094333 0.772667 0.046 0.053333
3 0.131 0.613 0.05 0.042
3 0.046 0.511333 0.090667 0.077333
3 0.142333 0.521333 0.07 0.074667
2 0.041333 0.587 0.081333 0.076667
3 0.218667 0.562 0.074667 0.06
2 0.294 0.612 0.028 0.032
2 0.278333 0.681667 0.058 0.048667
2 0.462333 0.810333 0.046 0.044667
2 0.422667 0.735667 0.066667 0.079333
2 0.502667 0.749 0.090667 0.086
3 0.596333 0.816667 0.044667 0.032
3 0.609333 0.762667 0.066667 0.066667
3 0.63 0.689333 0.061333 0.061333
3 0.47 0.663 0.069333 0.088667
2 0.487 0.592667 0.019333 0.021333
3 0.376333 0.647667 0.048667 0.072667
3 0.394333 0.574 0.076667 0.061333
3 0.422333 0.494 0.071333 0.076
3 0.566 0.611667 0.050667 0.047333
3 0.344333 0.445 0.079333 0.083333
3 0.324333 0.54 0.083333 0.088
3 0.253667 0.470333 0.091333 0.082
3 0.267333 0.380333 0.058667 0.056667
3 0.187 0.431 0.055333 0.07
3 0.147667 0.430333 0.052667 0.09
3 0.038333 0.393333 0.047333 0.074667
3 0.09 0.398333 0.065333 0.09
3 0.120333 0.246333 0.091333 0.080667
3 0.047333 0.112333 0.078667 0.09
3 0.087 0.046333 0.055333 0.05
3 0.164 0.071 0.045333 0.052667
3 0.239667 0.084333 0.080667 0.076667
3 0.237 0.172333 0.086 0.083333
3 0.213 0.267667 0.088667 0.092667
3 0.190333 0.346 0.120667 0.102667
3 0.330667 0.121 0.098667 0.119333
3 0.427333 0.146 0.096 0.128
3 0.496333 0.168667 0.05 0.061333
3 0.365333 0.375333 0.032 0.038667
3 0.377333 0.283 0.102667 0.138
2 0.464667 0.310667 0.086667 0.096
2 0.443333 0.406 0.101333 0.105333
3 0.549333 0.318667 0.084 0.1
3 0.539 0.408667 0.095333 0.086667
3 0.524333 0.495 0.088667 0.083333
3 0.523 0.081667 0.063333 0.084667
3 0.604 0.053667 0.073333 0.087333
3 0.802333 0.032333 0.078 0.060667
3 0.863333 0.064 0.056 0.064
3 0.944 0.056 0.094667 0.110667
3 0.777 0.102333 0.080667 0.076667
3 0.755333 0.217 0.032 0.024667
3 0.743333 0.258 0.034667 0.037333
3 0.668 0.158333 0.104 0.082
3 0.841 0.144333 0.094 0.09
3 0.920333 0.137333 0.055333 0.065333
2 0.915333 0.217 0.088 0.086
3 0.827333 0.241333 0.1 0.096
3 0.648333 0.238333 0.115333 0.084667
3 0.638 0.313667 0.094667 0.092667
3 0.727333 0.322667 0.066667 0.058667
3 0.886 0.297667 0.096 0.060667
3 0.964333 0.335333 0.071333 0.1
3 0.887333 0.395 0.096 0.080667
3 0.794667 0.382333 0.098667 0.088667
3 0.715333 0.402 0.073333 0.069333
3 0.789667 0.461333 0.063333 0.069333
3 0.852 0.487 0.1 0.079333
2 0.942667 0.451333 0.069333 0.062667
3 0.929333 0.519333 0.076 0.068
3 0.898667 0.580667 0.076 0.066667
3 0.966 0.607333 0.061333 0.064
3 0.826 0.568667 0.066667 0.066667
3 0.869333 0.639667 0.06 0.048667
3 0.795 0.649 0.05 0.055333
3 0.933667 0.709 0.132667 0.144667
3 0.779 0.707333 0.051333 0.038667
2 0.705667 0.683667 0.028667 0.014
2 0.709667 0.707333 0.028667 0.022667
3 0.659667 0.622 0.092667 0.078667
3 0.687333 0.546333 0.073333 0.075333
3 0.750667 0.544 0.058667 0.076
3 0.7 0.469667 0.098667 0.088667
3 0.607667 0.453 0.083333 0.083333
3 0.593667 0.541333 0.119333 0.096
0 0.735333 0.798333 0.144 0.152667
0 0.849 0.852667 0.156667 0.192
0 0.074 0.906 0.146667 0.188
0 0.324667 0.944667 0.181333 0.110667
0 0.250333 0.854 0.206 0.270667
0 0.949333 0.828333 0.068 0.066
0 0.772667 0.600333 0.072 0.059333
0 0.455667 0.579667 0.043333 0.047333
0 0.769 0.298667 0.043333 0.036
0 0.547667 0.188 0.047333 0.064
0 0.685 0.106 0.028667 0.033333
3 0.023 0.653667 0.043333 0.079333
2 0.023667 0.320333 0.046 0.071333
2 0.030667 0.238 0.06 0.102667
3 0.287333 0.025667 0.117333 0.048667
2 0.538667 0.023333 0.057333 0.042667
2 0.975667 0.235667 0.048667 0.079333
