2 0.260667 0.062667 0.1 0.066667
2 0.247 0.107333 0.051333 0.038667
2 0.237333 0.149 0.073333 0.058
2 0.152 0.085 0.089333 0.078
2 0.068333 0.113667 0.079333 0.084667
2 0.133333 0.172667 0.109333 0.097333
2 0.035333 0.202 0.066667 0.061333
2 0.092333 0.235333 0.075333 0.069333
2 0.076 0.300333 0.1 0.052667
2 0.183 0.297333 0.083333 0.069333
3 0.223 0.23 0.036667 0.037333
3 0.284 0.196667 0.038667 0.037333
2 0.067 0.331333 0.048667 0.032
2 0.048667 0.367333 0.096 0.096
2 0.033333 0.435 0.057333 0.042
2 0.127 0.443 0.080667 0.079333
2 0.103667 0.526 0.083333 0.088
2 0.085333 0.600333 0.074667 0.07
3 0.057667 0.672 0.088667 0.076
2 0.159 0.631667 0.078 0.084667
2 0.114667 0.781667 0.110667 0.102
2 0.075667 0.869333 0.063333 0.065333
2 0.053333 0.938667 0.069333 0.068
2 0.157 0.863667 0.087333 0.115333
2 0.232 0.855333 0.076 0.068
2 0.271667 0.922333 0.114 0.119333
2 0.192667 0.967667 0.036 0.038
2 0.320333 0.781 0.078 0.108667
2 0.236 0.756 0.096 0.128
2 0.226667 0.638333 0.065333 0.082
2 0.294 0.666333 0.072 0.082
3 0.343333 0.692 0.032 0.038667
2 0.360333 0.655 0.05 0.051333
2 0.264333 0.559667 0.047333 0.054
3 0.311 0.578 0.043333 0.058667
3 0.386 0.570667 0.096 0.093333
2 0.478667 0.583 0.036 0.038
3 0.414667 0.496333 0.058667 0.060667
2 0.336667 0.515 0.061333 0.054
2 0.364333 0.433667 0.05 0.052667
3 0.315333 0.404 0.076 0.068
2 0.189667 0.493 0.072667 0.084667
2 0.207667 0.415667 0.067333 0.063333
2 0.245667 0.334 0.082 0.097333
3 0.331 0.323333 0.086 0.081333
3 0.342333 0.243667 0.075333 0.080667
2 0.369667 0.155 0.043333 0.054
3 0.446667 0.111 0.064 0.079333
2 0.474333 0.042667 0.067333 0.057333
2 0.491667 0.126667 0.028667 0.036
2 0.414 0.216333 0.034667 0.038
2 0.464 0.204667 0.076 0.064
2 0.409667 0.272667 0.043333 0.058667
3 0.457667 0.274667 0.048667 0.070667
2 0.389667 0.358 0.044667 0.054667
3 0.436333 0.351667 0.056667 0.075333
3 0.445 0.681667 0.083333 0.087333
2 0.423667 0.758667 0.038 0.044
3 0.527667 0.687 0.054 0.082
2 0.538 0.367 0.102667 0.106
3 0.541 0.266333 0.075333 0.054
2 0.584667 0.094 0.065333 0.065333
2 0.574333 0.134 0.036667 0.033333
2 0.561667 0.195667 0.086 0.084667
3 0.665333 0.075 0.078667 0.084667
2 0.759 0.074 0.086 0.072
3 0.729667 0.165667 0.044667 0.044667
2 0.852667 0.07 0.032 0.028
2 0.869333 0.120333 0.076 0.048667
2 0.970333 0.180667 0.059333 0.08
2 0.865333 0.192 0.126667 0.094667
2 0.841667 0.254667 0.028667 0.030667
2 0.930667 0.243333 0.06 0.044
3 0.932 0.298333 0.093333 0.068667
3 0.723 0.218667 0.075333 0.066667
2 0.631333 0.222 0.102667 0.093333
2 0.641 0.311 0.039333 0.043333
3 0.707 0.318 0.056667 0.065333
3 0.71 0.383 0.062667 0.074
2 0.626333 0.382333 0.095333 0.091333
2 0.645333 0.442667 0.038667 0.042667
3 0.679333 0.476667 0.062667 0.056
3 0.591667 0.479 0.087333 0.074
2 0.521333 0.507333 0.038667 0.036
3 0.514667 0.752667 0.046667 0.04
2 0.614 0.667 0.057333 0.05
2 0.679333 0.709333 0.076 0.090667
2 0.828 0.339333 0.101333 0.077333
3 0.898 0.346 0.066667 0.038667
3 0.899333 0.392667 0.08 0.065333
3 0.968333 0.405667 0.063333 0.060667
3 0.948 0.447667 0.064 0.042
3 0.917333 0.487333 0.089333 0.076
2 0.788 0.415 0.094667 0.068667
2 0.764667 0.497667 0.094667 0.080667
2 0.737 0.570333 0.080667 0.076667
2 0.658333 0.524 0.062 0.044
2 0.652333 0.563 0.044667 0.042
2 0.627333 0.597 0.061333 0.043333
2 0.691667 0.647 0.018 0.020667
2 0.881333 0.576667 0.041333 0.041333
2 0.818 0.605333 0.093333 0.088
2 0.883333 0.663 0.101333 0.078
2 0.779667 0.685333 0.111333 0.097333
2 0.843333 0.734333 0.070667 0.071333
2 0.921667 0.739667 0.075333 0.084667
2 0.758333 0.767 0.092667 0.094
3 0.812667 0.822667 0.076 0.072
3 0.884667 0.823333 0.068 0.073333
2 0.954333 0.877 0.040667 0.055333
2 0.889667 0.908667 0.086 0.097333
2 0.928 0.965333 0.08 0.069333
2 0.800667 0.923333 0.105333 0.106667
2 0.727 0.847667 0.091333 0.080667
2 0.710333 0.929 0.083333 0.084667
2 0.640333 0.869333 0.084667 0.101333
2 0.580667 0.765 0.057333 0.051333
2 0.532667 0.796333 0.053333 0.044667
2 0.479 0.842 0.087333 0.128
2 0.567 0.845667 0.082 0.11
3 0.597333 0.954 0.070667 0.06
2 0.423333 0.964667 0.065333 0.070667
2 0.376333 0.924 0.026 0.030667
2 0.393 0.833 0.074 0.084667
2 0.866667 0.526 0.021333 0.026667
3 0.488333 0.273333 0.027333 0.034667
2 0.487667 0.224 0.040667 0.058667
0 0.665 0.770667 0.075333 0.050667
0 0.595 0.541 0.044667 0.048667
0 0.202 0.568 0.072 0.062667
0 0.253 0.504 0.051333 0.046667
0 0.277 0.457333 0.032667 0.032
0 0.419 0.431333 0.038 0.030667
0 0.498 0.453 0.028 0.040667
0 0.784667 0.267667 0.092 0.114
0 0.603333 0.297 0.042667 0.043333
0 0.351 0.125667 0.054 0.043333
0 0.747333 0.125333 0.061333 0.041333
0 0.091 0.058333 0.047333 0.052667
2 0.509667 0.969333 0.083333 0.061333
2 0.030667 0.76 0.06 0.102667
2 0.025333 0.031 0.049333 0.060667
2 0.239333 0.022 0.076 0.042667
2 0.614333 0.029667 0.064667 0.058
2 0.77 0.022 0.065333 0.042667
2 0.983 0.506333 0.034 0.044667
2 0.968333 0.578 0.063333 0.08
2 0.973667 0.769 0.052667 0.092667
2 0.817 0.977667 0.063333 0.043333
