3 0.446333 0.789333 0.055333 0.053333
3 0.17200000000000004 0.465 0.073333 0.059333
2 0.41300000000000003 0.364667 0.052667 0.032
2 0.5449999999999999 0.353 0.044667 0.047333
2 0.587333 0.265667 0.06 0.072667
2 0.510667 0.286333 0.069333 0.080667
3 0.40133300000000005 0.309333 0.073333 0.057333
3 0.375 0.234667 0.071333 0.062667
2 0.303667 0.243 0.022 0.018
2 0.298667 0.265667 0.024 0.024667
3 0.25 0.225333 0.024 0.02
3 0.206333 0.202333 0.058 0.054
3 0.13466699999999998 0.2 0.073333 0.065333
3 0.100333 0.142667 0.083333 0.090667
3 0.06466700000000003 0.06 0.074667 0.058667
3 0.09799999999999998 0.085333 0.044 0.028
3 0.152667 0.046333 0.093333 0.072667
3 0.16800000000000004 0.121333 0.068 0.072
3 0.24666699999999997 0.087333 0.072 0.068
3 0.31599999999999995 0.072333 0.066667 0.083333
3 0.40833299999999995 0.065 0.115333 0.104667
3 0.596333 0.095333 0.083333 0.093333
2 0.511667 0.137333 0.019333 0.026667
3 0.5283329999999999 0.199 0.075333 0.083333
3 0.344333 0.157333 0.092667 0.092
2 0.28233299999999995 0.160667 0.019333 0.024
3 0.43400000000000005 0.152333 0.053333 0.046
3 0.626333 0.173 0.068667 0.082
2 0.707667 0.144667 0.027333 0.033333
3 0.670667 0.055667 0.065333 0.083333
2 0.777667 0.079667 0.076667 0.088667
3 0.873667 0.124667 0.048667 0.052
3 0.732667 0.202 0.044 0.038667
0 0.913333 0.843667 0.154667 0.142
0 0.900667 0.952333 0.126667 0.095333
0 0.788 0.928667 0.130667 0.110667
0 0.5529999999999999 0.887667 0.191333 0.166
0 0.33266700000000005 0.862667 0.1 0.104
0 0.277 0.902333 0.263333 0.195333
0 0.10333300000000001 0.726667 0.092 0.096
0 0.16633299999999995 0.704667 0.104667 0.132
0 0.31266700000000003 0.746667 0.098667 0.121333
0 0.409667 0.717 0.120667 0.119333
0 0.556333 0.766 0.143333 0.108
0 0.7663329999999999 0.718667 0.132667 0.134667
0 0.752333 0.607333 0.102 0.101333
0 0.652333 0.68 0.106 0.109333
0 0.61 0.597 0.092 0.103333
0 0.528 0.653333 0.116 0.136
0 0.41600000000000004 0.605 0.101333 0.126
0 0.07599999999999996 0.632667 0.12 0.137333
0 0.147667 0.374333 0.13 0.15
0 0.26933300000000004 0.354333 0.146667 0.164667
0 0.739 0.832333 0.098 0.122
0 0.881 0.732 0.096667 0.085333
0 0.870333 0.659333 0.112667 0.089333
0 0.8220000000000001 0.498333 0.126667 0.135333
0 0.695333 0.422333 0.186667 0.152667
0 0.757 0.302333 0.223333 0.194
0 0.55 0.126333 0.04 0.043333
0 0.23466699999999996 0.140667 0.057333 0.061333
2 0.957 0.070667 0.079333 0.096
2 0.948333 0.034 0.099333 0.064
3 0.856 0.039667 0.097333 0.072667
3 0.5816669999999999 0.027333 0.082 0.053333
3 0.482333 0.028333 0.095333 0.055333
3 0.21299999999999997 0.034 0.086 0.061333
3 0.023333000000000048 0.098667 0.046667 0.072
