2 0.058 0.919 0.054667 0.052667
2 0.154667 0.955333 0.074667 0.068
2 0.104667 0.786667 0.072 0.066667
2 0.103667 0.865333 0.076667 0.088
2 0.176 0.797667 0.062667 0.05
2 0.159333 0.856333 0.034667 0.044667
2 0.189333 0.886 0.077333 0.073333
2 0.252333 0.822667 0.09 0.072
2 0.272667 0.927 0.102667 0.124667
2 0.329333 0.858333 0.069333 0.082
2 0.368 0.946667 0.098667 0.105333
2 0.056667 0.481 0.098667 0.088667
2 0.146667 0.512667 0.062667 0.062667
2 0.213 0.546333 0.042 0.05
2 0.269 0.5680000000000001 0.074 0.073333
2 0.338 0.612333 0.130667 0.107333
2 0.445 0.650667 0.078 0.1
2 0.532333 0.663 0.094 0.114
2 0.602333 0.6966669999999999 0.082 0.097333
2 0.675 0.714 0.082 0.098667
2 0.785 0.755333 0.114 0.096
2 0.825333 0.7146669999999999 0.072 0.058667
2 0.780333 0.650667 0.056667 0.050667
2 0.926 0.751333 0.062667 0.06
2 0.940667 0.952 0.064 0.074667
2 0.894333 0.85 0.087333 0.096
2 0.854667 0.945333 0.1 0.105333
2 0.770333 0.929 0.082 0.087333
2 0.813667 0.851333 0.087333 0.098667
2 0.731667 0.828667 0.092667 0.105333
2 0.679333 0.916667 0.097333 0.109333
2 0.649 0.802 0.067333 0.056
2 0.555 0.773333 0.079333 0.070667
2 0.601667 0.88 0.083333 0.108
2 0.534 0.925 0.066667 0.064667
2 0.497667 0.853333 0.119333 0.122667
2 0.412333 0.811667 0.084667 0.091333
2 0.471 0.754 0.088667 0.093333
2 0.386 0.711667 0.068 0.088667
2 0.334333 0.772 0.082 0.106667
2 0.237333 0.741 0.104 0.091333
2 0.143667 0.709667 0.083333 0.079333
2 0.06 0.6639999999999999 0.028 0.026667
2 0.058667 0.588333 0.044 0.042
2 0.128333 0.606333 0.124667 0.124667
2 0.211333 0.646 0.108 0.093333
3 0.294333 0.677 0.056667 0.044667
3 0.104 0.22699999999999998 0.096 0.094
3 0.186667 0.258 0.041333 0.065333
2 0.258333 0.266 0.082 0.12
2 0.425333 0.32499999999999996 0.161333 0.156667
2 0.526667 0.35366699999999995 0.072 0.080667
2 0.581667 0.374667 0.054 0.065333
2 0.643333 0.364333 0.074667 0.080667
3 0.751 0.391667 0.020667 0.028667
3 0.840667 0.41900000000000004 0.050667 0.05
2 0.928 0.359 0.102667 0.072667
2 0.920667 0.426667 0.104 0.068
2 0.831667 0.48666699999999996 0.079333 0.074667
2 0.874 0.657667 0.072 0.072667
2 0.850667 0.567333 0.133333 0.1
2 0.919667 0.537667 0.086 0.112667
2 0.722 0.633 0.070667 0.082
2 0.761 0.499333 0.079333 0.105333
2 0.708667 0.527 0.122667 0.139333
2 0.651667 0.610333 0.080667 0.108667
2 0.611333 0.477 0.072 0.075333
2 0.576667 0.5800000000000001 0.110667 0.130667
2 0.477667 0.554333 0.082 0.09
2 0.537333 0.471333 0.070667 0.1
2 0.458333 0.44866700000000004 0.115333 0.106667
2 0.405333 0.523 0.073333 0.091333
2 0.066333 0.40533300000000005 0.082 0.06
2 0.013667 0.39033300000000004 0.026 0.028667
2 0.070333 0.32899999999999996 0.084667 0.09
2 0.147667 0.346333 0.083333 0.080667
2 0.152667 0.438333 0.068 0.091333
2 0.229 0.46099999999999997 0.092667 0.107333
2 0.218667 0.366333 0.069333 0.084667
2 0.307333 0.37933300000000003 0.113333 0.126667
2 0.318 0.5 0.101333 0.109333
2 0.017667 0.12833300000000003 0.026 0.055333
2 0.025333 0.050000000000000044 0.044 0.057333
2 0.052667 0.13166699999999998 0.04 0.048667
2 0.103333 0.13333300000000003 0.066667 0.088
2 0.127 0.05233299999999996 0.15 0.104667
2 0.225333 0.090333 0.041333 0.043333
2 0.182333 0.157667 0.100667 0.096667
2 0.251667 0.17566700000000002 0.044667 0.044667
2 0.296333 0.11566699999999996 0.047333 0.052667
2 0.321333 0.18933299999999997 0.089333 0.094667
2 0.357333 0.12066699999999997 0.08 0.065333
2 0.365 0.07366700000000004 0.064667 0.051333
2 0.351 0.028666999999999998 0.074 0.057333
2 0.433667 0.04700000000000004 0.088667 0.094
2 0.455 0.12433300000000003 0.084667 0.091333
2 0.388667 0.20466700000000004 0.106667 0.102667
2 0.484333 0.21299999999999997 0.079333 0.091333
2 0.584 0.261667 0.064 0.072667
2 0.518333 0.057667000000000024 0.091333 0.103333
2 0.542 0.160667 0.086667 0.102667
2 0.598333 0.19233299999999998 0.084667 0.080667
2 0.647667 0.16100000000000003 0.075333 0.09
2 0.602 0.09599999999999997 0.072 0.073333
2 0.683 0.099333 0.071333 0.086667
2 0.719667 0.031667 0.078 0.063333
2 0.713 0.19599999999999995 0.075333 0.098667
2 0.715 0.29233299999999995 0.102 0.094
2 0.809 0.32366700000000004 0.086 0.11
1 0.783667 0.211333 0.116667 0.104
2 0.838 0.132 0.172 0.124
2 0.901 0.057667000000000024 0.079333 0.103333
2 0.879667 0.22799999999999998 0.088667 0.098667
0 0.881 0.30100000000000005 0.054 0.064667
0 0.927 0.6986669999999999 0.056667 0.050667
0 0.962667 0.626667 0.045333 0.045333
0 0.821333 0.6643330000000001 0.057333 0.07
0 0.725 0.708 0.031333 0.036
0 0.708667 0.39 0.050667 0.070667
0 0.657667 0.25533300000000003 0.094 0.102667
0 0.522333 0.26333300000000004 0.087333 0.108
0 0.6 0.960333 0.049333 0.05
0 0.389333 0.849667 0.046667 0.051333
0 0.314667 0.27733300000000005 0.077333 0.090667
0 0.247667 0.12166699999999997 0.034 0.031333
0 0.049667 0.23166699999999996 0.048667 0.076667
2 0.966333 0.05566700000000002 0.063333 0.111333
2 0.959333 0.16833299999999995 0.081333 0.096667
2 0.951 0.265667 0.098 0.122
2 0.972 0.777 0.056 0.09
2 0.963667 0.870667 0.072667 0.078667
2 0.037 0.764333 0.072667 0.13
2 0.273 0.039000000000000035 0.075333 0.078
