2 0.918667 0.068333 0.077333 0.075333
2 0.827 0.066333 0.044667 0.048667
2 0.950667 0.143667 0.072 0.080667
2 0.859 0.126 0.032667 0.034667
2 0.880667 0.181667 0.04 0.056667
2 0.771333 0.101333 0.030667 0.029333
2 0.801333 0.177333 0.065333 0.068
2 0.798667 0.129667 0.021333 0.016667
2 0.8220000000000001 0.25 0.073333 0.065333
2 0.976333 0.226667 0.043333 0.041333
2 0.904 0.278667 0.070667 0.068
2 0.855 0.347667 0.052667 0.047333
2 0.923667 0.355 0.087333 0.084667
2 0.943 0.427 0.046 0.052667
2 0.869333 0.430667 0.068 0.066667
2 0.799333 0.444 0.072 0.101333
3 0.761333 0.365667 0.101333 0.099333
3 0.756333 0.291333 0.075333 0.048
2 0.729 0.232333 0.051333 0.055333
2 0.721 0.149 0.079333 0.096667
2 0.750667 0.035667 0.041333 0.056667
2 0.697333 0.058667 0.093333 0.092
2 0.627 0.104 0.096667 0.070667
3 0.593667 0.061667 0.039333 0.05
2 0.5203329999999999 0.067667 0.083333 0.104667
3 0.547667 0.143 0.047333 0.051333
2 0.629 0.195333 0.107333 0.106667
2 0.56 0.212 0.065333 0.070667
2 0.5700000000000001 0.280333 0.028 0.028667
2 0.577 0.314333 0.022 0.024667
2 0.675 0.257333 0.074 0.074667
2 0.675 0.338667 0.064667 0.070667
3 0.886333 0.497667 0.046 0.042
2 0.736667 0.478667 0.061333 0.06
3 0.442333 0.097667 0.039333 0.036667
2 0.400667 0.191667 0.066667 0.082
2 0.46966699999999995 0.166333 0.079333 0.084667
2 0.493 0.247 0.107333 0.084667
3 0.42300000000000004 0.284667 0.047333 0.037333
2 0.505 0.316667 0.080667 0.068
3 0.44099999999999995 0.362 0.063333 0.06
2 0.418667 0.419 0.022667 0.020667
3 0.527 0.395667 0.060667 0.059333
3 0.544333 0.474 0.038 0.038667
3 0.6273329999999999 0.449 0.066667 0.05
2 0.648 0.517 0.094667 0.094
2 0.6603330000000001 0.579 0.055333 0.046
2 0.734667 0.527333 0.048 0.037333
2 0.749333 0.563667 0.066667 0.038
3 0.909667 0.560667 0.102 0.070667
3 0.961667 0.517 0.072667 0.080667
2 0.848333 0.599667 0.087333 0.082
2 0.772 0.633667 0.093333 0.094
3 0.9319999999999999 0.634333 0.076 0.062
2 0.696333 0.648333 0.044667 0.038
3 0.873333 0.691333 0.101333 0.090667
2 0.687667 0.704667 0.09 0.077333
2 0.618333 0.733333 0.048667 0.065333
2 0.574333 0.797333 0.044667 0.041333
2 0.638667 0.808 0.06 0.048
3 0.597333 0.887 0.057333 0.054
2 0.5589999999999999 0.908667 0.027333 0.030667
3 0.661667 0.863667 0.072667 0.074
2 0.733333 0.840667 0.06 0.061333
3 0.707667 0.776 0.07 0.06
2 0.793667 0.766333 0.078 0.079333
2 0.819667 0.827 0.054 0.047333
2 0.958333 0.765667 0.056667 0.047333
2 0.895333 0.778667 0.097333 0.070667
2 0.937 0.905333 0.088667 0.065333
2 0.928333 0.961 0.048667 0.044667
2 0.832667 0.895333 0.041333 0.029333
2 0.753 0.911 0.087333 0.09
2 0.6799999999999999 0.950333 0.066667 0.078
3 0.255667 0.034333 0.051333 0.040667
2 0.28600000000000003 0.108 0.124 0.112
2 0.17900000000000005 0.06 0.09 0.105333
2 0.10399999999999998 0.081 0.068 0.078
2 0.057667000000000024 0.16 0.114 0.077333
2 0.031667 0.088 0.063333 0.056
3 0.155667 0.179 0.043333 0.054
2 0.21299999999999997 0.153333 0.075333 0.094667
2 0.30200000000000005 0.195 0.092 0.083333
3 0.230333 0.251 0.09 0.074
2 0.08466700000000005 0.236333 0.114667 0.075333
2 0.11399999999999999 0.316667 0.106667 0.068
2 0.055332999999999966 0.348333 0.037333 0.035333
2 0.20899999999999996 0.320667 0.078 0.065333
2 0.32166700000000004 0.282333 0.080667 0.07
3 0.346333 0.351667 0.052667 0.055333
2 0.35766699999999996 0.433 0.07 0.082
3 0.36566699999999996 0.499 0.047333 0.044667
2 0.20399999999999996 0.395 0.096 0.091333
2 0.13333300000000003 0.390667 0.048 0.050667
2 0.06266700000000003 0.412333 0.093333 0.084667
2 0.10266699999999995 0.490667 0.073333 0.064
3 0.162667 0.476667 0.062667 0.058667
2 0.237 0.468333 0.114 0.072667
2 0.11733300000000002 0.574 0.122667 0.094667
2 0.08766700000000005 0.660667 0.082 0.068
2 0.15633300000000006 0.634333 0.05 0.051333
2 0.20699999999999996 0.604333 0.059333 0.052667
2 0.250667 0.543 0.1 0.084667
2 0.26933300000000004 0.62 0.062667 0.069333
2 0.31599999999999995 0.583 0.058667 0.064667
2 0.37066699999999997 0.580333 0.042667 0.043333
2 0.291667 0.687 0.056667 0.054
2 0.16933299999999996 0.711 0.073333 0.079333
2 0.04366700000000001 0.759667 0.075333 0.082
3 0.12666699999999997 0.778 0.032 0.041333
2 0.052000000000000046 0.845333 0.056 0.06
2 0.08599999999999997 0.912 0.057333 0.062667
2 0.16533299999999995 0.919667 0.06 0.083333
2 0.19699999999999995 0.793333 0.051333 0.072
3 0.5223329999999999 0.586333 0.059333 0.05
2 0.46599999999999997 0.595333 0.061333 0.062667
2 0.405667 0.632333 0.092667 0.072667
2 0.335333 0.637333 0.041333 0.042667
2 0.35566699999999996 0.693 0.043333 0.054
2 0.27333300000000005 0.765 0.098667 0.098
2 0.22799999999999998 0.852333 0.062667 0.056667
2 0.281667 0.876 0.054 0.068
3 0.24166699999999997 0.921667 0.064667 0.051333
2 0.597333 0.634 0.098667 0.1
2 0.527 0.626667 0.027333 0.028
2 0.544667 0.693333 0.065333 0.064
2 0.477 0.670333 0.072667 0.09
2 0.41400000000000003 0.699 0.062667 0.058
2 0.368 0.756667 0.062667 0.06
2 0.432667 0.751667 0.036 0.042
2 0.5063329999999999 0.772667 0.055333 0.053333
2 0.442333 0.806667 0.060667 0.057333
2 0.38333300000000003 0.837333 0.068 0.076
3 0.47366699999999995 0.854 0.051333 0.042667
2 0.34566699999999995 0.923333 0.076667 0.078667
2 0.422667 0.910333 0.069333 0.086
2 0.477 0.935 0.083333 0.094
0 0.852 0.950333 0.068 0.056667
0 0.576667 0.978333 0.028 0.034
0 0.229333 0.676667 0.046667 0.056
0 0.48966699999999996 0.51 0.052667 0.044
0 0.8220000000000001 0.484333 0.04 0.039333
0 0.834 0.523333 0.029333 0.033333
0 0.30400000000000005 0.356 0.030667 0.034667
0 0.593 0.386 0.035333 0.034667
0 0.619667 0.297 0.068667 0.075333
0 0.16533299999999995 0.259667 0.052 0.064667
0 0.862 0.064667 0.034667 0.053333
0 0.374667 0.093333 0.086667 0.065333
2 0.11966699999999997 0.978333 0.074 0.043333
2 0.250667 0.970333 0.085333 0.059333
2 0.374333 0.973 0.066 0.054
2 0.773667 0.969 0.084667 0.060667
2 0.9696670000000001 0.845 0.059333 0.079333
2 0.980667 0.578667 0.037333 0.044
2 0.983667 0.312333 0.028667 0.059333
2 0.429667 0.031 0.088667 0.060667
2 0.031667 0.268 0.063333 0.090667
2 0.028333000000000053 0.471667 0.055333 0.079333
2 0.03733299999999995 0.567667 0.070667 0.111333
2 0.029667 0.681 0.059333 0.066
2 0.016000000000000014 0.945 0.032 0.038
2 0.97 0.947333 0.058667 0.098667
