2 0.933 0.077333 0.09 0.105333
2 0.854 0.082667 0.097333 0.078667
2 0.861333 0.160667 0.085333 0.078667
2 0.948 0.177667 0.102667 0.098
2 0.881 0.250667 0.15 0.104
2 0.876 0.323667 0.066667 0.051333
2 0.816667 0.299333 0.065333 0.054667
2 0.957667 0.343667 0.063333 0.063333
2 0.968333 0.411333 0.062 0.074667
2 0.896333 0.397333 0.09 0.092
1 0.839333 0.413333 0.04 0.044
2 0.822667 0.456667 0.064 0.044
2 0.827 0.489667 0.032667 0.020667
2 0.798 0.376333 0.090667 0.100667
2 0.753 0.191 0.135333 0.159333
3 0.728333 0.080667 0.031333 0.032
2 0.599333 0.080333 0.113333 0.084667
2 0.619 0.187667 0.120667 0.160667
2 0.521 0.183667 0.107333 0.124667
2 0.46099999999999997 0.129333 0.09 0.097333
2 0.389667 0.039333 0.074 0.062667
2 0.36366699999999996 0.142 0.108667 0.132
1 0.44099999999999995 0.231333 0.108667 0.085333
1 0.558333 0.286333 0.102 0.088667
2 0.7006669999999999 0.345333 0.101333 0.129333
2 0.624667 0.361 0.053333 0.079333
1 0.551667 0.377333 0.11 0.106667
2 0.443333 0.313333 0.112 0.084
1 0.298667 0.324333 0.158667 0.200667
2 0.31100000000000005 0.458333 0.080667 0.071333
2 0.465333 0.397667 0.092 0.106
2 0.397 0.415333 0.100667 0.124
2 0.649 0.445 0.082 0.052667
2 0.572667 0.466333 0.104 0.083333
2 0.745333 0.489333 0.077333 0.076
2 0.921667 0.479333 0.111333 0.082667
2 0.886667 0.522667 0.054667 0.052
2 0.8280000000000001 0.528 0.069333 0.054667
2 0.795667 0.564 0.035333 0.033333
2 0.673667 0.527333 0.080667 0.109333
2 0.74 0.557667 0.078667 0.059333
2 0.47066699999999995 0.498667 0.093333 0.092
2 0.37833300000000003 0.550333 0.128667 0.126
2 0.358 0.611 0.106667 0.09
2 0.31399999999999995 0.700667 0.177333 0.133333
2 0.522 0.551 0.109333 0.106
2 0.601 0.537 0.059333 0.063333
2 0.963667 0.689333 0.064667 0.070667
2 0.937 0.777 0.056667 0.05
2 0.898667 0.748667 0.049333 0.049333
2 0.911 0.832667 0.068667 0.06
2 0.825 0.870667 0.072667 0.102667
3 0.786667 0.959667 0.125333 0.080667
2 0.754667 0.915 0.062667 0.074
2 0.690333 0.848 0.108667 0.166667
2 0.78 0.818667 0.090667 0.133333
2 0.835 0.704333 0.111333 0.126
2 0.726 0.671667 0.102667 0.172667
2 0.649667 0.697333 0.056667 0.056
2 0.611667 0.627 0.098 0.107333
2 0.513667 0.632667 0.096667 0.077333
2 0.460333 0.704 0.102 0.101333
2 0.532 0.735667 0.124 0.119333
2 0.493333 0.83 0.116 0.109333
2 0.6006670000000001 0.867667 0.106667 0.138
2 0.32599999999999996 0.908667 0.145333 0.145333
2 0.20333299999999999 0.885333 0.116 0.116
2 0.10299999999999998 0.943333 0.09 0.113333
2 0.32699999999999996 0.796667 0.131333 0.076
2 0.244 0.572 0.136 0.141333
2 0.153667 0.612667 0.067333 0.086667
2 0.18966700000000003 0.691333 0.112667 0.097333
2 0.18466700000000003 0.777667 0.121333 0.079333
2 0.06433299999999997 0.648333 0.128667 0.166
2 0.13766699999999998 0.498 0.176667 0.148
1 0.12166699999999997 0.329333 0.15 0.137333
1 0.28200000000000003 0.177 0.082667 0.082
2 0.18166700000000002 0.121 0.076667 0.063333
1 0.18366700000000002 0.212333 0.127333 0.136667
0 0.523 0.916667 0.080667 0.065333
0 0.42533299999999996 0.853 0.076 0.078
0 0.898667 0.938 0.084 0.085333
0 0.86 0.786 0.038667 0.034667
0 0.644667 0.742667 0.045333 0.04
0 0.6106670000000001 0.695 0.046667 0.043333
0 0.948667 0.557667 0.070667 0.074
0 0.905667 0.595333 0.027333 0.041333
0 0.822667 0.605333 0.088 0.086667
0 0.15700000000000003 0.419 0.09 0.059333
0 0.19999999999999996 0.348667 0.08 0.070667
0 0.709333 0.051333 0.045333 0.041333
0 0.6783330000000001 0.100333 0.044667 0.068667
0 0.12333300000000003 0.179333 0.034667 0.042667
2 0.033667 0.954 0.059333 0.092
2 0.5243329999999999 0.979333 0.068667 0.041333
2 0.613 0.961 0.099333 0.078
2 0.955333 0.946 0.088 0.108
2 0.47666699999999995 0.030667 0.088 0.06
2 0.08899999999999997 0.056667 0.080667 0.112
2 0.07566700000000004 0.263333 0.151333 0.130667
2 0.05066700000000002 0.412333 0.101333 0.151333
2 0.05566700000000002 0.769667 0.11 0.151333
