3 0.469 0.162 0.051333 0.070667
3 0.549667 0.080333 0.047333 0.071333
2 0.652 0.113333 0.128 0.125333
3 0.559333 0.202 0.117333 0.129333
3 0.525667 0.298 0.066 0.070667
3 0.668333 0.246667 0.11 0.113333
3 0.623 0.327667 0.128667 0.098
3 0.711 0.398 0.082 0.088
3 0.648333 0.472333 0.043333 0.044667
3 0.585 0.438333 0.079333 0.120667
2 0.506 0.403333 0.1 0.117333
3 0.485333 0.551 0.101333 0.126
2 0.22 0.564 0.062667 0.062667
2 0.159 0.620333 0.05 0.051333
2 0.599333 0.563667 0.126667 0.111333
3 0.536333 0.657 0.072667 0.07
2 0.706 0.604 0.097333 0.105333
2 0.632333 0.694 0.132667 0.106667
2 0.169667 0.759333 0.036667 0.04
3 0.229333 0.794667 0.096 0.093333
3 0.133667 0.850333 0.075333 0.07
2 0.254667 0.893667 0.114667 0.096667
3 0.121667 0.927667 0.082 0.076667
3 0.087333 0.957667 0.068 0.07
2 0.368667 0.954 0.092 0.066667
3 0.537667 0.859333 0.075333 0.094667
3 0.602333 0.869 0.038 0.032667
2 0.707333 0.933 0.096 0.100667
2 0.674667 0.817333 0.125333 0.130667
2 0.783333 0.862333 0.112 0.123333
2 0.782333 0.962667 0.068667 0.074667
2 0.866333 0.904 0.103333 0.102667
2 0.942667 0.941 0.085333 0.099333
2 0.908333 0.821333 0.063333 0.093333
2 0.840333 0.782 0.087333 0.109333
2 0.732333 0.742667 0.118 0.110667
2 0.880667 0.706333 0.134667 0.106
2 0.763667 0.526667 0.128667 0.134667
2 0.850333 0.566333 0.05 0.063333
2 0.935333 0.612667 0.124 0.136
2 0.832 0.429333 0.124 0.124
2 0.925333 0.463667 0.133333 0.142
3 0.951 0.387667 0.083333 0.09
3 0.847 0.347667 0.096667 0.076667
2 0.767667 0.300667 0.102 0.114667
2 0.749667 0.184 0.107333 0.105333
2 0.904667 0.268333 0.062667 0.07
1 0.929333 0.186 0.121333 0.108
2 0.782 0.094 0.128 0.126667
0 0.394667 0.771667 0.36 0.311333
0 0.184667 0.694333 0.092 0.114
0 0.371333 0.55 0.137333 0.138667
0 0.974 0.720667 0.052 0.073333
0 0.261333 0.962667 0.041333 0.044
0 0.097667 0.504333 0.126 0.107333
0 0.071667 0.129667 0.142 0.214
0 0.253667 0.289667 0.45 0.443333
0 0.324667 0.039333 0.121333 0.068
0 0.486667 0.081333 0.082667 0.062667
0 0.420667 0.120667 0.056 0.046667
0 0.837 0.231667 0.076667 0.060667
0 0.855667 0.168667 0.071333 0.050667
0 0.963667 0.261 0.064667 0.058
0 0.932667 0.318667 0.081333 0.061333
2 0.847667 0.973667 0.091333 0.051333
3 0.605 0.969 0.086 0.060667
2 0.896333 0.052333 0.11 0.103333
2 0.955667 0.079333 0.088667 0.104
2 0.959667 0.838333 0.080667 0.131333
