2 0.062667 0.802667 0.069333 0.088
2 0.165 0.751667 0.095333 0.118
2 0.242667 0.688333 0.109333 0.135333
1 0.317 0.678667 0.044667 0.058667
1 0.267667 0.776667 0.098 0.082667
1 0.344 0.762333 0.113333 0.096667
2 0.256667 0.839 0.073333 0.067333
2 0.243333 0.913333 0.162667 0.108
1 0.442333 0.787 0.102 0.099333
2 0.527333 0.743 0.090667 0.112667
2 0.514667 0.613333 0.114667 0.138667
1 0.574667 0.587333 0.046667 0.066667
1 0.625 0.576 0.076667 0.090667
2 0.720667 0.561 0.106667 0.116667
1 0.802 0.682333 0.105333 0.112667
2 0.645667 0.684 0.147333 0.128
2 0.774 0.784 0.134667 0.094667
2 0.695 0.848667 0.091333 0.061333
2 0.681 0.896333 0.046 0.047333
2 0.764 0.924667 0.12 0.112
1 0.586667 0.834333 0.1 0.104667
2 0.500333 0.871667 0.083333 0.102
1 0.486333 0.913667 0.031333 0.031333
2 0.383 0.919667 0.111333 0.103333
2 0.453 0.943667 0.055333 0.063333
2 0.643667 0.904667 0.034 0.050667
2 0.898667 0.941 0.125333 0.098
2 0.926667 0.852 0.106667 0.102667
2 0.872333 0.791667 0.072667 0.071333
2 0.903333 0.690667 0.088 0.081333
2 0.897333 0.745 0.057333 0.044667
1 0.847667 0.594333 0.092667 0.092667
1 0.923333 0.590667 0.084 0.097333
1 0.961667 0.641 0.048667 0.047333
0 0.124 0.869 0.148 0.144667
0 0.344 0.836667 0.093333 0.062667
0 0.591 0.736667 0.044667 0.04
0 0.391 0.657 0.183333 0.171333
0 0.258 0.420333 0.041333 0.038
0 0.087667 0.116667 0.167333 0.193333
2 0.578333 0.951333 0.208667 0.097333
2 0.067333 0.958333 0.132 0.076667
2 0.044 0.884333 0.085333 0.132667
