2 0.078333 0.947333 0.042 0.037333
2 0.052667 0.871 0.096 0.112667
2 0.074 0.505667 0.084 0.087333
2 0.154 0.522 0.062667 0.065333
3 0.037667 0.568667 0.074 0.057333
3 0.055667 0.607 0.047333 0.051333
2 0.047667 0.683 0.094 0.115333
2 0.055333 0.779667 0.076 0.075333
2 0.126 0.685667 0.096 0.147333
2 0.122667 0.802667 0.08 0.093333
2 0.128333 0.9 0.078 0.114667
2 0.197667 0.821333 0.063333 0.066667
2 0.205333 0.920667 0.078667 0.101333
2 0.282333 0.933333 0.094 0.090667
2 0.276 0.8376669999999999 0.134667 0.120667
2 0.282333 0.732333 0.086 0.083333
2 0.207333 0.704333 0.110667 0.123333
2 0.171 0.6046670000000001 0.083333 0.072
2 0.070667 0.404667 0.076 0.094667
2 0.159333 0.42233299999999996 0.126667 0.112667
2 0.245 0.42500000000000004 0.047333 0.051333
2 0.222667 0.528667 0.094667 0.130667
2 0.299 0.5796669999999999 0.124667 0.124667
2 0.083 0.300667 0.043333 0.044
2 0.157333 0.313333 0.130667 0.105333
2 0.115 0.22066699999999995 0.135333 0.098667
2 0.071667 0.131 0.120667 0.080667
2 0.094667 0.053332999999999964 0.136 0.074667
3 0.173333 0.09699999999999998 0.048 0.043333
2 0.165 0.157667 0.084667 0.07
2 0.252333 0.12566699999999997 0.118 0.114
2 0.237 0.03533299999999995 0.076667 0.066667
2 0.209333 0.24066699999999996 0.096 0.102667
2 0.249 0.357 0.067333 0.084667
2 0.280333 0.27933300000000005 0.087333 0.093333
2 0.333 0.385667 0.120667 0.080667
2 0.31 0.47666699999999995 0.105333 0.098667
2 0.363333 0.767 0.070667 0.083333
2 0.321667 0.6803330000000001 0.082 0.079333
2 0.383667 0.900667 0.103333 0.130667
2 0.490667 0.918 0.133333 0.14
1 0.427 0.768667 0.122 0.174667
2 0.459333 0.6226670000000001 0.073333 0.072
2 0.400333 0.586333 0.106 0.112667
2 0.470333 0.5283329999999999 0.082 0.078
2 0.542 0.560667 0.064 0.069333
2 0.520667 0.632 0.068 0.070667
2 0.522333 0.713667 0.15 0.09
3 0.588 0.661667 0.064 0.060667
2 0.636667 0.582667 0.125333 0.102667
2 0.721333 0.6046670000000001 0.1 0.102667
2 0.668 0.689667 0.134667 0.091333
2 0.64 0.769 0.085333 0.083333
3 0.595667 0.932667 0.074 0.069333
2 0.611667 0.855667 0.116667 0.11
2 0.694 0.7873330000000001 0.057333 0.076
2 0.683667 0.870667 0.063333 0.076
2 0.77 0.911 0.094667 0.084667
2 0.785 0.813667 0.147333 0.112667
2 0.752333 0.720667 0.076667 0.068
2 0.863 0.9319999999999999 0.147333 0.132
2 0.855333 0.755667 0.126667 0.146
2 0.958667 0.854333 0.082667 0.051333
2 0.949333 0.779 0.066667 0.087333
2 0.918 0.667333 0.096 0.116
2 0.834667 0.622333 0.165333 0.120667
2 0.798333 0.49866699999999997 0.082 0.096
2 0.881667 0.536 0.104667 0.106667
2 0.850333 0.447333 0.060667 0.062667
2 0.921 0.45266700000000004 0.083333 0.078667
3 0.93 0.38 0.029333 0.028
2 0.857333 0.35966699999999996 0.116 0.087333
2 0.912667 0.29233299999999995 0.069333 0.060667
1 0.919 0.20299999999999996 0.151333 0.135333
2 0.790667 0.323333 0.066667 0.062667
2 0.832333 0.28333299999999995 0.05 0.048
2 0.785 0.236 0.083333 0.093333
2 0.843667 0.17100000000000004 0.083333 0.084667
2 0.927333 0.10466699999999995 0.101333 0.074667
2 0.932333 0.036667000000000005 0.099333 0.066667
2 0.834667 0.08533299999999999 0.098667 0.089333
2 0.807333 0.027000000000000024 0.069333 0.052667
2 0.751 0.13666699999999998 0.095333 0.105333
2 0.704 0.19733299999999998 0.093333 0.090667
2 0.700667 0.287667 0.102667 0.120667
2 0.656 0.14133300000000004 0.1 0.098667
2 0.679 0.03700000000000003 0.087333 0.074
2 0.587667 0.04400000000000004 0.094 0.088
2 0.569 0.12366699999999997 0.054 0.048667
2 0.556333 0.17933299999999996 0.084667 0.068
2 0.597 0.25833300000000003 0.104667 0.102
2 0.723333 0.47166699999999995 0.137333 0.155333
2 0.699 0.384667 0.067333 0.070667
1 0.624 0.373 0.092 0.122
2 0.539667 0.35 0.115333 0.096
2 0.553333 0.45499999999999996 0.105333 0.119333
2 0.617667 0.502 0.095333 0.072
2 0.473333 0.43033299999999997 0.052 0.076667
2 0.424 0.412667 0.058667 0.065333
2 0.395 0.48066699999999996 0.086 0.098667
1 0.497333 0.24666699999999997 0.097333 0.097333
2 0.431667 0.33199999999999996 0.082 0.090667
3 0.325333 0.131 0.064 0.047333
2 0.331 0.20133299999999998 0.119333 0.098667
1 0.349 0.302667 0.083333 0.106667
2 0.416333 0.23966699999999996 0.09 0.106
2 0.392667 0.12 0.088 0.133333
2 0.481 0.16533299999999995 0.108667 0.096
2 0.461333 0.07699999999999996 0.130667 0.111333
0 0.755667 0.38333300000000003 0.035333 0.029333
2 0.964667 0.324333 0.070667 0.132667
3 0.747 0.028333000000000053 0.059333 0.056667
