2 0.8376669999999999 0.971 0.054 0.043333
2 0.879 0.904333 0.074 0.056667
3 0.939333 0.869667 0.069333 0.059333
3 0.972333 0.785667 0.054 0.052667
2 0.896 0.823333 0.06 0.064
2 0.748333 0.958667 0.084667 0.076
2 0.769333 0.898 0.073333 0.061333
2 0.805667 0.869667 0.056667 0.056667
2 0.8200000000000001 0.790667 0.122667 0.109333
1 0.734 0.7683329999999999 0.033333 0.028667
2 0.763 0.687 0.078 0.091333
3 0.685333 0.672667 0.046667 0.042667
3 0.8416669999999999 0.713667 0.048667 0.05
2 0.905667 0.748333 0.09 0.083333
2 0.938 0.658667 0.092 0.090667
2 0.85 0.659333 0.032 0.030667
2 0.96 0.5880000000000001 0.078667 0.076
2 0.886 0.593333 0.065333 0.065333
2 0.795667 0.618333 0.074 0.084667
2 0.722333 0.605 0.059333 0.055333
2 0.746667 0.5553330000000001 0.069333 0.061333
2 0.829 0.5613330000000001 0.056667 0.04
2 0.818667 0.513 0.077333 0.056667
3 0.944333 0.48266699999999996 0.071333 0.064
3 0.884 0.42533299999999996 0.084 0.076
2 0.967333 0.409667 0.064 0.056667
3 0.8160000000000001 0.41000000000000003 0.056 0.065333
2 0.7416670000000001 0.407667 0.074 0.080667
2 0.657667 0.61 0.060667 0.06
2 0.5916669999999999 0.560667 0.079333 0.105333
2 0.681333 0.505 0.097333 0.091333
2 0.777667 0.32799999999999996 0.079333 0.078667
2 0.784 0.251 0.097333 0.072667
2 0.955667 0.16700000000000004 0.079333 0.062
2 0.812667 0.17666700000000002 0.096 0.088
2 0.886 0.14333300000000004 0.042667 0.042667
2 0.838333 0.10166699999999995 0.083333 0.064667
2 0.885333 0.22666699999999995 0.094667 0.121333
2 0.7416670000000001 0.11166699999999996 0.11 0.187333
2 0.6433329999999999 0.14400000000000002 0.068 0.08
3 0.583333 0.09966699999999995 0.037333 0.039333
3 0.551667 0.038000000000000034 0.082 0.073333
2 0.559667 0.19133299999999998 0.056667 0.058667
3 0.515333 0.13166699999999998 0.042667 0.060667
3 0.43799999999999994 0.14200000000000002 0.025333 0.024
2 0.49366699999999997 0.212333 0.052667 0.052667
2 0.632 0.21699999999999997 0.06 0.062
2 0.689333 0.26 0.061333 0.062667
3 0.677 0.347 0.044667 0.055333
3 0.552667 0.27533300000000005 0.04 0.034667
2 0.673667 0.948 0.048667 0.064
1 0.606333 0.948 0.088667 0.094667
2 0.643 0.8486670000000001 0.098 0.101333
2 0.499333 0.954 0.044 0.036
3 0.5636669999999999 0.868333 0.051333 0.059333
2 0.504667 0.877333 0.102667 0.146667
2 0.44299999999999995 0.848333 0.038 0.055333
2 0.405 0.951 0.124667 0.091333
2 0.394 0.857333 0.069333 0.073333
2 0.518667 0.772 0.058667 0.072
2 0.5800000000000001 0.778 0.072 0.090667
2 0.657 0.758 0.071333 0.066667
2 0.442333 0.771 0.042 0.048667
2 0.360333 0.784333 0.111333 0.099333
2 0.342333 0.714333 0.027333 0.018
3 0.33899999999999997 0.679667 0.043333 0.046
2 0.478 0.683 0.037333 0.058
2 0.616 0.685667 0.08 0.086
2 0.5429999999999999 0.6859999999999999 0.082 0.097333
2 0.420667 0.6986669999999999 0.098667 0.104
3 0.489333 0.614333 0.102667 0.076667
2 0.40133300000000005 0.595333 0.085333 0.105333
3 0.33799999999999997 0.6066670000000001 0.058667 0.064
3 0.33099999999999996 0.516 0.05 0.064
3 0.395 0.512667 0.086 0.068
3 0.509667 0.537667 0.092667 0.074
2 0.5353330000000001 0.457333 0.094667 0.088
2 0.595667 0.42800000000000005 0.056667 0.076
2 0.6513329999999999 0.408667 0.06 0.057333
3 0.610333 0.35166699999999995 0.075333 0.064667
2 0.5123329999999999 0.341333 0.112667 0.105333
3 0.465333 0.272667 0.068 0.076
3 0.39933300000000005 0.256 0.025333 0.037333
2 0.421667 0.348333 0.075333 0.080667
2 0.45966700000000005 0.41700000000000004 0.087333 0.098
3 0.395667 0.447333 0.056667 0.062667
3 0.33966700000000005 0.419667 0.055333 0.054
3 0.26133300000000004 0.41133299999999995 0.101333 0.104
3 0.355333 0.34566699999999995 0.073333 0.086
2 0.273667 0.322333 0.092667 0.09
2 0.31999999999999995 0.258 0.102667 0.077333
2 0.25 0.19466700000000003 0.098667 0.101333
2 0.29333299999999995 0.12433300000000003 0.098667 0.114
3 0.389667 0.097333 0.086 0.073333
2 0.36666699999999997 0.033667 0.084 0.067333
2 0.21099999999999997 0.914667 0.082 0.072
2 0.04566700000000001 0.942667 0.09 0.058667
2 0.529 0.917 0.142 0.095333
2 0.06033299999999997 0.786667 0.063333 0.062667
2 0.16733299999999995 0.817 0.084 0.051333
2 0.16333299999999995 0.744333 0.166667 0.116667
2 0.08399999999999996 0.634333 0.153333 0.122
2 0.10066699999999995 0.5389999999999999 0.092 0.079333
3 0.06466700000000003 0.45099999999999996 0.102667 0.072667
3 0.08066700000000004 0.39333300000000004 0.068 0.054667
3 0.04700000000000004 0.33166700000000005 0.043333 0.044667
3 0.08899999999999997 0.26 0.084667 0.081333
2 0.11866699999999997 0.08233299999999999 0.089333 0.104667
3 0.11099999999999999 0.19166700000000003 0.062 0.051333
0 0.6926669999999999 0.031667 0.073333 0.056667
0 0.646 0.06733299999999998 0.074667 0.066667
0 0.8396669999999999 0.342333 0.026 0.032667
0 0.05733299999999997 0.702333 0.041333 0.034
0 0.7216670000000001 0.704 0.040667 0.037333
0 0.14700000000000002 0.940333 0.048667 0.064667
0 0.19066700000000003 0.968667 0.049333 0.044
0 0.818333 0.933 0.032667 0.038
2 0.05133299999999996 0.04166700000000001 0.094667 0.083333
2 0.16700000000000004 0.022666999999999993 0.062 0.045333
2 0.865333 0.04133299999999995 0.070667 0.082667
2 0.968333 0.09166700000000005 0.062 0.079333
2 0.057667000000000024 0.877667 0.111333 0.094
2 0.033667 0.5373330000000001 0.067333 0.082667
2 0.032332999999999945 0.228333 0.064667 0.112667
2 0.039000000000000035 0.12933300000000003 0.078 0.086667
