3 0.922 0.063667 0.070667 0.071333
2 0.8486670000000001 0.102 0.104 0.105333
2 0.930667 0.206667 0.106667 0.096
2 0.746667 0.06 0.105333 0.097333
1 0.6583330000000001 0.067 0.076667 0.075333
2 0.713333 0.171333 0.161333 0.141333
2 0.810667 0.200333 0.097333 0.091333
2 0.843333 0.288 0.101333 0.094667
2 0.921667 0.351 0.108667 0.115333
2 0.750667 0.289333 0.082667 0.08
2 0.648 0.264333 0.097333 0.111333
2 0.531667 0.242 0.151333 0.177333
2 0.494 0.122333 0.069333 0.080667
2 0.406 0.136667 0.1 0.164
2 0.30333299999999996 0.128 0.097333 0.166667
2 0.14233300000000004 0.04 0.127333 0.078667
1 0.19666700000000004 0.114 0.128 0.136
1 0.07499999999999996 0.105333 0.087333 0.090667
1 0.11666699999999997 0.156 0.068 0.064
1 0.09699999999999998 0.213 0.084667 0.088667
1 0.20133299999999998 0.201667 0.090667 0.083333
1 0.17566700000000002 0.284333 0.17 0.123333
1 0.25833300000000003 0.345 0.098 0.091333
1 0.352 0.287333 0.144 0.14
2 0.873667 0.450333 0.112667 0.114
2 0.762333 0.416333 0.126 0.164667
2 0.624333 0.395667 0.163333 0.179333
1 0.598 0.522 0.133333 0.088
2 0.473 0.346333 0.139333 0.108667
2 0.48166699999999996 0.454333 0.115333 0.122
1 0.365333 0.433 0.112 0.154
1 0.11933300000000002 0.39 0.132 0.118667
1 0.03433299999999995 0.384333 0.068667 0.120667
1 0.264667 0.444333 0.102667 0.11
1 0.170667 0.453 0.109333 0.124667
1 0.303667 0.526 0.111333 0.088
1 0.155667 0.548667 0.148667 0.133333
1 0.05400000000000005 0.518667 0.070667 0.072
1 0.06899999999999995 0.635667 0.119333 0.148667
1 0.164667 0.635667 0.074667 0.076667
1 0.261 0.606667 0.104667 0.096
1 0.381 0.608667 0.155333 0.153333
2 0.30600000000000005 0.745 0.136 0.142
2 0.17633299999999996 0.744667 0.131333 0.125333
1 0.44999999999999996 0.719667 0.152 0.124667
1 0.528667 0.635 0.128 0.139333
2 0.648667 0.632333 0.132 0.144667
2 0.912 0.579667 0.064 0.114
2 0.799333 0.590667 0.166667 0.158667
1 0.828667 0.714667 0.128 0.101333
2 0.707667 0.726 0.119333 0.124
2 0.41233299999999995 0.814333 0.107333 0.086
2 0.37633300000000003 0.859333 0.092667 0.076
2 0.40833299999999995 0.925333 0.076667 0.064
2 0.275667 0.858667 0.114 0.128
2 0.275667 0.954333 0.119333 0.083333
2 0.19766700000000004 0.865 0.055333 0.095333
2 0.11399999999999999 0.877333 0.137333 0.206667
2 0.02533300000000005 0.879333 0.050667 0.086667
2 0.848 0.801667 0.192 0.15
2 0.855333 0.921333 0.165333 0.108
2 0.6950000000000001 0.868667 0.15 0.205333
2 0.561667 0.826667 0.158 0.2
2 0.959 0.452333 0.080667 0.098
2 0.938333 0.208333 0.099333 0.091333
2 0.97 0.891333 0.058667 0.106667
2 0.957333 0.783667 0.084 0.139333
2 0.039000000000000035 0.757333 0.078 0.126667
2 0.455333 0.045 0.093333 0.088667
