2 0.899 0.087333 0.120667 0.101333
1 0.942 0.185667 0.104 0.119333
1 0.851667 0.177667 0.095333 0.107333
1 0.785 0.072 0.104667 0.101333
1 0.778 0.143 0.073333 0.054
2 0.813 0.255 0.046 0.042
2 0.887 0.289667 0.094 0.114
1 0.964 0.317333 0.070667 0.089333
1 0.959333 0.386333 0.061333 0.056667
2 0.930667 0.434 0.106667 0.105333
2 0.852333 0.367333 0.094 0.086667
2 0.939 0.545 0.118 0.116667
2 0.834333 0.436 0.096667 0.096
2 0.838333 0.527 0.142 0.124667
1 0.908667 0.644 0.104 0.094667
1 0.933667 0.751333 0.120667 0.134667
1 0.965667 0.811667 0.056667 0.055333
1 0.908333 0.914 0.115333 0.078667
1 0.899667 0.843667 0.075333 0.075333
1 0.858667 0.72 0.118667 0.102667
1 0.799667 0.622 0.106 0.129333
1 0.758 0.691 0.056 0.060667
1 0.815 0.780667 0.122 0.129333
1 0.804 0.89 0.094667 0.101333
2 0.799667 0.071333 0.078 0.1
1 0.756 0.205333 0.098667 0.101333
1 0.777333 0.312667 0.102667 0.104
1 0.713 0.260667 0.076667 0.097333
2 0.747667 0.391 0.09 0.096667
1 0.724667 0.569667 0.102667 0.118
1 0.722333 0.930667 0.09 0.070667
1 0.702333 0.837667 0.188667 0.118
1 0.714333 0.755 0.107333 0.108667
1 0.695333 0.653333 0.102667 0.108
2 0.692667 0.088667 0.12 0.134667
1 0.660333 0.187667 0.118 0.11
2 0.627333 0.257 0.089333 0.095333
2 0.666333 0.342333 0.108667 0.094
1 0.620333 0.407667 0.078 0.083333
1 0.675333 0.446667 0.129333 0.133333
1 0.621 0.559 0.107333 0.183333
2 0.602 0.124333 0.068 0.067333
1 0.576 0.188 0.1 0.102667
2 0.533667 0.033333 0.054 0.052
2 0.512 0.129 0.141333 0.156667
2 0.474667 0.207667 0.064 0.067333
2 0.451667 0.035333 0.068667 0.058667
2 0.428 0.105667 0.070667 0.082
1 0.381667 0.179333 0.116667 0.109333
2 0.344333 0.088333 0.086 0.080667
2 0.260667 0.078333 0.125333 0.144667
2 0.295 0.167333 0.048667 0.053333
1 0.321 0.236 0.092667 0.109333
2 0.366333 0.344333 0.042 0.056667
2 0.167 0.061667 0.064667 0.088667
2 0.196667 0.137333 0.058667 0.065333
2 0.069 0.106333 0.063333 0.060667
1 0.146667 0.199333 0.072 0.116
1 0.184333 0.227667 0.042 0.084667
2 0.232333 0.227333 0.09 0.138667
1 0.547333 0.270333 0.065333 0.055333
2 0.466333 0.318667 0.183333 0.156
2 0.500333 0.415333 0.056667 0.054667
1 0.429333 0.398667 0.057333 0.054667
1 0.584333 0.899333 0.086 0.094667
1 0.514333 0.868333 0.11 0.120667
1 0.568333 0.791667 0.102 0.087333
1 0.561333 0.704667 0.16 0.136
1 0.512 0.598667 0.105333 0.109333
2 0.538 0.493 0.101333 0.138
2 0.450333 0.472333 0.104667 0.118
1 0.424667 0.568667 0.102667 0.108
1 0.436333 0.671333 0.107333 0.097333
1 0.462333 0.77 0.152667 0.125333
1 0.355667 0.742333 0.076667 0.091333
1 0.390667 0.863333 0.154667 0.141333
1 0.448 0.95 0.094667 0.088
2 0.270333 0.859 0.147333 0.186
1 0.19 0.828 0.141333 0.170667
1 0.085 0.837 0.118 0.111333
1 0.043667 0.925 0.087333 0.100667
2 0.023333 0.843667 0.044 0.047333
1 0.224333 0.409667 0.080667 0.087333
1 0.265667 0.321 0.09 0.092667
2 0.169667 0.309667 0.095333 0.092667
2 0.070333 0.265333 0.083333 0.093333
2 0.086333 0.353667 0.084667 0.086
2 0.16 0.388667 0.06 0.065333
1 0.317667 0.429333 0.178 0.173333
1 0.344333 0.637667 0.080667 0.076667
1 0.337667 0.538 0.123333 0.138667
1 0.21 0.568333 0.168 0.182
2 0.123667 0.473667 0.115333 0.120667
2 0.099 0.562667 0.092667 0.076
1 0.279667 0.705667 0.084667 0.11
1 0.206 0.677667 0.098667 0.092667
1 0.114667 0.665333 0.105333 0.112
1 0.116333 0.748667 0.119333 0.068
2 0.032333 0.538 0.064667 0.096
1 0.963 0.098333 0.072667 0.083333
1 0.620667 0.959667 0.093333 0.080667
1 0.214667 0.966333 0.086667 0.067333
