2 0.72 0.15133300000000005 0.102667 0.106667
2 0.807 0.17500000000000004 0.083333 0.087333
2 0.817333 0.08966700000000005 0.1 0.094
2 0.895 0.11533300000000002 0.075333 0.078667
2 0.901 0.19733299999999998 0.071333 0.068
2 0.977333 0.230333 0.045333 0.059333
2 0.892 0.307667 0.033333 0.022
2 0.936333 0.387 0.05 0.047333
2 0.854 0.424667 0.124 0.132
2 0.874667 0.529667 0.101333 0.091333
2 0.958667 0.46499999999999997 0.082667 0.11
2 0.745333 0.38533300000000004 0.096 0.086667
2 0.675667 0.363 0.05 0.05
3 0.588 0.335333 0.061333 0.058667
3 0.646333 0.455333 0.060667 0.068
2 0.714333 0.47966699999999995 0.075333 0.075333
3 0.629667 0.521333 0.047333 0.038667
2 0.597667 0.6493329999999999 0.036667 0.038667
2 0.602333 0.836667 0.087333 0.108
2 0.670333 0.857667 0.023333 0.024667
2 0.592 0.9339999999999999 0.138667 0.1
2 0.837333 0.926333 0.106667 0.104667
3 0.862 0.834 0.068 0.072
2 0.927667 0.875 0.082 0.082
2 0.919667 0.781333 0.080667 0.077333
2 0.845667 0.7376670000000001 0.082 0.076667
3 0.875333 0.673667 0.094667 0.082
2 0.736333 0.784667 0.114 0.114667
3 0.763667 0.698 0.071333 0.058667
3 0.785 0.638667 0.058 0.04
3 0.707333 0.610333 0.069333 0.063333
3 0.762 0.576667 0.070667 0.068
2 0.485667 0.947667 0.059333 0.052667
2 0.413667 0.9143330000000001 0.084667 0.111333
2 0.490667 0.884667 0.069333 0.068
2 0.512333 0.8140000000000001 0.079333 0.098667
2 0.495667 0.707333 0.107333 0.102667
2 0.521667 0.640333 0.084667 0.071333
2 0.542667 0.571 0.062667 0.056667
2 0.567 0.49066699999999996 0.088667 0.1
2 0.485333 0.463333 0.1 0.105333
2 0.453333 0.5243329999999999 0.074667 0.058
3 0.429 0.6146670000000001 0.054 0.044
2 0.407333 0.693667 0.069333 0.07
2 0.390667 0.752667 0.053333 0.054667
2 0.315 0.87 0.084667 0.064
2 0.32 0.804667 0.066667 0.066667
2 0.259333 0.948333 0.098667 0.087333
2 0.193333 0.853 0.069333 0.082
2 0.242 0.8336669999999999 0.072 0.083333
2 0.062333 0.817333 0.051333 0.058667
2 0.045667 0.641667 0.056667 0.056667
2 0.068 0.607667 0.104 0.09
2 0.11 0.545667 0.1 0.076667
2 0.135333 0.46866699999999994 0.094667 0.086667
2 0.060333 0.421667 0.119333 0.122
2 0.206 0.556 0.105333 0.137333
2 0.269 0.619333 0.074 0.077333
2 0.320333 0.728333 0.043333 0.042
2 0.335 0.661667 0.072667 0.072667
2 0.349667 0.5796669999999999 0.09 0.091333
2 0.295333 0.536 0.073333 0.062667
2 0.317667 0.46166700000000005 0.087333 0.086
2 0.159333 0.31100000000000005 0.137333 0.11
2 0.067 0.28033300000000005 0.060667 0.082
2 0.069 0.08166700000000005 0.082 0.084667
2 0.122667 0.15700000000000003 0.128 0.138
2 0.199 0.10433300000000001 0.124667 0.120667
2 0.214333 0.19033299999999997 0.044667 0.043333
2 0.175333 0.23466699999999996 0.086667 0.062667
2 0.28 0.13333300000000003 0.096 0.088
2 0.359333 0.15600000000000003 0.029333 0.028
2 0.296 0.211333 0.030667 0.029333
2 0.356 0.230333 0.1 0.115333
2 0.332333 0.32299999999999995 0.091333 0.086
2 0.409333 0.344333 0.073333 0.09
2 0.443333 0.26733300000000004 0.092 0.1
0 0.937667 0.16833299999999995 0.051333 0.059333
0 0.965667 0.377 0.047333 0.043333
0 0.978333 0.7456670000000001 0.043333 0.047333
0 0.934 0.933667 0.034667 0.024667
0 0.911333 0.613333 0.042667 0.045333
0 0.876333 0.6026670000000001 0.052667 0.052
0 0.843667 0.28933299999999995 0.080667 0.078667
0 0.810667 0.39033300000000004 0.044 0.056667
0 0.806333 0.527667 0.044667 0.054
0 0.774 0.499 0.034667 0.046
0 0.726667 0.879667 0.045333 0.060667
0 0.662333 0.6966669999999999 0.063333 0.069333
0 0.717333 0.32066700000000004 0.056 0.068
0 0.704333 0.262 0.075333 0.068
0 0.677667 0.03533299999999995 0.068667 0.06
0 0.618333 0.05500000000000005 0.054 0.07
0 0.637 0.744333 0.042 0.036667
0 0.595 0.7110000000000001 0.058 0.063333
0 0.585667 0.18566700000000003 0.072667 0.067333
0 0.614333 0.13233300000000003 0.066 0.048667
0 0.681 0.09566699999999995 0.058 0.051333
0 0.575 0.09199999999999997 0.054 0.058667
0 0.513 0.08266700000000005 0.064667 0.072
0 0.483333 0.15633300000000006 0.084 0.092667
0 0.436333 0.19366700000000003 0.054 0.067333
0 0.506333 0.325333 0.054 0.064
0 0.476333 0.382667 0.062 0.068
0 0.472667 0.614333 0.029333 0.032667
0 0.424667 0.792 0.057333 0.056
0 0.357333 0.746 0.033333 0.048
0 0.414667 0.559667 0.046667 0.07
0 0.388333 0.496 0.07 0.066667
0 0.405333 0.44399999999999995 0.061333 0.062667
0 0.371 0.40433300000000005 0.083333 0.055333
0 0.274333 0.27833300000000005 0.048667 0.054
0 0.285667 0.368 0.071333 0.065333
0 0.257 0.474333 0.058 0.058
0 0.243667 0.43000000000000005 0.066 0.06
0 0.196667 0.40633300000000006 0.062667 0.066
0 0.145667 0.396667 0.043333 0.044
0 0.021667 0.168667 0.040667 0.041333
0 0.09 0.921667 0.165333 0.155333
0 0.162667 0.725 0.221333 0.191333
0 0.392333 0.031000000000000028 0.047333 0.05
0 0.345 0.10066699999999995 0.056667 0.057333
2 0.96 0.572667 0.078667 0.108
3 0.976333 0.817333 0.046 0.077333
3 0.961333 0.971333 0.077333 0.056
2 0.734667 0.954333 0.128 0.09
2 0.345 0.969 0.095333 0.060667
2 0.031 0.24233300000000002 0.059333 0.099333
2 0.05 0.020000000000000018 0.06 0.04
