2 0.8486670000000001 0.556667 0.098667 0.118667
2 0.7723329999999999 0.530667 0.11 0.136
2 0.6819999999999999 0.502333 0.076 0.079333
2 0.755333 0.594 0.105333 0.112
1 0.6006670000000001 0.618 0.058667 0.062667
2 0.789667 0.642 0.106 0.097333
1 0.820667 0.367667 0.098667 0.107333
2 0.752 0.436 0.12 0.096
2 0.652 0.400333 0.102667 0.13
2 0.5820000000000001 0.426667 0.078667 0.108
3 0.534 0.329333 0.084 0.072
2 0.610333 0.284 0.127333 0.130667
2 0.7296670000000001 0.273 0.114 0.118
2 0.73 0.361 0.094667 0.09
2 0.945667 0.255333 0.056667 0.045333
2 0.877 0.228333 0.119333 0.124667
2 0.782667 0.199667 0.108 0.143333
2 0.677667 0.176 0.112667 0.096
2 0.587333 0.196 0.068 0.064
2 0.675667 0.106667 0.07 0.062667
2 0.728 0.045 0.070667 0.075333
2 0.8566670000000001 0.106 0.162667 0.12
2 0.966 0.176 0.064 0.096
2 0.552 0.084667 0.184 0.157333
2 0.398 0.105333 0.138667 0.126667
2 0.293667 0.050333 0.063333 0.07
2 0.17166700000000001 0.072 0.124667 0.101333
2 0.243 0.159333 0.151333 0.126667
1 0.157667 0.192 0.044667 0.044
2 0.06000000000000005 0.157667 0.12 0.114
2 0.05833299999999997 0.241333 0.076667 0.062667
2 0.34099999999999997 0.238667 0.075333 0.101333
1 0.26033300000000004 0.257333 0.086 0.074667
1 0.28400000000000003 0.338 0.086667 0.097333
1 0.17333299999999996 0.283 0.137333 0.11
2 0.07199999999999995 0.325333 0.14 0.102667
2 0.18766700000000003 0.374667 0.120667 0.085333
1 0.10199999999999998 0.42 0.1 0.094667
2 0.036667000000000005 0.517 0.069333 0.078
2 0.12066699999999997 0.520667 0.126667 0.101333
2 0.19999999999999996 0.466333 0.145333 0.115333
2 0.289667 0.430333 0.044667 0.040667
2 0.275667 0.536667 0.111333 0.105333
2 0.20999999999999996 0.549667 0.032 0.038
2 0.41300000000000003 0.194 0.088667 0.06
2 0.43400000000000005 0.266333 0.105333 0.092667
2 0.44599999999999995 0.337 0.06 0.054
1 0.36666699999999997 0.376667 0.109333 0.133333
1 0.340333 0.324667 0.059333 0.052
2 0.377 0.452667 0.07 0.065333
2 0.472333 0.406667 0.112667 0.096
2 0.47 0.517 0.102667 0.124667
2 0.38533300000000004 0.530333 0.089333 0.087333
2 0.42633299999999996 0.694667 0.068667 0.069333
2 0.515667 0.607333 0.15 0.164
2 0.317333 0.638667 0.133333 0.126667
2 0.20699999999999996 0.641667 0.104667 0.118
2 0.11266699999999996 0.626667 0.104 0.110667
2 0.049000000000000044 0.605333 0.05 0.073333
2 0.13666699999999998 0.715333 0.128 0.1
2 0.22899999999999998 0.731667 0.084667 0.079333
2 0.335333 0.764 0.133333 0.130667
2 0.34199999999999997 0.874 0.1 0.102667
2 0.27033300000000005 0.929333 0.05 0.064
1 0.24533300000000002 0.859667 0.1 0.118
2 0.12033300000000002 0.805333 0.152667 0.109333
1 0.09299999999999997 0.876667 0.064667 0.061333
2 0.170667 0.883667 0.132 0.139333
3 0.41033299999999995 0.6 0.052667 0.054667
0 0.937333 0.398667 0.122667 0.254667
0 0.683333 0.837667 0.632 0.320667
1 0.04133299999999995 0.935333 0.082667 0.094667
1 0.03533299999999995 0.705 0.070667 0.106
1 0.02533300000000005 0.427 0.050667 0.098
2 0.043332999999999955 0.027333 0.086667 0.053333
1 0.953667 0.034333 0.084667 0.067333
1 0.8316669999999999 0.027333 0.138 0.053333
