2 0.114667 0.11033300000000001 0.138667 0.118
2 0.233333 0.15233300000000005 0.109333 0.111333
2 0.322667 0.19899999999999995 0.064 0.071333
2 0.406333 0.218333 0.083333 0.098
2 0.474667 0.24133300000000002 0.068 0.074667
2 0.078333 0.20666700000000005 0.072667 0.077333
1 0.135 0.23666699999999996 0.051333 0.068
1 0.203 0.253667 0.087333 0.091333
1 0.287333 0.269 0.090667 0.088667
1 0.359 0.285667 0.055333 0.05
1 0.445333 0.31499999999999995 0.094667 0.088667
1 0.498333 0.35166699999999995 0.087333 0.079333
2 0.553667 0.28133300000000006 0.111333 0.097333
2 0.654667 0.325333 0.138667 0.170667
2 0.746333 0.388667 0.124667 0.133333
1 0.838333 0.408667 0.075333 0.081333
2 0.939667 0.426667 0.119333 0.16
2 0.841667 0.5023329999999999 0.064667 0.055333
1 0.946333 0.5183329999999999 0.086 0.076667
1 0.899333 0.556 0.072 0.093333
1 0.951667 0.599667 0.071333 0.086
1 0.892333 0.645 0.096667 0.084667
1 0.798 0.5896669999999999 0.108 0.144667
1 0.854 0.568333 0.062667 0.074
1 0.894667 0.726 0.096 0.089333
2 0.921667 0.913667 0.114 0.144667
2 0.815333 0.925333 0.098667 0.098667
1 0.849333 0.84 0.1 0.077333
1 0.836667 0.772667 0.122667 0.090667
2 0.762333 0.8260000000000001 0.084667 0.089333
2 0.728333 0.91 0.091333 0.088
1 0.736667 0.745 0.092 0.079333
1 0.792333 0.6946669999999999 0.111333 0.093333
1 0.671667 0.707667 0.091333 0.080667
1 0.713333 0.649667 0.097333 0.086
1 0.716 0.56 0.108 0.129333
1 0.739 0.487 0.048667 0.060667
1 0.785667 0.47466699999999995 0.052667 0.058667
1 0.671333 0.801667 0.094667 0.102
1 0.634 0.910667 0.1 0.102667
2 0.532 0.894 0.093333 0.138667
1 0.569667 0.795 0.112667 0.115333
1 0.572667 0.7030000000000001 0.097333 0.087333
1 0.607667 0.624667 0.111333 0.110667
1 0.627 0.544667 0.094 0.088
1 0.644333 0.481 0.092667 0.09
2 0.414333 0.96 0.111333 0.078667
2 0.447667 0.880667 0.096667 0.106667
2 0.314 0.951667 0.090667 0.095333
2 0.352667 0.875333 0.101333 0.104
2 0.074 0.886333 0.102667 0.095333
1 0.196 0.876333 0.14 0.116667
2 0.224667 0.813667 0.065333 0.042
2 0.300667 0.782333 0.050667 0.056667
1 0.481333 0.8 0.066667 0.065333
1 0.493667 0.743333 0.086 0.090667
1 0.400667 0.807333 0.110667 0.101333
1 0.385333 0.717667 0.105333 0.108667
1 0.207 0.741333 0.118 0.12
2 0.102 0.798 0.110667 0.1
1 0.097 0.725 0.054 0.051333
1 0.040667 0.6823330000000001 0.081333 0.074
1 0.203667 0.651667 0.05 0.054
1 0.291667 0.6823330000000001 0.051333 0.046
1 0.285 0.728 0.048667 0.042667
1 0.32 0.725333 0.033333 0.042667
1 0.314 0.637667 0.065333 0.056667
1 0.457 0.657333 0.062 0.073333
1 0.511333 0.607 0.129333 0.120667
1 0.541667 0.5023329999999999 0.11 0.080667
1 0.45 0.5473330000000001 0.109333 0.096
1 0.116333 0.628333 0.118 0.118
2 0.033 0.578333 0.066 0.072667
1 0.089 0.509333 0.084667 0.092
1 0.047 0.42300000000000004 0.087333 0.080667
2 0.161 0.45099999999999996 0.148667 0.108667
2 0.201333 0.365 0.157333 0.119333
1 0.177333 0.5609999999999999 0.102667 0.119333
1 0.272333 0.5780000000000001 0.112667 0.129333
1 0.378333 0.612333 0.094 0.111333
1 0.323 0.49466699999999997 0.147333 0.129333
1 0.120333 0.30100000000000005 0.083333 0.072667
1 0.339 0.349 0.107333 0.095333
2 0.373333 0.414667 0.134667 0.094667
1 0.495333 0.410667 0.064 0.053333
1 0.595333 0.38433300000000004 0.064 0.060667
1 0.571333 0.41600000000000004 0.105333 0.097333
1 0.445667 0.46166700000000005 0.120667 0.118
0 0.922 0.07099999999999995 0.046667 0.048667
0 0.985667 0.06733299999999998 0.027333 0.041333
0 0.256667 0.663333 0.041333 0.044
0 0.161667 0.16600000000000004 0.052667 0.050667
0 0.066333 0.713333 0.028667 0.04
2 0.048667 0.31133299999999997 0.097333 0.170667
2 0.028667 0.505333 0.057333 0.070667
2 0.083 0.959667 0.119333 0.078
2 0.200667 0.965667 0.133333 0.067333
2 0.586667 0.975 0.124 0.047333
1 0.952667 0.833333 0.093333 0.105333
1 0.964667 0.742 0.069333 0.112
