3 0.875333 0.041667 0.068 0.076667
3 0.930333 0.053333 0.042 0.030667
3 0.936333 0.101333 0.095333 0.076
3 0.962667 0.202 0.065333 0.061333
3 0.886 0.176 0.1 0.102667
3 0.940667 0.295 0.068 0.055333
3 0.773 0.075 0.044667 0.046
3 0.758 0.147333 0.04 0.045333
2 0.634333 0.027667 0.032667 0.040667
2 0.6206670000000001 0.043667 0.030667 0.039333
2 0.579333 0.034 0.042667 0.044
3 0.601667 0.084667 0.038 0.034667
2 0.676667 0.112667 0.054667 0.04
3 0.6583330000000001 0.162333 0.048667 0.046
3 0.710333 0.219333 0.084667 0.073333
3 0.742 0.274333 0.054667 0.042
3 0.751333 0.319667 0.066667 0.043333
3 0.803667 0.250333 0.044667 0.048667
3 0.839 0.315333 0.076667 0.054667
3 0.954333 0.42 0.076667 0.058667
3 0.887 0.389 0.114 0.104667
3 0.852333 0.491667 0.03 0.031333
2 0.876667 0.463333 0.042667 0.025333
2 0.792667 0.380667 0.092 0.096
2 0.702333 0.45 0.03 0.032
2 0.691333 0.522333 0.086667 0.087333
2 0.783 0.470333 0.096667 0.091333
2 0.761333 0.564667 0.112 0.097333
2 0.836667 0.582667 0.070667 0.08
3 0.894 0.549333 0.064 0.053333
3 0.945667 0.607 0.083333 0.092667
2 0.974667 0.741667 0.044 0.048667
2 0.874667 0.653333 0.105333 0.092
2 0.898667 0.755 0.104 0.088667
2 0.946667 0.854667 0.102667 0.094667
2 0.913333 0.926 0.058667 0.064
2 0.845333 0.964667 0.072 0.066667
2 0.842667 0.896333 0.086667 0.078
2 0.855667 0.816 0.11 0.086667
2 0.776667 0.780667 0.057333 0.057333
2 0.755333 0.702667 0.130667 0.093333
2 0.725 0.759333 0.051333 0.036
3 0.669 0.832667 0.078 0.082667
2 0.703667 0.921667 0.05 0.047333
3 0.622 0.889667 0.1 0.094
2 0.5800000000000001 0.786333 0.074667 0.054
3 0.538667 0.859667 0.038667 0.040667
2 0.529333 0.699333 0.029333 0.030667
2 0.43433299999999997 0.748667 0.055333 0.057333
2 0.36566699999999996 0.718667 0.038 0.044
2 0.44766700000000004 0.913667 0.046 0.048667
2 0.39633300000000005 0.906333 0.051333 0.047333
2 0.352333 0.903333 0.042 0.064
3 0.32866700000000004 0.968333 0.056 0.051333
2 0.28300000000000003 0.893 0.086 0.11
2 0.22166699999999995 0.853667 0.058 0.088667
3 0.279 0.785 0.05 0.048667
3 0.19499999999999995 0.755667 0.087333 0.076667
2 0.15500000000000003 0.907667 0.124667 0.124667
2 0.05800000000000005 0.892333 0.105333 0.122
2 0.651667 0.262333 0.087333 0.09
2 0.579 0.254 0.083333 0.098667
2 0.658667 0.346333 0.093333 0.086
2 0.5656669999999999 0.334667 0.071333 0.073333
2 0.6273329999999999 0.425667 0.058667 0.060667
2 0.6066670000000001 0.5 0.036 0.037333
2 0.565 0.559667 0.094 0.104667
3 0.5413330000000001 0.644667 0.074667 0.065333
2 0.46166700000000005 0.618333 0.082 0.084667
3 0.39533300000000005 0.598 0.064 0.089333
2 0.485 0.538667 0.064667 0.070667
3 0.426667 0.518667 0.057333 0.058667
2 0.46266700000000005 0.455 0.073333 0.080667
2 0.396 0.432 0.070667 0.093333
2 0.353 0.492333 0.082 0.106
2 0.33199999999999996 0.573667 0.070667 0.059333
2 0.31266700000000003 0.628667 0.070667 0.058667
2 0.22966699999999995 0.608333 0.09 0.104667
2 0.19533299999999998 0.536 0.089333 0.090667
2 0.22299999999999998 0.449333 0.078 0.077333
2 0.297667 0.471667 0.054 0.080667
3 0.33166700000000005 0.407 0.05 0.051333
2 0.478 0.368 0.104 0.093333
2 0.469333 0.269333 0.1 0.098667
3 0.39533300000000005 0.338333 0.064 0.078
3 0.483 0.15 0.052667 0.06
2 0.37633300000000003 0.257 0.083333 0.084667
2 0.36166699999999996 0.177333 0.079333 0.072
2 0.28933299999999995 0.168 0.029333 0.037333
3 0.287667 0.230667 0.054 0.054667
2 0.256667 0.3 0.077333 0.068
2 0.26133300000000004 0.382 0.045333 0.052
2 0.141667 0.428667 0.084667 0.072
2 0.18999999999999995 0.360333 0.088 0.083333
2 0.269 0.078 0.094 0.098667
2 0.18200000000000005 0.051333 0.065333 0.078667
3 0.21699999999999997 0.145667 0.059333 0.084667
2 0.18166700000000002 0.214667 0.060667 0.064
2 0.13166699999999998 0.119667 0.075333 0.087333
2 0.09666699999999995 0.248667 0.105333 0.098667
2 0.04833299999999996 0.146333 0.086 0.083333
2 0.539667 0.473667 0.055333 0.063333
0 0.11099999999999999 0.813333 0.07 0.06
0 0.07833299999999999 0.732333 0.040667 0.046
0 0.036667000000000005 0.739667 0.036 0.035333
0 0.049000000000000044 0.481333 0.038 0.038667
0 0.10599999999999998 0.333667 0.061333 0.079333
0 0.086333 0.405667 0.043333 0.043333
0 0.04800000000000004 0.324667 0.048 0.056
0 0.229333 0.211333 0.033333 0.044
0 0.326333 0.361 0.035333 0.038
0 0.404667 0.872 0.034667 0.028
0 0.718667 0.147667 0.034667 0.052667
0 0.671333 0.431667 0.041333 0.048667
0 0.63 0.552667 0.041333 0.057333
0 0.688333 0.592333 0.031333 0.027333
0 0.734667 0.632667 0.046667 0.046667
0 0.737 0.832667 0.032667 0.036
0 0.751667 0.890667 0.035333 0.041333
0 0.803333 0.961333 0.074667 0.065333
0 0.924333 0.488667 0.068667 0.042667
0 0.819 0.064333 0.038 0.042
0 0.902 0.234667 0.049333 0.052
2 0.802 0.016 0.053333 0.029333
2 0.030333000000000054 0.543 0.059333 0.091333
