1 0.945333 0.44866700000000004 0.109333 0.153333
1 0.903 0.24066699999999996 0.155333 0.146667
1 0.883667 0.16333299999999995 0.078 0.066667
1 0.918333 0.095333 0.083333 0.094667
1 0.799 0.155667 0.132667 0.143333
1 0.817 0.39233300000000004 0.214 0.196667
2 0.835 0.534 0.147333 0.133333
2 0.707333 0.518667 0.102667 0.146667
2 0.623333 0.5 0.068 0.14
2 0.546 0.485333 0.133333 0.189333
2 0.549 0.374333 0.100667 0.080667
2 0.628667 0.342333 0.173333 0.160667
2 0.622 0.21799999999999997 0.076 0.085333
2 0.699 0.23399999999999999 0.096667 0.102667
2 0.714333 0.13466699999999998 0.083333 0.106667
2 0.630333 0.12366699999999997 0.11 0.120667
2 0.541667 0.09099999999999997 0.084667 0.088667
2 0.439333 0.46866699999999994 0.144 0.172
2 0.389 0.391 0.086 0.091333
2 0.275 0.47366699999999995 0.083333 0.102
1 0.239333 0.24233300000000002 0.097333 0.147333
1 0.238 0.11733300000000002 0.094667 0.105333
1 0.152667 0.150667 0.129333 0.161333
1 0.053 0.101333 0.104667 0.113333
2 0.051 0.18966700000000003 0.09 0.072667
2 0.070667 0.282667 0.14 0.105333
0 0.426333 0.18766700000000003 0.323333 0.375333
0 0.138333 0.438333 0.248667 0.246
0 0.060667 0.865 0.072 0.060667
0 0.102333 0.8260000000000001 0.036667 0.056
0 0.165667 0.907 0.118 0.184667
0 0.29 0.891667 0.169333 0.215333
0 0.507333 0.9053329999999999 0.268 0.188
0 0.713 0.910667 0.05 0.066667
2 0.966333 0.04400000000000004 0.067333 0.088
