2 0.937333 0.043667 0.105333 0.086
2 0.908 0.126667 0.053333 0.068
2 0.847333 0.116667 0.073333 0.085333
2 0.778667 0.077667 0.097333 0.092667
3 0.7106669999999999 0.048 0.046667 0.044
2 0.798333 0.183333 0.058 0.042667
2 0.851667 0.283333 0.079333 0.070667
2 0.880333 0.203 0.091333 0.084667
2 0.7969999999999999 0.343333 0.083333 0.068
2 0.795 0.425667 0.091333 0.091333
2 0.714333 0.415333 0.087333 0.073333
2 0.711667 0.320667 0.087333 0.101333
2 0.774 0.246 0.101333 0.093333
2 0.738333 0.149333 0.078 0.094667
2 0.687 0.219 0.039333 0.047333
2 0.646333 0.209667 0.046 0.048667
2 0.669667 0.131333 0.079333 0.092
2 0.6433329999999999 0.041 0.068 0.078
2 0.606 0.104333 0.057333 0.059333
2 0.597 0.175667 0.052667 0.060667
2 0.636667 0.367333 0.068 0.061333
2 0.633 0.282 0.108667 0.098667
2 0.5349999999999999 0.059667 0.128667 0.115333
2 0.44399999999999995 0.046333 0.058667 0.083333
2 0.498333 0.156333 0.058 0.058
2 0.510667 0.246667 0.156 0.128
2 0.556667 0.372333 0.1 0.09
2 0.476 0.343 0.084 0.084667
2 0.381667 0.298333 0.091333 0.084667
2 0.38633300000000004 0.201333 0.107333 0.14
2 0.385 0.115333 0.040667 0.034667
2 0.30233299999999996 0.160333 0.078 0.124667
2 0.30600000000000005 0.266 0.073333 0.082667
2 0.238 0.244 0.068 0.061333
2 0.22966699999999995 0.145 0.112667 0.119333
2 0.18233299999999997 0.055 0.076667 0.083333
2 0.14333300000000004 0.134667 0.081333 0.090667
2 0.14700000000000002 0.236 0.124667 0.132
2 0.06433299999999997 0.303 0.079333 0.079333
2 0.10933300000000001 0.398667 0.074667 0.052
2 0.137 0.337 0.091333 0.083333
2 0.216333 0.359 0.088667 0.127333
2 0.30033299999999996 0.385333 0.076667 0.156
2 0.38633300000000004 0.399667 0.09 0.116667
3 0.42800000000000005 0.493 0.057333 0.048667
2 0.45799999999999996 0.431333 0.092 0.105333
2 0.549667 0.469333 0.119333 0.109333
2 0.544667 0.542667 0.065333 0.069333
2 0.276667 0.463333 0.098667 0.074667
2 0.626 0.557 0.117333 0.143333
2 0.6779999999999999 0.491667 0.078667 0.079333
2 0.7396670000000001 0.511667 0.05 0.05
2 0.672667 0.670667 0.076 0.073333
2 0.591 0.658667 0.083333 0.065333
2 0.544667 0.612667 0.034667 0.032
2 0.617667 0.745667 0.083333 0.079333
2 0.687 0.857 0.111333 0.09
2 0.659333 0.933333 0.150667 0.096
2 0.698 0.755333 0.072 0.070667
2 0.930667 0.393 0.093333 0.084667
2 0.905 0.474333 0.114 0.080667
2 0.904 0.559333 0.105333 0.1
2 0.962667 0.586 0.070667 0.096
2 0.820333 0.543667 0.078 0.080667
2 0.92 0.678667 0.070667 0.072
2 0.887667 0.743 0.056667 0.043333
2 0.949 0.763 0.048667 0.044667
2 0.959 0.847333 0.05 0.042667
2 0.926667 0.916667 0.062667 0.052
3 0.856333 0.896 0.055333 0.06
2 0.788 0.883333 0.073333 0.090667
1 0.913667 0.823333 0.052667 0.068
2 0.861333 0.811667 0.078667 0.078
2 0.868333 0.636667 0.059333 0.058667
1 0.811333 0.641667 0.062667 0.079333
2 0.8280000000000001 0.712667 0.06 0.068
2 0.7703329999999999 0.789667 0.094 0.091333
1 0.757 0.695333 0.084667 0.092
2 0.733333 0.598667 0.098667 0.109333
2 0.554333 0.890333 0.084667 0.092667
2 0.5369999999999999 0.804333 0.086 0.092667
2 0.5413330000000001 0.710333 0.069333 0.086
2 0.47166699999999995 0.599667 0.075333 0.083333
2 0.46199999999999997 0.688 0.092 0.105333
2 0.46199999999999997 0.782 0.077333 0.090667
2 0.461333 0.864 0.132 0.134667
2 0.46699999999999997 0.957 0.071333 0.062
2 0.379667 0.559667 0.084667 0.087333
2 0.373333 0.650333 0.077333 0.082
2 0.37733300000000003 0.757 0.056 0.051333
2 0.33499999999999996 0.840333 0.120667 0.118
2 0.371333 0.928 0.106667 0.098667
2 0.28300000000000003 0.971 0.047333 0.051333
2 0.29433299999999996 0.904667 0.086 0.072
2 0.289667 0.752 0.122 0.110667
2 0.29300000000000004 0.637667 0.083333 0.107333
2 0.29900000000000004 0.553 0.079333 0.056667
2 0.20166700000000004 0.940333 0.102 0.118
2 0.23299999999999998 0.823 0.083333 0.091333
2 0.20066700000000004 0.710333 0.066667 0.075333
2 0.21099999999999997 0.636333 0.05 0.054
2 0.16133299999999995 0.785333 0.088 0.094667
2 0.10866699999999996 0.878 0.126667 0.106667
2 0.03733299999999995 0.924333 0.074667 0.094
2 0.089333 0.756333 0.104 0.116667
2 0.12466699999999997 0.676333 0.086667 0.082
2 0.131 0.594667 0.115333 0.096
2 0.21466700000000005 0.521667 0.1 0.114
2 0.131 0.495 0.140667 0.111333
2 0.038000000000000034 0.585 0.076 0.076667
2 0.978333 0.506 0.042 0.068
0 0.623 0.828 0.067333 0.077333
0 0.75 0.949667 0.044 0.05
0 0.976667 0.986 0.036 0.024
2 0.031000000000000028 0.734 0.058 0.077333
2 0.029000000000000026 0.830333 0.056667 0.111333
2 0.043332999999999955 0.462333 0.086667 0.179333
2 0.04500000000000004 0.154 0.09 0.096
2 0.969333 0.128667 0.06 0.077333
2 0.945667 0.239667 0.106 0.119333
2 0.8220000000000001 0.960667 0.124 0.078667
2 0.03633299999999995 0.648333 0.072667 0.060667
2 0.384 0.039667 0.074667 0.078
