1 0.15200000000000002 0.02066699999999999 0.061333 0.041333
1 0.16733299999999995 0.08566700000000005 0.122667 0.088667
1 0.05133299999999996 0.13633300000000004 0.088 0.146
1 0.10899999999999999 0.17533299999999996 0.039333 0.057333
1 0.14733300000000005 0.18333299999999997 0.04 0.068
1 0.18799999999999994 0.17333299999999996 0.058667 0.077333
1 0.217333 0.22066699999999995 0.058667 0.1
1 0.286667 0.235 0.092 0.138
1 0.35266699999999995 0.254667 0.057333 0.065333
1 0.348 0.18433299999999997 0.064 0.078
1 0.270667 0.09599999999999997 0.057333 0.062667
1 0.22899999999999998 0.04400000000000004 0.076667 0.072
1 0.35 0.11466699999999996 0.088 0.072
1 0.474333 0.06433299999999997 0.15 0.120667
1 0.471 0.13966699999999999 0.076667 0.080667
1 0.41800000000000004 0.18833299999999997 0.085333 0.086
1 0.43000000000000005 0.287667 0.102667 0.120667
1 0.507667 0.303667 0.088667 0.094
1 0.501 0.232333 0.05 0.054
1 0.5513330000000001 0.16633299999999995 0.093333 0.119333
1 0.699333 0.04700000000000004 0.094667 0.083333
1 0.6679999999999999 0.17966700000000002 0.16 0.187333
1 0.8140000000000001 0.09399999999999997 0.126667 0.108
2 0.918 0.138 0.121333 0.132
1 0.797333 0.18766700000000003 0.101333 0.084667
1 0.744333 0.239 0.084667 0.087333
1 0.688333 0.281667 0.091333 0.080667
1 0.613333 0.32399999999999995 0.058667 0.068
1 0.691667 0.356 0.076667 0.070667
2 0.759 0.378 0.066 0.090667
1 0.907667 0.234333 0.086 0.066
1 0.839333 0.24266699999999997 0.066667 0.066667
1 0.7873330000000001 0.279 0.070667 0.07
1 0.883667 0.297667 0.083333 0.059333
1 0.923 0.349 0.058 0.051333
1 0.857 0.402 0.084667 0.098667
2 0.923667 0.405667 0.043333 0.054
0 0.740667 0.799667 0.144 0.178
0 0.6679999999999999 0.761333 0.081333 0.134667
0 0.575 0.646 0.166 0.153333
0 0.45099999999999996 0.582333 0.120667 0.168667
0 0.42300000000000004 0.668667 0.052667 0.064
0 0.32366700000000004 0.5493330000000001 0.088667 0.072
0 0.24 0.49766699999999997 0.129333 0.108667
0 0.058667000000000025 0.488333 0.096 0.13
0 0.16500000000000004 0.619667 0.098 0.104667
0 0.23833300000000002 0.654667 0.075333 0.082667
0 0.31033299999999997 0.693667 0.096667 0.108667
0 0.595 0.827 0.13 0.083333
0 0.588333 0.894333 0.112667 0.09
0 0.554667 0.9299999999999999 0.108 0.097333
0 0.740667 0.977 0.045333 0.039333
0 0.48 0.912 0.046667 0.038667
0 0.40533300000000005 0.861333 0.053333 0.076
0 0.441333 0.756667 0.110667 0.108
0 0.345 0.810333 0.120667 0.099333
0 0.250333 0.816333 0.122 0.119333
0 0.07433299999999998 0.63 0.094 0.110667
0 0.08233299999999999 0.766 0.094 0.082667
0 0.322333 0.929667 0.134 0.139333
0 0.21266700000000005 0.876667 0.12 0.092
0 0.05900000000000005 0.888333 0.118 0.103333
0 0.901667 0.9410000000000001 0.039333 0.038
2 0.07633299999999998 0.026000000000000023 0.079333 0.052
2 0.939667 0.02733300000000005 0.07 0.054667
2 0.604 0.042332999999999954 0.101333 0.084667
2 0.377667 0.042332999999999954 0.087333 0.084667
2 0.28633299999999995 0.03833299999999995 0.100667 0.075333
2 0.968333 0.25833300000000003 0.059333 0.126
