2 0.051 0.769 0.062 0.05
2 0.077 0.956333 0.086 0.083333
2 0.306667 0.927 0.04 0.055333
2 0.26 0.902 0.058667 0.058667
2 0.177333 0.880333 0.104 0.11
2 0.158 0.802667 0.101333 0.078667
2 0.167667 0.721333 0.104667 0.1
2 0.280333 0.828667 0.062 0.069333
2 0.261667 0.751333 0.108667 0.085333
2 0.260667 0.6703330000000001 0.098667 0.083333
2 0.315333 0.679 0.033333 0.040667
2 0.171333 0.641667 0.089333 0.068667
2 0.071333 0.677 0.069333 0.07
2 0.100333 0.622333 0.072667 0.074
2 0.108667 0.532667 0.077333 0.08
2 0.075667 0.445333 0.119333 0.130667
2 0.276 0.586667 0.076 0.077333
2 0.265667 0.5 0.07 0.070667
2 0.188333 0.548333 0.09 0.140667
2 0.169 0.48666699999999996 0.051333 0.041333
2 0.159333 0.44699999999999995 0.062667 0.051333
2 0.117667 0.336333 0.09 0.084667
2 0.078333 0.217333 0.078 0.1
2 0.060667 0.11599999999999999 0.037333 0.053333
2 0.106333 0.12166699999999997 0.051333 0.080667
2 0.118 0.03933299999999995 0.098667 0.078667
2 0.18 0.164667 0.129333 0.156
2 0.278333 0.09899999999999998 0.080667 0.086
2 0.277667 0.026666999999999996 0.043333 0.053333
2 0.213333 0.252667 0.098667 0.106667
2 0.257333 0.43033299999999997 0.041333 0.048667
2 0.242667 0.35 0.142667 0.118667
2 0.304 0.275 0.076 0.074
2 0.331 0.20699999999999996 0.091333 0.082
2 0.367 0.11499999999999999 0.119333 0.115333
2 0.362667 0.039000000000000035 0.064 0.056667
2 0.361667 0.38033300000000003 0.042 0.046
2 0.360333 0.30300000000000005 0.047333 0.054
2 0.398333 0.238 0.059333 0.074667
2 0.450667 0.320333 0.050667 0.05
2 0.487333 0.271667 0.042667 0.047333
2 0.550667 0.28733299999999995 0.030667 0.029333
2 0.529667 0.22966699999999995 0.05 0.052667
2 0.495 0.16400000000000003 0.088667 0.093333
2 0.455333 0.061000000000000054 0.062667 0.056667
2 0.486667 0.08466700000000005 0.1 0.081333
2 0.596667 0.04833299999999996 0.062667 0.051333
2 0.585667 0.12333300000000003 0.092667 0.096
2 0.427667 0.157667 0.048667 0.07
2 0.675333 0.07566700000000004 0.077333 0.075333
2 0.668333 0.15500000000000003 0.094 0.088667
2 0.612 0.22199999999999998 0.096 0.104
2 0.641333 0.309667 0.104 0.09
2 0.663667 0.387667 0.079333 0.084667
2 0.762 0.273667 0.101333 0.087333
2 0.776 0.20699999999999996 0.06 0.046
3 0.724667 0.19233299999999998 0.06 0.066
3 0.807333 0.05666700000000002 0.069333 0.065333
3 0.834333 0.14033300000000004 0.087333 0.082
3 0.883667 0.08266700000000005 0.091333 0.105333
3 0.956 0.11066699999999996 0.038667 0.033333
3 0.916 0.18799999999999994 0.066667 0.061333
2 0.964333 0.27133300000000005 0.03 0.033333
2 0.959333 0.32999999999999996 0.081333 0.064
2 0.941333 0.410667 0.104 0.1
2 0.886 0.47 0.026667 0.030667
2 0.863667 0.544 0.054 0.064
2 0.934333 0.636 0.062 0.057333
2 0.943333 0.721 0.072 0.079333
2 0.861667 0.718 0.091333 0.106667
3 0.844667 0.627 0.102667 0.083333
2 0.79 0.522667 0.026667 0.036
2 0.742333 0.39733300000000005 0.080667 0.098667
2 0.806667 0.44699999999999995 0.085333 0.087333
2 0.72 0.494333 0.097333 0.09
2 0.962667 0.974333 0.036 0.036667
2 0.912667 0.936667 0.038667 0.044
2 0.869 0.929333 0.040667 0.037333
2 0.860667 0.954 0.032 0.037333
2 0.873333 0.98 0.026667 0.025333
3 0.891333 0.882 0.045333 0.04
2 0.820667 0.862 0.026667 0.033333
2 0.84 0.8069999999999999 0.06 0.048667
3 0.792667 0.754 0.093333 0.070667
2 0.765667 0.7010000000000001 0.05 0.05
2 0.751667 0.655667 0.052667 0.043333
2 0.718333 0.594333 0.075333 0.087333
2 0.661333 0.652 0.069333 0.064
3 0.631667 0.5609999999999999 0.098 0.120667
2 0.501 0.418667 0.043333 0.041333
3 0.563667 0.361 0.074 0.095333
3 0.649667 0.48 0.038 0.033333
3 0.603333 0.42633299999999996 0.058667 0.048667
3 0.564 0.446333 0.036 0.042
2 0.554 0.5533330000000001 0.062667 0.056
3 0.690667 0.720333 0.049333 0.055333
2 0.738667 0.824667 0.04 0.034667
2 0.730667 0.898 0.033333 0.044
2 0.625333 0.931333 0.064 0.077333
2 0.708667 0.975667 0.064 0.044667
2 0.565667 0.919333 0.044667 0.034667
2 0.571333 0.867333 0.092 0.077333
3 0.608667 0.794 0.102667 0.102667
3 0.556 0.679 0.058667 0.054
2 0.533 0.769333 0.046 0.06
2 0.521333 0.962667 0.069333 0.073333
2 0.494667 0.894667 0.061333 0.068
2 0.478 0.8240000000000001 0.074667 0.069333
2 0.488 0.660667 0.030667 0.030667
2 0.335 0.43966700000000003 0.055333 0.052667
2 0.329333 0.512 0.064 0.064
2 0.393333 0.47066699999999995 0.066667 0.070667
2 0.379667 0.546 0.078 0.068
2 0.455333 0.5569999999999999 0.06 0.054
2 0.476 0.49666699999999997 0.104 0.1
2 0.363667 0.610333 0.048667 0.052667
2 0.418 0.639 0.065333 0.082
2 0.385333 0.718667 0.061333 0.066667
2 0.349667 0.914667 0.054 0.069333
2 0.362 0.859667 0.06 0.071333
2 0.362667 0.7763329999999999 0.038667 0.040667
2 0.440667 0.734667 0.061333 0.081333
2 0.393667 0.798333 0.078 0.082
2 0.402333 0.961 0.094 0.076667
2 0.424667 0.882 0.081333 0.078667
2 0.959333 0.502 0.057333 0.062667
0 0.677 0.913 0.043333 0.052667
0 0.946 0.5740000000000001 0.044 0.048
0 0.844667 0.359333 0.058667 0.050667
0 0.741667 0.08333299999999999 0.032667 0.04
0 0.869 0.42000000000000004 0.034 0.050667
0 0.597333 0.736 0.041333 0.04
0 0.578333 0.715333 0.03 0.033333
0 0.599667 0.643 0.043333 0.048667
0 0.579667 0.479 0.054 0.05
0 0.503333 0.569 0.042667 0.059333
0 0.506667 0.381667 0.036 0.035333
0 0.506667 0.32866700000000004 0.042667 0.052
0 0.181667 0.36666699999999997 0.068667 0.088
0 0.052667 0.866667 0.076 0.078667
2 0.239 0.971667 0.078 0.055333
2 0.154667 0.972 0.089333 0.054667
2 0.021667 0.602333 0.042 0.054
2 0.028333 0.03433299999999995 0.055333 0.068667
2 0.538667 0.022333000000000047 0.098667 0.044667
2 0.422333 0.026000000000000023 0.080667 0.052
