2 0.554667 0.060667 0.030667 0.026667
2 0.773667 0.074667 0.084667 0.076
2 0.7110000000000001 0.133667 0.084667 0.094
2 0.626333 0.152 0.11 0.102667
2 0.821333 0.174667 0.064 0.062667
3 0.752 0.217 0.041333 0.036667
3 0.772 0.289333 0.034667 0.038667
2 0.912667 0.218333 0.134667 0.124667
2 0.766667 0.366333 0.118667 0.084667
2 0.9319999999999999 0.417333 0.104 0.097333
2 0.838 0.478333 0.072 0.075333
2 0.966 0.56 0.041333 0.041333
2 0.974333 0.643333 0.047333 0.044
2 0.902 0.674667 0.053333 0.04
2 0.936667 0.739 0.056 0.052667
2 0.954333 0.808 0.056667 0.054667
2 0.293667 0.026333 0.052667 0.051333
2 0.14933300000000005 0.076 0.046667 0.054667
2 0.09166700000000005 0.066667 0.068667 0.068
2 0.34666699999999995 0.11 0.108 0.108
2 0.26733300000000004 0.123333 0.061333 0.088
2 0.11533300000000002 0.210333 0.109333 0.083333
2 0.06399999999999995 0.275333 0.065333 0.058667
2 0.14933300000000005 0.282333 0.044 0.039333
2 0.053332999999999964 0.441333 0.074667 0.070667
2 0.10499999999999998 0.386 0.055333 0.062667
2 0.16800000000000004 0.368667 0.06 0.064
2 0.245 0.309667 0.078 0.112667
2 0.337333 0.268333 0.093333 0.083333
2 0.351333 0.354 0.093333 0.093333
2 0.48266699999999996 0.145667 0.169333 0.126
2 0.49166699999999997 0.254 0.148667 0.162667
2 0.648333 0.372 0.112667 0.104
2 0.545667 0.424 0.156667 0.149333
2 0.30433299999999996 0.453333 0.076667 0.074667
2 0.07333299999999998 0.505 0.037333 0.046
2 0.08333299999999999 0.618333 0.037333 0.039333
2 0.20066700000000004 0.614667 0.038667 0.034667
2 0.17200000000000004 0.642 0.029333 0.030667
2 0.413667 0.499 0.079333 0.083333
3 0.33766700000000005 0.534333 0.084667 0.084667
2 0.691667 0.454333 0.062 0.05
2 0.671667 0.556667 0.122 0.104
3 0.532667 0.597667 0.086667 0.075333
2 0.503 0.704667 0.054 0.074667
2 0.563 0.668333 0.052667 0.055333
2 0.7030000000000001 0.643333 0.079333 0.058667
2 0.661 0.732333 0.076667 0.072667
2 0.687 0.788333 0.055333 0.048667
2 0.706333 0.838667 0.044667 0.029333
2 0.825667 0.748 0.134 0.132
2 0.804333 0.867667 0.082 0.092667
2 0.841 0.949667 0.086 0.092667
2 0.913 0.921333 0.042 0.041333
3 0.7396670000000001 0.911 0.024667 0.023333
2 0.5489999999999999 0.869 0.083333 0.087333
2 0.492333 0.945 0.075333 0.086
2 0.403667 0.94 0.088667 0.106667
2 0.277667 0.845667 0.054 0.056667
2 0.360333 0.796333 0.047333 0.042
2 0.427667 0.771333 0.059333 0.061333
2 0.31499999999999995 0.743667 0.118 0.116667
2 0.29500000000000004 0.664 0.083333 0.069333
2 0.400667 0.688 0.030667 0.028
2 0.503667 0.702667 0.055333 0.062667
2 0.532 0.792 0.065333 0.056
2 0.760333 0.595667 0.063333 0.051333
2 0.37633300000000003 0.615667 0.068667 0.063333
2 0.27833300000000005 0.389 0.039333 0.05
2 0.03633299999999995 0.682667 0.072667 0.1
2 0.05066700000000002 0.782333 0.097333 0.091333
2 0.13966699999999999 0.701667 0.114 0.108667
2 0.15833299999999995 0.783 0.11 0.084667
2 0.18899999999999995 0.848333 0.123333 0.112667
2 0.08533299999999999 0.863667 0.074667 0.079333
2 0.089333 0.955667 0.130667 0.088667
2 0.19433299999999998 0.933667 0.074 0.07
2 0.497 0.298 0.051333 0.065333
0 0.6723330000000001 0.912333 0.039333 0.05
0 0.675333 0.864667 0.045333 0.032
0 0.562333 0.945333 0.064667 0.06
0 0.34099999999999997 0.890333 0.067333 0.067333
0 0.5676669999999999 0.757667 0.044667 0.048667
0 0.610333 0.617667 0.071333 0.060667
0 0.883 0.596333 0.064667 0.071333
0 0.9410000000000001 0.492333 0.071333 0.052667
0 0.636667 0.453667 0.072 0.062
0 0.621333 0.520333 0.068 0.067333
0 0.29900000000000004 0.604333 0.062 0.05
0 0.42700000000000005 0.445667 0.058 0.051333
0 0.969 0.267667 0.060667 0.062
0 0.6886669999999999 0.208333 0.058667 0.055333
0 0.728333 0.307667 0.036667 0.039333
0 0.837333 0.097667 0.070667 0.063333
0 0.7030000000000001 0.053333 0.056667 0.057333
0 0.597 0.044333 0.062 0.072667
0 0.20966700000000005 0.170333 0.051333 0.05
0 0.06533299999999997 0.130333 0.06 0.051333
2 0.77 0.974 0.082667 0.052
2 0.017333000000000043 0.216333 0.034667 0.039333
2 0.024666999999999994 0.365667 0.049333 0.087333
