2 0.922667 0.067 0.105333 0.09
2 0.917333 0.146 0.078667 0.097333
2 0.839333 0.138667 0.078667 0.085333
2 0.822333 0.052 0.098 0.102667
2 0.749333 0.119 0.104 0.15
2 0.6763330000000001 0.124 0.051333 0.066667
2 0.7006669999999999 0.183333 0.054667 0.065333
2 0.656333 0.042333 0.063333 0.063333
2 0.588667 0.031667 0.074667 0.062
2 0.6026670000000001 0.103667 0.092 0.09
1 0.586667 0.160667 0.044 0.04
2 0.5433330000000001 0.177333 0.044 0.064
2 0.5103329999999999 0.173 0.020667 0.032667
2 0.623667 0.202 0.100667 0.090667
2 0.8089999999999999 0.247 0.159333 0.135333
3 0.919333 0.271667 0.032 0.031333
2 0.919667 0.400667 0.084667 0.113333
2 0.812333 0.381 0.160667 0.120667
2 0.816333 0.479 0.124667 0.107333
2 0.870667 0.539 0.097333 0.09
2 0.960667 0.610333 0.062667 0.074
2 0.858 0.636333 0.132 0.108667
1 0.768667 0.559 0.085333 0.108667
1 0.713667 0.441667 0.088667 0.102
2 0.654667 0.299333 0.129333 0.101333
2 0.639 0.375333 0.079333 0.053333
1 0.6226670000000001 0.448333 0.106667 0.11
2 0.686667 0.556667 0.084 0.112
1 0.675667 0.701333 0.200667 0.158667
2 0.541667 0.689 0.071333 0.080667
2 0.602333 0.534667 0.106 0.092
2 0.584667 0.603 0.124 0.100667
2 0.5549999999999999 0.351 0.052667 0.082
2 0.533667 0.427333 0.083333 0.104
2 0.510667 0.254667 0.076 0.077333
2 0.520667 0.078333 0.082667 0.111333
2 0.477333 0.113333 0.052 0.054667
2 0.472 0.172 0.054667 0.069333
2 0.43600000000000005 0.204333 0.033333 0.035333
2 0.47266699999999995 0.326333 0.109333 0.080667
2 0.442333 0.26 0.059333 0.078667
2 0.501333 0.529333 0.092 0.093333
2 0.44966700000000004 0.621667 0.126 0.128667
2 0.389 0.642 0.09 0.106667
2 0.29933299999999996 0.686 0.133333 0.177333
2 0.44899999999999995 0.478 0.106 0.109333
2 0.46299999999999997 0.399 0.063333 0.059333
2 0.310667 0.036333 0.070667 0.064667
2 0.22299999999999998 0.063 0.05 0.056667
2 0.25133300000000003 0.101333 0.049333 0.049333
2 0.16733299999999995 0.089 0.06 0.068667
2 0.12933300000000003 0.175 0.102667 0.072667
3 0.04033299999999995 0.213333 0.080667 0.125333
2 0.08499999999999996 0.245333 0.074 0.062667
2 0.15200000000000002 0.309667 0.166667 0.108667
2 0.18133299999999997 0.22 0.133333 0.090667
2 0.295667 0.165 0.126 0.111333
2 0.328333 0.274 0.172667 0.102667
2 0.302667 0.350333 0.056 0.056667
2 0.373 0.388333 0.107333 0.098
2 0.367333 0.486333 0.077333 0.096667
2 0.29600000000000004 0.539667 0.101333 0.102
2 0.26433300000000004 0.468 0.119333 0.124
2 0.17000000000000004 0.506667 0.109333 0.116
2 0.13233300000000003 0.399333 0.138 0.106667
2 0.091333 0.674 0.145333 0.145333
2 0.11466699999999996 0.796667 0.116 0.116
2 0.05666700000000002 0.897 0.113333 0.09
2 0.20333299999999999 0.673 0.076 0.131333
2 0.42800000000000005 0.756 0.141333 0.136
2 0.38733300000000004 0.846333 0.086667 0.067333
2 0.308667 0.810333 0.097333 0.112667
2 0.222333 0.815333 0.079333 0.121333
2 0.35166699999999995 0.935667 0.166 0.128667
2 0.502 0.862333 0.148 0.176667
1 0.670667 0.878333 0.137333 0.15
1 0.823 0.718 0.082 0.082667
2 0.879 0.818333 0.063333 0.076667
1 0.787667 0.816333 0.136667 0.127333
0 0.08333299999999999 0.477 0.065333 0.080667
0 0.14700000000000002 0.574667 0.078 0.076
0 0.062000000000000055 0.101333 0.085333 0.084
0 0.21399999999999997 0.14 0.034667 0.038667
0 0.25733300000000003 0.355333 0.04 0.045333
0 0.30500000000000005 0.389333 0.043333 0.046667
0 0.442333 0.051333 0.074 0.070667
0 0.404667 0.094333 0.041333 0.027333
0 0.394667 0.177333 0.086667 0.088
0 0.581 0.843 0.059333 0.09
0 0.6513329999999999 0.8 0.070667 0.08
0 0.948667 0.290667 0.041333 0.045333
0 0.899667 0.321667 0.068667 0.044667
0 0.820667 0.876667 0.042667 0.034667
2 0.04600000000000004 0.966333 0.092 0.059333
2 0.02066699999999999 0.475667 0.041333 0.068667
2 0.039000000000000035 0.387 0.078 0.099333
2 0.05400000000000005 0.044667 0.108 0.088
2 0.969333 0.523333 0.06 0.088
2 0.943333 0.911 0.112 0.080667
2 0.736667 0.924333 0.130667 0.151333
2 0.5876669999999999 0.949333 0.151333 0.101333
2 0.230333 0.944333 0.151333 0.11
