3 0.959 0.818667 0.060667 0.068
2 0.939667 0.922333 0.086 0.103333
2 0.97 0.74 0.056 0.056
2 0.955 0.6699999999999999 0.080667 0.070667
2 0.886667 0.849667 0.1 0.155333
2 0.777667 0.869333 0.11 0.12
2 0.689667 0.928333 0.124667 0.11
2 0.604333 0.883667 0.060667 0.091333
2 0.46666700000000005 0.9 0.206667 0.125333
1 0.679 0.846 0.092667 0.073333
2 0.806333 0.776 0.088667 0.08
2 0.845667 0.6966669999999999 0.118 0.094667
2 0.7146669999999999 0.767667 0.1 0.096667
2 0.63 0.769667 0.088 0.100667
2 0.538 0.779667 0.097333 0.123333
1 0.41800000000000004 0.784333 0.154667 0.142
2 0.753 0.673333 0.082 0.097333
2 0.6639999999999999 0.6823330000000001 0.096 0.095333
2 0.554 0.685667 0.126667 0.124667
2 0.41233299999999995 0.647667 0.215333 0.146
2 0.596333 0.586333 0.108667 0.095333
2 0.689667 0.597667 0.083333 0.084667
2 0.857667 0.616333 0.116667 0.083333
2 0.768667 0.5593330000000001 0.094667 0.092
1 0.39233300000000004 0.53 0.247333 0.116
2 0.485333 0.46966699999999995 0.125333 0.092667
2 0.505 0.394 0.088667 0.077333
1 0.35066699999999995 0.42600000000000005 0.186667 0.125333
2 0.359 0.32899999999999996 0.17 0.114
2 0.34966699999999995 0.228333 0.223333 0.134
1 0.31966700000000003 0.11033300000000001 0.220667 0.115333
2 0.47366699999999995 0.07266700000000004 0.126 0.142667
2 0.48266699999999996 0.19266700000000003 0.089333 0.094667
2 0.476333 0.28800000000000003 0.094 0.108
2 0.552333 0.337333 0.123333 0.112
2 0.884333 0.529667 0.152667 0.140667
2 0.642333 0.47466699999999995 0.163333 0.136
2 0.764 0.455333 0.096 0.1
2 0.918 0.45999999999999996 0.129333 0.090667
2 0.948 0.387 0.097333 0.106
2 0.8993329999999999 0.32299999999999995 0.125333 0.116667
2 0.782 0.36566699999999996 0.073333 0.084667
2 0.575 0.23733300000000002 0.11 0.102667
2 0.565 0.12033300000000002 0.104667 0.116667
2 0.6393329999999999 0.18533299999999997 0.105333 0.101333
2 0.603667 0.170667 0.052667 0.072
2 0.727333 0.22666699999999995 0.1 0.106667
2 0.689333 0.32866700000000004 0.128 0.1
2 0.946333 0.23166699999999996 0.099333 0.091333
2 0.863333 0.18533299999999997 0.072 0.065333
2 0.827 0.27233300000000005 0.158 0.147333
2 0.918667 0.126 0.136 0.116
2 0.766667 0.137 0.112 0.108667
2 0.6890000000000001 0.10799999999999998 0.059333 0.069333
2 0.761 0.04966700000000002 0.079333 0.086
2 0.823667 0.06599999999999995 0.062 0.1
0 0.10233300000000001 0.790667 0.184667 0.18
0 0.06499999999999995 0.6026670000000001 0.13 0.145333
0 0.08399999999999996 0.688 0.045333 0.041333
0 0.097333 0.959667 0.166667 0.076667
0 0.852333 0.958667 0.054 0.046667
0 0.766 0.9646669999999999 0.044 0.036
2 0.930667 0.03700000000000003 0.102667 0.066
2 0.674667 0.032332999999999945 0.106667 0.064667
2 0.5836669999999999 0.04566700000000001 0.108667 0.09
2 0.963 0.6 0.072667 0.085333
2 0.604 0.970667 0.090667 0.052
