2 0.044333 0.868667 0.064667 0.072
2 0.118333 0.884667 0.047333 0.045333
2 0.02 0.763667 0.032 0.035333
2 0.025333 0.623333 0.044 0.037333
3 0.124 0.584667 0.066667 0.068
3 0.211667 0.546 0.078 0.070667
3 0.111667 0.641 0.055333 0.05
2 0.187 0.663333 0.048667 0.041333
2 0.199667 0.749333 0.064667 0.072
2 0.188 0.834 0.092 0.092
2 0.255333 0.940667 0.062667 0.066667
2 0.269667 0.85 0.083333 0.096
2 0.352333 0.907 0.09 0.107333
2 0.431333 0.831333 0.134667 0.136
3 0.440667 0.737 0.069333 0.05
2 0.377667 0.669333 0.118 0.129333
2 0.269667 0.697667 0.088667 0.086
3 0.251333 0.45199999999999996 0.104 0.094667
2 0.154 0.430667 0.029333 0.024
3 0.311333 0.571 0.061333 0.054
2 0.522667 0.945667 0.066667 0.059333
3 0.592 0.872333 0.044 0.040667
3 0.609 0.812333 0.052667 0.046
3 0.563667 0.646667 0.084667 0.074667
3 0.601 0.733333 0.056667 0.062667
3 0.681 0.738333 0.080667 0.080667
2 0.689333 0.857 0.110667 0.126
2 0.761 0.797667 0.084667 0.088667
3 0.772667 0.873 0.056 0.060667
2 0.837667 0.888333 0.055333 0.055333
2 0.856333 0.813333 0.084667 0.092
2 0.929 0.840333 0.059333 0.059333
3 0.890667 0.6603330000000001 0.092 0.094
2 0.843333 0.587333 0.094667 0.101333
2 0.881667 0.547667 0.056667 0.052667
2 0.778 0.559667 0.074667 0.087333
2 0.751667 0.475 0.091333 0.104667
2 0.702333 0.548 0.09 0.130667
2 0.626667 0.506667 0.110667 0.137333
2 0.549667 0.45899999999999996 0.071333 0.091333
2 0.473333 0.44566700000000004 0.065333 0.056667
2 0.405333 0.432667 0.078667 0.086667
2 0.486 0.384 0.093333 0.069333
2 0.663 0.38333300000000003 0.044667 0.042667
2 0.718333 0.39 0.055333 0.070667
3 0.626333 0.363 0.051333 0.052667
2 0.572667 0.353333 0.046667 0.044
3 0.543 0.32366700000000004 0.051333 0.043333
2 0.469667 0.29433299999999996 0.108667 0.095333
3 0.455333 0.18966700000000003 0.054667 0.058
2 0.44 0.10833300000000001 0.068 0.079333
2 0.515667 0.11599999999999999 0.080667 0.097333
2 0.534 0.220333 0.102667 0.088667
2 0.591333 0.15200000000000002 0.085333 0.113333
2 0.573333 0.04733299999999996 0.098667 0.090667
3 0.618 0.25133300000000003 0.070667 0.073333
3 0.696 0.286667 0.064 0.066667
3 0.769 0.31266700000000003 0.056667 0.062667
3 0.852667 0.33666700000000005 0.04 0.036
2 0.831333 0.233333 0.065333 0.062667
3 0.758 0.22866699999999995 0.076 0.097333
2 0.777333 0.13333300000000003 0.106667 0.101333
2 0.674667 0.19133299999999998 0.073333 0.101333
2 0.675333 0.07766700000000004 0.105333 0.115333
2 0.821333 0.059667000000000026 0.064 0.062
3 0.868 0.094333 0.062667 0.071333
2 0.966333 0.118 0.062 0.073333
2 0.935 0.03933299999999995 0.104667 0.078667
2 0.968 0.21166700000000005 0.029333 0.027333
2 0.376333 0.060667000000000026 0.151333 0.1
2 0.363333 0.158667 0.101333 0.1
2 0.377 0.250667 0.080667 0.089333
3 0.331667 0.39533300000000005 0.040667 0.030667
2 0.295 0.322333 0.119333 0.107333
2 0.286667 0.213333 0.094667 0.108
3 0.186667 0.356 0.094667 0.102667
2 0.103667 0.321333 0.087333 0.102667
3 0.086667 0.24166699999999997 0.061333 0.046
3 0.021333 0.14800000000000002 0.038667 0.041333
2 0.055667 0.054332999999999965 0.080667 0.09
2 0.134333 0.08666700000000005 0.059333 0.072
2 0.213 0.09499999999999997 0.122 0.111333
2 0.188 0.20199999999999996 0.108 0.105333
2 0.270667 0.04966700000000002 0.082667 0.099333
0 0.914333 0.19333299999999998 0.052667 0.042667
0 0.924333 0.24033300000000002 0.052667 0.047333
0 0.930333 0.42200000000000004 0.048667 0.06
0 0.913 0.350333 0.054 0.058
0 0.870333 0.298667 0.039333 0.046667
0 0.821333 0.41533299999999995 0.044 0.041333
0 0.896333 0.732333 0.048667 0.047333
0 0.788667 0.955667 0.076 0.064667
0 0.822333 0.735333 0.044667 0.050667
0 0.819667 0.6703330000000001 0.040667 0.043333
0 0.766667 0.6533329999999999 0.066667 0.069333
0 0.629333 0.942333 0.034667 0.054
0 0.675 0.953333 0.034 0.053333
0 0.542333 0.802667 0.072667 0.070667
0 0.554 0.728333 0.049333 0.064667
0 0.517667 0.7336670000000001 0.034 0.034
0 0.465 0.6783330000000001 0.058 0.059333
0 0.505333 0.6026670000000001 0.044 0.049333
0 0.495333 0.5469999999999999 0.069333 0.052667
0 0.194333 0.922 0.046 0.06
0 0.133 0.9646669999999999 0.064667 0.056
0 0.168333 0.492 0.07 0.069333
0 0.126667 0.464333 0.045333 0.055333
0 0.062333 0.784667 0.059333 0.056
0 0.082333 0.736 0.032667 0.037333
0 0.021667 0.681 0.042 0.059333
0 0.071333 0.5816669999999999 0.052 0.059333
0 0.078 0.538667 0.030667 0.029333
0 0.078 0.42600000000000005 0.030667 0.032
0 0.066 0.38133300000000003 0.041333 0.026667
0 0.045 0.41100000000000003 0.039333 0.032667
0 0.121333 0.19133299999999998 0.033333 0.032
2 0.962333 0.493333 0.075333 0.089333
2 0.966333 0.637 0.067333 0.128667
2 0.963333 0.933667 0.073333 0.13
2 0.955333 0.78 0.089333 0.109333
2 0.705 0.975667 0.099333 0.047333
2 0.424 0.971 0.102667 0.056667
2 0.326 0.973333 0.089333 0.052
2 0.052667 0.953 0.104 0.092667
2 0.026333 0.28433299999999995 0.051333 0.114
2 0.756667 0.028000000000000025 0.089333 0.056
