2 0.602 0.731333 0.072 0.070667
3 0.5680000000000001 0.672667 0.093333 0.082667
3 0.474333 0.296667 0.044667 0.04
3 0.39033300000000004 0.312333 0.055333 0.054
2 0.46766700000000005 0.410333 0.03 0.028667
3 0.44299999999999995 0.473 0.108667 0.094
3 0.408667 0.553 0.038667 0.039333
3 0.47366699999999995 0.559667 0.083333 0.080667
3 0.44366700000000003 0.625 0.079333 0.067333
3 0.488 0.664667 0.073333 0.086667
2 0.288667 0.298333 0.088 0.095333
2 0.27833300000000005 0.385667 0.043333 0.043333
2 0.334333 0.480333 0.046 0.048667
3 0.368 0.615667 0.070667 0.079333
2 0.30700000000000005 0.715667 0.162 0.104667
2 0.28833299999999995 0.629667 0.082 0.076667
2 0.31266700000000003 0.548333 0.113333 0.09
2 0.24866699999999997 0.455 0.118667 0.098
3 0.21999999999999997 0.132 0.045333 0.050667
3 0.23633300000000002 0.218 0.059333 0.078667
3 0.150667 0.194333 0.088 0.107333
3 0.20399999999999996 0.287333 0.072 0.065333
3 0.20199999999999996 0.360667 0.073333 0.069333
2 0.13766699999999998 0.458667 0.094 0.102667
3 0.12633300000000003 0.545 0.095333 0.092667
3 0.21566700000000005 0.545 0.084667 0.079333
2 0.19399999999999995 0.626 0.105333 0.097333
3 0.04933299999999996 0.184 0.086667 0.097333
2 0.10833300000000001 0.342333 0.108667 0.11
2 0.049000000000000044 0.456333 0.098 0.087333
3 0.051000000000000045 0.539 0.052667 0.052667
3 0.055332999999999966 0.683667 0.066667 0.062
2 0.13466699999999998 0.762333 0.126667 0.138
2 0.18233299999999997 0.836333 0.119333 0.094
3 0.19899999999999995 0.885333 0.056667 0.058667
3 0.150667 0.902333 0.048 0.054
3 0.37 0.813667 0.154667 0.11
1 0.319333 0.892 0.041333 0.036
3 0.25933300000000004 0.831667 0.052 0.05
1 0.366333 0.927333 0.044667 0.038667
3 0.6639999999999999 0.898667 0.068 0.076
3 0.705667 0.842667 0.035333 0.036
2 0.52 0.845 0.076 0.078
2 0.46866699999999994 0.932 0.081333 0.092
0 0.33899999999999997 0.120333 0.216667 0.239333
0 0.487 0.176667 0.124667 0.192
0 0.523 0.044 0.144667 0.085333
0 0.6453329999999999 0.062333 0.148 0.114
0 0.623333 0.219667 0.173333 0.194
0 0.801667 0.060333 0.158 0.119333
0 0.819333 0.192 0.228 0.206667
0 0.911333 0.307333 0.176 0.233333
0 0.5880000000000001 0.402333 0.194667 0.196667
0 0.615333 0.555333 0.149333 0.153333
0 0.753 0.402667 0.159333 0.192
0 0.7476670000000001 0.576333 0.162 0.162
0 0.727333 0.731333 0.185333 0.176
0 0.864667 0.843667 0.194667 0.236667
0 0.915667 0.904667 0.167333 0.190667
0 0.918667 0.612333 0.1 0.103333
0 0.935667 0.066 0.127333 0.130667
2 0.03600000000000003 0.598333 0.072 0.079333
3 0.037667000000000006 0.346 0.075333 0.098667
2 0.047667000000000015 0.086667 0.095333 0.105333
3 0.14800000000000002 0.045333 0.105333 0.089333
3 0.21599999999999997 0.953333 0.164 0.093333
