2 0.066 0.128 0.12 0.102667
1 0.268667 0.138 0.161333 0.194667
1 0.416 0.07 0.194667 0.138667
2 0.153 0.193333 0.140667 0.12
2 0.123 0.312667 0.063333 0.066667
2 0.312667 0.265 0.057333 0.054
2 0.226667 0.303 0.137333 0.147333
2 0.316667 0.336 0.065333 0.070667
2 0.100667 0.399333 0.125333 0.1
2 0.205 0.397667 0.091333 0.088667
2 0.156333 0.477333 0.07 0.073333
2 0.069667 0.483667 0.079333 0.063333
2 0.358667 0.422667 0.101333 0.102667
1 0.316667 0.512 0.142667 0.198667
2 0.412667 0.502333 0.057333 0.048667
2 0.386 0.57 0.101333 0.092
2 0.213 0.533667 0.086 0.119333
2 0.139 0.555333 0.062 0.078667
2 0.045 0.564333 0.078 0.091333
2 0.032 0.647 0.057333 0.071333
2 0.094333 0.678333 0.120667 0.111333
2 0.147 0.758 0.112667 0.121333
3 0.067333 0.769333 0.061333 0.065333
2 0.049333 0.838667 0.053333 0.06
2 0.241333 0.743 0.105333 0.128667
2 0.335 0.678333 0.123333 0.122
2 0.422 0.718 0.065333 0.070667
2 0.353 0.763333 0.11 0.068
2 0.220333 0.839667 0.083333 0.082
2 0.308 0.837333 0.1 0.098667
2 0.4 0.831667 0.093333 0.087333
2 0.487333 0.840667 0.096 0.113333
2 0.469667 0.918 0.120667 0.132
2 0.361333 0.922667 0.104 0.097333
2 0.277667 0.926333 0.074 0.087333
2 0.186667 0.909333 0.12 0.113333
2 0.078 0.926667 0.096 0.102667
2 0.605667 0.830667 0.162 0.136
2 0.56 0.726 0.196 0.109333
1 0.544333 0.640333 0.203333 0.099333
2 0.530333 0.549 0.184667 0.103333
2 0.512667 0.448333 0.198667 0.104667
2 0.471333 0.356667 0.230667 0.101333
2 0.452333 0.275333 0.216667 0.089333
2 0.420667 0.193667 0.168 0.122
2 0.264333 0.652667 0.062 0.054667
2 0.061 0.201333 0.052667 0.069333
0 0.914667 0.791 0.16 0.168667
0 0.951333 0.952667 0.097333 0.092
0 0.909667 0.594 0.172667 0.154667
0 0.961 0.192667 0.078 0.1
0 0.892667 0.14 0.085333 0.066667
0 0.783667 0.065333 0.187333 0.113333
0 0.930333 0.085333 0.063333 0.049333
0 0.969333 0.042 0.061333 0.077333
0 0.911333 0.016667 0.061333 0.030667
2 0.015333 0.799333 0.022667 0.061333
2 0.048667 0.277 0.096 0.172667
2 0.122333 0.063 0.224667 0.124667
2 0.632667 0.943 0.18 0.114
