3 0.281667 0.019 0.032667 0.034
3 0.297333 0.093667 0.052 0.047333
2 0.284 0.197333 0.096 0.081333
3 0.198667 0.242333 0.077333 0.074
3 0.116 0.263333 0.057333 0.052
3 0.173 0.320333 0.11 0.087333
3 0.277333 0.275333 0.068 0.066667
2 0.371333 0.217333 0.042667 0.044
3 0.345333 0.288333 0.056 0.059333
2 0.329 0.352333 0.122 0.078
3 0.168333 0.413333 0.102 0.090667
3 0.334667 0.441667 0.097333 0.099333
2 0.074 0.426 0.090667 0.076
2 0.467667 0.160333 0.046 0.046
3 0.462333 0.050667 0.098 0.1
3 0.540333 0.079667 0.035333 0.040667
3 0.614333 0.099667 0.086 0.059333
2 0.721667 0.164667 0.123333 0.176
2 0.613 0.163333 0.082 0.092
2 0.532667 0.153 0.086667 0.102
2 0.615333 0.276667 0.097333 0.142667
3 0.531 0.245667 0.076667 0.086
2 0.443 0.219 0.094 0.086
2 0.438333 0.307 0.100667 0.106
3 0.526667 0.335667 0.078667 0.084667
2 0.437333 0.410667 0.084 0.093333
3 0.527 0.420667 0.044667 0.052
3 0.245333 0.453333 0.078667 0.069333
3 0.073333 0.511333 0.113333 0.090667
3 0.164333 0.517 0.048667 0.055333
2 0.226333 0.539667 0.082 0.067333
2 0.085333 0.596333 0.165333 0.079333
2 0.149333 0.708667 0.046667 0.041333
2 0.064667 0.699 0.128 0.112667
2 0.22 0.618667 0.097333 0.088
2 0.319333 0.614 0.094667 0.096
2 0.306667 0.707333 0.112 0.092
2 0.213667 0.706667 0.078 0.082667
2 0.404333 0.520333 0.142 0.122
2 0.52 0.507 0.1 0.120667
3 0.595333 0.457333 0.057333 0.072
3 0.669333 0.407 0.073333 0.055333
3 0.664333 0.463333 0.083333 0.069333
2 0.756333 0.496333 0.038 0.05
2 0.621667 0.561667 0.092667 0.108667
2 0.720667 0.569 0.116 0.116667
3 0.582333 0.632 0.055333 0.056
2 0.395 0.628 0.044667 0.050667
2 0.401333 0.693 0.048 0.074
2 0.487 0.648333 0.142 0.136667
2 0.583333 0.701333 0.076 0.076
2 0.48 0.744667 0.078667 0.069333
3 0.660333 0.662 0.058 0.050667
2 0.653667 0.753333 0.11 0.126667
2 0.613333 0.824667 0.109333 0.104
2 0.467667 0.803333 0.067333 0.052
2 0.394667 0.788667 0.082667 0.094667
2 0.296667 0.802 0.116 0.112
2 0.047333 0.787667 0.086667 0.059333
2 0.126333 0.801667 0.088667 0.112667
2 0.200667 0.79 0.061333 0.081333
2 0.055667 0.868667 0.046 0.052
2 0.118 0.898 0.085333 0.082667
3 0.205333 0.871 0.092 0.092667
2 0.193333 0.960667 0.061333 0.078667
2 0.452333 0.89 0.107333 0.117333
2 0.548333 0.873 0.084667 0.103333
2 0.605333 0.923 0.097333 0.096667
2 0.687333 0.946667 0.053333 0.061333
2 0.757 0.911667 0.123333 0.126
2 0.797667 0.831 0.099333 0.102
2 0.943667 0.888333 0.075333 0.074
2 0.833333 0.738333 0.101333 0.095333
2 0.744667 0.690333 0.104 0.099333
2 0.871333 0.627667 0.138667 0.120667
3 0.831333 0.525333 0.049333 0.044
2 0.783333 0.429 0.065333 0.099333
2 0.832333 0.366667 0.056667 0.057333
2 0.879333 0.352333 0.073333 0.066
2 0.879667 0.432 0.144667 0.122667
3 0.802667 0.082 0.098667 0.124
2 0.881 0.150333 0.03 0.040667
1 0.916667 0.104333 0.042667 0.047333
3 0.936 0.288667 0.042667 0.049333
3 0.816667 0.215 0.045333 0.05
2 0.825667 0.271333 0.082 0.073333
2 0.758 0.323333 0.121333 0.117333
3 0.884333 0.268333 0.034 0.05
0 0.284667 0.873667 0.050667 0.056667
0 0.307 0.508 0.051333 0.044
0 0.969667 0.392667 0.060667 0.068
0 0.578667 0.394667 0.037333 0.032
0 0.219333 0.373333 0.050667 0.041333
0 0.12 0.113 0.238667 0.224667
2 0.882667 0.928667 0.148 0.142667
2 0.356 0.961333 0.098667 0.077333
2 0.258667 0.969 0.089333 0.062
2 0.026333 0.397333 0.051333 0.077333
2 0.03 0.305 0.058667 0.11
2 0.951333 0.220667 0.097333 0.109333
2 0.952333 0.506667 0.095333 0.088
2 0.955 0.665333 0.09 0.106667
2 0.955 0.819667 0.09 0.151333
