2 0.955667 0.131333 0.064667 0.072
2 0.881667 0.115333 0.047333 0.045333
2 0.98 0.236333 0.032 0.035333
2 0.974667 0.376667 0.044 0.037333
3 0.876 0.415333 0.066667 0.068
3 0.788333 0.454 0.078 0.070667
3 0.888333 0.359 0.055333 0.05
2 0.813 0.336667 0.048667 0.041333
2 0.800333 0.250667 0.064667 0.072
2 0.812 0.166 0.092 0.092
2 0.744667 0.059333 0.062667 0.066667
2 0.730333 0.15 0.083333 0.096
2 0.647667 0.093 0.09 0.107333
2 0.568667 0.168667 0.134667 0.136
3 0.5593330000000001 0.263 0.069333 0.05
2 0.622333 0.330667 0.118 0.129333
2 0.730333 0.302333 0.088667 0.086
3 0.748667 0.548 0.104 0.094667
2 0.846 0.569333 0.029333 0.024
3 0.6886669999999999 0.429 0.061333 0.054
2 0.477333 0.054333 0.066667 0.059333
3 0.40800000000000003 0.127667 0.044 0.040667
3 0.391 0.187667 0.052667 0.046
3 0.43633299999999997 0.353333 0.084667 0.074667
3 0.399 0.266667 0.056667 0.062667
3 0.31899999999999995 0.261667 0.080667 0.080667
2 0.310667 0.143 0.110667 0.126
2 0.239 0.202333 0.084667 0.088667
3 0.227333 0.127 0.056 0.060667
2 0.16233299999999995 0.111667 0.055333 0.055333
2 0.143667 0.186667 0.084667 0.092
2 0.07099999999999995 0.159667 0.059333 0.059333
3 0.10933300000000001 0.339667 0.092 0.094
2 0.156667 0.412667 0.094667 0.101333
2 0.11833300000000002 0.452333 0.056667 0.052667
2 0.22199999999999998 0.440333 0.074667 0.087333
2 0.24833300000000003 0.525 0.091333 0.104667
2 0.297667 0.452 0.09 0.130667
2 0.373333 0.493333 0.110667 0.137333
2 0.450333 0.541 0.071333 0.091333
2 0.526667 0.554333 0.065333 0.056667
2 0.5946670000000001 0.567333 0.078667 0.086667
2 0.514 0.616 0.093333 0.069333
2 0.33699999999999997 0.616667 0.044667 0.042667
2 0.281667 0.61 0.055333 0.070667
3 0.37366699999999997 0.637 0.051333 0.052667
2 0.42733299999999996 0.646667 0.046667 0.044
3 0.45699999999999996 0.676333 0.051333 0.043333
2 0.5303329999999999 0.705667 0.108667 0.095333
3 0.544667 0.810333 0.054667 0.058
2 0.56 0.891667 0.068 0.079333
2 0.484333 0.884 0.080667 0.097333
2 0.46599999999999997 0.779667 0.102667 0.088667
2 0.408667 0.848 0.085333 0.113333
2 0.426667 0.952667 0.098667 0.090667
3 0.382 0.748667 0.070667 0.073333
3 0.30400000000000005 0.713333 0.064 0.066667
3 0.23099999999999998 0.687333 0.056667 0.062667
3 0.14733300000000005 0.663333 0.04 0.036
2 0.168667 0.766667 0.065333 0.062667
3 0.242 0.771333 0.076 0.097333
2 0.22266699999999995 0.866667 0.106667 0.101333
2 0.325333 0.808667 0.073333 0.101333
2 0.32466700000000004 0.922333 0.105333 0.115333
2 0.17866700000000002 0.940333 0.064 0.062
3 0.132 0.905667 0.062667 0.071333
2 0.033667 0.882 0.062 0.073333
2 0.06499999999999995 0.960667 0.104667 0.078667
2 0.03200000000000003 0.788333 0.029333 0.027333
2 0.623667 0.939333 0.151333 0.1
2 0.636667 0.841333 0.101333 0.1
2 0.623 0.749333 0.080667 0.089333
3 0.6683330000000001 0.604667 0.040667 0.030667
2 0.7050000000000001 0.677667 0.119333 0.107333
2 0.713333 0.786667 0.094667 0.108
3 0.813333 0.644 0.094667 0.102667
2 0.896333 0.678667 0.087333 0.102667
3 0.913333 0.758333 0.061333 0.046
3 0.978667 0.852 0.038667 0.041333
2 0.944333 0.945667 0.080667 0.09
2 0.865667 0.913333 0.059333 0.072
2 0.787 0.905 0.122 0.111333
2 0.812 0.798 0.108 0.105333
2 0.729333 0.950333 0.082667 0.099333
0 0.08566700000000005 0.806667 0.052667 0.042667
0 0.07566700000000004 0.759667 0.052667 0.047333
0 0.06966700000000003 0.578 0.048667 0.06
0 0.08699999999999997 0.649667 0.054 0.058
0 0.12966699999999998 0.701333 0.039333 0.046667
0 0.17866700000000002 0.584667 0.044 0.041333
0 0.10366699999999995 0.267667 0.048667 0.047333
0 0.211333 0.044333 0.076 0.064667
0 0.17766700000000002 0.264667 0.044667 0.050667
0 0.18033299999999997 0.329667 0.040667 0.043333
0 0.233333 0.346667 0.066667 0.069333
0 0.37066699999999997 0.057667 0.034667 0.054
0 0.32499999999999996 0.046667 0.034 0.053333
0 0.45766700000000005 0.197333 0.072667 0.070667
0 0.44599999999999995 0.271667 0.049333 0.064667
0 0.482333 0.266333 0.034 0.034
0 0.5349999999999999 0.321667 0.058 0.059333
0 0.49466699999999997 0.397333 0.044 0.049333
0 0.504667 0.453 0.069333 0.052667
0 0.805667 0.078 0.046 0.06
0 0.867 0.035333 0.064667 0.056
0 0.8316669999999999 0.508 0.07 0.069333
0 0.873333 0.535667 0.045333 0.055333
0 0.937667 0.215333 0.059333 0.056
0 0.917667 0.264 0.032667 0.037333
0 0.978333 0.319 0.042 0.059333
0 0.928667 0.418333 0.052 0.059333
0 0.922 0.461333 0.030667 0.029333
0 0.922 0.574 0.030667 0.032
0 0.9339999999999999 0.618667 0.041333 0.026667
0 0.955 0.589 0.039333 0.032667
0 0.878667 0.808667 0.033333 0.032
2 0.037667000000000006 0.506667 0.075333 0.089333
2 0.033667 0.363 0.067333 0.128667
2 0.036667000000000005 0.066333 0.073333 0.13
2 0.04466700000000001 0.22 0.089333 0.109333
2 0.29500000000000004 0.024333 0.099333 0.047333
2 0.5760000000000001 0.029 0.102667 0.056667
2 0.6739999999999999 0.026667 0.089333 0.052
2 0.947333 0.047 0.104 0.092667
2 0.973667 0.715667 0.051333 0.114
2 0.24333300000000002 0.972 0.089333 0.056
