3 0.795667 0.031667 0.063333 0.063333
2 0.801 0.10233300000000001 0.087333 0.080667
2 0.783667 0.19533299999999998 0.096667 0.1
2 0.694667 0.17766700000000002 0.092 0.104667
3 0.666667 0.07966700000000004 0.065333 0.075333
3 0.619333 0.12766699999999997 0.06 0.071333
3 0.549667 0.11333300000000002 0.059333 0.061333
2 0.561667 0.30833299999999997 0.044667 0.043333
3 0.587333 0.238 0.124 0.138667
2 0.526 0.34666699999999995 0.037333 0.036
2 0.958333 0.947 0.048667 0.048667
2 0.890667 0.9410000000000001 0.074667 0.080667
2 0.910667 0.88 0.024 0.028
2 0.959333 0.823667 0.076 0.074
2 0.897667 0.790667 0.039333 0.033333
2 0.822667 0.922667 0.110667 0.072
2 0.767333 0.884667 0.033333 0.037333
2 0.683 0.956 0.054 0.064
2 0.825667 0.844333 0.086 0.087333
2 0.799 0.741 0.055333 0.058
3 0.831 0.757333 0.055333 0.064
2 0.790667 0.679 0.050667 0.046
2 0.852667 0.586667 0.062667 0.074667
2 0.795333 0.570667 0.029333 0.032
3 0.551 0.41200000000000003 0.028667 0.030667
2 0.584 0.43600000000000005 0.036 0.032
2 0.621667 0.37833300000000003 0.079333 0.075333
2 0.748333 0.320333 0.056667 0.047333
2 0.719667 0.41500000000000004 0.052667 0.051333
2 0.763333 0.430667 0.034667 0.024
1 0.764 0.491333 0.036 0.032
2 0.704 0.471333 0.065333 0.064
2 0.655333 0.462333 0.04 0.043333
2 0.600333 0.502 0.075333 0.077333
3 0.673333 0.5349999999999999 0.085333 0.082
2 0.745 0.558333 0.047333 0.064667
2 0.703 0.645 0.052667 0.060667
3 0.572667 0.597 0.074667 0.087333
2 0.641333 0.626333 0.037333 0.046
2 0.650333 0.7006669999999999 0.042 0.056
2 0.695333 0.708333 0.04 0.054
2 0.738667 0.728333 0.054667 0.055333
2 0.748333 0.805333 0.054 0.073333
2 0.627 0.929 0.083333 0.076667
2 0.623333 0.840333 0.104 0.092667
2 0.626 0.766667 0.065333 0.052
2 0.549 0.9339999999999999 0.060667 0.058667
2 0.534333 0.827 0.076667 0.091333
2 0.529 0.742333 0.082 0.07
2 0.518 0.675667 0.068 0.067333
2 0.442 0.720333 0.033333 0.044667
2 0.473333 0.726667 0.026667 0.034667
3 0.449 0.657 0.07 0.062
3 0.484333 0.581 0.087333 0.088667
3 0.418667 0.548333 0.066667 0.082
3 0.452667 0.46066700000000005 0.034667 0.036
2 0.487333 0.46866699999999994 0.029333 0.030667
2 0.394667 0.45299999999999996 0.038667 0.054
2 0.358667 0.534 0.058667 0.072
2 0.408 0.365333 0.076 0.073333
3 0.478667 0.39033300000000004 0.073333 0.09
3 0.41 0.291667 0.056 0.076667
3 0.456667 0.298667 0.037333 0.037333
2 0.387333 0.05833299999999997 0.076 0.079333
3 0.315 0.044332999999999956 0.062 0.071333
2 0.365 0.148667 0.118 0.121333
2 0.273333 0.17266700000000001 0.096 0.097333
2 0.236333 0.24933300000000003 0.086 0.102667
2 0.188667 0.16600000000000004 0.06 0.058667
2 0.127333 0.161667 0.057333 0.072667
2 0.087 0.19999999999999996 0.079333 0.088
2 0.082667 0.268667 0.033333 0.046667
3 0.149667 0.29433299999999996 0.092667 0.095333
2 0.163667 0.22566699999999995 0.048667 0.042
2 0.256 0.34266700000000005 0.044 0.033333
2 0.333 0.33599999999999997 0.051333 0.057333
2 0.316333 0.41800000000000004 0.071333 0.098667
3 0.250333 0.39233300000000004 0.058 0.060667
2 0.201667 0.375667 0.047333 0.05
3 0.279 0.505 0.076667 0.075333
2 0.306 0.605 0.092 0.086
2 0.383667 0.634 0.07 0.08
1 0.431667 0.801333 0.046 0.062667
1 0.389 0.763 0.047333 0.05
2 0.315 0.6839999999999999 0.056667 0.061333
2 0.681667 0.775667 0.028667 0.03
2 0.139667 0.39233300000000004 0.048667 0.05
2 0.062667 0.366 0.072 0.061333
2 0.049333 0.425667 0.066667 0.063333
3 0.106667 0.45466700000000004 0.052 0.058667
2 0.200333 0.46666700000000005 0.088667 0.096
3 0.239667 0.580333 0.048667 0.051333
2 0.156667 0.5589999999999999 0.106667 0.088667
2 0.075667 0.527 0.086 0.072667
2 0.102667 0.619333 0.093333 0.078667
3 0.188 0.6333329999999999 0.058667 0.068
3 0.248333 0.654333 0.059333 0.051333
2 0.313667 0.761333 0.059333 0.065333
2 0.328667 0.841 0.096 0.103333
3 0.402667 0.941333 0.065333 0.098667
2 0.350333 0.915667 0.047333 0.05
2 0.305667 0.957 0.080667 0.082
2 0.211333 0.943 0.092 0.11
2 0.178333 0.866 0.078 0.064
3 0.246333 0.817333 0.080667 0.066667
2 0.172 0.791 0.070667 0.078
2 0.106667 0.758 0.098667 0.101333
1 0.085667 0.677 0.054 0.052667
2 0.067 0.889667 0.088667 0.080667
2 0.131 0.925 0.080667 0.102
2 0.04 0.968 0.073333 0.06
2 0.180333 0.7 0.054 0.052
2 0.240667 0.732 0.110667 0.106667
0 0.963 0.580667 0.040667 0.048
0 0.910667 0.43400000000000005 0.038667 0.038667
0 0.948667 0.30200000000000005 0.045333 0.058667
0 0.886667 0.266 0.04 0.06
0 0.884667 0.318333 0.053333 0.067333
0 0.853667 0.414667 0.068667 0.064
0 0.822333 0.505333 0.066 0.081333
0 0.759 0.617333 0.044667 0.06
0 0.731 0.908667 0.05 0.056
0 0.652333 0.332333 0.05 0.060667
0 0.587 0.715333 0.058 0.053333
0 0.550333 0.45666700000000005 0.038 0.045333
0 0.366333 0.28600000000000003 0.038 0.045333
2 0.559333 0.981667 0.070667 0.035333
2 0.031667 0.7376670000000001 0.062 0.088667
2 0.029333 0.580333 0.056 0.083333
3 0.027333 0.17866700000000002 0.052 0.065333
3 0.041667 0.030667 0.082 0.061333
3 0.236 0.05366700000000002 0.08 0.095333
3 0.439333 0.02633300000000005 0.053333 0.052667
3 0.507667 0.029667 0.064667 0.055333
2 0.597 0.04166700000000001 0.080667 0.083333
