2 0.954333 0.278 0.084667 0.064
3 0.967333 0.345333 0.041333 0.04
2 0.918 0.394 0.068 0.070667
2 0.977 0.415 0.036667 0.048667
2 0.916333 0.483 0.148667 0.107333
2 0.961667 0.559667 0.058 0.054
2 0.879333 0.599667 0.126667 0.112667
1 0.878333 0.689333 0.075333 0.074667
2 0.811667 0.707333 0.072667 0.072
2 0.964 0.750333 0.068 0.072667
2 0.9103330000000001 0.804 0.114 0.098667
2 0.927 0.898333 0.108667 0.087333
2 0.843 0.924667 0.035333 0.04
3 0.738667 0.841333 0.06 0.065333
3 0.768667 0.777667 0.053333 0.051333
2 0.793 0.888667 0.035333 0.032
2 0.823 0.827667 0.086 0.118
3 0.842333 0.130333 0.022 0.026
3 0.778 0.023333 0.032 0.029333
3 0.652333 0.074667 0.05 0.048
2 0.762333 0.109333 0.076667 0.101333
2 0.663667 0.149667 0.120667 0.095333
3 0.612 0.208667 0.030667 0.038667
3 0.6930000000000001 0.230333 0.064667 0.048667
3 0.71 0.268667 0.034667 0.033333
2 0.6890000000000001 0.345667 0.112667 0.11
2 0.585333 0.371333 0.102667 0.108
2 0.712333 0.417 0.084667 0.07
2 0.6890000000000001 0.493 0.092667 0.082
2 0.623333 0.484 0.065333 0.102667
2 0.562667 0.496 0.062667 0.097333
3 0.6699999999999999 0.57 0.064 0.072
3 0.595333 0.582333 0.033333 0.044667
2 0.626333 0.647 0.084667 0.084667
3 0.605 0.693333 0.022 0.030667
3 0.560333 0.696 0.03 0.036
2 0.537667 0.638 0.076667 0.058667
2 0.513 0.574667 0.083333 0.068
2 0.430667 0.600333 0.068 0.080667
2 0.465333 0.673333 0.078667 0.076
3 0.575 0.783 0.112667 0.107333
2 0.455333 0.875333 0.070667 0.077333
3 0.561667 0.899667 0.019333 0.023333
2 0.430667 0.797 0.070667 0.071333
3 0.40733299999999995 0.744 0.030667 0.032
3 0.46666700000000005 0.736 0.029333 0.034667
2 0.6026670000000001 0.369333 0.06 0.093333
3 0.5756669999999999 0.301667 0.044667 0.042
3 0.49366699999999997 0.278333 0.022 0.024667
3 0.515333 0.336 0.024 0.037333
3 0.5329999999999999 0.420333 0.051333 0.051333
2 0.473333 0.486333 0.104 0.108667
3 0.399667 0.509 0.048667 0.052667
2 0.368 0.626667 0.062667 0.066667
1 0.386667 0.673333 0.044 0.042667
1 0.31266700000000003 0.682667 0.026667 0.033333
3 0.291667 0.609333 0.048667 0.037333
2 0.33199999999999996 0.544 0.088 0.073333
2 0.27633300000000005 0.562667 0.031333 0.028
2 0.489 0.951 0.040667 0.040667
1 0.738333 0.960667 0.058 0.057333
3 0.215333 0.973 0.054667 0.054
2 0.132 0.967333 0.032 0.036
2 0.17633299999999996 0.907667 0.087333 0.083333
2 0.279667 0.876667 0.122 0.125333
2 0.25133300000000003 0.804 0.112 0.093333
2 0.08966700000000005 0.872 0.119333 0.104
2 0.14500000000000002 0.775333 0.114 0.105333
3 0.20966700000000005 0.697667 0.154 0.108667
3 0.212333 0.633667 0.056667 0.044667
2 0.19366700000000003 0.599667 0.047333 0.051333
2 0.11133300000000002 0.610667 0.098667 0.090667
3 0.05066700000000002 0.687333 0.038667 0.037333
2 0.06933299999999998 0.744667 0.029333 0.033333
3 0.056332999999999966 0.789667 0.047333 0.051333
3 0.09766699999999995 0.549667 0.052667 0.038
3 0.08866700000000005 0.508667 0.070667 0.058667
3 0.19799999999999995 0.551667 0.089333 0.058
3 0.33399999999999996 0.477333 0.074667 0.057333
3 0.23866699999999996 0.498 0.065333 0.065333
3 0.13833300000000004 0.461333 0.080667 0.074667
3 0.059667000000000026 0.455667 0.048667 0.052667
3 0.11233300000000002 0.399 0.084667 0.067333
2 0.08333299999999999 0.323333 0.101333 0.078667
3 0.031667 0.391667 0.063333 0.082
2 0.06299999999999994 0.235667 0.119333 0.079333
3 0.17000000000000004 0.345333 0.069333 0.062667
3 0.20066700000000004 0.420667 0.050667 0.062667
2 0.29500000000000004 0.410333 0.111333 0.083333
3 0.38533300000000004 0.430333 0.072 0.074
2 0.428667 0.354667 0.097333 0.110667
3 0.371333 0.366333 0.025333 0.023333
3 0.404667 0.268333 0.1 0.072667
3 0.475 0.214667 0.038 0.032
2 0.552 0.201 0.077333 0.076667
3 0.525667 0.135333 0.055333 0.066667
3 0.43899999999999995 0.150333 0.115333 0.111333
3 0.41833299999999995 0.072333 0.051333 0.052667
3 0.38133300000000003 0.199667 0.061333 0.071333
3 0.335333 0.063 0.044 0.042
3 0.27133300000000005 0.065667 0.061333 0.067333
2 0.278667 0.329667 0.069333 0.060667
3 0.21866699999999994 0.251 0.064 0.071333
2 0.32166700000000004 0.236333 0.05 0.052667
3 0.30533299999999997 0.165667 0.073333 0.07
2 0.166667 0.047 0.093333 0.071333
3 0.11199999999999999 0.092667 0.028 0.026667
3 0.08666700000000005 0.073333 0.028 0.032
2 0.20899999999999996 0.134333 0.116667 0.107333
3 0.11733300000000002 0.165 0.049333 0.062
0 0.35666699999999996 0.820667 0.068 0.068
0 0.64 0.711 0.064 0.067333
0 0.32499999999999996 0.733333 0.084667 0.081333
0 0.03300000000000003 0.491 0.042 0.036667
0 0.8009999999999999 0.418333 0.043333 0.043333
0 0.7803329999999999 0.263333 0.068667 0.070667
0 0.741 0.326667 0.079333 0.094667
0 0.158667 0.290333 0.036 0.038
0 0.569333 0.269 0.046667 0.038
0 0.536333 0.023667 0.063333 0.046
2 0.06933299999999998 0.968 0.077333 0.062667
2 0.4 0.976333 0.054667 0.047333
2 0.975 0.689667 0.047333 0.058
2 0.04400000000000004 0.144333 0.088 0.108667
