3 0.772667 0.905667 0.053333 0.046
3 0.613 0.869 0.042 0.05
3 0.511333 0.954 0.077333 0.090667
3 0.521333 0.857667 0.074667 0.07
2 0.587 0.958667 0.076667 0.081333
3 0.562 0.781333 0.06 0.074667
2 0.612 0.706 0.032 0.028
2 0.681667 0.7216670000000001 0.048667 0.058
2 0.810333 0.537667 0.044667 0.046
2 0.735667 0.577333 0.079333 0.066667
2 0.749 0.497333 0.086 0.090667
3 0.816667 0.403667 0.032 0.044667
3 0.762667 0.390667 0.066667 0.066667
3 0.689333 0.37 0.061333 0.061333
3 0.663 0.53 0.088667 0.069333
2 0.592667 0.513 0.021333 0.019333
3 0.647667 0.623667 0.072667 0.048667
3 0.574 0.605667 0.061333 0.076667
3 0.494 0.5776669999999999 0.076 0.071333
3 0.611667 0.43400000000000005 0.047333 0.050667
3 0.445 0.655667 0.083333 0.079333
3 0.54 0.675667 0.088 0.083333
3 0.470333 0.746333 0.082 0.091333
3 0.380333 0.732667 0.056667 0.058667
3 0.431 0.813 0.07 0.055333
3 0.430333 0.852333 0.09 0.052667
3 0.393333 0.961667 0.074667 0.047333
3 0.398333 0.91 0.09 0.065333
3 0.246333 0.879667 0.080667 0.091333
3 0.112333 0.952667 0.09 0.078667
3 0.046333 0.913 0.05 0.055333
3 0.071 0.836 0.052667 0.045333
3 0.084333 0.760333 0.076667 0.080667
3 0.172333 0.763 0.083333 0.086
3 0.267667 0.787 0.092667 0.088667
3 0.346 0.809667 0.102667 0.120667
3 0.121 0.669333 0.119333 0.098667
3 0.146 0.572667 0.128 0.096
3 0.168667 0.503667 0.061333 0.05
3 0.375333 0.634667 0.038667 0.032
3 0.283 0.6226670000000001 0.138 0.102667
2 0.310667 0.5353330000000001 0.096 0.086667
2 0.406 0.556667 0.105333 0.101333
3 0.318667 0.45066700000000004 0.1 0.084
3 0.408667 0.46099999999999997 0.086667 0.095333
3 0.495 0.47566699999999995 0.083333 0.088667
3 0.081667 0.477 0.084667 0.063333
3 0.053667 0.396 0.087333 0.073333
3 0.032333 0.19766700000000004 0.060667 0.078
3 0.064 0.13666699999999998 0.064 0.056
3 0.056 0.05600000000000005 0.110667 0.094667
3 0.102333 0.22299999999999998 0.076667 0.080667
3 0.217 0.24466699999999997 0.024667 0.032
3 0.258 0.256667 0.037333 0.034667
3 0.158333 0.33199999999999996 0.082 0.104
3 0.144333 0.15900000000000003 0.09 0.094
3 0.137333 0.07966700000000004 0.065333 0.055333
2 0.217 0.08466700000000005 0.086 0.088
3 0.241333 0.17266700000000001 0.096 0.1
3 0.238333 0.35166699999999995 0.084667 0.115333
3 0.313667 0.362 0.092667 0.094667
3 0.322667 0.272667 0.058667 0.066667
3 0.297667 0.11399999999999999 0.060667 0.096
3 0.335333 0.035667000000000004 0.1 0.071333
3 0.395 0.11266699999999996 0.080667 0.096
3 0.382333 0.205333 0.088667 0.098667
3 0.402 0.284667 0.069333 0.073333
3 0.461333 0.210333 0.069333 0.063333
3 0.487 0.14800000000000002 0.079333 0.1
2 0.451333 0.05733299999999997 0.062667 0.069333
3 0.519333 0.07066700000000004 0.068 0.076
3 0.580667 0.101333 0.066667 0.076
3 0.607333 0.03400000000000003 0.064 0.061333
3 0.568667 0.17400000000000004 0.066667 0.066667
3 0.639667 0.13066699999999998 0.048667 0.06
3 0.649 0.20499999999999996 0.055333 0.05
3 0.709 0.06633299999999998 0.144667 0.132667
3 0.707333 0.22099999999999997 0.038667 0.051333
2 0.683667 0.29433299999999996 0.014 0.028667
2 0.707333 0.29033299999999995 0.022667 0.028667
3 0.622 0.340333 0.078667 0.092667
3 0.546333 0.31266700000000003 0.075333 0.073333
3 0.544 0.24933300000000003 0.076 0.058667
3 0.469667 0.30000000000000004 0.088667 0.098667
3 0.453 0.39233300000000004 0.083333 0.083333
3 0.541333 0.40633300000000006 0.096 0.119333
0 0.798333 0.264667 0.152667 0.144
0 0.852667 0.15100000000000002 0.192 0.156667
0 0.906 0.926 0.188 0.146667
0 0.944667 0.675333 0.110667 0.181333
0 0.854 0.749667 0.270667 0.206
0 0.828333 0.05066700000000002 0.066 0.068
0 0.600333 0.227333 0.059333 0.072
0 0.579667 0.544333 0.047333 0.043333
0 0.298667 0.23099999999999998 0.036 0.043333
0 0.188 0.452333 0.064 0.047333
0 0.106 0.31499999999999995 0.033333 0.028667
3 0.653667 0.977 0.079333 0.043333
2 0.320333 0.976333 0.071333 0.046
2 0.238 0.969333 0.102667 0.06
3 0.025667 0.7126669999999999 0.048667 0.117333
2 0.023333 0.461333 0.042667 0.057333
2 0.235667 0.02433300000000005 0.079333 0.048667
