3 0.91 0.938 0.112 0.085333
2 0.8336669999999999 0.946333 0.044667 0.038
2 0.847333 0.879333 0.057333 0.053333
2 0.87 0.8240000000000001 0.117333 0.118667
2 0.898333 0.711667 0.076667 0.102
2 0.8180000000000001 0.6970000000000001 0.094667 0.075333
2 0.845333 0.648 0.052 0.038667
2 0.914667 0.601667 0.065333 0.062
2 0.843333 0.581333 0.089333 0.076
2 0.935333 0.513333 0.054667 0.056
2 0.969 0.626 0.059333 0.094667
2 0.784 0.890667 0.062667 0.064
2 0.707333 0.9143330000000001 0.081333 0.096667
2 0.730333 0.7969999999999999 0.154 0.128667
2 0.616 0.827667 0.064 0.058
2 0.615 0.889333 0.047333 0.038667
2 0.613333 0.953333 0.098667 0.092
2 0.528 0.939333 0.069333 0.057333
2 0.512667 0.884 0.06 0.057333
2 0.445333 0.8566670000000001 0.053333 0.052
2 0.440333 0.943667 0.080667 0.098
2 0.365333 0.918333 0.049333 0.044667
3 0.28300000000000003 0.956333 0.062 0.063333
2 0.374 0.838333 0.044 0.047333
2 0.322333 0.7743329999999999 0.038 0.054
2 0.380667 0.784 0.065333 0.06
2 0.250667 0.692333 0.090667 0.099333
2 0.319333 0.6799999999999999 0.045333 0.052
2 0.385 0.704333 0.078 0.054
2 0.47666699999999995 0.7010000000000001 0.097333 0.076667
2 0.476 0.748667 0.034667 0.037333
2 0.6799999999999999 0.508667 0.044 0.033333
2 0.638333 0.653667 0.023333 0.03
2 0.704333 0.309667 0.051333 0.039333
2 0.6950000000000001 0.40233300000000005 0.075333 0.062
2 0.101333 0.723 0.045333 0.046
2 0.17366700000000002 0.7703329999999999 0.099333 0.078
2 0.15733299999999995 0.8280000000000001 0.033333 0.034667
2 0.09499999999999997 0.883 0.099333 0.088667
2 0.12366699999999997 0.944333 0.047333 0.05
2 0.532 0.817667 0.089333 0.080667
2 0.546 0.756 0.028 0.029333
0 0.17600000000000005 0.08533299999999999 0.136 0.124
0 0.30500000000000005 0.10499999999999998 0.095333 0.092667
0 0.42933299999999996 0.050000000000000044 0.164 0.069333
0 0.599667 0.118 0.216667 0.182667
0 0.941333 0.346 0.116 0.12
0 0.8446670000000001 0.252667 0.24 0.233333
0 0.583 0.251667 0.063333 0.059333
0 0.42100000000000004 0.14600000000000002 0.142 0.148
0 0.052000000000000046 0.088333 0.086667 0.096667
0 0.12266699999999997 0.24266699999999997 0.141333 0.146667
0 0.26133300000000004 0.29900000000000004 0.144 0.162
0 0.287667 0.17900000000000005 0.135333 0.126
0 0.38 0.256667 0.076 0.088
0 0.16700000000000004 0.39133300000000004 0.163333 0.152
0 0.08099999999999996 0.451333 0.162 0.154667
0 0.146667 0.630667 0.142667 0.112
0 0.366 0.425667 0.093333 0.09
0 0.348 0.514 0.112 0.126667
0 0.373333 0.6166670000000001 0.152 0.118667
0 0.501 0.610333 0.196667 0.148667
0 0.48866699999999996 0.482 0.182667 0.165333
0 0.773333 0.574667 0.04 0.036
0 0.20233299999999999 0.8993329999999999 0.046 0.050667
0 0.755667 0.6683330000000001 0.038 0.032667
0 0.450333 0.758 0.024667 0.026667
0 0.43033299999999997 0.771 0.028667 0.022
2 0.982333 0.525 0.034 0.075333
2 0.963333 0.744333 0.070667 0.123333
2 0.765 0.978667 0.092667 0.04
3 0.349333 0.967333 0.105333 0.064
3 0.20466700000000004 0.954 0.113333 0.088
2 0.039000000000000035 0.967333 0.074 0.064
