2 0.736 0.05900000000000005 0.112 0.118
2 0.49566699999999997 0.15600000000000003 0.048667 0.042667
2 0.396667 0.062000000000000055 0.074667 0.058667
2 0.285667 0.04300000000000004 0.116667 0.086
2 0.18766700000000003 0.035667000000000004 0.076667 0.07
2 0.07366700000000004 0.087333 0.074 0.094667
2 0.021333000000000046 0.07166700000000004 0.042667 0.116667
2 0.04700000000000004 0.169667 0.048667 0.048667
2 0.13566699999999998 0.16233299999999995 0.116667 0.078
2 0.17433299999999996 0.10299999999999998 0.108667 0.084667
2 0.27433300000000005 0.12133300000000002 0.080667 0.065333
2 0.25333300000000003 0.18100000000000005 0.044 0.048667
2 0.33199999999999996 0.18633299999999997 0.104 0.115333
2 0.40333300000000005 0.13233300000000003 0.105333 0.079333
2 0.04366700000000001 0.24766699999999997 0.07 0.076667
2 0.10966699999999996 0.25633300000000003 0.040667 0.047333
2 0.08199999999999996 0.343333 0.06 0.052
2 0.20466700000000004 0.263 0.130667 0.11
2 0.321333 0.29433299999999996 0.105333 0.119333
2 0.42900000000000005 0.29000000000000004 0.115333 0.138667
2 0.518 0.30300000000000005 0.068 0.059333
2 0.43400000000000005 0.373 0.058667 0.055333
2 0.498 0.36566699999999996 0.064 0.068667
2 0.5756669999999999 0.380667 0.091333 0.104
2 0.47566699999999995 0.45699999999999996 0.155333 0.115333
2 0.571333 0.488333 0.041333 0.052667
2 0.5569999999999999 0.5469999999999999 0.059333 0.052667
2 0.546333 0.607667 0.047333 0.052667
2 0.41233299999999995 0.521 0.09 0.11
2 0.33599999999999997 0.521333 0.076 0.134667
2 0.31866700000000003 0.43133299999999997 0.074667 0.097333
2 0.24733300000000003 0.42133299999999996 0.073333 0.073333
2 0.16800000000000004 0.41000000000000003 0.076 0.070667
2 0.22899999999999998 0.35466699999999995 0.079333 0.065333
2 0.11233300000000002 0.392 0.054 0.085333
2 0.05133299999999996 0.403 0.088 0.079333
2 0.101333 0.46766700000000005 0.093333 0.075333
2 0.10566699999999996 0.5573330000000001 0.084667 0.088
2 0.20899999999999996 0.475333 0.103333 0.076
2 0.22766699999999995 0.5656669999999999 0.151333 0.123333
2 0.15000000000000002 0.630333 0.085333 0.078
2 0.298667 0.651667 0.142667 0.131333
2 0.20699999999999996 0.7106669999999999 0.071333 0.066667
2 0.118 0.729333 0.068 0.068
2 0.06366700000000003 0.755667 0.076667 0.09
2 0.27433300000000005 0.787667 0.03 0.026
2 0.331333 0.7356670000000001 0.025333 0.024667
2 0.18466700000000003 0.825333 0.14 0.126667
2 0.17266700000000001 0.942667 0.185333 0.113333
2 0.07633299999999998 0.917667 0.051333 0.094
0 0.897333 0.45566700000000004 0.069333 0.060667
0 0.850333 0.368 0.160667 0.150667
0 0.884 0.23399999999999999 0.128 0.113333
0 0.902 0.11566699999999996 0.057333 0.067333
0 0.8260000000000001 0.15500000000000003 0.064 0.064667
0 0.767333 0.24233300000000002 0.108 0.127333
0 0.41433299999999995 0.19499999999999995 0.032667 0.044667
0 0.6799999999999999 0.43033299999999997 0.157333 0.144667
0 0.787 0.597667 0.147333 0.156667
0 0.973667 0.685 0.051333 0.092667
0 0.97 0.779333 0.058667 0.070667
0 0.9103330000000001 0.755667 0.066 0.084667
0 0.819 0.8109999999999999 0.05 0.056667
0 0.782333 0.869 0.043333 0.051333
0 0.700333 0.909333 0.051333 0.052
0 0.571333 0.835 0.057333 0.059333
0 0.505667 0.766667 0.066 0.076
0 0.421667 0.693667 0.063333 0.074
0 0.486 0.675333 0.088 0.085333
0 0.45266700000000004 0.611 0.06 0.059333
0 0.369333 0.677333 0.056 0.070667
0 0.639667 0.780667 0.05 0.054667
0 0.637 0.918667 0.071333 0.068
0 0.935667 0.9143330000000001 0.127333 0.17
0 0.361 0.892333 0.17 0.200667
0 0.35266699999999995 0.765 0.062667 0.055333
0 0.980333 0.567 0.038 0.05
0 0.771 0.6950000000000001 0.059333 0.056667
0 0.845333 0.6886669999999999 0.032 0.032
2 0.07933299999999999 0.022666999999999993 0.078667 0.045333
2 0.03433299999999995 0.549667 0.068667 0.158
