2 0.815333 0.031 0.058667 0.059333
3 0.762667 0.100667 0.056 0.050667
2 0.817 0.177667 0.124667 0.131333
3 0.707667 0.226 0.131333 0.096
3 0.718 0.305667 0.12 0.09
2 0.635667 0.282 0.05 0.054667
2 0.616333 0.166667 0.128667 0.12
2 0.6433329999999999 0.347 0.149333 0.078
2 0.686667 0.414667 0.101333 0.078667
3 0.906 0.432333 0.066667 0.047333
2 0.599333 0.397333 0.048 0.04
2 0.5800000000000001 0.057 0.110667 0.108667
2 0.501 0.12 0.127333 0.081333
2 0.412667 0.066667 0.046667 0.078667
2 0.32566700000000004 0.060667 0.119333 0.12
2 0.446333 0.182 0.095333 0.124
2 0.5353330000000001 0.221667 0.096 0.106
2 0.396 0.287667 0.076 0.080667
2 0.310667 0.147 0.038667 0.036667
2 0.28700000000000003 0.226 0.084667 0.084
1 0.25533300000000003 0.274333 0.045333 0.031333
2 0.315333 0.306333 0.065333 0.060667
2 0.481 0.352667 0.026 0.033333
1 0.41200000000000003 0.377 0.04 0.032667
1 0.502 0.420667 0.02 0.022667
2 0.385667 0.489667 0.054 0.078
1 0.33166700000000005 0.475333 0.040667 0.041333
1 0.304667 0.537333 0.044 0.044
3 0.528 0.457333 0.069333 0.072
3 0.5283329999999999 0.520333 0.079333 0.054
3 0.603333 0.458 0.088 0.085333
3 0.687667 0.484 0.068667 0.077333
2 0.777667 0.484667 0.11 0.097333
3 0.784667 0.552 0.062667 0.045333
2 0.6619999999999999 0.585 0.044 0.054
2 0.550333 0.571667 0.071333 0.040667
2 0.5966670000000001 0.621333 0.054667 0.061333
2 0.693667 0.628667 0.084667 0.089333
3 0.949333 0.519333 0.097333 0.121333
2 0.97 0.598667 0.032 0.028
2 0.917333 0.658333 0.137333 0.128667
3 0.813333 0.649 0.062667 0.055333
2 0.739333 0.684 0.114667 0.125333
3 0.423667 0.6 0.067333 0.068
3 0.353333 0.614333 0.066667 0.068667
3 0.271 0.651667 0.122 0.126
2 0.43600000000000005 0.67 0.077333 0.06
2 0.36866699999999997 0.685333 0.054667 0.06
3 0.41833299999999995 0.760333 0.15 0.107333
2 0.372 0.781 0.041333 0.058
3 0.29500000000000004 0.773333 0.040667 0.037333
3 0.493 0.855667 0.048667 0.047333
3 0.5333330000000001 0.690667 0.082667 0.084
2 0.6226670000000001 0.703333 0.094667 0.101333
3 0.830333 0.740667 0.102 0.101333
2 0.939667 0.784667 0.119333 0.118667
2 0.9390000000000001 0.949333 0.083333 0.057333
1 0.867667 0.941333 0.040667 0.038667
2 0.755333 0.865333 0.052 0.053333
2 0.6763330000000001 0.896 0.084667 0.070667
1 0.618 0.893333 0.033333 0.029333
2 0.595333 0.834333 0.045333 0.055333
2 0.678667 0.799 0.116 0.122
2 0.5353330000000001 0.783 0.065333 0.068667
2 0.721333 0.963333 0.045333 0.046667
2 0.6759999999999999 0.947333 0.045333 0.041333
2 0.43100000000000005 0.863 0.075333 0.095333
2 0.355 0.886667 0.094 0.146667
2 0.511333 0.903333 0.036 0.04
3 0.20399999999999996 0.923667 0.149333 0.135333
3 0.20066700000000004 0.806333 0.057333 0.064667
3 0.12666699999999997 0.79 0.054667 0.049333
2 0.125 0.876 0.09 0.118667
3 0.060667000000000026 0.91 0.054667 0.070667
3 0.04800000000000004 0.959667 0.062667 0.058
3 0.05666700000000002 0.817333 0.081333 0.066667
3 0.06633299999999998 0.741 0.075333 0.099333
3 0.02633300000000005 0.759333 0.052667 0.064
3 0.170667 0.714333 0.105333 0.115333
2 0.156667 0.597667 0.108 0.112667
2 0.08299999999999996 0.586 0.032667 0.038667
3 0.14600000000000002 0.499 0.104 0.072667
3 0.04400000000000004 0.523 0.077333 0.074
2 0.06433299999999997 0.402 0.05 0.048
1 0.220333 0.439 0.035333 0.038
1 0.23933300000000002 0.390667 0.050667 0.046667
1 0.20399999999999996 0.242333 0.072 0.055333
1 0.09866699999999995 0.276333 0.049333 0.039333
2 0.037667000000000006 0.323333 0.027333 0.029333
2 0.062000000000000055 0.402 0.065333 0.064
2 0.13566699999999998 0.423667 0.082 0.067333
1 0.40900000000000003 0.406 0.034 0.028
2 0.17033299999999996 0.170333 0.039333 0.036667
2 0.07799999999999996 0.187667 0.113333 0.11
2 0.06833299999999998 0.096 0.120667 0.094667
1 0.04266700000000001 0.031 0.053333 0.039333
2 0.19033299999999997 0.063 0.098 0.102
2 0.12033300000000002 0.065 0.046 0.071333
0 0.309667 0.836 0.058 0.057333
0 0.816667 0.966667 0.08 0.066667
0 0.76 0.786333 0.045333 0.055333
0 0.47966699999999995 0.635333 0.075333 0.061333
0 0.8416669999999999 0.585 0.047333 0.064667
0 0.642667 0.558667 0.054667 0.052
0 0.26433300000000004 0.473 0.059333 0.059333
0 0.933 0.214333 0.080667 0.062
0 0.843 0.280667 0.075333 0.061333
0 0.908 0.111667 0.050667 0.05
0 0.276 0.154 0.029333 0.030667
3 0.097333 0.971333 0.057333 0.057333
3 0.36366699999999996 0.979 0.044667 0.042
2 0.521333 0.970333 0.061333 0.059333
2 0.6703330000000001 0.036667 0.086 0.070667
2 0.479 0.045 0.120667 0.088667
