3 0.949 0.945 0.080667 0.086
2 0.871333 0.951333 0.058667 0.068
2 0.818333 0.973 0.048667 0.051333
2 0.7216670000000001 0.947667 0.111333 0.096667
1 0.657667 0.872667 0.05 0.046667
1 0.610333 0.845667 0.042 0.054
2 0.5660000000000001 0.825333 0.028 0.038667
1 0.5083329999999999 0.792667 0.028667 0.04
1 0.5389999999999999 0.808667 0.026 0.036
1 0.628333 0.913667 0.044667 0.056667
1 0.587 0.957333 0.044667 0.044
3 0.971 0.854333 0.043333 0.055333
3 0.947333 0.788667 0.026667 0.029333
2 0.890333 0.759333 0.076667 0.076
1 0.968667 0.696 0.038667 0.038667
2 0.934667 0.696 0.034667 0.038667
1 0.887 0.685 0.055333 0.042
2 0.810333 0.700333 0.060667 0.072667
2 0.73 0.682 0.092 0.1
3 0.649 0.669667 0.052667 0.052667
2 0.5640000000000001 0.674 0.096 0.077333
2 0.599333 0.753667 0.097333 0.082
3 0.508 0.886333 0.034667 0.047333
2 0.564667 0.885 0.074667 0.094
2 0.513 0.962 0.083333 0.068
2 0.44199999999999995 0.908333 0.066667 0.082
2 0.384667 0.952333 0.054667 0.076667
2 0.45899999999999996 0.802333 0.075333 0.087333
2 0.40533300000000005 0.850333 0.065333 0.072667
2 0.46266700000000005 0.857333 0.032 0.030667
2 0.35266699999999995 0.883667 0.076 0.075333
2 0.259667 0.942 0.031333 0.030667
2 0.18899999999999995 0.977333 0.059333 0.042667
2 0.058667000000000025 0.903 0.1 0.083333
2 0.099333 0.809333 0.089333 0.073333
2 0.05733299999999997 0.754 0.114667 0.096
2 0.471333 0.670667 0.066667 0.057333
2 0.41533299999999995 0.679667 0.045333 0.044667
2 0.41800000000000004 0.722667 0.042667 0.038667
2 0.362333 0.691333 0.051333 0.052
2 0.382 0.777667 0.076 0.084667
2 0.309667 0.788667 0.076667 0.088
2 0.226333 0.784333 0.092667 0.092667
2 0.212333 0.707333 0.087333 0.084
2 0.29033299999999995 0.702667 0.076667 0.073333
2 0.945333 0.612 0.069333 0.062667
2 0.918667 0.537333 0.074667 0.057333
2 0.826333 0.524 0.040667 0.033333
2 0.866667 0.607 0.070667 0.083333
2 0.7723329999999999 0.617 0.115333 0.086
2 0.765 0.54 0.084667 0.068
2 0.714 0.467 0.04 0.05
2 0.692333 0.370667 0.058 0.065333
2 0.609667 0.329667 0.054 0.044667
2 0.627 0.399667 0.083333 0.071333
2 0.656 0.468333 0.064 0.052667
2 0.677667 0.536667 0.074 0.069333
2 0.5860000000000001 0.534333 0.106667 0.11
2 0.521667 0.601333 0.044667 0.037333
2 0.577 0.467333 0.078 0.066667
2 0.5353330000000001 0.397667 0.092 0.083333
2 0.44099999999999995 0.335333 0.108667 0.069333
3 0.336333 0.306667 0.054 0.065333
2 0.37366699999999997 0.380667 0.115333 0.097333
2 0.26533300000000004 0.367 0.106667 0.080667
3 0.17300000000000004 0.427667 0.080667 0.076667
2 0.11566699999999996 0.501 0.086 0.082
2 0.05133299999999996 0.572 0.062667 0.076
2 0.13266699999999998 0.588 0.1 0.094667
2 0.221333 0.620667 0.1 0.090667
2 0.31666700000000003 0.603667 0.052 0.054
2 0.395667 0.619 0.087333 0.074
2 0.356333 0.549 0.058 0.066
2 0.285667 0.536333 0.083333 0.078
2 0.20133299999999998 0.529667 0.088 0.088667
2 0.261 0.453 0.115333 0.088667
2 0.39033300000000004 0.455333 0.084667 0.076
2 0.46399999999999997 0.444 0.062667 0.06
2 0.418667 0.524667 0.061333 0.065333
2 0.497 0.524667 0.079333 0.090667
2 0.759667 0.364 0.079333 0.066667
2 0.793 0.442667 0.112667 0.101333
2 0.902 0.469 0.1 0.079333
2 0.952 0.428 0.064 0.058667
2 0.9359999999999999 0.361333 0.065333 0.058667
2 0.861 0.379 0.09 0.076667
2 0.625667 0.229667 0.039333 0.044667
2 0.6603330000000001 0.280667 0.114 0.069333
2 0.8009999999999999 0.267333 0.116667 0.102667
2 0.838667 0.161 0.096 0.079333
3 0.925 0.154667 0.071333 0.066667
2 0.971 0.089333 0.054 0.061333
2 0.9390000000000001 0.226667 0.120667 0.138667
2 0.715667 0.201667 0.115333 0.088667
2 0.825667 0.792667 0.076667 0.093333
3 0.76 0.831667 0.064 0.076667
3 0.837 0.878333 0.09 0.083333
0 0.17566700000000002 0.91 0.046 0.053333
0 0.12266699999999997 0.913 0.042667 0.05
0 0.6579999999999999 0.802667 0.057333 0.037333
0 0.473333 0.736 0.052 0.048
0 0.08133299999999999 0.365667 0.162667 0.194
0 0.23766699999999996 0.314 0.068667 0.077333
0 0.14233300000000004 0.093333 0.17 0.137333
0 0.36766699999999997 0.194333 0.268667 0.240667
0 0.5696669999999999 0.212333 0.05 0.056667
0 0.554333 0.167667 0.056667 0.05
0 0.521667 0.142 0.052667 0.044
0 0.607333 0.11 0.036 0.036
0 0.642667 0.103667 0.033333 0.035333
0 0.713667 0.089 0.040667 0.052667
0 0.459333 0.081 0.050667 0.046
0 0.04133299999999995 0.053667 0.082667 0.094
0 0.049000000000000044 0.231 0.068667 0.063333
0 0.11766699999999997 0.203 0.074 0.080667
2 0.089333 0.967333 0.094667 0.061333
2 0.03833299999999995 0.671333 0.076667 0.105333
2 0.031333000000000055 0.83 0.062667 0.072
