2 0.7893330000000001 0.841 0.098667 0.096667
2 0.6946669999999999 0.814 0.065333 0.078667
2 0.692 0.906333 0.106667 0.096667
2 0.607 0.881333 0.082 0.074667
3 0.5986670000000001 0.797333 0.065333 0.073333
2 0.515 0.77 0.058 0.058667
2 0.5043329999999999 0.924333 0.079333 0.094
2 0.404667 0.946333 0.122667 0.107333
2 0.36 0.867333 0.054667 0.074667
2 0.443333 0.884667 0.04 0.034667
2 0.41000000000000003 0.812333 0.114667 0.112667
2 0.399 0.708333 0.123333 0.09
2 0.34066700000000005 0.759 0.070667 0.080667
2 0.281 0.724333 0.056667 0.055333
2 0.28433299999999995 0.809667 0.096667 0.107333
2 0.291667 0.916667 0.084667 0.101333
2 0.20966700000000005 0.963333 0.083333 0.069333
2 0.15800000000000003 0.958333 0.030667 0.035333
2 0.21499999999999997 0.885667 0.072667 0.080667
2 0.19566700000000004 0.786667 0.111333 0.130667
2 0.14200000000000002 0.856333 0.073333 0.096667
2 0.07999999999999996 0.915333 0.069333 0.070667
2 0.07533299999999998 0.754667 0.118667 0.072
2 0.17266700000000001 0.578333 0.04 0.044667
2 0.05400000000000005 0.843667 0.108 0.132667
2 0.08366700000000005 0.65 0.167333 0.176
2 0.239 0.625667 0.146 0.13
2 0.337333 0.526333 0.069333 0.074
2 0.392667 0.622333 0.089333 0.076667
3 0.46766700000000005 0.639667 0.05 0.042
2 0.433667 0.547333 0.112667 0.096
2 0.45766700000000005 0.401667 0.080667 0.082
2 0.403 0.355 0.048667 0.060667
2 0.344333 0.232 0.052667 0.06
2 0.396667 0.128667 0.036 0.033333
3 0.32266700000000004 0.138667 0.093333 0.098667
3 0.25233300000000003 0.119333 0.063333 0.101333
2 0.23833300000000002 0.041 0.083333 0.060667
2 0.23566699999999996 0.288667 0.072667 0.070667
3 0.267 0.391 0.112667 0.108667
3 0.323333 0.328667 0.030667 0.025333
3 0.204333 0.360333 0.076667 0.075333
3 0.137 0.333333 0.072667 0.068
3 0.08866700000000005 0.223667 0.1 0.079333
2 0.11833300000000002 0.118 0.118 0.121333
2 0.031667 0.098333 0.063333 0.098
2 0.542667 0.426333 0.082667 0.087333
2 0.558667 0.52 0.096 0.094667
2 0.5676669999999999 0.605667 0.042 0.043333
2 0.657 0.565333 0.112667 0.121333
2 0.628 0.468667 0.101333 0.092
2 0.76 0.603667 0.096 0.083333
2 0.835 0.628667 0.051333 0.069333
2 0.919 0.666 0.080667 0.061333
2 0.858 0.546333 0.074667 0.080667
2 0.785667 0.520333 0.088667 0.083333
2 0.973 0.425 0.05 0.048667
2 0.946667 0.506 0.105333 0.1
2 0.878667 0.473667 0.030667 0.035333
2 0.909333 0.352 0.050667 0.041333
2 0.937333 0.154667 0.094667 0.1
2 0.9390000000000001 0.060667 0.120667 0.097333
2 0.7913330000000001 0.215 0.12 0.118
3 0.752333 0.295333 0.072667 0.069333
3 0.725333 0.36 0.070667 0.068
3 0.802 0.388333 0.068 0.060667
3 0.753 0.419333 0.076667 0.070667
3 0.64 0.322333 0.092 0.084667
2 0.6643330000000001 0.248 0.074 0.061333
2 0.676667 0.066 0.093333 0.113333
3 0.651667 0.158333 0.064667 0.068667
2 0.598333 0.225333 0.078 0.098667
2 0.594 0.119 0.064 0.083333
3 0.54 0.169 0.056 0.055333
3 0.476 0.149 0.053333 0.05
2 0.46566700000000005 0.066 0.082 0.097333
0 0.06000000000000005 0.529667 0.070667 0.05
0 0.08133299999999999 0.412333 0.061333 0.054
0 0.05466700000000002 0.312 0.066667 0.046667
0 0.12 0.284 0.048 0.062667
0 0.14500000000000002 0.402333 0.062 0.055333
0 0.16533299999999995 0.478 0.052 0.057333
0 0.11933300000000002 0.476667 0.050667 0.045333
0 0.264667 0.464333 0.057333 0.059333
0 0.268 0.520333 0.044 0.05
0 0.22366699999999995 0.216667 0.075333 0.066667
0 0.19533299999999998 0.087 0.041333 0.051333
0 0.33066700000000004 0.436 0.058667 0.053333
0 0.39 0.438333 0.041333 0.044667
0 0.367333 0.285667 0.049333 0.067333
0 0.402667 0.256 0.042667 0.052
0 0.442333 0.241667 0.040667 0.047333
0 0.42333299999999996 0.197333 0.04 0.048
0 0.523667 0.249 0.056667 0.048667
0 0.482 0.706667 0.041333 0.046667
0 0.47666699999999995 0.801333 0.04 0.066667
0 0.561667 0.828333 0.051333 0.062
0 0.665667 0.71 0.083333 0.074667
0 0.696333 0.599667 0.039333 0.046
0 0.701333 0.469667 0.056 0.047333
0 0.599667 0.382 0.05 0.04
0 0.784 0.121 0.050667 0.052667
0 0.725333 0.144 0.037333 0.04
0 0.867333 0.252333 0.044 0.047333
0 0.781333 0.681667 0.054667 0.047333
0 0.741 0.723667 0.052667 0.062
0 0.7783329999999999 0.752667 0.079333 0.086667
0 0.817 0.959667 0.07 0.07
0 0.925333 0.902667 0.064 0.058667
0 0.917333 0.809333 0.074667 0.072
0 0.851 0.792333 0.064667 0.072667
0 0.9339999999999999 0.749667 0.061333 0.060667
0 0.898667 0.607667 0.050667 0.058
0 0.917 0.287 0.071333 0.067333
2 0.03866700000000001 0.366333 0.077333 0.084667
2 0.5513330000000001 0.027333 0.068 0.053333
2 0.795667 0.037 0.131333 0.072667
2 0.029667 0.957 0.059333 0.076667
