2 0.039667 0.901667 0.072667 0.096667
2 0.126 0.928667 0.108 0.101333
2 0.048333 0.807333 0.091333 0.098667
2 0.041333 0.7170000000000001 0.054667 0.058
2 0.15 0.83 0.098667 0.096
2 0.218333 0.949667 0.104667 0.088667
2 0.245 0.859667 0.118 0.095333
2 0.240667 0.776 0.084 0.08
2 0.329 0.8546670000000001 0.044667 0.069333
2 0.430333 0.963667 0.060667 0.07
2 0.109333 0.741333 0.053333 0.056
2 0.168667 0.758333 0.066667 0.074
2 0.189 0.680667 0.038 0.028
2 0.111 0.6663330000000001 0.11 0.100667
2 0.120333 0.574333 0.095333 0.079333
2 0.041333 0.544667 0.072 0.056
2 0.21 0.6126670000000001 0.101333 0.110667
2 0.280667 0.630667 0.033333 0.036
2 0.311 0.726333 0.092667 0.120667
2 0.384333 0.748667 0.056667 0.065333
2 0.413667 0.661 0.120667 0.106
2 0.429667 0.817333 0.078 0.070667
2 0.480667 0.878333 0.094667 0.088667
2 0.460667 0.763667 0.037333 0.036667
2 0.044333 0.45499999999999996 0.07 0.063333
2 0.073 0.382 0.076667 0.076
2 0.031333 0.30933299999999997 0.053333 0.066667
2 0.072667 0.26333300000000004 0.069333 0.06
2 0.148 0.21199999999999997 0.086667 0.069333
2 0.157667 0.28733299999999995 0.048667 0.048
2 0.131333 0.27733300000000005 0.02 0.022667
2 0.140333 0.47166699999999995 0.079333 0.092667
2 0.148 0.401 0.076 0.056667
2 0.19 0.35866699999999996 0.093333 0.086667
2 0.245667 0.32899999999999996 0.048667 0.056667
2 0.24 0.26033300000000004 0.052 0.060667
2 0.301 0.275 0.075333 0.066
2 0.314 0.338333 0.068 0.062
2 0.231333 0.432667 0.08 0.072
2 0.269667 0.37933300000000003 0.047333 0.041333
2 0.254333 0.521333 0.106 0.114667
2 0.210667 0.487333 0.033333 0.034667
2 0.326333 0.5243329999999999 0.036667 0.039333
2 0.310667 0.44266700000000003 0.065333 0.068
2 0.329 0.390667 0.07 0.045333
2 0.383333 0.477333 0.114667 0.125333
2 0.435333 0.494 0.028 0.029333
2 0.422 0.396667 0.097333 0.056
2 0.417667 0.355 0.040667 0.031333
2 0.383333 0.31666700000000003 0.085333 0.094667
2 0.414667 0.23566699999999996 0.045333 0.040667
2 0.468 0.25333300000000003 0.08 0.082667
2 0.453333 0.18400000000000005 0.049333 0.052
2 0.548333 0.922 0.066 0.062667
2 0.508667 0.6970000000000001 0.070667 0.076667
2 0.548667 0.797667 0.098667 0.102
2 0.625667 0.810333 0.071333 0.088667
2 0.634333 0.96 0.027333 0.034667
2 0.618333 0.877 0.028667 0.031333
2 0.678 0.898 0.062667 0.097333
2 0.698333 0.83 0.074 0.08
2 0.662667 0.745 0.045333 0.042
2 0.731 0.762667 0.048667 0.052
2 0.768333 0.859333 0.062 0.06
2 0.799 0.825333 0.058 0.050667
2 0.446333 0.567 0.07 0.074
2 0.534 0.604 0.101333 0.105333
2 0.464 0.48066699999999996 0.036 0.036
2 0.493333 0.497333 0.062667 0.078667
2 0.547 0.354 0.048667 0.042667
2 0.579333 0.361333 0.026667 0.036
2 0.538667 0.40700000000000003 0.06 0.058
2 0.507667 0.16433299999999995 0.055333 0.051333
2 0.544 0.20299999999999996 0.053333 0.063333
2 0.548333 0.28033300000000005 0.074 0.094
2 0.588 0.19599999999999995 0.042667 0.065333
2 0.640667 0.21799999999999997 0.092 0.096
2 0.626333 0.304667 0.082 0.090667
2 0.658333 0.383667 0.067333 0.067333
2 0.608 0.37933300000000003 0.032 0.032
2 0.570667 0.46766700000000005 0.062667 0.055333
2 0.604 0.43766700000000003 0.029333 0.039333
2 0.709333 0.388 0.049333 0.064
2 0.744667 0.324333 0.024 0.028667
2 0.722 0.22599999999999998 0.072 0.08
2 0.746333 0.17866700000000002 0.052667 0.044
2 0.826667 0.20233299999999999 0.097333 0.099333
1 0.825333 0.269 0.046667 0.039333
2 0.811333 0.33866700000000005 0.022667 0.025333
2 0.840333 0.35766699999999996 0.035333 0.035333
2 0.859 0.418667 0.07 0.070667
2 0.891333 0.491333 0.052 0.057333
2 0.935667 0.375333 0.060667 0.050667
2 0.555667 0.5283329999999999 0.059333 0.052667
2 0.618667 0.532 0.068 0.070667
2 0.663333 0.579 0.061333 0.062
2 0.623 0.663 0.032667 0.034
2 0.680333 0.65 0.068667 0.089333
2 0.732667 0.647 0.053333 0.068667
2 0.757333 0.522667 0.073333 0.072
2 0.863 0.56 0.043333 0.041333
2 0.809333 0.611667 0.113333 0.127333
2 0.879 0.670667 0.038 0.038667
2 0.903667 0.28400000000000003 0.099333 0.092
2 0.947667 0.30833299999999997 0.05 0.043333
2 0.946333 0.16033299999999995 0.039333 0.036667
2 0.844667 0.960333 0.072 0.068667
2 0.875667 0.922333 0.111333 0.092667
2 0.890333 0.873667 0.072667 0.047333
2 0.869 0.801667 0.083333 0.087333
2 0.92 0.84 0.052 0.065333
2 0.933333 0.05400000000000005 0.062667 0.086667
2 0.872667 0.13433300000000004 0.041333 0.031333
2 0.822 0.12633300000000003 0.050667 0.062
2 0.803333 0.09799999999999998 0.041333 0.044
2 0.839333 0.032667 0.073333 0.064
2 0.731 0.10666699999999996 0.058 0.090667
2 0.646667 0.14400000000000002 0.049333 0.046667
2 0.601667 0.136 0.03 0.034667
2 0.577333 0.04300000000000004 0.077333 0.080667
2 0.498 0.09266700000000005 0.1 0.08
2 0.419 0.143667 0.059333 0.062
2 0.422667 0.08266700000000005 0.082667 0.073333
2 0.355667 0.15600000000000003 0.091333 0.125333
2 0.350667 0.06166700000000003 0.046667 0.047333
2 0.414333 0.022333000000000047 0.046 0.044667
2 0.251333 0.17933299999999996 0.070667 0.085333
2 0.278 0.100333 0.068 0.068667
2 0.292333 0.04066700000000001 0.062 0.061333
2 0.239667 0.03200000000000003 0.044667 0.045333
2 0.208333 0.09066700000000005 0.072667 0.066667
2 0.181333 0.16133299999999995 0.066667 0.072
2 0.058 0.16400000000000003 0.085333 0.073333
2 0.038667 0.10399999999999998 0.066667 0.049333
2 0.120333 0.13333300000000003 0.048667 0.046667
2 0.122 0.056332999999999966 0.077333 0.079333
2 0.040667 0.029667 0.068 0.052667
2 0.562 0.7046669999999999 0.034667 0.04
1 0.605333 0.711667 0.04 0.046
0 0.773333 0.12033300000000002 0.045333 0.071333
0 0.878667 0.06566700000000003 0.041333 0.048667
0 0.951 0.42633299999999996 0.079333 0.076667
0 0.886333 0.5986670000000001 0.051333 0.042667
0 0.92 0.6719999999999999 0.045333 0.050667
0 0.802333 0.779667 0.052667 0.05
0 0.719333 0.904667 0.041333 0.046667
0 0.715 0.575333 0.040667 0.044
0 0.678667 0.524667 0.050667 0.061333
0 0.619667 0.750333 0.039333 0.048667
0 0.631667 0.6126670000000001 0.051333 0.053333
0 0.496333 0.34099999999999997 0.056667 0.047333
0 0.413 0.594 0.035333 0.030667
0 0.325 0.606 0.047333 0.056
0 0.200333 0.25433300000000003 0.038 0.036667
2 0.957333 0.22066699999999995 0.085333 0.12
2 0.977333 0.506 0.045333 0.090667
2 0.957667 0.669333 0.084667 0.145333
2 0.502333 0.962 0.099333 0.074667
2 0.349667 0.943 0.155333 0.112667
2 0.175 0.03433299999999995 0.074 0.068667
