2 0.085 0.049667 0.020667 0.020667
2 0.040667 0.195333 0.033333 0.046667
2 0.114333 0.163667 0.076667 0.068667
2 0.161667 0.115 0.034 0.036667
2 0.226333 0.125333 0.086 0.078667
2 0.191 0.158667 0.076667 0.072
2 0.093333 0.233667 0.105333 0.087333
2 0.161333 0.266667 0.073333 0.058667
3 0.076333 0.291667 0.056667 0.046
1 0.122333 0.326 0.05 0.050667
1 0.14 0.311 0.028 0.031333
3 0.045 0.388 0.087333 0.082667
2 0.107 0.412 0.068667 0.066667
1 0.181333 0.421333 0.042667 0.046667
2 0.158333 0.482667 0.067333 0.058667
3 0.385 0.094 0.062 0.086667
3 0.447667 0.135 0.043333 0.038
3 0.458333 0.092 0.054 0.048
3 0.507 0.031 0.040667 0.05
3 0.510667 0.078667 0.053333 0.049333
3 0.514 0.126667 0.101333 0.06
3 0.476333 0.177 0.063333 0.052667
3 0.421 0.169 0.058 0.056667
3 0.365667 0.176 0.058 0.056
3 0.404667 0.224333 0.053333 0.052667
3 0.458667 0.223 0.041333 0.052667
3 0.58 0.176 0.064 0.073333
2 0.59 0.089333 0.029333 0.029333
2 0.616333 0.077667 0.035333 0.039333
2 0.613667 0.026667 0.054 0.052
2 0.736333 0.056667 0.063333 0.054667
2 0.74 0.131333 0.058667 0.086667
2 0.666333 0.114 0.092667 0.08
3 0.644333 0.204333 0.086 0.092667
2 0.724333 0.216 0.087333 0.093333
2 0.806333 0.193667 0.067333 0.047333
3 0.801667 0.237667 0.066 0.038
3 0.789667 0.268667 0.071333 0.052
2 0.553 0.247667 0.064667 0.051333
3 0.404667 0.275667 0.069333 0.052667
3 0.418 0.315333 0.042667 0.046667
2 0.467333 0.288333 0.066667 0.083333
2 0.513 0.330333 0.080667 0.100667
2 0.593667 0.361 0.103333 0.116667
2 0.629333 0.294333 0.070667 0.056667
2 0.681 0.336333 0.064667 0.062
2 0.673333 0.396333 0.053333 0.047333
2 0.592667 0.425667 0.041333 0.035333
1 0.642667 0.466333 0.057333 0.055333
1 0.478667 0.402667 0.037333 0.034667
1 0.465667 0.440667 0.019333 0.030667
2 0.769 0.346667 0.074 0.056
2 0.757333 0.428 0.110667 0.108
3 0.816667 0.445333 0.030667 0.037333
2 0.516 0.476333 0.076 0.064667
2 0.366 0.438 0.062667 0.061333
2 0.302 0.440333 0.057333 0.064667
2 0.337667 0.476333 0.052667 0.042
3 0.349 0.346 0.064667 0.070667
2 0.310667 0.256333 0.084 0.086
2 0.282 0.202 0.074667 0.065333
2 0.713 0.506667 0.072667 0.090667
2 0.787 0.535667 0.079333 0.084667
2 0.088 0.568333 0.074667 0.059333
2 0.265333 0.510333 0.08 0.075333
1 0.424 0.518333 0.038667 0.043333
2 0.506 0.547667 0.132 0.099333
2 0.446333 0.597 0.051333 0.040667
2 0.575333 0.547667 0.036 0.042
2 0.552 0.578333 0.053333 0.048667
2 0.638 0.564667 0.101333 0.104
3 0.740667 0.633667 0.076 0.076667
2 0.801667 0.634 0.043333 0.046667
2 0.785667 0.724 0.088667 0.105333
2 0.638333 0.657667 0.034 0.032667
2 0.685667 0.713 0.096667 0.111333
2 0.694667 0.78 0.042667 0.038667
3 0.732 0.82 0.057333 0.058667
3 0.797667 0.808 0.076667 0.061333
3 0.789 0.862333 0.059333 0.060667
2 0.780333 0.918 0.044667 0.041333
2 0.685667 0.930333 0.111333 0.132667
3 0.630667 0.858 0.053333 0.056
3 0.518667 0.872333 0.064 0.068667
3 0.480667 0.798333 0.066667 0.063333
1 0.53 0.813333 0.038667 0.04
3 0.447333 0.865 0.053333 0.067333
2 0.426333 0.936333 0.094 0.099333
2 0.582667 0.904 0.068 0.086667
2 0.568333 0.728333 0.046 0.062
2 0.549667 0.771333 0.039333 0.050667
2 0.543 0.612 0.027333 0.024
2 0.518333 0.651 0.078 0.078
3 0.497333 0.707667 0.054667 0.043333
2 0.437667 0.702 0.044667 0.048
1 0.446333 0.666667 0.020667 0.018667
2 0.449 0.635333 0.052667 0.04
2 0.408 0.774 0.062667 0.058667
2 0.351 0.576667 0.048667 0.045333
3 0.342333 0.624 0.063333 0.053333
2 0.037333 0.67 0.068 0.072
1 0.03 0.737 0.037333 0.043333
2 0.107333 0.681667 0.054667 0.064667
3 0.162667 0.691333 0.049333 0.065333
3 0.201667 0.704333 0.048667 0.067333
2 0.205 0.762 0.054 0.045333
2 0.297333 0.756333 0.090667 0.091333
3 0.353667 0.779667 0.043333 0.048667
3 0.105 0.817667 0.034 0.032667
2 0.167667 0.809667 0.075333 0.079333
2 0.066 0.895667 0.037333 0.03
2 0.135667 0.895667 0.091333 0.102
2 0.251333 0.861333 0.105333 0.096
1 0.313 0.909333 0.05 0.045333
2 0.223333 0.950667 0.045333 0.04
3 0.119667 0.972 0.054 0.050667
3 0.139667 0.735333 0.059333 0.044
2 0.908 0.959667 0.032 0.036667
3 0.895667 0.913333 0.055333 0.052
3 0.844 0.888 0.049333 0.045333
2 0.886667 0.828333 0.030667 0.03
2 0.853 0.786667 0.054 0.050667
2 0.850667 0.738667 0.049333 0.046667
2 0.874333 0.67 0.096667 0.106667
2 0.951667 0.705333 0.082 0.116
3 0.905333 0.766333 0.057333 0.064667
2 0.970667 0.592 0.045333 0.066667
2 0.923333 0.580333 0.049333 0.060667
2 0.910333 0.448333 0.139333 0.112667
2 0.843333 0.368667 0.072 0.084
2 0.945333 0.357 0.102667 0.083333
3 0.857667 0.290667 0.051333 0.066667
2 0.826 0.133667 0.101333 0.087333
3 0.880667 0.206667 0.045333 0.06
2 0.919 0.155333 0.086 0.101333
3 0.972333 0.189 0.052667 0.067333
2 0.865333 0.043333 0.14 0.085333
3 0.971333 0.972667 0.037333 0.032
0 0.793333 0.967667 0.096 0.064667
0 0.084667 0.771667 0.065333 0.067333
0 0.609 0.765333 0.047333 0.050667
0 0.252333 0.687333 0.072667 0.070667
0 0.374667 0.665 0.072 0.068667
0 0.764667 0.593 0.038667 0.028667
0 0.701333 0.608667 0.034667 0.046667
0 0.282333 0.587333 0.075333 0.053333
0 0.188 0.592 0.088 0.072
0 0.050667 0.508 0.1 0.126667
0 0.242667 0.437 0.077333 0.071333
0 0.581667 0.453 0.066 0.059333
0 0.862333 0.526667 0.079333 0.068
0 0.420667 0.420667 0.034667 0.036
0 0.253 0.347333 0.051333 0.057333
0 0.939333 0.281333 0.102667 0.08
0 0.193667 0.218 0.078 0.058667
0 0.318 0.150333 0.052 0.042
0 0.327 0.112333 0.051333 0.038
0 0.033 0.037 0.062 0.07
2 0.490333 0.964667 0.084667 0.070667
2 0.026333 0.843667 0.051333 0.064667
2 0.026667 0.789 0.052 0.075333
3 0.550333 0.048333 0.066 0.059333
2 0.719333 0.027 0.105333 0.052667
2 0.972667 0.505667 0.054667 0.096667
