2 0.931667 0.081333 0.075333 0.077333
2 0.933667 0.173 0.048667 0.044667
2 0.856333 0.049333 0.080667 0.072
2 0.874 0.141 0.034667 0.032667
2 0.818333 0.119333 0.056667 0.04
2 0.898667 0.228667 0.029333 0.030667
2 0.822667 0.198667 0.068 0.065333
2 0.870333 0.201333 0.016667 0.021333
2 0.75 0.178 0.065333 0.073333
2 0.773333 0.023667 0.041333 0.043333
2 0.721333 0.096 0.068 0.070667
2 0.652333 0.145 0.047333 0.052667
2 0.645 0.076333 0.084667 0.087333
2 0.573 0.057 0.052667 0.046
2 0.569333 0.130667 0.066667 0.068
2 0.556 0.200667 0.101333 0.072
3 0.634333 0.238667 0.099333 0.101333
3 0.7086669999999999 0.243667 0.048 0.075333
2 0.767667 0.271 0.055333 0.051333
2 0.851 0.279 0.096667 0.079333
2 0.964333 0.249333 0.056667 0.041333
2 0.941333 0.302667 0.092 0.093333
2 0.896 0.373 0.070667 0.096667
3 0.938333 0.406333 0.05 0.039333
2 0.932333 0.479667 0.104667 0.083333
3 0.857 0.452333 0.051333 0.047333
2 0.804667 0.371 0.106667 0.107333
2 0.788 0.44 0.070667 0.065333
2 0.7196670000000001 0.43 0.028667 0.028
2 0.685667 0.423 0.024667 0.022
2 0.742667 0.325 0.074667 0.074
2 0.661333 0.325 0.070667 0.064667
3 0.5023329999999999 0.113667 0.042 0.046
2 0.521333 0.263333 0.06 0.061333
3 0.902333 0.557667 0.036667 0.039333
2 0.808333 0.599333 0.082 0.066667
2 0.8336669999999999 0.530333 0.084667 0.079333
2 0.753 0.507 0.084667 0.107333
3 0.715333 0.577 0.037333 0.047333
2 0.683333 0.495 0.068 0.080667
3 0.638 0.559 0.06 0.063333
2 0.581 0.581333 0.020667 0.022667
3 0.604333 0.473 0.059333 0.060667
3 0.526 0.455667 0.038667 0.038
3 0.5509999999999999 0.372667 0.05 0.066667
2 0.483 0.352 0.094 0.094667
2 0.42100000000000004 0.339667 0.046 0.055333
2 0.47266699999999995 0.265333 0.037333 0.048
2 0.43633299999999997 0.250667 0.038 0.066667
3 0.439333 0.090333 0.070667 0.102
3 0.483 0.038333 0.080667 0.072667
2 0.40033300000000005 0.151667 0.082 0.087333
2 0.366333 0.228 0.094 0.093333
3 0.36566699999999996 0.068 0.062 0.076
2 0.35166699999999995 0.303667 0.038 0.044667
3 0.308667 0.126667 0.090667 0.101333
2 0.29533299999999996 0.312333 0.077333 0.09
2 0.266667 0.381667 0.065333 0.048667
2 0.20266700000000004 0.425667 0.041333 0.044667
2 0.19199999999999995 0.361333 0.048 0.06
3 0.11299999999999999 0.402667 0.054 0.057333
2 0.091333 0.441 0.030667 0.027333
3 0.13633300000000004 0.338333 0.074 0.072667
2 0.15933299999999995 0.266667 0.061333 0.06
3 0.22399999999999998 0.292333 0.06 0.07
2 0.23366699999999996 0.206333 0.079333 0.078
2 0.17300000000000004 0.180333 0.047333 0.054
2 0.234333 0.041667 0.047333 0.056667
2 0.221333 0.104667 0.070667 0.097333
2 0.09466699999999995 0.063 0.065333 0.088667
2 0.039000000000000035 0.071667 0.044667 0.048667
2 0.10466699999999995 0.167333 0.029333 0.041333
2 0.08899999999999997 0.247 0.09 0.087333
2 0.04966700000000002 0.32 0.078 0.066667
3 0.965667 0.744333 0.040667 0.051333
2 0.892 0.714 0.112 0.124
2 0.94 0.821 0.105333 0.09
2 0.919 0.896 0.078 0.068
2 0.84 0.942333 0.077333 0.114
2 0.912 0.968333 0.056 0.063333
3 0.821 0.844333 0.054 0.043333
2 0.8466670000000001 0.787 0.094667 0.075333
2 0.8049999999999999 0.698 0.083333 0.092
3 0.749 0.769667 0.074 0.09
2 0.763667 0.915333 0.075333 0.114667
2 0.683333 0.886 0.068 0.106667
2 0.651667 0.944667 0.035333 0.037333
2 0.679333 0.791 0.065333 0.078
2 0.717667 0.678333 0.07 0.080667
3 0.648333 0.653667 0.055333 0.052667
2 0.567 0.642333 0.082 0.07
3 0.501 0.634333 0.044667 0.047333
2 0.605 0.796 0.091333 0.096
2 0.609333 0.866667 0.050667 0.048
2 0.5876669999999999 0.937333 0.084667 0.093333
2 0.509333 0.897333 0.064 0.073333
3 0.523333 0.837333 0.058667 0.062667
2 0.531667 0.763 0.072667 0.114
2 0.42600000000000005 0.882667 0.094667 0.122667
2 0.339333 0.912333 0.068 0.082
2 0.36566699999999996 0.843667 0.051333 0.05
2 0.395667 0.793 0.052667 0.059333
2 0.45699999999999996 0.749333 0.084667 0.1
2 0.38 0.730667 0.069333 0.062667
2 0.41700000000000004 0.684 0.064667 0.058667
2 0.419667 0.629333 0.043333 0.042667
2 0.31299999999999994 0.708333 0.054 0.056667
2 0.28900000000000003 0.830667 0.079333 0.073333
2 0.24033300000000002 0.956333 0.082 0.075333
3 0.22199999999999998 0.873333 0.041333 0.032
2 0.154667 0.948 0.06 0.056
2 0.08799999999999997 0.914 0.062667 0.057333
2 0.08033299999999999 0.834667 0.083333 0.06
2 0.20666700000000005 0.803 0.072 0.051333
3 0.413667 0.477667 0.05 0.059333
2 0.404667 0.534 0.062667 0.061333
2 0.36766699999999997 0.594333 0.072667 0.092667
2 0.36266699999999996 0.664667 0.042667 0.041333
2 0.30700000000000005 0.644333 0.054 0.043333
2 0.235 0.726667 0.098 0.098667
2 0.147667 0.772 0.056667 0.062667
2 0.124 0.718333 0.068 0.054
3 0.07833299999999999 0.758333 0.051333 0.064667
2 0.366 0.402667 0.1 0.098667
2 0.373333 0.473 0.028 0.027333
2 0.306667 0.455333 0.064 0.065333
2 0.32966700000000004 0.523 0.09 0.072667
2 0.30100000000000005 0.586 0.058 0.062667
2 0.24333300000000002 0.632 0.06 0.062667
2 0.24833300000000003 0.567333 0.042 0.036
2 0.227333 0.493667 0.053333 0.055333
2 0.19333299999999998 0.557667 0.057333 0.060667
2 0.162667 0.616667 0.076 0.068
3 0.14600000000000002 0.526333 0.042667 0.051333
2 0.07666700000000004 0.654333 0.078667 0.076667
2 0.08966700000000005 0.577333 0.086 0.069333
2 0.06499999999999995 0.523 0.094 0.083333
0 0.04966700000000002 0.148 0.056667 0.068
0 0.021666999999999992 0.423333 0.034 0.028
0 0.323333 0.770667 0.056 0.046667
0 0.49 0.510333 0.044 0.052667
0 0.515667 0.178 0.039333 0.04
0 0.47666699999999995 0.166 0.033333 0.029333
0 0.644 0.696 0.034667 0.030667
0 0.614 0.407 0.034667 0.035333
0 0.7030000000000001 0.380333 0.075333 0.068667
0 0.740333 0.834667 0.064667 0.052
0 0.935333 0.138 0.053333 0.034667
0 0.906667 0.625333 0.065333 0.086667
2 0.021666999999999992 0.880333 0.043333 0.074
2 0.029667 0.749333 0.059333 0.085333
2 0.027000000000000024 0.625667 0.054 0.066
2 0.031000000000000028 0.226333 0.060667 0.084667
2 0.15500000000000003 0.030333 0.079333 0.059333
2 0.42133299999999996 0.019333 0.044 0.037333
2 0.687667 0.016333 0.059333 0.028667
2 0.969 0.570333 0.060667 0.088667
2 0.732 0.968333 0.090667 0.063333
2 0.5283329999999999 0.971667 0.079333 0.055333
2 0.43233299999999997 0.962667 0.111333 0.070667
2 0.31899999999999995 0.970333 0.066 0.059333
2 0.05500000000000005 0.984 0.038 0.032
2 0.05266700000000002 0.03 0.098667 0.058667
