2 0.119 0.609 0.087333 0.127333
2 0.115333 0.39933300000000005 0.066667 0.066667
2 0.185333 0.397667 0.066667 0.080667
2 0.137333 0.20399999999999996 0.098667 0.109333
2 0.105333 0.08866700000000005 0.124 0.14
2 0.222333 0.06266700000000003 0.140667 0.125333
2 0.235 0.15333300000000005 0.075333 0.066667
2 0.222667 0.231333 0.1 0.094667
2 0.208333 0.31466700000000003 0.118 0.089333
2 0.34 0.34866699999999995 0.090667 0.070667
2 0.328667 0.268 0.098667 0.088
2 0.325333 0.17566700000000002 0.1 0.091333
1 0.306667 0.08399999999999996 0.090667 0.097333
2 0.425333 0.25833300000000003 0.105333 0.11
2 0.419333 0.15900000000000003 0.096 0.086
2 0.416 0.05733299999999997 0.134667 0.114667
2 0.518333 0.09499999999999997 0.091333 0.091333
2 0.514 0.19699999999999995 0.097333 0.120667
2 0.500333 0.29233299999999995 0.044667 0.036667
2 0.506667 0.33266700000000005 0.06 0.038667
3 0.587333 0.26133300000000004 0.042667 0.034667
2 0.665667 0.16600000000000004 0.108667 0.097333
2 0.679667 0.059667000000000026 0.116667 0.118
2 0.766333 0.07133299999999998 0.074 0.072
0 0.874 0.10566699999999996 0.142667 0.11
0 0.965333 0.141667 0.069333 0.076667
0 0.820667 0.19466700000000003 0.169333 0.129333
0 0.885333 0.27833300000000005 0.114667 0.108667
0 0.891333 0.43300000000000005 0.173333 0.171333
0 0.909 0.593 0.114 0.158
0 0.785667 0.871 0.087333 0.11
0 0.809667 0.7066669999999999 0.099333 0.101333
0 0.66 0.897 0.198667 0.204667
0 0.708667 0.746 0.117333 0.129333
0 0.728333 0.651667 0.078 0.07
0 0.745667 0.541667 0.124667 0.134
0 0.744333 0.374667 0.079333 0.069333
0 0.73 0.297667 0.138667 0.115333
0 0.610333 0.325333 0.122 0.138667
0 0.637 0.411667 0.091333 0.103333
0 0.644667 0.502667 0.093333 0.104
0 0.59 0.727 0.106667 0.127333
0 0.473 0.924 0.164667 0.150667
0 0.483 0.757333 0.119333 0.144
0 0.504333 0.591333 0.188667 0.172
0 0.513 0.475333 0.15 0.124
0 0.524 0.377667 0.144 0.103333
0 0.389 0.428667 0.115333 0.104
0 0.413667 0.34466699999999995 0.080667 0.061333
0 0.348333 0.5640000000000001 0.131333 0.148
0 0.334333 0.744333 0.171333 0.223333
0 0.268667 0.924333 0.164 0.147333
0 0.197 0.791667 0.152667 0.198
0 0.208333 0.6453329999999999 0.151333 0.150667
0 0.253667 0.455333 0.166 0.178667
0 0.091 0.870667 0.180667 0.257333
2 0.028333 0.058667000000000025 0.055333 0.117333
2 0.042333 0.21999999999999997 0.083333 0.148
2 0.083333 0.498 0.165333 0.138667
3 0.046333 0.6799999999999999 0.086 0.113333
2 0.033667 0.375333 0.066 0.118667
0 0.848333 0.825 0.13 0.115333
0 0.930667 0.8296669999999999 0.064 0.114
0 0.884333 0.916667 0.107333 0.084
0 0.729 0.44199999999999995 0.096667 0.078667
0 0.78 0.41333299999999995 0.068 0.064
0 0.835 0.5509999999999999 0.106 0.144667
0 0.952333 0.23199999999999998 0.084667 0.12
