3 0.919 0.096333 0.055333 0.05
2 0.950667 0.152 0.044 0.038667
3 0.906333 0.226 0.078 0.065333
3 0.872333 0.344 0.028667 0.029333
3 0.884667 0.309333 0.045333 0.029333
2 0.873667 0.400667 0.092667 0.069333
2 0.945333 0.445333 0.105333 0.096
2 0.836667 0.476667 0.074667 0.064
3 0.902667 0.514667 0.037333 0.034667
2 0.890333 0.549667 0.026 0.023333
3 0.804 0.555 0.098667 0.082
3 0.941 0.631 0.039333 0.047333
2 0.866667 0.684333 0.121333 0.123333
3 0.974333 0.754667 0.022 0.033333
2 0.768667 0.635 0.136 0.106
3 0.756 0.698333 0.036 0.028667
2 0.653333 0.705333 0.105333 0.109333
3 0.607667 0.777 0.019333 0.019333
2 0.735333 0.769667 0.074667 0.075333
2 0.812333 0.780333 0.087333 0.095333
3 0.880333 0.769667 0.051333 0.055333
2 0.961667 0.868 0.052667 0.065333
2 0.871667 0.866333 0.122 0.118
2 0.829333 0.928 0.034667 0.038667
2 0.916333 0.963333 0.106 0.073333
2 0.757667 0.900333 0.063333 0.055333
2 0.778667 0.852333 0.064 0.051333
2 0.514 0.907333 0.026667 0.02
2 0.525 0.931 0.028667 0.027333
2 0.684667 0.917 0.054667 0.060667
2 0.595667 0.878667 0.115333 0.132
2 0.025 0.822667 0.046 0.069333
2 0.083333 0.833 0.078667 0.095333
2 0.071 0.924667 0.023333 0.034667
2 0.153 0.911 0.084667 0.076667
2 0.155667 0.826 0.046 0.062667
2 0.205667 0.828 0.038 0.064
2 0.278 0.869 0.129333 0.140667
3 0.350333 0.832333 0.051333 0.063333
3 0.396667 0.794 0.061333 0.068
3 0.443667 0.721333 0.047333 0.041333
2 0.381333 0.732333 0.046667 0.047333
3 0.313 0.769667 0.055333 0.058
2 0.227333 0.739333 0.102667 0.1
2 0.118667 0.733 0.1 0.095333
2 0.063 0.685667 0.05 0.043333
2 0.076333 0.647667 0.051333 0.036667
2 0.027 0.586667 0.047333 0.038667
2 0.109 0.570667 0.063333 0.04
2 0.114667 0.53 0.064 0.037333
2 0.088 0.608667 0.061333 0.038667
2 0.149333 0.635 0.074667 0.080667
2 0.254 0.624333 0.125333 0.114
2 0.304667 0.514333 0.128 0.114
2 0.060667 0.505333 0.105333 0.112
2 0.184667 0.573333 0.034667 0.032
2 0.185667 0.536667 0.05 0.038667
2 0.194333 0.496333 0.059333 0.042
2 0.145 0.449667 0.091333 0.068667
3 0.229667 0.435667 0.044667 0.043333
2 0.155 0.381 0.086 0.063333
2 0.047 0.307333 0.084667 0.105333
2 0.097333 0.248 0.070667 0.112
2 0.159 0.298 0.094 0.105333
2 0.209667 0.225 0.095333 0.082
2 0.259667 0.344 0.107333 0.14
2 0.352333 0.331667 0.080667 0.076667
3 0.410333 0.394333 0.039333 0.046
3 0.478 0.352667 0.04 0.04
3 0.503333 0.279667 0.058667 0.05
3 0.431333 0.299 0.041333 0.039333
2 0.362333 0.271333 0.048667 0.044
3 0.307667 0.235667 0.055333 0.054
2 0.029 0.082333 0.056667 0.052667
2 0.113 0.064333 0.078 0.083333
3 0.183667 0.085667 0.048667 0.054
2 0.259333 0.079667 0.069333 0.060667
2 0.213667 0.147 0.079333 0.071333
3 0.316667 0.151667 0.048 0.052667
2 0.35 0.071333 0.06 0.077333
2 0.407667 0.055 0.058 0.087333
3 0.386667 0.135333 0.061333 0.066667
2 0.529 0.042 0.09 0.074667
2 0.6 0.043 0.042667 0.051333
3 0.657667 0.063667 0.036667 0.048667
2 0.636667 0.138667 0.066667 0.088
2 0.571333 0.120667 0.072 0.101333
2 0.478333 0.12 0.108667 0.094667
3 0.474333 0.188667 0.052667 0.04
3 0.532 0.210667 0.073333 0.096
3 0.601333 0.235333 0.021333 0.030667
3 0.442333 0.220667 0.05 0.042667
3 0.734 0.057667 0.105333 0.083333
2 0.716 0.131 0.097333 0.091333
2 0.68 0.217 0.092 0.088667
2 0.745667 0.257333 0.084667 0.077333
2 0.697333 0.329667 0.106667 0.088667
2 0.609667 0.395 0.112667 0.088667
2 0.681 0.383 0.052667 0.046
2 0.595667 0.469 0.11 0.084667
3 0.550667 0.355333 0.033333 0.037333
3 0.438 0.454 0.072 0.065333
2 0.487667 0.494333 0.107333 0.115333
2 0.585333 0.545 0.105333 0.114
2 0.539667 0.6 0.072667 0.068
2 0.452333 0.592667 0.111333 0.090667
1 0.393 0.553667 0.084667 0.087333
3 0.352667 0.619 0.065333 0.048667
2 0.437667 0.669 0.118 0.084667
0 0.035333 0.897 0.034667 0.056667
0 0.748333 0.968333 0.038 0.034
0 0.705333 0.818 0.041333 0.046667
0 0.667333 0.782667 0.037333 0.053333
0 0.353 0.692 0.039333 0.068
0 0.303333 0.674667 0.048 0.041333
0 0.072 0.392 0.046667 0.045333
0 0.301 0.434667 0.044667 0.04
0 0.350667 0.411 0.072 0.063333
0 0.399 0.252333 0.056667 0.043333
0 0.157667 0.151667 0.035333 0.048667
2 0.650667 0.979333 0.061333 0.041333
3 0.822333 0.978333 0.046 0.043333
2 0.028333 0.383333 0.054 0.086667
3 0.030667 0.150667 0.06 0.089333
3 0.067 0.025667 0.115333 0.048667
3 0.934333 0.031 0.131333 0.060667
2 0.965 0.246667 0.07 0.105333
2 0.963667 0.342667 0.072667 0.081333
2 0.962667 0.554667 0.074667 0.078667
