2 0.21 0.946333 0.102667 0.102
2 0.138 0.850333 0.122667 0.13
2 0.096667 0.760333 0.144 0.140667
1 0.129667 0.671667 0.082 0.062
2 0.092333 0.489 0.120667 0.102
2 0.138 0.567333 0.113333 0.117333
2 0.217 0.521333 0.127333 0.126667
2 0.063 0.35 0.116667 0.158667
2 0.166333 0.354333 0.116667 0.154
2 0.282 0.621 0.124 0.116667
2 0.239 0.822333 0.100667 0.099333
2 0.243667 0.724333 0.136667 0.128667
2 0.308333 0.853 0.07 0.076667
2 0.335333 0.7763329999999999 0.084 0.09
2 0.392 0.819667 0.1 0.104667
2 0.295667 0.9359999999999999 0.07 0.057333
2 0.379667 0.646 0.084667 0.110667
3 0.407 0.722667 0.031333 0.032
2 0.471 0.616333 0.086 0.079333
2 0.406 0.537667 0.106667 0.106
2 0.272667 0.35466699999999995 0.114667 0.145333
2 0.376667 0.397667 0.121333 0.124667
2 0.419667 0.31233299999999997 0.09 0.095333
2 0.49 0.371 0.098667 0.108667
3 0.533667 0.281 0.094 0.071333
3 0.591333 0.381 0.102667 0.11
2 0.527333 0.479333 0.104 0.1
2 0.49 0.736 0.096 0.098667
3 0.545667 0.813667 0.091333 0.098
3 0.590667 0.731 0.082667 0.071333
3 0.633667 0.831 0.084667 0.126
3 0.670667 0.939333 0.073333 0.092
3 0.739 0.785667 0.072667 0.071333
2 0.639333 0.48 0.104 0.093333
2 0.698667 0.523667 0.058667 0.052667
2 0.760667 0.41733299999999995 0.108 0.104
2 0.829 0.488 0.05 0.046667
3 0.674667 0.688 0.072 0.074667
3 0.606667 0.663 0.061333 0.07
3 0.561667 0.20999999999999996 0.078 0.082667
3 0.506667 0.19299999999999995 0.044 0.056667
3 0.458 0.23566699999999996 0.04 0.035333
2 0.498333 0.10166699999999995 0.136667 0.134
3 0.630333 0.05233299999999996 0.09 0.104667
3 0.407667 0.11699999999999999 0.048667 0.056667
2 0.422667 0.07299999999999995 0.053333 0.056667
2 0.445 0.033332999999999946 0.039333 0.042667
2 0.342333 0.264667 0.111333 0.108
2 0.379 0.17933299999999996 0.095333 0.092
2 0.295667 0.14633300000000005 0.126 0.108667
3 0.313667 0.05833299999999997 0.092667 0.083333
3 0.362667 0.04300000000000004 0.038667 0.051333
2 0.248 0.22999999999999998 0.089333 0.112
2 0.222333 0.05500000000000005 0.071333 0.094
2 0.144 0.209333 0.110667 0.130667
2 0.058 0.22266699999999995 0.105333 0.112
2 0.116667 0.06866700000000003 0.128 0.133333
0 0.906 0.23299999999999998 0.188 0.267333
0 0.717333 0.18400000000000005 0.308 0.368
0 0.905667 0.503667 0.07 0.079333
0 0.938667 0.6273329999999999 0.086667 0.089333
0 0.901667 0.6886669999999999 0.087333 0.106667
0 0.88 0.88 0.24 0.238667
0 0.787333 0.609 0.248 0.202
0 0.593667 0.956 0.124667 0.081333
0 0.487 0.551667 0.067333 0.075333
0 0.456333 0.20266700000000004 0.052667 0.049333
0 0.471 0.926333 0.080667 0.082
0 0.385667 0.920667 0.076667 0.068
0 0.319333 0.557667 0.057333 0.063333
0 0.285667 0.461333 0.074 0.074667
0 0.208667 0.873 0.044 0.042
0 0.182 0.676667 0.036 0.048
0 0.204333 0.635667 0.03 0.034
0 0.028 0.974 0.054667 0.049333
0 0.049667 0.862667 0.071333 0.093333
0 0.099667 0.637667 0.063333 0.058
2 0.386333 0.974667 0.096667 0.049333
2 0.038333 0.6413329999999999 0.074 0.108
1 0.029 0.542667 0.056667 0.090667
2 0.049 0.098333 0.096667 0.139333
