2 0.971 0.162333 0.043333 0.054
2 0.904333 0.121 0.056667 0.074
3 0.869667 0.060667 0.059333 0.069333
3 0.785667 0.027667 0.052667 0.054
2 0.823333 0.104 0.064 0.06
2 0.958667 0.251667 0.076 0.084667
2 0.898 0.230667 0.061333 0.073333
2 0.869667 0.194333 0.056667 0.056667
2 0.790667 0.18 0.109333 0.122667
1 0.7683329999999999 0.266 0.028667 0.033333
2 0.687 0.237 0.091333 0.078
3 0.672667 0.314667 0.042667 0.046667
3 0.713667 0.158333 0.05 0.048667
2 0.748333 0.094333 0.083333 0.09
2 0.658667 0.062 0.090667 0.092
2 0.659333 0.15 0.030667 0.032
2 0.5880000000000001 0.04 0.076 0.078667
2 0.593333 0.114 0.065333 0.065333
2 0.618333 0.204333 0.084667 0.074
2 0.605 0.277667 0.055333 0.059333
2 0.5553330000000001 0.253333 0.061333 0.069333
2 0.5613330000000001 0.171 0.04 0.056667
2 0.513 0.181333 0.056667 0.077333
3 0.48266699999999996 0.055667 0.064 0.071333
3 0.42533299999999996 0.116 0.076 0.084
2 0.409667 0.032667 0.056667 0.064
3 0.41000000000000003 0.184 0.065333 0.056
2 0.407667 0.258333 0.080667 0.074
2 0.61 0.342333 0.06 0.060667
2 0.560667 0.408333 0.105333 0.079333
2 0.505 0.318667 0.091333 0.097333
2 0.32799999999999996 0.222333 0.078667 0.079333
2 0.251 0.216 0.072667 0.097333
2 0.16700000000000004 0.044333 0.062 0.079333
2 0.17666700000000002 0.187333 0.088 0.096
2 0.14333300000000004 0.114 0.042667 0.042667
2 0.10166699999999995 0.161667 0.064667 0.083333
2 0.22666699999999995 0.114667 0.121333 0.094667
2 0.11166699999999996 0.258333 0.187333 0.11
2 0.14400000000000002 0.356667 0.08 0.068
3 0.09966699999999995 0.416667 0.039333 0.037333
3 0.038000000000000034 0.448333 0.073333 0.082
2 0.19133299999999998 0.440333 0.058667 0.056667
3 0.13166699999999998 0.484667 0.060667 0.042667
3 0.14200000000000002 0.562 0.024 0.025333
2 0.212333 0.506333 0.052667 0.052667
2 0.21699999999999997 0.368 0.062 0.06
2 0.26 0.310667 0.062667 0.061333
3 0.347 0.323 0.055333 0.044667
3 0.27533300000000005 0.447333 0.034667 0.04
2 0.948 0.326333 0.064 0.048667
1 0.948 0.393667 0.094667 0.088667
2 0.8486670000000001 0.357 0.101333 0.098
2 0.954 0.500667 0.036 0.044
3 0.868333 0.436333 0.059333 0.051333
2 0.877333 0.495333 0.146667 0.102667
2 0.848333 0.557 0.055333 0.038
2 0.951 0.595 0.091333 0.124667
2 0.857333 0.606 0.073333 0.069333
2 0.772 0.481333 0.072 0.058667
2 0.778 0.42 0.090667 0.072
2 0.758 0.343 0.066667 0.071333
2 0.771 0.557667 0.048667 0.042
2 0.784333 0.639667 0.099333 0.111333
2 0.714333 0.657667 0.018 0.027333
3 0.679667 0.661 0.046 0.043333
2 0.683 0.522 0.058 0.037333
2 0.685667 0.384 0.086 0.08
2 0.6859999999999999 0.457 0.097333 0.082
2 0.6986669999999999 0.579333 0.104 0.098667
3 0.614333 0.510667 0.076667 0.102667
2 0.595333 0.598667 0.105333 0.085333
3 0.6066670000000001 0.662 0.064 0.058667
3 0.516 0.669 0.064 0.05
3 0.512667 0.605 0.068 0.086
3 0.537667 0.490333 0.074 0.092667
2 0.457333 0.464667 0.088 0.094667
2 0.42800000000000005 0.404333 0.076 0.056667
2 0.408667 0.348667 0.057333 0.06
3 0.35166699999999995 0.389667 0.064667 0.075333
2 0.341333 0.487667 0.105333 0.112667
3 0.272667 0.534667 0.076 0.068
3 0.256 0.600667 0.037333 0.025333
2 0.348333 0.578333 0.080667 0.075333
2 0.41700000000000004 0.540333 0.098 0.087333
3 0.447333 0.604333 0.062667 0.056667
3 0.419667 0.660333 0.054 0.055333
3 0.41133299999999995 0.738667 0.104 0.101333
3 0.34566699999999995 0.644667 0.086 0.073333
2 0.322333 0.726333 0.09 0.092667
2 0.258 0.68 0.077333 0.102667
2 0.19466700000000003 0.75 0.101333 0.098667
2 0.12433300000000003 0.706667 0.114 0.098667
3 0.097333 0.610333 0.073333 0.086
2 0.033667 0.633333 0.067333 0.084
2 0.914667 0.789 0.072 0.082
2 0.942667 0.954333 0.058667 0.09
2 0.917 0.471 0.095333 0.142
2 0.786667 0.939667 0.062667 0.063333
2 0.817 0.832667 0.051333 0.084
2 0.744333 0.836667 0.116667 0.166667
2 0.634333 0.916 0.122 0.153333
2 0.5389999999999999 0.899333 0.079333 0.092
3 0.45099999999999996 0.935333 0.072667 0.102667
3 0.39333300000000004 0.919333 0.054667 0.068
3 0.33166700000000005 0.953 0.044667 0.043333
3 0.26 0.911 0.081333 0.084667
2 0.08233299999999999 0.881333 0.104667 0.089333
3 0.19166700000000003 0.889 0.051333 0.062
0 0.031667 0.307333 0.056667 0.073333
0 0.06733299999999998 0.354 0.066667 0.074667
0 0.342333 0.160333 0.032667 0.026
0 0.702333 0.942667 0.034 0.041333
0 0.704 0.278333 0.037333 0.040667
0 0.940333 0.853 0.064667 0.048667
0 0.968667 0.809333 0.044 0.049333
0 0.933 0.181667 0.038 0.032667
2 0.04166700000000001 0.948667 0.083333 0.094667
2 0.022666999999999993 0.833 0.045333 0.062
2 0.04133299999999995 0.134667 0.082667 0.070667
2 0.09166700000000005 0.031667 0.079333 0.062
2 0.877667 0.942333 0.094 0.111333
2 0.5373330000000001 0.966333 0.082667 0.067333
2 0.228333 0.967667 0.112667 0.064667
2 0.12933300000000003 0.961 0.086667 0.078
