3 0.118 0.959 0.057333 0.067333
3 0.154 0.892667 0.042667 0.057333
3 0.225333 0.906 0.069333 0.066667
3 0.266 0.937667 0.036 0.042
3 0.346 0.928 0.093333 0.105333
3 0.435667 0.922 0.071333 0.090667
3 0.488667 0.921 0.048 0.075333
3 0.575 0.908 0.091333 0.108
3 0.669667 0.942 0.100667 0.106667
3 0.767667 0.929333 0.062 0.081333
3 0.774 0.820667 0.021333 0.029333
3 0.833667 0.780667 0.038 0.028
3 0.942667 0.868333 0.114667 0.108667
0 0.69 0.788333 0.182667 0.144667
0 0.755 0.862333 0.036667 0.035333
0 0.845 0.914 0.032667 0.030667
0 0.435667 0.803667 0.122 0.104667
0 0.253333 0.733 0.177333 0.175333
0 0.219 0.566 0.139333 0.133333
0 0.344667 0.569 0.116 0.154
0 0.402667 0.620333 0.113333 0.095333
0 0.413667 0.696667 0.107333 0.093333
0 0.531 0.741333 0.126 0.138667
0 0.747 0.717667 0.124667 0.106
0 0.887333 0.640667 0.225333 0.262667
0 0.721 0.575667 0.160667 0.154
0 0.048333 0.72 0.094 0.128
0 0.451333 0.558 0.138667 0.128
0 0.568667 0.615333 0.204 0.196
0 0.129667 0.474667 0.168667 0.164
0 0.285333 0.438667 0.130667 0.130667
0 0.348667 0.378 0.109333 0.110667
0 0.398667 0.452 0.082667 0.096
0 0.476667 0.465333 0.102667 0.092
0 0.589667 0.501333 0.131333 0.113333
0 0.934 0.431333 0.132 0.16
0 0.829333 0.442333 0.128 0.146
0 0.723667 0.398333 0.116667 0.172667
0 0.639667 0.391 0.107333 0.179333
0 0.560667 0.367667 0.117333 0.132667
0 0.208 0.296333 0.16 0.15
0 0.476333 0.337 0.112667 0.112667
0 0.806 0.301333 0.185333 0.148
0 0.530667 0.248 0.142667 0.122667
0 0.105667 0.222 0.166 0.181333
0 0.326 0.19 0.182667 0.189333
0 0.218667 0.122667 0.124 0.118667
0 0.142667 0.051333 0.077333 0.06
0 0.464 0.143333 0.145333 0.129333
0 0.711667 0.183 0.148667 0.154
0 0.854 0.189333 0.157333 0.136
0 0.914 0.108333 0.142667 0.111333
0 0.83 0.058667 0.208 0.116
0 0.597 0.084 0.139333 0.166667
0 0.228667 0.033333 0.114667 0.065333
3 0.936667 0.951333 0.125333 0.097333
