2 0.127667 0.946 0.112667 0.098667
2 0.109333 0.877667 0.062667 0.051333
2 0.026333 0.817333 0.048667 0.074667
2 0.126 0.815667 0.062667 0.05
3 0.136333 0.765333 0.05 0.054667
3 0.194 0.849333 0.068 0.066667
2 0.201 0.766667 0.074 0.078667
2 0.095 0.7130000000000001 0.088667 0.078
2 0.141333 0.648667 0.076 0.068
2 0.040667 0.6333329999999999 0.074667 0.070667
2 0.122333 0.5840000000000001 0.05 0.050667
2 0.034667 0.496333 0.062667 0.047333
2 0.039333 0.42133299999999996 0.074667 0.064
3 0.070667 0.370333 0.06 0.055333
2 0.065 0.29300000000000004 0.064667 0.059333
2 0.123333 0.319333 0.06 0.062667
2 0.139333 0.257667 0.058667 0.063333
2 0.133667 0.18400000000000005 0.047333 0.044
2 0.062 0.161667 0.073333 0.078
3 0.054333 0.07266700000000004 0.078 0.069333
2 0.152667 0.12366699999999997 0.04 0.040667
2 0.135 0.45699999999999996 0.088667 0.079333
2 0.089333 0.524 0.033333 0.030667
2 0.042333 0.5569999999999999 0.083333 0.074
2 0.165 0.541667 0.062 0.068667
3 0.158 0.388667 0.081333 0.06
2 0.196333 0.33899999999999997 0.086 0.079333
2 0.216333 0.277 0.068667 0.07
2 0.245333 0.21299999999999997 0.104 0.075333
2 0.214 0.154667 0.036 0.028
2 0.278667 0.16133299999999995 0.037333 0.034667
2 0.255333 0.08166700000000005 0.065333 0.087333
2 0.19 0.04800000000000004 0.065333 0.074667
2 0.355333 0.12833300000000003 0.078667 0.088667
2 0.246333 0.637 0.091333 0.088667
2 0.226333 0.534 0.051333 0.069333
2 0.296333 0.563 0.108667 0.083333
2 0.313667 0.497333 0.059333 0.057333
3 0.252667 0.48 0.06 0.061333
2 0.285333 0.420667 0.069333 0.057333
3 0.383 0.449333 0.056667 0.066667
2 0.315333 0.365333 0.1 0.096
3 0.365667 0.31799999999999995 0.072667 0.065333
2 0.429 0.343333 0.059333 0.065333
2 0.438 0.418667 0.066667 0.089333
3 0.381 0.393 0.022 0.026
2 0.317 0.24533300000000002 0.052667 0.072
2 0.377333 0.24933300000000003 0.070667 0.086667
3 0.376 0.19033299999999997 0.042667 0.038
3 0.424667 0.06133299999999997 0.073333 0.096
2 0.513667 0.08666700000000005 0.059333 0.064
3 0.545333 0.16300000000000003 0.068 0.083333
3 0.569667 0.09166700000000005 0.042 0.048667
3 0.597667 0.18033299999999997 0.042 0.048667
2 0.506 0.366333 0.089333 0.084667
2 0.500667 0.269 0.102667 0.116667
3 0.449 0.20066700000000004 0.086 0.086667
3 0.474667 0.14 0.065333 0.068
3 0.574667 0.30333299999999996 0.052 0.064
2 0.615 0.271667 0.071333 0.052667
2 0.653667 0.19799999999999995 0.082 0.092
3 0.686333 0.04700000000000004 0.075333 0.082
3 0.724 0.21299999999999997 0.072 0.091333
3 0.719 0.13466699999999998 0.076667 0.076
2 0.757667 0.092333 0.05 0.042
2 0.803 0.02100000000000002 0.044667 0.042
3 0.815667 0.07833299999999999 0.05 0.05
2 0.792667 0.150667 0.073333 0.094667
2 0.859333 0.16000000000000003 0.070667 0.101333
2 0.929 0.029667 0.048667 0.055333
2 0.936333 0.09799999999999998 0.122 0.130667
3 0.972333 0.13966699999999999 0.05 0.052667
2 0.252 0.915333 0.038667 0.065333
2 0.313 0.9013329999999999 0.075333 0.076
2 0.312333 0.810333 0.120667 0.139333
1 0.347 0.759667 0.054 0.051333
2 0.368333 0.6763330000000001 0.091333 0.118
2 0.402333 0.6046670000000001 0.084667 0.108
1 0.444333 0.683 0.056667 0.051333
1 0.474667 0.624667 0.062667 0.068
2 0.458 0.544 0.088 0.097333
1 0.536333 0.5736669999999999 0.083333 0.071333
2 0.515667 0.486333 0.088667 0.084667
2 0.570333 0.507667 0.048667 0.063333
2 0.542667 0.423667 0.112 0.084667
2 0.601333 0.378667 0.068 0.072
2 0.656667 0.33199999999999996 0.093333 0.068
2 0.726667 0.30000000000000004 0.097333 0.078667
2 0.811333 0.255 0.1 0.086
3 0.880333 0.252667 0.038 0.054667
3 0.887333 0.340333 0.090667 0.074
2 0.966333 0.366 0.064667 0.074667
2 0.902667 0.416667 0.065333 0.057333
2 0.837333 0.400667 0.070667 0.044
1 0.767 0.442333 0.05 0.055333
2 0.827667 0.458333 0.079333 0.092667
2 0.897 0.481333 0.074 0.074667
2 0.937 0.538667 0.112667 0.070667
2 0.933667 0.605333 0.055333 0.062667
3 0.878333 0.595667 0.047333 0.076667
2 0.821 0.581333 0.083333 0.1
2 0.763667 0.499333 0.059333 0.056
2 0.744333 0.5756669999999999 0.087333 0.099333
2 0.666333 0.542333 0.056667 0.058
2 0.697667 0.491 0.07 0.07
2 0.659333 0.416667 0.037333 0.068
2 0.701667 0.41600000000000004 0.058 0.074667
2 0.639333 0.474 0.064 0.064
2 0.61 0.523667 0.041333 0.059333
1 0.431667 0.757 0.064667 0.087333
1 0.408 0.832667 0.065333 0.069333
1 0.476667 0.843 0.077333 0.087333
2 0.437667 0.891 0.052667 0.047333
2 0.465667 0.936667 0.096667 0.094667
2 0.539333 0.959667 0.053333 0.056667
2 0.595 0.9103330000000001 0.116667 0.103333
2 0.567333 0.815333 0.064 0.062667
1 0.533 0.7106669999999999 0.048667 0.064
2 0.609 0.61 0.119333 0.098667
2 0.618667 0.675667 0.069333 0.042
2 0.590667 0.736667 0.082667 0.094667
2 0.679 0.924333 0.048667 0.05
2 0.656667 0.842333 0.121333 0.103333
2 0.706 0.687667 0.141333 0.118
2 0.688667 0.767333 0.045333 0.050667
1 0.745333 0.783667 0.06 0.083333
2 0.743333 0.864 0.056 0.068
2 0.770667 0.954333 0.090667 0.087333
2 0.826667 0.908 0.089333 0.098667
2 0.831667 0.799667 0.115333 0.115333
2 0.815667 0.717667 0.058 0.05
1 0.896667 0.747333 0.062667 0.065333
2 0.909667 0.823333 0.054 0.062667
2 0.913667 0.933333 0.084667 0.096
2 0.965 0.761 0.066 0.07
3 0.974 0.9410000000000001 0.044 0.052667
2 0.948 0.30833299999999997 0.037333 0.031333
2 0.748667 0.371 0.090667 0.098
3 0.807667 0.33366700000000005 0.080667 0.071333
0 0.883667 0.026000000000000023 0.05 0.052
0 0.477 0.763 0.031333 0.054
0 0.413667 0.124 0.042 0.045333
0 0.393333 0.947667 0.034667 0.05
0 0.316 0.951333 0.048 0.033333
0 0.273333 0.703667 0.050667 0.056667
0 0.242667 0.752 0.048 0.056
0 0.196 0.18966700000000003 0.041333 0.047333
0 0.089667 0.647 0.028667 0.040667
0 0.079 0.22899999999999998 0.038 0.032667
2 0.958667 0.22966699999999995 0.082667 0.088667
1 0.969 0.45066700000000004 0.062 0.065333
2 0.966667 0.8586670000000001 0.066667 0.110667
2 0.044333 0.924333 0.087333 0.136667
2 0.024333 0.22266699999999995 0.047333 0.069333
2 0.059 0.018000000000000016 0.078 0.036
2 0.610333 0.04300000000000004 0.082 0.086
