2 0.950333 0.085 0.020667 0.020667
2 0.804667 0.040667 0.046667 0.033333
2 0.836333 0.114333 0.068667 0.076667
2 0.885 0.161667 0.036667 0.034
2 0.874667 0.226333 0.078667 0.086
2 0.841333 0.191 0.072 0.076667
2 0.7663329999999999 0.093333 0.087333 0.105333
2 0.733333 0.161333 0.058667 0.073333
3 0.708333 0.076333 0.046 0.056667
1 0.6739999999999999 0.122333 0.050667 0.05
1 0.6890000000000001 0.14 0.031333 0.028
3 0.612 0.045 0.082667 0.087333
2 0.5880000000000001 0.107 0.066667 0.068667
1 0.578667 0.181333 0.046667 0.042667
2 0.517333 0.158333 0.058667 0.067333
3 0.906 0.385 0.086667 0.062
3 0.865 0.447667 0.038 0.043333
3 0.908 0.458333 0.048 0.054
3 0.969 0.507 0.05 0.040667
3 0.921333 0.510667 0.049333 0.053333
3 0.873333 0.514 0.06 0.101333
3 0.823 0.476333 0.052667 0.063333
3 0.831 0.421 0.056667 0.058
3 0.8240000000000001 0.365667 0.056 0.058
3 0.775667 0.404667 0.052667 0.053333
3 0.777 0.458667 0.052667 0.041333
3 0.8240000000000001 0.58 0.073333 0.064
2 0.910667 0.59 0.029333 0.029333
2 0.922333 0.616333 0.039333 0.035333
2 0.973333 0.613667 0.052 0.054
2 0.943333 0.736333 0.054667 0.063333
2 0.868667 0.74 0.086667 0.058667
2 0.886 0.666333 0.08 0.092667
3 0.795667 0.644333 0.092667 0.086
2 0.784 0.724333 0.093333 0.087333
2 0.806333 0.806333 0.047333 0.067333
3 0.762333 0.801667 0.038 0.066
3 0.731333 0.789667 0.052 0.071333
2 0.752333 0.553 0.051333 0.064667
3 0.724333 0.404667 0.052667 0.069333
3 0.684667 0.418 0.046667 0.042667
2 0.711667 0.467333 0.083333 0.066667
2 0.669667 0.513 0.100667 0.080667
2 0.639 0.593667 0.116667 0.103333
2 0.705667 0.629333 0.056667 0.070667
2 0.663667 0.681 0.062 0.064667
2 0.603667 0.673333 0.047333 0.053333
2 0.574333 0.592667 0.035333 0.041333
1 0.533667 0.642667 0.055333 0.057333
1 0.597333 0.478667 0.034667 0.037333
1 0.5593330000000001 0.465667 0.030667 0.019333
2 0.6533329999999999 0.769 0.056 0.074
2 0.5720000000000001 0.757333 0.108 0.110667
3 0.554667 0.816667 0.037333 0.030667
2 0.523667 0.516 0.064667 0.076
2 0.562 0.366 0.061333 0.062667
2 0.559667 0.302 0.064667 0.057333
2 0.523667 0.337667 0.042 0.052667
3 0.654 0.349 0.070667 0.064667
2 0.7436670000000001 0.310667 0.086 0.084
2 0.798 0.282 0.065333 0.074667
2 0.493333 0.713 0.090667 0.072667
2 0.464333 0.787 0.084667 0.079333
2 0.431667 0.088 0.059333 0.074667
2 0.48966699999999996 0.265333 0.075333 0.08
1 0.48166699999999996 0.424 0.043333 0.038667
2 0.452333 0.506 0.099333 0.132
2 0.403 0.446333 0.040667 0.051333
2 0.452333 0.575333 0.042 0.036
2 0.421667 0.552 0.048667 0.053333
2 0.43533299999999997 0.638 0.104 0.101333
3 0.366333 0.740667 0.076667 0.076
2 0.366 0.801667 0.046667 0.043333
2 0.276 0.785667 0.105333 0.088667
2 0.342333 0.638333 0.032667 0.034
2 0.28700000000000003 0.685667 0.111333 0.096667
2 0.21999999999999997 0.694667 0.038667 0.042667
3 0.18000000000000005 0.732 0.058667 0.057333
3 0.19199999999999995 0.797667 0.061333 0.076667
3 0.13766699999999998 0.789 0.060667 0.059333
2 0.08199999999999996 0.780333 0.041333 0.044667
2 0.06966700000000003 0.685667 0.132667 0.111333
3 0.14200000000000002 0.630667 0.056 0.053333
3 0.12766699999999997 0.518667 0.068667 0.064
3 0.20166700000000004 0.480667 0.063333 0.066667
1 0.18666700000000003 0.53 0.04 0.038667
3 0.135 0.447333 0.067333 0.053333
2 0.06366700000000003 0.426333 0.099333 0.094
2 0.09599999999999997 0.582667 0.086667 0.068
2 0.271667 0.568333 0.062 0.046
2 0.22866699999999995 0.549667 0.050667 0.039333
2 0.388 0.543 0.024 0.027333
2 0.349 0.518333 0.078 0.078
3 0.29233299999999995 0.497333 0.043333 0.054667
2 0.29800000000000004 0.437667 0.048 0.044667
1 0.333333 0.446333 0.018667 0.020667
2 0.36466699999999996 0.449 0.04 0.052667
2 0.22599999999999998 0.408 0.058667 0.062667
2 0.42333299999999996 0.351 0.045333 0.048667
3 0.376 0.342333 0.053333 0.063333
2 0.32999999999999996 0.037333 0.072 0.068
1 0.263 0.03 0.043333 0.037333
2 0.318333 0.107333 0.064667 0.054667
3 0.308667 0.162667 0.065333 0.049333
3 0.295667 0.201667 0.067333 0.048667
2 0.238 0.205 0.045333 0.054
2 0.24366699999999997 0.297333 0.091333 0.090667
3 0.220333 0.353667 0.048667 0.043333
3 0.18233299999999997 0.105 0.032667 0.034
2 0.19033299999999997 0.167667 0.079333 0.075333
2 0.10433300000000001 0.066 0.03 0.037333
2 0.10433300000000001 0.135667 0.102 0.091333
2 0.13866699999999998 0.251333 0.096 0.105333
1 0.09066700000000005 0.313 0.045333 0.05
2 0.04933299999999996 0.223333 0.04 0.045333
3 0.028000000000000025 0.119667 0.050667 0.054
3 0.264667 0.139667 0.044 0.059333
2 0.04033299999999995 0.908 0.036667 0.032
3 0.08666700000000005 0.895667 0.052 0.055333
3 0.11199999999999999 0.844 0.045333 0.049333
2 0.17166700000000001 0.886667 0.03 0.030667
2 0.213333 0.853 0.050667 0.054
2 0.26133300000000004 0.850667 0.046667 0.049333
2 0.32999999999999996 0.874333 0.106667 0.096667
2 0.294667 0.951667 0.116 0.082
3 0.23366699999999996 0.905333 0.064667 0.057333
2 0.40800000000000003 0.970667 0.066667 0.045333
2 0.419667 0.923333 0.060667 0.049333
2 0.551667 0.910333 0.112667 0.139333
2 0.6313329999999999 0.843333 0.084 0.072
2 0.643 0.945333 0.083333 0.102667
3 0.709333 0.857667 0.066667 0.051333
2 0.866333 0.826 0.087333 0.101333
3 0.7933330000000001 0.880667 0.06 0.045333
2 0.8446670000000001 0.919 0.101333 0.086
3 0.8109999999999999 0.972333 0.067333 0.052667
2 0.956667 0.865333 0.085333 0.14
3 0.02733300000000005 0.971333 0.032 0.037333
0 0.032332999999999945 0.793333 0.064667 0.096
0 0.228333 0.084667 0.067333 0.065333
0 0.23466699999999996 0.609 0.050667 0.047333
0 0.31266700000000003 0.252333 0.070667 0.072667
0 0.33499999999999996 0.374667 0.068667 0.072
0 0.40700000000000003 0.764667 0.028667 0.038667
0 0.39133300000000004 0.701333 0.046667 0.034667
0 0.412667 0.282333 0.053333 0.075333
0 0.40800000000000003 0.188 0.072 0.088
0 0.492 0.050667 0.126667 0.1
0 0.563 0.242667 0.071333 0.077333
0 0.5469999999999999 0.581667 0.059333 0.066
0 0.473333 0.862333 0.068 0.079333
0 0.579333 0.420667 0.036 0.034667
0 0.652667 0.253 0.057333 0.051333
0 0.718667 0.939333 0.08 0.102667
0 0.782 0.193667 0.058667 0.078
0 0.849667 0.318 0.042 0.052
0 0.887667 0.327 0.038 0.051333
0 0.963 0.033 0.07 0.062
2 0.03533299999999995 0.490333 0.070667 0.084667
2 0.15633300000000006 0.026333 0.064667 0.051333
2 0.21099999999999997 0.026667 0.075333 0.052
3 0.951667 0.550333 0.059333 0.066
2 0.973 0.719333 0.052667 0.105333
2 0.494333 0.972667 0.096667 0.054667
