2 0.609 0.881 0.127333 0.087333
2 0.39933300000000005 0.884667 0.066667 0.066667
2 0.397667 0.814667 0.080667 0.066667
2 0.20399999999999996 0.862667 0.109333 0.098667
2 0.08866700000000005 0.894667 0.14 0.124
2 0.06266700000000003 0.777667 0.125333 0.140667
2 0.15333300000000005 0.765 0.066667 0.075333
2 0.231333 0.777333 0.094667 0.1
2 0.31466700000000003 0.791667 0.089333 0.118
2 0.34866699999999995 0.6599999999999999 0.070667 0.090667
2 0.268 0.671333 0.088 0.098667
2 0.17566700000000002 0.674667 0.091333 0.1
1 0.08399999999999996 0.693333 0.097333 0.090667
2 0.25833300000000003 0.574667 0.11 0.105333
2 0.15900000000000003 0.580667 0.086 0.096
2 0.05733299999999997 0.5840000000000001 0.114667 0.134667
2 0.09499999999999997 0.48166699999999996 0.091333 0.091333
2 0.19699999999999995 0.486 0.120667 0.097333
2 0.29233299999999995 0.499667 0.036667 0.044667
2 0.33266700000000005 0.493333 0.038667 0.06
3 0.26133300000000004 0.412667 0.034667 0.042667
2 0.16600000000000004 0.334333 0.097333 0.108667
2 0.059667000000000026 0.320333 0.118 0.116667
2 0.07133299999999998 0.23366699999999996 0.072 0.074
0 0.10566699999999996 0.126 0.11 0.142667
0 0.141667 0.034667 0.076667 0.069333
0 0.19466700000000003 0.17933299999999996 0.129333 0.169333
0 0.27833300000000005 0.11466699999999996 0.108667 0.114667
0 0.43300000000000005 0.10866699999999996 0.171333 0.173333
0 0.593 0.09099999999999997 0.158 0.114
0 0.871 0.214333 0.11 0.087333
0 0.7066669999999999 0.19033299999999997 0.101333 0.099333
0 0.897 0.33999999999999997 0.204667 0.198667
0 0.746 0.29133299999999995 0.129333 0.117333
0 0.651667 0.271667 0.07 0.078
0 0.541667 0.25433300000000003 0.134 0.124667
0 0.374667 0.255667 0.069333 0.079333
0 0.297667 0.27 0.115333 0.138667
0 0.325333 0.389667 0.138667 0.122
0 0.411667 0.363 0.103333 0.091333
0 0.502667 0.355333 0.104 0.093333
0 0.727 0.41000000000000003 0.127333 0.106667
0 0.924 0.527 0.150667 0.164667
0 0.757333 0.517 0.144 0.119333
0 0.591333 0.49566699999999997 0.172 0.188667
0 0.475333 0.487 0.124 0.15
0 0.377667 0.476 0.103333 0.144
0 0.428667 0.611 0.104 0.115333
0 0.34466699999999995 0.586333 0.061333 0.080667
0 0.5640000000000001 0.651667 0.148 0.131333
0 0.744333 0.665667 0.223333 0.171333
0 0.924333 0.731333 0.147333 0.164
0 0.791667 0.8029999999999999 0.198 0.152667
0 0.6453329999999999 0.791667 0.150667 0.151333
0 0.455333 0.746333 0.178667 0.166
0 0.870667 0.909 0.257333 0.180667
2 0.058667000000000025 0.971667 0.117333 0.055333
2 0.21999999999999997 0.957667 0.148 0.083333
2 0.498 0.916667 0.138667 0.165333
3 0.6799999999999999 0.953667 0.113333 0.086
2 0.375333 0.966333 0.118667 0.066
0 0.825 0.151667 0.115333 0.13
0 0.8296669999999999 0.06933299999999998 0.114 0.064
0 0.916667 0.11566699999999996 0.084 0.107333
0 0.44199999999999995 0.271 0.078667 0.096667
0 0.41333299999999995 0.21999999999999997 0.064 0.068
0 0.5509999999999999 0.16500000000000004 0.144667 0.106
0 0.23199999999999998 0.047667000000000015 0.12 0.084667
