2 0.881 0.391 0.087333 0.127333
2 0.884667 0.600667 0.066667 0.066667
2 0.814667 0.602333 0.066667 0.080667
2 0.862667 0.796 0.098667 0.109333
2 0.894667 0.911333 0.124 0.14
2 0.777667 0.937333 0.140667 0.125333
2 0.765 0.846667 0.075333 0.066667
2 0.777333 0.768667 0.1 0.094667
2 0.791667 0.685333 0.118 0.089333
2 0.6599999999999999 0.651333 0.090667 0.070667
2 0.671333 0.732 0.098667 0.088
2 0.674667 0.824333 0.1 0.091333
1 0.693333 0.916 0.090667 0.097333
2 0.574667 0.741667 0.105333 0.11
2 0.580667 0.841 0.096 0.086
2 0.5840000000000001 0.942667 0.134667 0.114667
2 0.48166699999999996 0.905 0.091333 0.091333
2 0.486 0.803 0.097333 0.120667
2 0.499667 0.707667 0.044667 0.036667
2 0.493333 0.667333 0.06 0.038667
3 0.412667 0.738667 0.042667 0.034667
2 0.334333 0.834 0.108667 0.097333
2 0.320333 0.940333 0.116667 0.118
2 0.23366699999999996 0.928667 0.074 0.072
0 0.126 0.894333 0.142667 0.11
0 0.034667 0.858333 0.069333 0.076667
0 0.17933299999999996 0.805333 0.169333 0.129333
0 0.11466699999999996 0.721667 0.114667 0.108667
0 0.10866699999999996 0.567 0.173333 0.171333
0 0.09099999999999997 0.407 0.114 0.158
0 0.214333 0.129 0.087333 0.11
0 0.19033299999999997 0.293333 0.099333 0.101333
0 0.33999999999999997 0.103 0.198667 0.204667
0 0.29133299999999995 0.254 0.117333 0.129333
0 0.271667 0.348333 0.078 0.07
0 0.25433300000000003 0.458333 0.124667 0.134
0 0.255667 0.625333 0.079333 0.069333
0 0.27 0.702333 0.138667 0.115333
0 0.389667 0.674667 0.122 0.138667
0 0.363 0.588333 0.091333 0.103333
0 0.355333 0.497333 0.093333 0.104
0 0.41000000000000003 0.273 0.106667 0.127333
0 0.527 0.076 0.164667 0.150667
0 0.517 0.242667 0.119333 0.144
0 0.49566699999999997 0.408667 0.188667 0.172
0 0.487 0.524667 0.15 0.124
0 0.476 0.622333 0.144 0.103333
0 0.611 0.571333 0.115333 0.104
0 0.586333 0.655333 0.080667 0.061333
0 0.651667 0.436 0.131333 0.148
0 0.665667 0.255667 0.171333 0.223333
0 0.731333 0.075667 0.164 0.147333
0 0.8029999999999999 0.208333 0.152667 0.198
0 0.791667 0.354667 0.151333 0.150667
0 0.746333 0.544667 0.166 0.178667
0 0.909 0.129333 0.180667 0.257333
2 0.971667 0.941333 0.055333 0.117333
2 0.957667 0.78 0.083333 0.148
2 0.916667 0.502 0.165333 0.138667
3 0.953667 0.32 0.086 0.113333
2 0.966333 0.624667 0.066 0.118667
0 0.151667 0.175 0.13 0.115333
0 0.06933299999999998 0.170333 0.064 0.114
0 0.11566699999999996 0.083333 0.107333 0.084
0 0.271 0.558 0.096667 0.078667
0 0.21999999999999997 0.586667 0.068 0.064
0 0.16500000000000004 0.449 0.106 0.144667
0 0.047667000000000015 0.768 0.084667 0.12
