2 0.736 0.941 0.112 0.118
2 0.49566699999999997 0.844 0.048667 0.042667
2 0.396667 0.938 0.074667 0.058667
2 0.285667 0.957 0.116667 0.086
2 0.18766700000000003 0.964333 0.076667 0.07
2 0.07366700000000004 0.912667 0.074 0.094667
2 0.021333000000000046 0.928333 0.042667 0.116667
2 0.04700000000000004 0.830333 0.048667 0.048667
2 0.13566699999999998 0.837667 0.116667 0.078
2 0.17433299999999996 0.897 0.108667 0.084667
2 0.27433300000000005 0.878667 0.080667 0.065333
2 0.25333300000000003 0.819 0.044 0.048667
2 0.33199999999999996 0.813667 0.104 0.115333
2 0.40333300000000005 0.867667 0.105333 0.079333
2 0.04366700000000001 0.752333 0.07 0.076667
2 0.10966699999999996 0.743667 0.040667 0.047333
2 0.08199999999999996 0.656667 0.06 0.052
2 0.20466700000000004 0.737 0.130667 0.11
2 0.321333 0.705667 0.105333 0.119333
2 0.42900000000000005 0.71 0.115333 0.138667
2 0.518 0.697 0.068 0.059333
2 0.43400000000000005 0.627 0.058667 0.055333
2 0.498 0.634333 0.064 0.068667
2 0.5756669999999999 0.619333 0.091333 0.104
2 0.47566699999999995 0.543 0.155333 0.115333
2 0.571333 0.511667 0.041333 0.052667
2 0.5569999999999999 0.453 0.059333 0.052667
2 0.546333 0.392333 0.047333 0.052667
2 0.41233299999999995 0.479 0.09 0.11
2 0.33599999999999997 0.478667 0.076 0.134667
2 0.31866700000000003 0.568667 0.074667 0.097333
2 0.24733300000000003 0.578667 0.073333 0.073333
2 0.16800000000000004 0.59 0.076 0.070667
2 0.22899999999999998 0.645333 0.079333 0.065333
2 0.11233300000000002 0.608 0.054 0.085333
2 0.05133299999999996 0.597 0.088 0.079333
2 0.101333 0.532333 0.093333 0.075333
2 0.10566699999999996 0.442667 0.084667 0.088
2 0.20899999999999996 0.524667 0.103333 0.076
2 0.22766699999999995 0.434333 0.151333 0.123333
2 0.15000000000000002 0.369667 0.085333 0.078
2 0.298667 0.348333 0.142667 0.131333
2 0.20699999999999996 0.289333 0.071333 0.066667
2 0.118 0.270667 0.068 0.068
2 0.06366700000000003 0.244333 0.076667 0.09
2 0.27433300000000005 0.212333 0.03 0.026
2 0.331333 0.264333 0.025333 0.024667
2 0.18466700000000003 0.174667 0.14 0.126667
2 0.17266700000000001 0.057333 0.185333 0.113333
2 0.07633299999999998 0.082333 0.051333 0.094
0 0.897333 0.544333 0.069333 0.060667
0 0.850333 0.632 0.160667 0.150667
0 0.884 0.766 0.128 0.113333
0 0.902 0.884333 0.057333 0.067333
0 0.8260000000000001 0.845 0.064 0.064667
0 0.767333 0.757667 0.108 0.127333
0 0.41433299999999995 0.805 0.032667 0.044667
0 0.6799999999999999 0.569667 0.157333 0.144667
0 0.787 0.402333 0.147333 0.156667
0 0.973667 0.315 0.051333 0.092667
0 0.97 0.220667 0.058667 0.070667
0 0.9103330000000001 0.244333 0.066 0.084667
0 0.819 0.189 0.05 0.056667
0 0.782333 0.131 0.043333 0.051333
0 0.700333 0.090667 0.051333 0.052
0 0.571333 0.165 0.057333 0.059333
0 0.505667 0.233333 0.066 0.076
0 0.421667 0.306333 0.063333 0.074
0 0.486 0.324667 0.088 0.085333
0 0.45266700000000004 0.389 0.06 0.059333
0 0.369333 0.322667 0.056 0.070667
0 0.639667 0.219333 0.05 0.054667
0 0.637 0.081333 0.071333 0.068
0 0.935667 0.085667 0.127333 0.17
0 0.361 0.107667 0.17 0.200667
0 0.35266699999999995 0.235 0.062667 0.055333
0 0.980333 0.433 0.038 0.05
0 0.771 0.305 0.059333 0.056667
0 0.845333 0.311333 0.032 0.032
2 0.07933299999999999 0.977333 0.078667 0.045333
2 0.03433299999999995 0.450333 0.068667 0.158
