2 0.901667 0.960333 0.096667 0.072667
2 0.928667 0.874 0.101333 0.108
2 0.807333 0.951667 0.098667 0.091333
2 0.7170000000000001 0.958667 0.058 0.054667
2 0.83 0.85 0.096 0.098667
2 0.949667 0.781667 0.088667 0.104667
2 0.859667 0.755 0.095333 0.118
2 0.776 0.759333 0.08 0.084
2 0.8546670000000001 0.671 0.069333 0.044667
2 0.963667 0.5696669999999999 0.07 0.060667
2 0.741333 0.890667 0.056 0.053333
2 0.758333 0.831333 0.074 0.066667
2 0.680667 0.8109999999999999 0.028 0.038
2 0.6663330000000001 0.889 0.100667 0.11
2 0.574333 0.879667 0.079333 0.095333
2 0.544667 0.958667 0.056 0.072
2 0.6126670000000001 0.79 0.110667 0.101333
2 0.630667 0.719333 0.036 0.033333
2 0.726333 0.6890000000000001 0.120667 0.092667
2 0.748667 0.615667 0.065333 0.056667
2 0.661 0.586333 0.106 0.120667
2 0.817333 0.570333 0.070667 0.078
2 0.878333 0.519333 0.088667 0.094667
2 0.763667 0.5393330000000001 0.036667 0.037333
2 0.45499999999999996 0.955667 0.063333 0.07
2 0.382 0.927 0.076 0.076667
2 0.30933299999999997 0.968667 0.066667 0.053333
2 0.26333300000000004 0.927333 0.06 0.069333
2 0.21199999999999997 0.852 0.069333 0.086667
2 0.28733299999999995 0.842333 0.048 0.048667
2 0.27733300000000005 0.868667 0.022667 0.02
2 0.47166699999999995 0.859667 0.092667 0.079333
2 0.401 0.852 0.056667 0.076
2 0.35866699999999996 0.81 0.086667 0.093333
2 0.32899999999999996 0.754333 0.056667 0.048667
2 0.26033300000000004 0.76 0.060667 0.052
2 0.275 0.6990000000000001 0.066 0.075333
2 0.338333 0.6859999999999999 0.062 0.068
2 0.432667 0.768667 0.072 0.08
2 0.37933300000000003 0.730333 0.041333 0.047333
2 0.521333 0.7456670000000001 0.114667 0.106
2 0.487333 0.7893330000000001 0.034667 0.033333
2 0.5243329999999999 0.673667 0.039333 0.036667
2 0.44266700000000003 0.689333 0.068 0.065333
2 0.390667 0.671 0.045333 0.07
2 0.477333 0.6166670000000001 0.125333 0.114667
2 0.494 0.564667 0.029333 0.028
2 0.396667 0.5780000000000001 0.056 0.097333
2 0.355 0.582333 0.031333 0.040667
2 0.31666700000000003 0.6166670000000001 0.094667 0.085333
2 0.23566699999999996 0.585333 0.040667 0.045333
2 0.25333300000000003 0.532 0.082667 0.08
2 0.18400000000000005 0.546667 0.052 0.049333
2 0.922 0.45166700000000004 0.062667 0.066
2 0.6970000000000001 0.491333 0.076667 0.070667
2 0.797667 0.451333 0.102 0.098667
2 0.810333 0.374333 0.088667 0.071333
2 0.96 0.36566699999999996 0.034667 0.027333
2 0.877 0.381667 0.031333 0.028667
2 0.898 0.32199999999999995 0.097333 0.062667
2 0.83 0.301667 0.08 0.074
2 0.745 0.337333 0.042 0.045333
2 0.762667 0.269 0.052 0.048667
2 0.859333 0.23166699999999996 0.06 0.062
2 0.825333 0.20099999999999996 0.050667 0.058
2 0.567 0.553667 0.074 0.07
2 0.604 0.46599999999999997 0.105333 0.101333
2 0.48066699999999996 0.536 0.036 0.036
2 0.497333 0.506667 0.078667 0.062667
2 0.354 0.45299999999999996 0.042667 0.048667
2 0.361333 0.420667 0.036 0.026667
2 0.40700000000000003 0.461333 0.058 0.06
2 0.16433299999999995 0.492333 0.051333 0.055333
2 0.20299999999999996 0.45599999999999996 0.063333 0.053333
2 0.28033300000000005 0.45166700000000004 0.094 0.074
2 0.19599999999999995 0.41200000000000003 0.065333 0.042667
2 0.21799999999999997 0.359333 0.096 0.092
2 0.304667 0.37366699999999997 0.090667 0.082
2 0.383667 0.34166700000000005 0.067333 0.067333
2 0.37933300000000003 0.392 0.032 0.032
2 0.46766700000000005 0.42933299999999996 0.055333 0.062667
2 0.43766700000000003 0.396 0.039333 0.029333
2 0.388 0.290667 0.064 0.049333
2 0.324333 0.25533300000000003 0.028667 0.024
2 0.22599999999999998 0.278 0.08 0.072
2 0.17866700000000002 0.253667 0.044 0.052667
2 0.20233299999999999 0.17333299999999996 0.099333 0.097333
1 0.269 0.17466700000000002 0.039333 0.046667
2 0.33866700000000005 0.18866700000000003 0.025333 0.022667
2 0.35766699999999996 0.159667 0.035333 0.035333
2 0.418667 0.14100000000000001 0.070667 0.07
2 0.491333 0.10866699999999996 0.057333 0.052
2 0.375333 0.06433299999999997 0.050667 0.060667
2 0.5283329999999999 0.444333 0.052667 0.059333
2 0.532 0.38133300000000003 0.070667 0.068
2 0.579 0.33666700000000005 0.062 0.061333
2 0.663 0.377 0.034 0.032667
2 0.65 0.31966700000000003 0.089333 0.068667
2 0.647 0.26733300000000004 0.068667 0.053333
2 0.522667 0.24266699999999997 0.072 0.073333
2 0.56 0.137 0.041333 0.043333
2 0.611667 0.19066700000000003 0.127333 0.113333
2 0.670667 0.121 0.038667 0.038
2 0.28400000000000003 0.096333 0.092 0.099333
2 0.30833299999999997 0.05233299999999996 0.043333 0.05
2 0.16033299999999995 0.05366700000000002 0.036667 0.039333
2 0.960333 0.15533300000000005 0.068667 0.072
2 0.922333 0.12433300000000003 0.092667 0.111333
2 0.873667 0.10966699999999996 0.047333 0.072667
2 0.801667 0.131 0.087333 0.083333
2 0.84 0.07999999999999996 0.065333 0.052
2 0.05400000000000005 0.06666700000000003 0.086667 0.062667
2 0.13433300000000004 0.12733300000000003 0.031333 0.041333
2 0.12633300000000003 0.17800000000000005 0.062 0.050667
2 0.09799999999999998 0.19666700000000004 0.044 0.041333
2 0.032667 0.160667 0.064 0.073333
2 0.10666699999999996 0.269 0.090667 0.058
2 0.14400000000000002 0.353333 0.046667 0.049333
2 0.136 0.39833300000000005 0.034667 0.03
2 0.04300000000000004 0.422667 0.080667 0.077333
2 0.09266700000000005 0.502 0.08 0.1
2 0.143667 0.581 0.062 0.059333
2 0.08266700000000005 0.577333 0.073333 0.082667
2 0.15600000000000003 0.644333 0.125333 0.091333
2 0.06166700000000003 0.6493329999999999 0.047333 0.046667
2 0.022333000000000047 0.5856669999999999 0.044667 0.046
2 0.17933299999999996 0.748667 0.085333 0.070667
2 0.100333 0.722 0.068667 0.068
2 0.04066700000000001 0.707667 0.061333 0.062
2 0.03200000000000003 0.760333 0.045333 0.044667
2 0.09066700000000005 0.791667 0.066667 0.072667
2 0.16133299999999995 0.818667 0.072 0.066667
2 0.16400000000000003 0.942 0.073333 0.085333
2 0.10399999999999998 0.961333 0.049333 0.066667
2 0.13333300000000003 0.879667 0.046667 0.048667
2 0.056332999999999966 0.878 0.079333 0.077333
2 0.029667 0.959333 0.052667 0.068
2 0.7046669999999999 0.43799999999999994 0.04 0.034667
1 0.711667 0.394667 0.046 0.04
0 0.12033300000000002 0.22666699999999995 0.071333 0.045333
0 0.06566700000000003 0.12133300000000002 0.048667 0.041333
0 0.42633299999999996 0.049000000000000044 0.076667 0.079333
0 0.5986670000000001 0.11366699999999996 0.042667 0.051333
0 0.6719999999999999 0.07999999999999996 0.050667 0.045333
0 0.779667 0.19766700000000004 0.05 0.052667
0 0.904667 0.280667 0.046667 0.041333
0 0.575333 0.28500000000000003 0.044 0.040667
0 0.524667 0.321333 0.061333 0.050667
0 0.750333 0.38033300000000003 0.048667 0.039333
0 0.6126670000000001 0.368333 0.053333 0.051333
0 0.34099999999999997 0.503667 0.047333 0.056667
0 0.594 0.587 0.030667 0.035333
0 0.606 0.675 0.056 0.047333
0 0.25433300000000003 0.799667 0.036667 0.038
2 0.22066699999999995 0.04266700000000001 0.12 0.085333
2 0.506 0.022666999999999993 0.090667 0.045333
2 0.669333 0.042332999999999954 0.145333 0.084667
2 0.962 0.49766699999999997 0.074667 0.099333
2 0.943 0.650333 0.112667 0.155333
2 0.03433299999999995 0.825 0.068667 0.074
