3 0.552 0.149667 0.072 0.072667
2 0.621667 0.069333 0.122 0.129333
2 0.726667 0.105333 0.090667 0.102667
2 0.651 0.189667 0.127333 0.118
3 0.608 0.268333 0.052 0.068667
2 0.688333 0.319 0.131333 0.131333
3 0.542333 0.346 0.075333 0.084
2 0.453 0.314 0.107333 0.132
3 0.255333 0.244667 0.1 0.093333
2 0.181 0.242333 0.048667 0.051333
2 0.147333 0.336667 0.092 0.084
3 0.114333 0.420333 0.114 0.103333
2 0.251667 0.362 0.119333 0.130667
2 0.370333 0.398333 0.106 0.116667
3 0.318 0.462 0.073333 0.065333
2 0.694 0.431333 0.112 0.085333
3 0.593667 0.489 0.095333 0.094
3 0.562333 0.573 0.100667 0.100667
2 0.435333 0.524333 0.133333 0.114
3 0.192667 0.518667 0.113333 0.104
3 0.282333 0.562667 0.104667 0.089333
2 0.363 0.616 0.116667 0.105333
3 0.466 0.637333 0.077333 0.082667
2 0.215667 0.633 0.118 0.098
3 0.08 0.649 0.101333 0.11
3 0.422 0.707333 0.029333 0.032
2 0.21 0.717 0.101333 0.071333
2 0.304333 0.738333 0.116667 0.116667
2 0.373333 0.768333 0.046667 0.058
2 0.43 0.801 0.094667 0.094
3 0.529333 0.747667 0.034667 0.043333
3 0.130667 0.877333 0.074667 0.08
2 0.046667 0.922333 0.084 0.09
3 0.207 0.897 0.087333 0.084667
3 0.134 0.94 0.041333 0.038667
2 0.193667 0.804 0.107333 0.105333
3 0.296333 0.842667 0.082 0.089333
2 0.302667 0.921667 0.113333 0.088667
2 0.952 0.45 0.070667 0.096
2 0.692667 0.512333 0.077333 0.068667
2 0.748667 0.231333 0.116 0.098667
2 0.789 0.355333 0.086 0.12
2 0.850667 0.275667 0.104 0.107333
2 0.918667 0.227667 0.098667 0.091333
2 0.909667 0.335333 0.082 0.08
0 0.364667 0.851 0.074667 0.084667
0 0.566 0.940667 0.093333 0.097333
0 0.622333 0.770333 0.228667 0.282
0 0.807 0.614667 0.386 0.468
0 0.515667 0.893333 0.099333 0.076
0 0.356667 0.851 0.072 0.076667
0 0.029333 0.811 0.057333 0.063333
0 0.139 0.681667 0.075333 0.092667
0 0.225 0.446667 0.043333 0.046667
0 0.261 0.476333 0.043333 0.051333
0 0.352333 0.129 0.398 0.256667
3 0.028667 0.737333 0.053333 0.081333
2 0.801667 0.043667 0.151333 0.086
2 0.943 0.113 0.114 0.15
