2 0.651 0.059333 0.100667 0.101333
2 0.46566700000000005 0.127667 0.063333 0.083333
2 0.477333 0.236333 0.068 0.07
2 0.564333 0.168667 0.171333 0.190667
2 0.782667 0.113667 0.18 0.123333
2 0.853333 0.216333 0.102667 0.095333
2 0.720333 0.208 0.179333 0.154667
2 0.663333 0.162 0.054667 0.062667
2 0.720333 0.342667 0.152667 0.129333
2 0.840333 0.322333 0.120667 0.142
2 0.939667 0.187667 0.118 0.175333
2 0.934667 0.307667 0.084 0.104667
3 0.528667 0.351333 0.062667 0.077333
2 0.601667 0.351667 0.098 0.112667
2 0.911667 0.425667 0.148667 0.136667
2 0.789667 0.449 0.084667 0.103333
2 0.670667 0.48 0.156 0.161333
2 0.863667 0.539667 0.126 0.116667
2 0.747333 0.577333 0.138667 0.125333
2 0.879667 0.639333 0.164667 0.112
2 0.721333 0.654667 0.122667 0.113333
2 0.898 0.737667 0.145333 0.094
0 0.509667 0.847333 0.246 0.204
0 0.369333 0.695 0.2 0.21
0 0.468333 0.494 0.240667 0.216
0 0.500667 0.621 0.172 0.147333
0 0.19366700000000003 0.450667 0.171333 0.165333
0 0.21866699999999994 0.308 0.157333 0.152
0 0.354333 0.143667 0.194 0.182
0 0.17433299999999996 0.167667 0.158 0.186
0 0.05700000000000005 0.192 0.114 0.189333
0 0.347 0.416 0.091333 0.109333
0 0.425667 0.332333 0.127333 0.143333
0 0.29233299999999995 0.729333 0.151333 0.145333
0 0.605667 0.657667 0.095333 0.123333
0 0.345 0.273667 0.135333 0.123333
0 0.6843330000000001 0.748333 0.107333 0.115333
0 0.302667 0.546333 0.130667 0.131333
0 0.360333 0.887 0.158 0.194
2 0.788 0.042667 0.158667 0.084
2 0.960667 0.532 0.077333 0.098667
