1 0.063333 0.8993329999999999 0.109333 0.105333
1 0.098667 0.755 0.089333 0.09
1 0.16 0.856 0.117333 0.113333
2 0.218 0.925 0.081333 0.074
2 0.323333 0.928 0.096 0.094667
1 0.268333 0.848333 0.102 0.127333
1 0.360333 0.817333 0.11 0.138667
2 0.261 0.7126669999999999 0.136667 0.137333
1 0.190333 0.769 0.079333 0.088667
1 0.126667 0.659 0.142667 0.123333
2 0.199333 0.648333 0.057333 0.039333
2 0.048667 0.571333 0.094667 0.104
1 0.111 0.524667 0.095333 0.082667
1 0.057 0.45199999999999996 0.112667 0.124
1 0.098333 0.36266699999999996 0.100667 0.116
1 0.145667 0.273 0.09 0.088667
1 0.177667 0.338333 0.099333 0.102
2 0.173667 0.464333 0.131333 0.122
2 0.228667 0.42133299999999996 0.089333 0.1
2 0.213667 0.576333 0.142 0.13
2 0.388 0.707333 0.082667 0.084
2 0.328333 0.650333 0.068667 0.058
2 0.286333 0.616 0.055333 0.069333
2 0.295667 0.522667 0.078 0.093333
2 0.368667 0.590667 0.116 0.133333
2 0.363333 0.485 0.106667 0.102
2 0.288333 0.380667 0.088667 0.130667
2 0.249 0.28400000000000003 0.107333 0.096
2 0.306333 0.234333 0.047333 0.038
2 0.353333 0.38 0.086667 0.097333
2 0.382333 0.319333 0.092667 0.089333
2 0.493333 0.803667 0.161333 0.156667
3 0.662 0.913667 0.049333 0.063333
2 0.471 0.683333 0.078 0.081333
2 0.502 0.586667 0.168 0.146667
2 0.512667 0.46366700000000005 0.181333 0.143333
2 0.547333 0.35866699999999996 0.06 0.069333
2 0.478667 0.36 0.086667 0.072
2 0.635 0.521 0.062 0.052667
2 0.707667 0.531 0.046 0.044667
2 0.751 0.822333 0.058 0.05
2 0.702667 0.705333 0.253333 0.190667
2 0.893333 0.638667 0.152 0.136
3 0.874 0.534667 0.096 0.068
2 0.794 0.45499999999999996 0.124 0.147333
2 0.68 0.431667 0.133333 0.131333
2 0.914333 0.44366700000000003 0.13 0.122
2 0.901667 0.341333 0.103333 0.086667
2 0.812667 0.332333 0.065333 0.07
2 0.699667 0.30800000000000005 0.148667 0.129333
2 0.902667 0.252 0.065333 0.066667
2 0.87 0.13733300000000004 0.105333 0.122667
2 0.880667 0.04366700000000001 0.113333 0.087333
2 0.761333 0.02733300000000005 0.084 0.054667
2 0.706667 0.19899999999999995 0.145333 0.091333
2 0.823333 0.236 0.094667 0.126667
2 0.765667 0.122 0.152667 0.121333
2 0.614 0.04466700000000001 0.106667 0.089333
2 0.547667 0.132 0.131333 0.172
2 0.476667 0.04800000000000004 0.089333 0.096
2 0.469667 0.269 0.174 0.148667
2 0.475 0.17966700000000002 0.138 0.115333
2 0.366667 0.07766700000000004 0.145333 0.154
1 0.258667 0.17866700000000002 0.041333 0.036
2 0.221333 0.20599999999999996 0.104 0.081333
2 0.153667 0.18899999999999995 0.078 0.088667
2 0.204667 0.08333299999999999 0.142667 0.14
2 0.125 0.10599999999999998 0.114 0.117333
2 0.053667 0.05500000000000005 0.103333 0.092667
1 0.071667 0.20266700000000004 0.082 0.084
3 0.897667 0.747333 0.13 0.102667
0 0.312 0.143667 0.074667 0.091333
0 0.359667 0.19533299999999998 0.096667 0.125333
0 0.395333 0.884 0.058667 0.073333
0 0.545 0.6926669999999999 0.067333 0.074667
0 0.575667 0.9 0.112667 0.113333
0 0.593 0.812667 0.083333 0.089333
0 0.873333 0.917333 0.097333 0.114667
0 0.88 0.819 0.121333 0.095333
0 0.783333 0.581 0.077333 0.082
0 0.607 0.636 0.068667 0.061333
0 0.788667 0.9083330000000001 0.066667 0.079333
1 0.035667 0.6863330000000001 0.07 0.136667
1 0.047667 0.8 0.094 0.096
2 0.151667 0.957667 0.127333 0.083333
2 0.387333 0.955667 0.118667 0.087333
2 0.946 0.914667 0.108 0.169333
2 0.950333 0.17366700000000002 0.099333 0.171333
2 0.962 0.05600000000000005 0.074667 0.112
1 0.278333 0.04600000000000004 0.122 0.089333
1 0.044333 0.284667 0.087333 0.152
