2 0.153333 0.894333 0.152 0.122
2 0.290667 0.871 0.124 0.128667
3 0.292 0.740667 0.108 0.106667
2 0.403333 0.7296670000000001 0.205333 0.194
2 0.297667 0.64 0.046 0.033333
2 0.171 0.666667 0.13 0.126667
2 0.084333 0.487 0.166 0.163333
2 0.181 0.438333 0.223333 0.184667
2 0.301 0.521 0.062 0.055333
2 0.443333 0.389 0.148 0.119333
2 0.438667 0.518 0.205333 0.164
2 0.550667 0.545667 0.101333 0.094
3 0.528 0.664667 0.065333 0.061333
2 0.528667 0.32599999999999996 0.04 0.036
2 0.645667 0.338333 0.091333 0.092667
2 0.587667 0.43400000000000005 0.031333 0.029333
2 0.634 0.44399999999999995 0.08 0.085333
2 0.639 0.653 0.100667 0.11
2 0.729333 0.760333 0.185333 0.13
2 0.742667 0.61 0.22 0.177333
2 0.843667 0.728333 0.067333 0.062
2 0.810667 0.872 0.117333 0.113333
3 0.937333 0.6433329999999999 0.064 0.066667
2 0.842333 0.495 0.139333 0.136667
2 0.871667 0.25733300000000003 0.166 0.193333
2 0.758667 0.38433300000000004 0.122667 0.080667
2 0.757333 0.277 0.132 0.152667
2 0.757667 0.156667 0.123333 0.129333
2 0.856667 0.15200000000000002 0.088 0.08
2 0.846333 0.06699999999999995 0.122 0.087333
2 0.645667 0.23366699999999996 0.142 0.134
2 0.641333 0.15100000000000002 0.037333 0.040667
2 0.564333 0.19766700000000004 0.103333 0.106
2 0.568333 0.07366700000000004 0.138 0.147333
2 0.447667 0.18933299999999997 0.131333 0.124
2 0.452 0.07033299999999998 0.128 0.119333
2 0.518667 0.07799999999999996 0.045333 0.049333
2 0.350333 0.282667 0.23 0.193333
2 0.321 0.14400000000000002 0.120667 0.109333
2 0.156 0.23166699999999996 0.185333 0.155333
2 0.164333 0.11433300000000002 0.131333 0.107333
2 0.078 0.24066699999999996 0.072 0.088
3 0.075667 0.08033299999999999 0.111333 0.15
0 0.101 0.78 0.138 0.114667
0 0.06 0.592333 0.118667 0.127333
0 0.305 0.41733299999999995 0.112667 0.113333
0 0.740333 0.48 0.123333 0.141333
0 0.352333 0.551667 0.147333 0.115333
0 0.547333 0.775 0.149333 0.158
0 0.863667 0.620333 0.119333 0.135333
0 0.066667 0.324333 0.097333 0.104667
0 0.366667 0.849667 0.106667 0.100667
0 0.219 0.5800000000000001 0.111333 0.082667
0 0.61 0.5163329999999999 0.110667 0.094
0 0.847667 0.8069999999999999 0.118 0.076667
2 0.043 0.945667 0.084667 0.107333
2 0.711333 0.937333 0.149333 0.124
2 0.949667 0.44599999999999995 0.100667 0.086667
2 0.957333 0.532 0.085333 0.102667
2 0.958333 0.342333 0.083333 0.108667
2 0.955333 0.24 0.089333 0.104
2 0.944667 0.14033300000000004 0.110667 0.136667
2 0.678333 0.047667000000000015 0.143333 0.095333
2 0.326 0.05466700000000002 0.158667 0.109333
3 0.184333 0.051000000000000045 0.131333 0.102
