2 0.927667 0.198 0.115333 0.136
2 0.862667 0.145333 0.094667 0.097333
2 0.800667 0.073333 0.106667 0.088
3 0.7256670000000001 0.068333 0.068667 0.064667
2 0.785 0.281 0.180667 0.182
2 0.7476670000000001 0.189667 0.147333 0.186
2 0.658667 0.146333 0.093333 0.179333
2 0.566333 0.098667 0.107333 0.112
2 0.577333 0.227667 0.121333 0.139333
2 0.604333 0.334333 0.144667 0.131333
2 0.708333 0.346 0.07 0.070667
2 0.632333 0.419 0.09 0.072667
1 0.758333 0.388333 0.060667 0.062
2 0.712333 0.473 0.094 0.092667
2 0.688333 0.504667 0.040667 0.033333
2 0.812333 0.432667 0.122 0.1
2 0.895 0.378333 0.106 0.098
2 0.878333 0.503667 0.19 0.131333
2 0.962 0.592333 0.065333 0.071333
2 0.866333 0.646333 0.186 0.15
2 0.776667 0.704667 0.126667 0.118667
2 0.718333 0.593333 0.123333 0.161333
2 0.614 0.672333 0.14 0.168667
2 0.495 0.068 0.09 0.118667
2 0.49366699999999997 0.196667 0.116667 0.144
2 0.406667 0.177 0.106667 0.124667
3 0.455333 0.300333 0.162667 0.128667
2 0.485333 0.415 0.108 0.106
3 0.492 0.484333 0.036 0.027333
2 0.453333 0.531333 0.081333 0.098667
2 0.5223329999999999 0.581 0.151333 0.144667
3 0.473 0.664 0.047333 0.050667
2 0.412667 0.595667 0.072 0.066
2 0.365 0.394 0.078 0.069333
2 0.396 0.470333 0.106667 0.108667
2 0.31766700000000003 0.527667 0.146 0.174
2 0.275 0.398 0.123333 0.113333
2 0.19999999999999996 0.506 0.126667 0.149333
2 0.30433299999999996 0.224 0.118 0.101333
2 0.39233300000000004 0.066333 0.118 0.127333
2 0.30633299999999997 0.072667 0.075333 0.136
2 0.23366699999999996 0.121 0.179333 0.15
3 0.21866699999999994 0.684 0.162667 0.169333
2 0.259 0.762667 0.082 0.084
2 0.235 0.856333 0.123333 0.124667
3 0.09299999999999997 0.646 0.114 0.110667
2 0.10299999999999998 0.203333 0.126 0.093333
2 0.09266700000000005 0.472 0.146667 0.136
2 0.09199999999999997 0.783667 0.16 0.167333
2 0.03200000000000003 0.847 0.062667 0.071333
3 0.11733300000000002 0.885667 0.037333 0.039333
2 0.32666700000000004 0.938 0.064 0.073333
2 0.348333 0.856 0.115333 0.098667
2 0.372333 0.729333 0.158 0.192
2 0.48166699999999996 0.779 0.108667 0.123333
2 0.42733299999999996 0.913333 0.134667 0.149333
2 0.546333 0.845333 0.118 0.149333
2 0.598 0.909333 0.116 0.138667
3 0.704 0.858333 0.082667 0.103333
2 0.661 0.956333 0.11 0.087333
2 0.841 0.772333 0.142 0.094
2 0.879667 0.853333 0.131333 0.081333
2 0.796 0.898667 0.138667 0.128
2 0.854 0.942 0.092 0.094667
0 0.5880000000000001 0.513 0.044 0.044667
0 0.535667 0.482667 0.064667 0.068
0 0.234333 0.592 0.068667 0.069333
0 0.973667 0.679333 0.051333 0.094667
2 0.941667 0.304667 0.115333 0.153333
2 0.961333 0.464333 0.076 0.100667
3 0.06599999999999995 0.082667 0.132 0.141333
2 0.08233299999999999 0.270333 0.164667 0.112667
2 0.08366700000000005 0.37 0.167333 0.102667
3 0.17766700000000002 0.047667 0.146 0.094
2 0.19233299999999998 0.949 0.194 0.102
2 0.947333 0.941667 0.104 0.104667
3 0.525333 0.960333 0.109333 0.079333
