2 0.086667 0.8466670000000001 0.064 0.065333
2 0.032 0.7989999999999999 0.036 0.043333
2 0.110333 0.6453329999999999 0.203333 0.210667
2 0.280667 0.554333 0.164 0.139333
3 0.28 0.46566700000000005 0.069333 0.064667
2 0.291667 0.679333 0.11 0.097333
2 0.344333 0.872667 0.140667 0.146667
2 0.444667 0.891 0.102667 0.127333
1 0.062333 0.449333 0.059333 0.061333
3 0.124667 0.45966700000000005 0.04 0.036667
2 0.061 0.358 0.115333 0.14
2 0.178667 0.37733300000000003 0.12 0.148
2 0.187333 0.258667 0.058667 0.069333
2 0.281 0.265667 0.079333 0.086
2 0.284333 0.36766699999999997 0.11 0.131333
2 0.401333 0.591 0.108 0.095333
2 0.398667 0.493 0.082667 0.084667
2 0.389667 0.402 0.164667 0.141333
2 0.406 0.28433299999999995 0.161333 0.134
2 0.480667 0.704333 0.136 0.134
2 0.582667 0.7356670000000001 0.069333 0.066
2 0.548 0.8396669999999999 0.148 0.127333
2 0.587667 0.937333 0.160667 0.117333
2 0.685667 0.779 0.139333 0.176667
2 0.598667 0.628667 0.114667 0.102667
2 0.493333 0.607667 0.077333 0.072667
2 0.565333 0.502667 0.150667 0.134667
2 0.562667 0.35266699999999995 0.129333 0.138667
2 0.661333 0.374 0.110667 0.132
2 0.741333 0.39833300000000005 0.077333 0.080667
3 0.723667 0.552333 0.114 0.099333
3 0.754 0.949333 0.06 0.046667
2 0.799667 0.808333 0.098 0.11
2 0.776667 0.6683330000000001 0.156 0.136667
2 0.759 0.261667 0.116667 0.152667
2 0.838667 0.284667 0.061333 0.070667
2 0.642 0.24766699999999997 0.144 0.122
2 0.701 0.144667 0.120667 0.1
2 0.815333 0.17333299999999996 0.106667 0.093333
2 0.825 0.08199999999999996 0.156667 0.146667
2 0.703667 0.058667000000000025 0.104667 0.090667
2 0.583667 0.04600000000000004 0.147333 0.090667
2 0.572 0.142667 0.141333 0.136
2 0.459667 0.21499999999999997 0.118 0.123333
2 0.47 0.09966699999999995 0.076 0.083333
2 0.452 0.029667 0.082667 0.059333
2 0.370667 0.09499999999999997 0.124 0.167333
2 0.294667 0.17366700000000002 0.065333 0.071333
2 0.252333 0.06699999999999995 0.111333 0.124667
2 0.078667 0.22866699999999995 0.152 0.129333
2 0.2 0.161667 0.138667 0.123333
2 0.087667 0.124 0.132667 0.102667
2 0.125333 0.05133299999999996 0.170667 0.102667
3 0.827 0.898333 0.079333 0.088667
2 0.889667 0.702333 0.128667 0.151333
2 0.844667 0.580333 0.14 0.114
2 0.936333 0.498333 0.091333 0.074
2 0.948333 0.40800000000000003 0.082 0.102667
2 0.873 0.405 0.192667 0.194
2 0.903333 0.30500000000000005 0.065333 0.068667
2 0.873 0.212333 0.058 0.058
0 0.297 0.746667 0.120667 0.117333
0 0.268667 0.8486670000000001 0.105333 0.110667
0 0.903 0.8069999999999999 0.084667 0.052667
0 0.189333 0.512667 0.092 0.084
0 0.035 0.477 0.068667 0.075333
2 0.927 0.909 0.146 0.175333
2 0.941667 0.05266700000000002 0.112667 0.105333
2 0.394333 0.964333 0.156667 0.07
