2 0.948667 0.261667 0.101333 0.074
3 0.962333 0.181333 0.074 0.084
3 0.898 0.118333 0.104 0.118
3 0.873667 0.227667 0.056667 0.07
2 0.7783329999999999 0.14 0.138 0.117333
2 0.787 0.251 0.159333 0.122
2 0.9666669999999999 0.114667 0.034667 0.033333
2 0.9390000000000001 0.347333 0.116667 0.12
2 0.8466670000000001 0.425 0.166667 0.140667
3 0.822667 0.526333 0.052 0.043333
3 0.925333 0.616333 0.148 0.168667
2 0.810333 0.608667 0.07 0.072
2 0.871333 0.706333 0.122667 0.107333
2 0.648667 0.050667 0.146667 0.098667
2 0.6373329999999999 0.139 0.137333 0.108667
2 0.632667 0.236333 0.12 0.095333
2 0.626667 0.319667 0.14 0.083333
2 0.71 0.361 0.104 0.11
3 0.728667 0.452 0.109333 0.076
3 0.721333 0.541 0.128 0.106
2 0.712 0.602 0.06 0.045333
3 0.716333 0.706333 0.111333 0.147333
2 0.6206670000000001 0.410667 0.112 0.090667
2 0.627 0.496 0.107333 0.104
3 0.645 0.559667 0.034 0.020667
2 0.6046670000000001 0.592333 0.090667 0.083333
2 0.6066670000000001 0.681 0.1 0.100667
3 0.518 0.572333 0.048 0.040667
2 0.5023329999999999 0.670333 0.131333 0.15
3 0.51 0.753667 0.038667 0.038
3 0.44499999999999995 0.463333 0.078 0.078667
2 0.513667 0.288333 0.062 0.063333
3 0.524667 0.190333 0.117333 0.108667
3 0.445333 0.158333 0.073333 0.071333
2 0.378 0.194333 0.152 0.134
2 0.357 0.318667 0.187333 0.128
2 0.329333 0.412667 0.102667 0.084
2 0.324333 0.513333 0.123333 0.089333
3 0.33299999999999996 0.612 0.151333 0.130667
2 0.225333 0.278 0.066667 0.077333
2 0.262667 0.092667 0.093333 0.08
2 0.24166699999999997 0.182667 0.132667 0.121333
2 0.15633300000000006 0.048 0.123333 0.092
2 0.141667 0.134667 0.116667 0.102667
2 0.141667 0.284667 0.102 0.121333
2 0.145667 0.370333 0.112667 0.074
2 0.315333 0.725333 0.132 0.114667
2 0.19299999999999995 0.675333 0.118 0.104
2 0.20966700000000005 0.569667 0.131333 0.111333
3 0.21799999999999997 0.452333 0.116 0.136667
2 0.19066700000000003 0.781667 0.114667 0.116667
2 0.16233299999999995 0.903667 0.147333 0.13
2 0.300667 0.936333 0.122667 0.106
2 0.30333299999999996 0.835 0.098667 0.104667
2 0.40533300000000005 0.835 0.129333 0.102
3 0.439333 0.743333 0.116 0.113333
3 0.48466699999999996 0.858 0.105333 0.116
2 0.471 0.951333 0.118 0.097333
2 0.593 0.879 0.108667 0.096667
2 0.596333 0.777333 0.147333 0.118667
2 0.8009999999999999 0.773 0.086 0.094
3 0.688 0.929667 0.112 0.128667
3 0.892 0.797667 0.098667 0.087333
2 0.536333 0.481667 0.111333 0.144667
2 0.054332999999999965 0.144667 0.066 0.076
2 0.04633299999999996 0.241 0.092667 0.106
2 0.09499999999999997 0.457333 0.138 0.113333
2 0.087333 0.577667 0.129333 0.135333
2 0.06766700000000003 0.69 0.135333 0.128
0 0.7070000000000001 0.826 0.072667 0.082667
0 0.7969999999999999 0.346333 0.107333 0.088667
0 0.43433299999999997 0.543333 0.100667 0.098667
0 0.775667 0.874667 0.080667 0.094667
0 0.24033300000000002 0.377 0.055333 0.054
0 0.907 0.897 0.088667 0.111333
0 0.936667 0.469667 0.086667 0.124667
2 0.384667 0.052667 0.124 0.104
2 0.264 0.031667 0.108 0.062
2 0.06233299999999997 0.816333 0.124667 0.126
