2 0.849667 0.936333 0.075333 0.092667
2 0.756 0.909333 0.113333 0.165333
2 0.639 0.878667 0.155333 0.149333
2 0.695333 0.775 0.073333 0.064667
2 0.767333 0.788333 0.089333 0.096667
2 0.848 0.820667 0.074667 0.081333
2 0.943 0.847333 0.108667 0.12
2 0.951333 0.737333 0.096 0.097333
3 0.889333 0.654333 0.136 0.103333
2 0.783 0.608 0.074 0.081333
2 0.744667 0.707667 0.066667 0.056667
2 0.869 0.5373330000000001 0.178 0.137333
3 0.792667 0.392 0.088 0.084
2 0.921 0.234333 0.112667 0.096667
2 0.885333 0.13966699999999999 0.14 0.122
2 0.878667 0.05666700000000002 0.061333 0.058667
0 0.6206670000000001 0.29100000000000004 0.278667 0.246
0 0.49166699999999997 0.09899999999999998 0.222 0.198
0 0.32899999999999996 0.09599999999999997 0.139333 0.148
0 0.13366699999999998 0.13333300000000003 0.267333 0.254667
0 0.299667 0.30233299999999996 0.178 0.264667
0 0.462333 0.499 0.127333 0.146
0 0.12766699999999997 0.494 0.255333 0.22
0 0.10233300000000001 0.662667 0.204667 0.202667
0 0.13833300000000004 0.863333 0.258 0.272
0 0.461333 0.914667 0.173333 0.169333
0 0.30133299999999996 0.772667 0.133333 0.164
0 0.25633300000000003 0.6333329999999999 0.127333 0.164
0 0.34299999999999997 0.521333 0.151333 0.169333
0 0.12566699999999997 0.31999999999999995 0.251333 0.281333
0 0.445333 0.330333 0.137333 0.175333
0 0.595333 0.47266699999999995 0.196 0.226667
0 0.48366699999999996 0.687 0.202 0.226
0 0.412667 0.804 0.129333 0.145333
0 0.84 0.720333 0.110667 0.123333
0 0.7833330000000001 0.152667 0.074667 0.102667
0 0.7066669999999999 0.12833300000000003 0.090667 0.115333
2 0.911 0.362 0.176667 0.181333
