2 0.141333 0.066667 0.136 0.112
2 0.051667 0.158667 0.088667 0.085333
2 0.152667 0.157 0.169333 0.123333
2 0.279667 0.104667 0.132667 0.114667
2 0.439333 0.114667 0.174667 0.169333
2 0.539667 0.046 0.103333 0.088
2 0.638 0.065333 0.117333 0.125333
2 0.639 0.135333 0.054 0.054667
2 0.727333 0.087667 0.092 0.096667
2 0.702 0.227333 0.085333 0.086667
2 0.617667 0.226 0.116667 0.121333
2 0.505 0.201667 0.116667 0.123333
2 0.31 0.195667 0.098667 0.091333
2 0.041667 0.246333 0.080667 0.107333
2 0.140667 0.257333 0.137333 0.116
2 0.239333 0.263 0.102667 0.083333
2 0.347333 0.283333 0.092 0.1
2 0.442 0.290333 0.1 0.112667
2 0.542 0.295 0.110667 0.115333
2 0.737333 0.306 0.108 0.085333
2 0.368 0.374333 0.046667 0.056667
2 0.461333 0.380667 0.112 0.094667
2 0.336 0.451333 0.069333 0.068
2 0.090667 0.347 0.089333 0.076667
1 0.178333 0.367 0.083333 0.114
2 0.271667 0.355333 0.132667 0.142667
2 0.080333 0.442 0.148667 0.122667
2 0.161 0.445 0.05 0.039333
2 0.243333 0.444333 0.112 0.083333
2 0.445 0.467333 0.164667 0.106667
2 0.451 0.596333 0.140667 0.160667
2 0.337333 0.556333 0.110667 0.11
2 0.133333 0.531 0.061333 0.056667
2 0.232333 0.528 0.158 0.124
2 0.066333 0.596667 0.128667 0.116
2 0.354333 0.662667 0.156667 0.134667
2 0.219 0.661333 0.135333 0.176
2 0.325667 0.748667 0.163333 0.126667
2 0.169333 0.727333 0.057333 0.044
2 0.085333 0.728 0.169333 0.156
2 0.045667 0.823333 0.088667 0.084
2 0.062 0.904667 0.121333 0.094667
2 0.202333 0.837333 0.139333 0.153333
2 0.309667 0.845333 0.107333 0.081333
2 0.417 0.766667 0.107333 0.142667
2 0.534667 0.748 0.164 0.201333
2 0.615667 0.772 0.052667 0.073333
2 0.541 0.886333 0.111333 0.106
2 0.427 0.872667 0.148667 0.116
1 0.373667 0.928667 0.131333 0.101333
2 0.705 0.802667 0.120667 0.133333
2 0.636 0.885 0.101333 0.112667
2 0.730333 0.908 0.091333 0.092
2 0.814667 0.918 0.082667 0.089333
3 0.911333 0.918 0.097333 0.089333
2 0.876 0.839 0.088 0.102
2 0.798333 0.814333 0.088667 0.111333
2 0.797 0.731667 0.056667 0.055333
2 0.855 0.733 0.047333 0.054
2 0.834333 0.318667 0.088667 0.084
2 0.805667 0.236 0.083333 0.077333
2 0.915 0.266333 0.116667 0.124667
2 0.829333 0.077667 0.086667 0.076667
2 0.770333 0.149 0.135333 0.104667
2 0.866333 0.161667 0.080667 0.096667
2 0.942 0.152 0.116 0.116
0 0.950333 0.39 0.099333 0.153333
0 0.938 0.754333 0.124 0.151333
0 0.961333 0.833333 0.077333 0.082667
0 0.478333 0.951667 0.068667 0.072667
0 0.149 0.966667 0.080667 0.066667
0 0.532667 0.641333 0.097333 0.094667
2 0.571333 0.965667 0.121333 0.068667
1 0.338667 0.049667 0.113333 0.098
