3 0.872 0.154333 0.042667 0.058
2 0.725333 0.158 0.125333 0.124
2 0.589 0.132667 0.139333 0.122667
2 0.477 0.12 0.088667 0.085333
2 0.5 0.213 0.110667 0.112667
2 0.6206670000000001 0.242667 0.153333 0.133333
2 0.655 0.349667 0.120667 0.120667
3 0.822667 0.219333 0.084 0.070667
2 0.852 0.31 0.192 0.134667
2 0.89 0.436667 0.110667 0.125333
2 0.560333 0.405 0.155333 0.171333
2 0.310667 0.126 0.072 0.08
2 0.32599999999999996 0.240333 0.189333 0.174
2 0.33066700000000004 0.330333 0.078667 0.067333
2 0.42600000000000005 0.302667 0.084 0.072
2 0.37733300000000003 0.445 0.032 0.052667
2 0.33199999999999996 0.430333 0.088 0.091333
2 0.42333299999999996 0.388333 0.12 0.107333
2 0.676667 0.487333 0.081333 0.122667
2 0.587 0.509 0.088667 0.087333
2 0.45366700000000004 0.524667 0.111333 0.149333
2 0.352 0.544667 0.104 0.134667
2 0.29000000000000004 0.549667 0.037333 0.044667
2 0.800667 0.488 0.162667 0.192
2 0.808 0.633333 0.154667 0.129333
2 0.9410000000000001 0.660333 0.112667 0.128667
2 0.503333 0.622 0.130667 0.128
2 0.625667 0.684 0.140667 0.137333
2 0.398667 0.727333 0.150667 0.142667
2 0.429667 0.837667 0.094 0.098
2 0.874 0.812667 0.089333 0.116
2 0.958 0.791 0.082667 0.135333
2 0.784667 0.835333 0.134667 0.190667
2 0.671 0.838 0.128667 0.2
2 0.538667 0.802667 0.114667 0.177333
2 0.27 0.845667 0.190667 0.172667
2 0.136 0.816667 0.170667 0.181333
2 0.12566699999999997 0.667667 0.108667 0.114
2 0.23533300000000001 0.642 0.114667 0.158667
2 0.17633299999999996 0.585 0.122 0.112667
2 0.17200000000000004 0.485333 0.148 0.110667
2 0.06566700000000003 0.469333 0.071333 0.090667
2 0.242 0.367667 0.117333 0.146
2 0.13533300000000004 0.364 0.106667 0.14
2 0.226333 0.290667 0.063333 0.053333
2 0.20466700000000004 0.224333 0.076 0.082
2 0.10266699999999995 0.202667 0.118667 0.16
2 0.131 0.280667 0.066 0.061333
2 0.301667 0.048333 0.13 0.09
2 0.17300000000000004 0.105 0.136667 0.123333
2 0.057667000000000024 0.063 0.099333 0.099333
2 0.9033329999999999 0.925 0.101333 0.11
2 0.7953330000000001 0.951 0.06 0.062
2 0.562667 0.934333 0.094667 0.095333
2 0.463333 0.937 0.137333 0.120667
2 0.157667 0.939333 0.079333 0.084
3 0.06599999999999995 0.898667 0.098667 0.134667
0 0.728333 0.288333 0.064667 0.100667
0 0.891 0.067 0.040667 0.054
0 0.384 0.878333 0.082667 0.087333
0 0.33166700000000005 0.656667 0.143333 0.113333
0 0.05233299999999996 0.621333 0.104667 0.124
0 0.274 0.481 0.076 0.087333
2 0.687 0.057 0.226 0.112667
2 0.688 0.956667 0.173333 0.086667
2 0.273667 0.944 0.15 0.112
2 0.05033299999999996 0.361 0.100667 0.135333
2 0.037667000000000006 0.196 0.075333 0.178667
