2 0.090333 0.115667 0.082 0.084667
2 0.082333 0.214333 0.144667 0.114
2 0.059667 0.31 0.112667 0.114667
2 0.135 0.353333 0.064667 0.061333
1 0.462667 0.335333 0.06 0.064
2 0.556667 0.367333 0.133333 0.126667
1 0.528 0.452667 0.094667 0.073333
2 0.673 0.381 0.104667 0.123333
2 0.676333 0.264 0.115333 0.106667
2 0.761333 0.318333 0.070667 0.091333
2 0.792333 0.210667 0.119333 0.116
2 0.707 0.131667 0.140667 0.158
3 0.919667 0.212333 0.107333 0.094
3 0.887 0.310667 0.167333 0.102667
2 0.851667 0.420667 0.175333 0.117333
2 0.835333 0.517333 0.082667 0.082667
2 0.938667 0.101333 0.117333 0.116
2 0.96 0.027333 0.072 0.049333
2 0.938667 0.539333 0.110667 0.108
0 0.337333 0.409333 0.268 0.241333
0 0.206667 0.58 0.412 0.328
0 0.642333 0.713 0.404667 0.508667
0 0.761667 0.938 0.106 0.124
0 0.661333 0.951 0.08 0.068667
3 0.048667 0.422333 0.096 0.134
2 0.822 0.068 0.166667 0.134667
