1 0.857 0.054333 0.154 0.106
1 0.886 0.147667 0.164 0.118
1 0.887 0.259 0.160667 0.138
2 0.891 0.369 0.11 0.088667
1 0.898333 0.471667 0.116667 0.116667
2 0.9123330000000001 0.607 0.168667 0.160667
2 0.922 0.706333 0.088 0.064667
1 0.739 0.071333 0.132667 0.138667
1 0.749667 0.284333 0.144667 0.108667
2 0.765333 0.377 0.152 0.139333
1 0.797333 0.528333 0.153333 0.178
1 0.724 0.666 0.152 0.102667
1 0.6906669999999999 0.558667 0.149333 0.125333
1 0.6739999999999999 0.450667 0.102667 0.110667
1 0.653667 0.340333 0.107333 0.098
1 0.598333 0.1 0.159333 0.188
2 0.5493330000000001 0.215667 0.114667 0.13
2 0.566667 0.467667 0.136 0.180667
2 0.588667 0.595667 0.062667 0.072667
1 0.608 0.684 0.117333 0.113333
2 0.499 0.05 0.100667 0.097333
2 0.389 0.061 0.123333 0.119333
2 0.42833299999999996 0.163 0.136667 0.135333
2 0.46099999999999997 0.335 0.124667 0.108667
1 0.457333 0.439 0.104 0.099333
2 0.477 0.548667 0.098 0.092
1 0.511333 0.635 0.113333 0.127333
1 0.531 0.747 0.054 0.067333
1 0.476333 0.728333 0.098 0.106
2 0.41800000000000004 0.654 0.105333 0.126667
2 0.387 0.563667 0.086 0.072667
2 0.346 0.62 0.072 0.076
2 0.33099999999999996 0.529 0.066 0.067333
2 0.39533300000000005 0.487667 0.092 0.083333
2 0.362333 0.393667 0.106 0.107333
2 0.375 0.271333 0.114 0.092
1 0.28900000000000003 0.032667 0.062 0.058667
1 0.30200000000000005 0.09 0.113333 0.073333
2 0.30733299999999997 0.169333 0.110667 0.094667
2 0.27233300000000005 0.277667 0.098 0.086
2 0.281 0.362 0.122 0.1
2 0.305667 0.470667 0.092667 0.102667
2 0.271 0.646 0.111333 0.114667
2 0.12566699999999997 0.057 0.114 0.107333
2 0.04300000000000004 0.057333 0.059333 0.077333
2 0.15100000000000002 0.136333 0.19 0.120667
2 0.168667 0.237 0.157333 0.118
2 0.058667000000000025 0.230667 0.078667 0.121333
2 0.07066700000000004 0.351333 0.086667 0.12
2 0.158667 0.351 0.125333 0.128667
2 0.18300000000000005 0.481 0.160667 0.163333
2 0.13566699999999998 0.625333 0.160667 0.157333
2 0.03700000000000003 0.710333 0.058 0.076667
2 0.03933299999999995 0.621333 0.078667 0.092
2 0.12866699999999998 0.738 0.145333 0.118667
2 0.06000000000000005 0.812 0.073333 0.077333
2 0.14600000000000002 0.829333 0.104 0.088
2 0.093333 0.909667 0.117333 0.108667
2 0.18400000000000005 0.908333 0.086667 0.099333
2 0.28 0.772667 0.156 0.173333
2 0.24066699999999996 0.938667 0.092 0.122667
1 0.38033300000000003 0.774333 0.103333 0.139333
1 0.43600000000000005 0.847 0.116 0.114
1 0.489 0.898 0.103333 0.108
1 0.6206670000000001 0.775667 0.125333 0.11
1 0.5553330000000001 0.841 0.110667 0.11
1 0.576333 0.941333 0.112667 0.108
1 0.6413329999999999 0.880333 0.125333 0.120667
1 0.83 0.728333 0.109333 0.134
1 0.732667 0.761 0.109333 0.127333
2 0.782667 0.861 0.168 0.138
1 0.797667 0.959333 0.132667 0.081333
1 0.874333 0.898 0.091333 0.136
1 0.929 0.799667 0.140667 0.151333
2 0.9646669999999999 0.913 0.068 0.078
0 0.619333 0.279333 0.074667 0.078667
0 0.553667 0.323667 0.080667 0.119333
0 0.07899999999999996 0.469 0.088667 0.119333
0 0.512 0.132667 0.068 0.072
2 0.05066700000000002 0.526333 0.101333 0.136667
2 0.354333 0.921333 0.200667 0.157333
1 0.690333 0.969667 0.123333 0.060667
