1 0.606333 0.279333 0.171333 0.186667
1 0.729333 0.255 0.1 0.179333
1 0.698333 0.375333 0.119333 0.129333
1 0.646667 0.436333 0.122667 0.126
1 0.459 0.392 0.118 0.137333
1 0.553 0.425667 0.106 0.127333
1 0.700667 0.529667 0.110667 0.127333
1 0.325667 0.444 0.156667 0.137333
1 0.422 0.490333 0.098667 0.112667
1 0.501 0.505667 0.100667 0.092667
1 0.626333 0.602 0.128667 0.174667
2 0.500333 0.593333 0.140667 0.116
2 0.517333 0.672667 0.136 0.086667
2 0.653333 0.766333 0.096 0.116667
2 0.551 0.759 0.131333 0.115333
2 0.352333 0.574667 0.156667 0.145333
2 0.248667 0.637667 0.186667 0.218
2 0.201667 0.730667 0.15 0.109333
2 0.168333 0.833333 0.126 0.116
1 0.139333 0.925 0.090667 0.096667
2 0.290333 0.81 0.111333 0.108
2 0.256333 0.915 0.171333 0.142
2 0.445667 0.823333 0.144667 0.162667
2 0.389667 0.918333 0.098 0.138
2 0.480667 0.934333 0.092 0.127333
2 0.671 0.938 0.118 0.124
2 0.568 0.935 0.101333 0.13
2 0.713 0.836333 0.126 0.122
2 0.737333 0.911333 0.048 0.036
2 0.797 0.912 0.046 0.049333
2 0.813 0.758 0.084667 0.072
2 0.789 0.848 0.047333 0.054667
2 0.718 0.685 0.12 0.128667
2 0.81 0.674667 0.085333 0.102667
0 0.162 0.337333 0.086667 0.089333
0 0.385333 0.670667 0.101333 0.081333
0 0.914667 0.831 0.170667 0.220667
0 0.924 0.586667 0.152 0.208
0 0.825667 0.521333 0.120667 0.101333
0 0.857667 0.368667 0.202 0.188
0 0.947 0.412667 0.106 0.134667
0 0.832667 0.263667 0.106667 0.143333
0 0.831667 0.150333 0.174 0.127333
0 0.058667 0.389333 0.116 0.181333
0 0.431667 0.731333 0.092667 0.093333
0 0.261 0.339667 0.058 0.068667
0 0.282333 0.072 0.152667 0.142667
0 0.150667 0.108 0.129333 0.164
0 0.382 0.054 0.128 0.106667
0 0.049667 0.122 0.092667 0.192
1 0.052333 0.928333 0.100667 0.143333
