2 0.882333 0.699333 0.044667 0.044
2 0.966 0.717333 0.054667 0.053333
2 0.832667 0.5896669999999999 0.084 0.087333
2 0.759667 0.572667 0.056667 0.049333
2 0.6719999999999999 0.550667 0.078667 0.094667
2 0.5103329999999999 0.6599999999999999 0.064667 0.056
2 0.42200000000000004 0.667 0.066667 0.075333
2 0.374667 0.603333 0.134667 0.136
2 0.47766699999999995 0.552 0.094 0.117333
2 0.5656669999999999 0.5549999999999999 0.079333 0.087333
2 0.358333 0.500667 0.094 0.078667
2 0.475 0.41600000000000004 0.044667 0.036
2 0.519333 0.442333 0.077333 0.071333
2 0.8069999999999999 0.508667 0.067333 0.058667
2 0.845667 0.29933299999999996 0.07 0.069333
2 0.932333 0.326333 0.039333 0.036667
2 0.691333 0.32066700000000004 0.06 0.053333
2 0.962333 0.19299999999999995 0.047333 0.042
2 0.923 0.131 0.056667 0.066
2 0.876 0.16600000000000004 0.085333 0.089333
2 0.820667 0.222333 0.068 0.063333
2 0.554333 0.242 0.035333 0.032
3 0.48366699999999996 0.19099999999999995 0.083333 0.072667
2 0.405667 0.161667 0.055333 0.044667
2 0.423667 0.251667 0.092667 0.112667
2 0.369 0.315333 0.104667 0.152
2 0.29833299999999996 0.277667 0.063333 0.127333
2 0.5083329999999999 0.05166700000000002 0.076667 0.084667
3 0.26233300000000004 0.18733299999999997 0.038 0.034667
2 0.258 0.09666699999999995 0.089333 0.117333
2 0.18066700000000002 0.07299999999999995 0.068 0.071333
3 0.18233299999999997 0.14700000000000002 0.040667 0.043333
2 0.08099999999999996 0.167667 0.120667 0.111333
2 0.07633299999999998 0.05400000000000005 0.092667 0.093333
2 0.23399999999999999 0.269667 0.062667 0.072667
2 0.14633300000000005 0.282667 0.106 0.092
2 0.216333 0.360333 0.080667 0.079333
2 0.218333 0.43866700000000003 0.075333 0.074667
3 0.21366700000000005 0.532 0.05 0.054667
2 0.292667 0.5720000000000001 0.032 0.034667
2 0.20099999999999996 0.599333 0.039333 0.044
2 0.10366699999999995 0.615667 0.092667 0.074
2 0.11266699999999996 0.527333 0.137333 0.158667
0 0.874667 0.46466700000000005 0.070667 0.073333
0 0.886333 0.395 0.060667 0.083333
0 0.933333 0.41033299999999995 0.054667 0.064667
0 0.8356669999999999 0.40833299999999995 0.048667 0.060667
0 0.533667 0.930333 0.119333 0.099333
0 0.505333 0.793 0.106667 0.119333
0 0.931333 0.5816669999999999 0.078667 0.072667
0 0.609 0.232333 0.060667 0.052667
0 0.565 0.336333 0.076667 0.075333
0 0.494333 0.36566699999999996 0.072667 0.068667
0 0.490333 0.25833300000000003 0.060667 0.068667
0 0.666667 0.376667 0.090667 0.078667
0 0.652667 0.452333 0.078667 0.080667
0 0.713333 0.448333 0.066667 0.060667
0 0.33766700000000005 0.41100000000000003 0.095333 0.099333
0 0.8486670000000001 0.08399999999999996 0.074667 0.086667
0 0.784 0.054332999999999965 0.074667 0.076667
0 0.12566699999999997 0.954333 0.11 0.09
0 0.094333 0.8586670000000001 0.084667 0.117333
0 0.30733299999999997 0.9410000000000001 0.114667 0.116667
0 0.419667 0.94 0.114 0.118667
0 0.822333 0.830333 0.127333 0.112667
0 0.760667 0.904 0.113333 0.094667
0 0.6990000000000001 0.8220000000000001 0.115333 0.129333
0 0.633667 0.906 0.092667 0.106667
0 0.43500000000000005 0.6970000000000001 0.120667 0.087333
0 0.613 0.819 0.056667 0.052667
0 0.7030000000000001 0.650333 0.126 0.146
0 0.603667 0.645667 0.106 0.099333
0 0.906333 0.650333 0.096667 0.066
0 0.880333 0.544 0.083333 0.061333
0 0.622 0.316333 0.044 0.056667
0 0.926 0.28033300000000005 0.048 0.060667
0 0.276667 0.473 0.057333 0.052667
0 0.532 0.17166700000000001 0.050667 0.068667
0 0.34166700000000005 0.061000000000000054 0.076667 0.064667
0 0.434667 0.844 0.117333 0.102667
0 0.19933299999999998 0.857333 0.074667 0.066667
0 0.27733300000000005 0.632667 0.081333 0.057333
3 0.642667 0.046667000000000014 0.113333 0.093333
3 0.40033300000000005 0.025666999999999995 0.083333 0.051333
3 0.023333000000000048 0.681667 0.046667 0.078
