2 0.929333 0.264333 0.069333 0.044667
2 0.855 0.147667 0.060667 0.067333
2 0.748333 0.071667 0.071333 0.054
2 0.758 0.163667 0.077333 0.09
2 0.918667 0.349 0.052 0.052667
2 0.840667 0.313667 0.093333 0.071333
2 0.7376670000000001 0.348333 0.091333 0.092667
2 0.860333 0.398333 0.147333 0.099333
2 0.836667 0.504333 0.114667 0.11
2 0.934333 0.552667 0.112667 0.1
2 0.719 0.473 0.155333 0.139333
2 0.627 0.391 0.15 0.163333
3 0.648333 0.272 0.107333 0.092
2 0.706 0.596 0.097333 0.1
2 0.687333 0.693 0.084 0.078
2 0.808667 0.670333 0.145333 0.154
3 0.605 0.582667 0.088667 0.121333
2 0.531667 0.296 0.099333 0.116
2 0.569 0.115 0.194 0.219333
2 0.443333 0.094 0.102667 0.114667
2 0.43600000000000005 0.214667 0.130667 0.1
2 0.43300000000000005 0.332667 0.143333 0.134667
2 0.39433300000000004 0.431333 0.082 0.089333
2 0.31999999999999995 0.398 0.096 0.096
2 0.377 0.534333 0.095333 0.116667
2 0.360333 0.641 0.131333 0.128667
2 0.33466700000000005 0.107667 0.105333 0.098
2 0.30900000000000005 0.186333 0.115333 0.099333
2 0.29800000000000004 0.293333 0.146667 0.128
2 0.19333299999999998 0.496 0.118667 0.126667
2 0.291667 0.501 0.083333 0.103333
2 0.266 0.601333 0.109333 0.096
2 0.19499999999999995 0.606 0.075333 0.086667
2 0.259 0.701 0.056667 0.052667
2 0.18500000000000005 0.709 0.080667 0.088667
2 0.21166700000000005 0.065 0.138 0.119333
3 0.20799999999999996 0.176 0.072 0.090667
2 0.13066699999999998 0.189333 0.118667 0.134667
2 0.11633300000000002 0.312333 0.148667 0.140667
2 0.07999999999999996 0.489667 0.116 0.131333
2 0.094333 0.599667 0.114 0.096667
2 0.08866700000000005 0.694667 0.101333 0.102667
2 0.163667 0.802333 0.091333 0.094
2 0.136 0.914 0.145333 0.158667
2 0.23166699999999996 0.809667 0.092667 0.15
3 0.26 0.944 0.086667 0.089333
2 0.326333 0.859333 0.122 0.102667
2 0.35 0.936 0.089333 0.08
2 0.33199999999999996 0.754 0.157333 0.141333
2 0.5353330000000001 0.496333 0.077333 0.071333
2 0.48266699999999996 0.572667 0.137333 0.133333
2 0.501 0.664333 0.139333 0.088667
2 0.477333 0.748667 0.090667 0.097333
2 0.45666700000000005 0.862 0.129333 0.124
2 0.581 0.845 0.124667 0.191333
2 0.702 0.787667 0.153333 0.131333
3 0.681667 0.893 0.111333 0.112667
2 0.886 0.771 0.112 0.11
0 0.741 0.265333 0.079333 0.088
0 0.805667 0.117333 0.071333 0.094667
0 0.676667 0.176667 0.049333 0.052
0 0.641 0.212 0.096667 0.074667
0 0.225333 0.324 0.093333 0.104
0 0.03500000000000003 0.312667 0.07 0.096
0 0.605 0.697 0.068667 0.096667
0 0.886 0.647667 0.066667 0.080667
2 0.944333 0.074667 0.11 0.148
2 0.867 0.060667 0.158 0.12
2 0.05900000000000005 0.163667 0.118 0.187333
2 0.061000000000000054 0.835333 0.122 0.161333
2 0.04266700000000001 0.953 0.085333 0.094
3 0.45299999999999996 0.955333 0.131333 0.089333
3 0.755 0.929 0.139333 0.142
2 0.867 0.933333 0.139333 0.133333
3 0.955 0.688 0.088667 0.138667
