0 0.6026670000000001 0.338333 0.230667 0.236667
0 0.761333 0.446333 0.204 0.23
0 0.7683329999999999 0.620333 0.23 0.178
0 0.43799999999999994 0.498 0.341333 0.321333
0 0.485333 0.087333 0.189333 0.173333
0 0.648333 0.104333 0.223333 0.207333
0 0.17200000000000004 0.234333 0.344 0.271333
0 0.17933299999999996 0.461667 0.317333 0.248667
0 0.15200000000000002 0.709 0.234667 0.218
0 0.45199999999999996 0.703 0.232 0.222
0 0.842 0.777 0.297333 0.248667
0 0.7066669999999999 0.850333 0.18 0.214
0 0.48966699999999996 0.892 0.299333 0.216
0 0.9 0.199667 0.198667 0.340667
