2 0.860333 0.907333 0.074 0.089333
2 0.7873330000000001 0.893333 0.069333 0.090667
2 0.7046669999999999 0.862667 0.122667 0.178667
2 0.593 0.850333 0.115333 0.116667
2 0.639 0.7763329999999999 0.068667 0.068667
3 0.842 0.7743329999999999 0.066667 0.060667
3 0.932333 0.804333 0.096667 0.102
2 0.956333 0.7090000000000001 0.067333 0.07
2 0.817667 0.6926669999999999 0.11 0.14
2 0.682667 0.684667 0.172 0.164
2 0.544667 0.667 0.124 0.139333
3 0.414667 0.6950000000000001 0.128 0.15
2 0.32566700000000004 0.679333 0.072667 0.104
2 0.254 0.679333 0.074667 0.117333
3 0.349333 0.786333 0.085333 0.091333
2 0.42400000000000004 0.851333 0.073333 0.084
2 0.32766700000000004 0.865 0.086 0.082
2 0.295667 0.951667 0.096667 0.094
2 0.895 0.537667 0.139333 0.116667
2 0.964333 0.472 0.063333 0.072
2 0.724333 0.5143329999999999 0.140667 0.128667
2 0.609667 0.506 0.094 0.101333
2 0.507 0.494 0.102 0.090667
2 0.487333 0.5740000000000001 0.082667 0.085333
2 0.40533300000000005 0.558 0.104 0.116
2 0.31233299999999997 0.56 0.09 0.108
2 0.346333 0.388667 0.079333 0.081333
2 0.91 0.36866699999999997 0.125333 0.144
2 0.809333 0.34199999999999997 0.137333 0.161333
2 0.704333 0.36366699999999996 0.046 0.072667
2 0.931 0.250667 0.106 0.097333
2 0.838667 0.235 0.118667 0.088667
2 0.267667 0.29100000000000004 0.091333 0.087333
2 0.42033299999999996 0.225333 0.046 0.046667
2 0.33466700000000005 0.22799999999999998 0.134667 0.153333
2 0.5800000000000001 0.234333 0.184 0.186
2 0.691667 0.16533299999999995 0.147333 0.093333
2 0.772 0.10699999999999998 0.093333 0.132667
2 0.865333 0.12533300000000003 0.089333 0.082667
2 0.9123330000000001 0.06233299999999997 0.135333 0.124667
2 0.497 0.05266700000000002 0.123333 0.105333
2 0.10299999999999998 0.092333 0.106 0.11
2 0.22266699999999995 0.19733299999999998 0.096 0.137333
2 0.139 0.19633299999999998 0.091333 0.124667
2 0.07666700000000004 0.20133299999999998 0.049333 0.072
2 0.032667 0.19733299999999998 0.050667 0.065333
2 0.096333 0.276667 0.106 0.084
2 0.18666700000000003 0.29533299999999996 0.073333 0.074667
2 0.24066699999999996 0.37933300000000003 0.138667 0.114667
3 0.12433300000000003 0.362333 0.102 0.082
3 0.11666699999999997 0.46099999999999997 0.130667 0.108667
3 0.04500000000000004 0.535667 0.086 0.084667
2 0.210333 0.575 0.11 0.091333
3 0.090333 0.677 0.07 0.066
3 0.17233299999999996 0.6783330000000001 0.072667 0.086
3 0.24366699999999997 0.783667 0.118 0.100667
2 0.22599999999999998 0.871667 0.106667 0.09
2 0.14333300000000004 0.8546670000000001 0.085333 0.124
2 0.39633300000000005 0.942667 0.114 0.113333
2 0.12366699999999997 0.953667 0.106 0.091333
2 0.05833299999999997 0.860667 0.100667 0.142667
2 0.032667 0.9696670000000001 0.042667 0.038
2 0.03966700000000001 0.936333 0.051333 0.035333
0 0.391 0.47466699999999995 0.108667 0.093333
0 0.24566699999999997 0.450333 0.092667 0.056667
0 0.142667 0.560667 0.093333 0.106667
0 0.467333 0.32466700000000004 0.065333 0.073333
0 0.46599999999999997 0.406 0.109333 0.097333
0 0.558667 0.405 0.093333 0.107333
0 0.647667 0.42233299999999996 0.092667 0.100667
0 0.637 0.33466700000000005 0.063333 0.082667
0 0.542667 0.754667 0.105333 0.082667
0 0.549667 0.12966699999999998 0.100667 0.082
0 0.30800000000000005 0.141667 0.097333 0.07
0 0.479333 0.21866699999999994 0.058667 0.053333
3 0.499667 0.938 0.100667 0.122667
3 0.593 0.945667 0.099333 0.107333
2 0.694333 0.05833299999999997 0.123333 0.116667
3 0.03966700000000001 0.365333 0.079333 0.117333
