2 0.086667 0.7853330000000001 0.108 0.164
2 0.176667 0.913667 0.126667 0.123333
3 0.213333 0.788667 0.144 0.129333
3 0.256333 0.6763330000000001 0.13 0.122
2 0.334667 0.623 0.08 0.083333
3 0.250667 0.570667 0.093333 0.098667
2 0.140333 0.671667 0.131333 0.107333
2 0.127333 0.554333 0.162667 0.134
3 0.058667 0.43133299999999997 0.114667 0.134667
2 0.315667 0.927667 0.146 0.143333
2 0.335333 0.8069999999999999 0.126667 0.138
2 0.363 0.478 0.159333 0.2
2 0.479333 0.397667 0.144 0.115333
2 0.499 0.522667 0.107333 0.129333
2 0.544667 0.654 0.068 0.072
2 0.366 0.29700000000000004 0.136 0.147333
2 0.588 0.898667 0.137333 0.133333
2 0.539667 0.758667 0.136667 0.130667
2 0.654 0.790333 0.113333 0.142
2 0.634333 0.641 0.122 0.132667
2 0.602667 0.43500000000000005 0.122667 0.186
2 0.726667 0.45766700000000005 0.125333 0.143333
2 0.741667 0.33366700000000005 0.154 0.119333
3 0.856333 0.40633300000000006 0.103333 0.094
2 0.725667 0.937333 0.13 0.124
3 0.764 0.839333 0.104 0.089333
2 0.738333 0.669 0.136667 0.182
3 0.85 0.746 0.146667 0.110667
2 0.879667 0.864 0.128667 0.114667
2 0.882667 0.6146670000000001 0.149333 0.114667
2 0.905333 0.517667 0.149333 0.108667
3 0.958333 0.42400000000000004 0.067333 0.064
2 0.756667 0.21599999999999997 0.164 0.142667
2 0.890333 0.16933299999999996 0.152667 0.177333
2 0.603333 0.07866700000000004 0.129333 0.097333
2 0.532667 0.19466700000000003 0.209333 0.209333
2 0.468 0.06333299999999997 0.128 0.126667
2 0.358667 0.15033300000000005 0.124 0.13
2 0.167 0.255 0.179333 0.211333
3 0.048667 0.22399999999999998 0.092 0.137333
0 0.384667 0.731 0.084 0.068667
0 0.199 0.43333299999999997 0.120667 0.132
0 0.581 0.5696669999999999 0.083333 0.075333
0 0.736 0.544333 0.077333 0.087333
0 0.733 0.11733300000000002 0.103333 0.078667
0 0.807667 0.06533299999999997 0.088667 0.097333
0 0.297 0.31466700000000003 0.106 0.088
0 0.667667 0.20866700000000005 0.071333 0.14
0 0.896667 0.06366700000000003 0.070667 0.078
0 0.807333 0.5333330000000001 0.049333 0.073333
0 0.524333 0.28333299999999995 0.100667 0.066667
0 0.130667 0.365333 0.070667 0.057333
0 0.134333 0.945 0.059333 0.076667
2 0.44 0.934333 0.192 0.13
3 0.955333 0.675 0.089333 0.144667
2 0.904 0.943 0.188 0.112667
3 0.958 0.31200000000000006 0.084 0.118667
2 0.362333 0.04533299999999996 0.11 0.090667
2 0.23 0.06233299999999997 0.136 0.124667
