2 0.158333 0.051333 0.075333 0.077333
2 0.023333 0.164 0.045333 0.061333
3 0.129333 0.197 0.044 0.039333
3 0.307667 0.093667 0.044667 0.055333
2 0.28 0.228 0.065333 0.061333
2 0.078 0.35 0.082667 0.082667
2 0.271 0.431333 0.052667 0.046667
2 0.465667 0.367667 0.128667 0.132667
3 0.528333 0.446667 0.036667 0.029333
2 0.560667 0.260667 0.036 0.029333
2 0.556667 0.321667 0.072 0.087333
2 0.58 0.193333 0.084 0.081333
3 0.599667 0.121333 0.071333 0.068
2 0.694667 0.084 0.045333 0.048
2 0.661667 0.291667 0.075333 0.086
2 0.732333 0.332667 0.027333 0.024
2 0.646667 0.374667 0.085333 0.073333
3 0.630333 0.455667 0.13 0.122
2 0.709333 0.513667 0.109333 0.132667
2 0.437 0.522667 0.064667 0.069333
2 0.506667 0.577667 0.108 0.11
2 0.423333 0.613333 0.077333 0.104
2 0.337333 0.538333 0.086667 0.091333
2 0.254 0.491 0.085333 0.084667
2 0.153 0.468333 0.119333 0.138
2 0.050667 0.514333 0.094667 0.102
2 0.228333 0.567 0.094 0.080667
2 0.203 0.625333 0.092667 0.078667
2 0.036333 0.609667 0.071333 0.076667
2 0.102333 0.628667 0.115333 0.116
2 0.205 0.693333 0.072667 0.058667
2 0.103333 0.732 0.141333 0.109333
2 0.193 0.766333 0.131333 0.096667
2 0.409333 0.695667 0.076 0.07
2 0.498 0.665667 0.069333 0.068667
2 0.605667 0.620333 0.104667 0.11
2 0.678333 0.703667 0.159333 0.155333
2 0.566 0.774 0.041333 0.037333
2 0.643667 0.809667 0.13 0.135333
2 0.558667 0.855667 0.041333 0.042
2 0.379333 0.766667 0.110667 0.092
2 0.469 0.777333 0.107333 0.134667
2 0.374667 0.843 0.092 0.072667
2 0.375667 0.901667 0.062 0.054
2 0.193333 0.840333 0.076 0.074
2 0.087667 0.858333 0.152667 0.15
2 0.269333 0.942667 0.117333 0.106667
2 0.414333 0.957 0.092667 0.086
3 0.721333 0.935 0.076 0.071333
2 0.766 0.805667 0.097333 0.104667
3 0.862333 0.802333 0.107333 0.127333
2 0.828667 0.898667 0.142667 0.121333
2 0.849667 0.716 0.048667 0.042667
2 0.785 0.694667 0.099333 0.096
2 0.793667 0.614667 0.134 0.110667
2 0.900333 0.627 0.102 0.132667
2 0.913 0.466333 0.046 0.047333
2 0.838 0.478667 0.144 0.16
2 0.912667 0.383333 0.04 0.046667
2 0.847 0.308 0.120667 0.104
3 0.875 0.237333 0.071333 0.054667
0 0.276 0.335333 0.153333 0.133333
0 0.241667 0.083 0.064667 0.092667
0 0.261 0.143667 0.05 0.052667
0 0.363 0.129333 0.080667 0.125333
0 0.203333 0.148667 0.085333 0.062667
0 0.089333 0.129 0.066667 0.068667
0 0.129667 0.147667 0.05 0.060667
0 0.199333 0.265667 0.117333 0.083333
0 0.779 0.128333 0.100667 0.091333
0 0.331667 0.626333 0.107333 0.088667
0 0.165 0.343333 0.064667 0.097333
0 0.782 0.246667 0.082667 0.109333
0 0.886333 0.150333 0.104667 0.111333
0 0.940667 0.243333 0.089333 0.094667
0 0.619667 0.563667 0.096667 0.064667
0 0.459 0.06 0.107333 0.118667
0 0.038667 0.29 0.058667 0.066667
0 0.102333 0.259333 0.084667 0.078667
2 0.952333 0.798667 0.095333 0.16
2 0.946333 0.919333 0.107333 0.105333
