2 0.931333 0.056333 0.092 0.099333
2 0.8260000000000001 0.072667 0.114667 0.134667
2 0.950333 0.164 0.092667 0.094667
2 0.883667 0.232333 0.13 0.115333
2 0.7296670000000001 0.204667 0.180667 0.161333
2 0.771667 0.313 0.132667 0.118
2 0.904 0.352667 0.141333 0.149333
2 0.5103329999999999 0.102333 0.080667 0.088667
2 0.5283329999999999 0.214667 0.127333 0.14
2 0.424667 0.191333 0.104 0.108
2 0.42333299999999996 0.107667 0.057333 0.05
2 0.37266699999999997 0.312667 0.130667 0.129333
2 0.39733300000000005 0.404 0.109333 0.104
2 0.512 0.397 0.124 0.139333
2 0.7006669999999999 0.423 0.150667 0.120667
2 0.278667 0.327667 0.065333 0.060667
2 0.525667 0.511333 0.102 0.094667
2 0.846333 0.478333 0.134 0.127333
2 0.932333 0.551667 0.107333 0.095333
2 0.742667 0.558667 0.156 0.164
2 0.643 0.589 0.100667 0.115333
2 0.435667 0.563667 0.115333 0.154
2 0.34299999999999997 0.534667 0.108667 0.121333
2 0.536 0.626 0.12 0.121333
2 0.796 0.658333 0.090667 0.11
2 0.906 0.690333 0.128 0.124667
2 0.936333 0.818 0.123333 0.124
2 0.8180000000000001 0.797 0.078667 0.084667
2 0.84 0.874667 0.074667 0.073333
2 0.7010000000000001 0.784333 0.164667 0.123333
2 0.6839999999999999 0.864 0.049333 0.056
2 0.677 0.694 0.118 0.108
2 0.554667 0.735333 0.129333 0.098667
2 0.575333 0.841 0.116 0.112667
2 0.615333 0.929 0.130667 0.140667
2 0.41300000000000003 0.927333 0.102 0.086667
3 0.310667 0.949 0.084 0.102
3 0.19399999999999995 0.939667 0.138667 0.112667
2 0.07533299999999998 0.952333 0.097333 0.094
3 0.04366700000000001 0.872 0.055333 0.070667
2 0.14633300000000005 0.85 0.162 0.133333
2 0.26333300000000004 0.786333 0.142667 0.148667
2 0.389667 0.848667 0.155333 0.128
2 0.39 0.713667 0.14 0.135333
2 0.242 0.669667 0.14 0.13
2 0.13366699999999998 0.728667 0.134 0.132
2 0.23166699999999996 0.577 0.107333 0.068667
1 0.352 0.620667 0.034667 0.044
3 0.13066699999999998 0.613 0.105333 0.106
2 0.20333299999999999 0.483667 0.205333 0.132667
3 0.18766700000000003 0.369333 0.126 0.098667
2 0.08366700000000005 0.359333 0.087333 0.101333
3 0.17233299999999996 0.292667 0.068667 0.058667
2 0.214333 0.193333 0.168667 0.162667
2 0.07199999999999995 0.164333 0.122667 0.159333
2 0.06566700000000003 0.040333 0.096667 0.075333
3 0.17700000000000005 0.071 0.091333 0.086
0 0.598 0.372667 0.106667 0.090667
0 0.34466699999999995 0.149333 0.109333 0.113333
0 0.947667 0.904667 0.103333 0.109333
0 0.851667 0.572667 0.080667 0.078667
0 0.488 0.313 0.085333 0.068667
0 0.5816669999999999 0.271667 0.096667 0.075333
2 0.609 0.075333 0.174 0.149333
2 0.280667 0.043667 0.108 0.086
2 0.757333 0.933333 0.181333 0.133333
3 0.04466700000000001 0.771333 0.089333 0.156
3 0.04533299999999996 0.542667 0.090667 0.134667
