2 0.899 0.148333 0.199333 0.214
2 0.9410000000000001 0.331 0.111333 0.146
3 0.860333 0.299333 0.095333 0.090667
2 0.759333 0.222333 0.164 0.191333
2 0.670667 0.114 0.077333 0.085333
2 0.556667 0.057667 0.166667 0.114
2 0.567 0.153667 0.182 0.127333
2 0.653667 0.220333 0.099333 0.100667
2 0.648 0.331333 0.1 0.116
2 0.5736669999999999 0.282 0.146 0.130667
1 0.646333 0.452 0.127333 0.146667
2 0.757333 0.419 0.16 0.158
2 0.854 0.447 0.088 0.107333
3 0.929333 0.494 0.138667 0.141333
2 0.866667 0.688667 0.134667 0.168
2 0.749 0.673333 0.155333 0.134667
2 0.765667 0.54 0.214 0.146667
2 0.628333 0.572333 0.063333 0.063333
2 0.610333 0.703667 0.182 0.17
2 0.5369999999999999 0.377 0.132667 0.114
2 0.542 0.511667 0.157333 0.160667
2 0.42933299999999996 0.206333 0.189333 0.168667
2 0.426667 0.337 0.110667 0.114
2 0.42000000000000004 0.442333 0.152 0.144667
2 0.404667 0.580333 0.136 0.138
2 0.353 0.063333 0.15 0.124
2 0.31966700000000003 0.152 0.148667 0.134667
2 0.30600000000000005 0.292667 0.130667 0.128
3 0.30833299999999997 0.408 0.088667 0.1
2 0.282667 0.537667 0.132 0.136667
2 0.32899999999999996 0.651 0.159333 0.128667
2 0.218333 0.232667 0.135333 0.138667
2 0.12166699999999997 0.289667 0.074 0.088667
2 0.212333 0.367 0.154 0.146
2 0.12666699999999997 0.052 0.066667 0.069333
2 0.12333300000000003 0.167333 0.164 0.18
3 0.11066699999999996 0.434667 0.16 0.196
3 0.08433299999999999 0.656 0.138 0.161333
2 0.18700000000000006 0.693333 0.151333 0.189333
3 0.08999999999999997 0.787333 0.142667 0.101333
2 0.29233299999999995 0.768667 0.120667 0.138667
2 0.10266699999999995 0.895667 0.190667 0.132667
2 0.28900000000000003 0.909 0.223333 0.152667
2 0.406 0.795 0.138667 0.15
2 0.517667 0.789667 0.126 0.132667
2 0.502667 0.918 0.186667 0.132
2 0.641667 0.920333 0.146 0.159333
2 0.773333 0.799667 0.222667 0.182
2 0.786667 0.935667 0.16 0.128667
0 0.932333 0.217 0.083333 0.080667
0 0.504 0.635333 0.164 0.141333
0 0.944 0.746667 0.110667 0.084
2 0.8049999999999999 0.058667 0.183333 0.116
2 0.22066699999999995 0.052667 0.136 0.104
2 0.04533299999999996 0.339667 0.090667 0.115333
2 0.06166700000000003 0.541 0.123333 0.174
2 0.938 0.631667 0.122667 0.167333
