2 0.936333 0.925333 0.108667 0.141333
2 0.963 0.844 0.068667 0.057333
2 0.8416669999999999 0.871667 0.102 0.106
2 0.711333 0.936333 0.1 0.120667
2 0.738 0.819 0.101333 0.111333
2 0.876667 0.781667 0.150667 0.120667
2 0.888 0.635667 0.182667 0.191333
2 0.7953330000000001 0.544333 0.094667 0.108667
2 0.709333 0.591 0.132 0.127333
2 0.681667 0.6966669999999999 0.128667 0.118667
3 0.649667 0.802333 0.104667 0.103333
3 0.615667 0.890333 0.120667 0.116667
2 0.467333 0.938667 0.124 0.117333
2 0.496333 0.844 0.146 0.152
2 0.5353330000000001 0.754 0.057333 0.054667
2 0.388667 0.886667 0.074667 0.118667
2 0.30400000000000005 0.873 0.136 0.132667
2 0.34966699999999995 0.753667 0.124667 0.106
2 0.356 0.638667 0.124 0.141333
2 0.45766700000000005 0.706333 0.091333 0.100667
2 0.554333 0.6803330000000001 0.108667 0.094
2 0.595333 0.593667 0.110667 0.096667
3 0.482 0.6066670000000001 0.094667 0.076
2 0.504667 0.53 0.112 0.086667
2 0.378 0.538 0.077333 0.069333
2 0.281667 0.47066699999999995 0.096667 0.092
2 0.409667 0.45099999999999996 0.094 0.083333
2 0.438333 0.37633300000000003 0.146 0.112667
2 0.523 0.441333 0.048667 0.048
2 0.6206670000000001 0.49766699999999997 0.12 0.107333
3 0.958667 0.44799999999999995 0.081333 0.130667
3 0.844 0.43333299999999997 0.118667 0.116
2 0.742667 0.43300000000000005 0.086667 0.120667
2 0.644667 0.393 0.106667 0.111333
3 0.540333 0.340333 0.11 0.134
3 0.668667 0.309667 0.088 0.092667
2 0.774 0.31566700000000003 0.110667 0.138
2 0.877667 0.30133299999999996 0.107333 0.130667
2 0.972667 0.33999999999999997 0.053333 0.054667
2 0.46166700000000005 0.28900000000000003 0.088667 0.096667
2 0.34099999999999997 0.275667 0.156667 0.156667
2 0.258 0.212333 0.086667 0.100667
2 0.473333 0.19833299999999998 0.082667 0.100667
2 0.562 0.25333300000000003 0.052 0.044
2 0.5760000000000001 0.18500000000000005 0.094667 0.075333
2 0.934667 0.11466699999999996 0.049333 0.052
2 0.37166699999999997 0.16033299999999995 0.083333 0.094
2 0.29233299999999995 0.12333300000000003 0.058 0.078667
3 0.15233300000000005 0.08033299999999999 0.087333 0.116667
2 0.23299999999999998 0.10366699999999995 0.068667 0.083333
3 0.144667 0.19099999999999995 0.113333 0.099333
2 0.11433300000000002 0.28133300000000006 0.126 0.105333
3 0.207333 0.382667 0.134667 0.118667
2 0.09066700000000005 0.36266699999999996 0.072 0.061333
3 0.06133299999999997 0.44499999999999995 0.104 0.091333
2 0.15433300000000005 0.5023329999999999 0.111333 0.09
2 0.24333300000000002 0.565 0.114667 0.095333
3 0.11599999999999999 0.626 0.096 0.104
3 0.048667000000000016 0.537667 0.097333 0.083333
3 0.19766700000000004 0.667 0.084667 0.108667
2 0.21966699999999995 0.764333 0.124667 0.096667
2 0.097333 0.7216670000000001 0.101333 0.084667
2 0.10799999999999998 0.8180000000000001 0.094667 0.092
2 0.156667 0.933667 0.126667 0.13
2 0.06266700000000003 0.920667 0.074667 0.078667
2 0.273667 0.970667 0.078 0.054667
0 0.307667 0.35166699999999995 0.080667 0.076667
0 0.025000000000000022 0.04466700000000001 0.05 0.086667
2 0.954333 0.24066699999999996 0.09 0.129333
2 0.818333 0.944333 0.142 0.11
2 0.586333 0.963667 0.118 0.071333
2 0.03533299999999995 0.642 0.070667 0.117333
2 0.03533299999999995 0.8316669999999999 0.070667 0.114
2 0.04733299999999996 0.16533299999999995 0.094667 0.132
