2 0.907667 0.051667 0.103333 0.102
2 0.794 0.065667 0.137333 0.126
2 0.815667 0.158333 0.131333 0.120667
2 0.92 0.145 0.104 0.127333
2 0.881667 0.307667 0.158 0.154
2 0.759333 0.319667 0.070667 0.099333
2 0.6886669999999999 0.247 0.106667 0.095333
2 0.5553330000000001 0.171333 0.18 0.165333
2 0.315333 0.176333 0.142667 0.123333
2 0.403667 0.202 0.036667 0.033333
2 0.469333 0.357 0.121333 0.119333
3 0.575333 0.342667 0.098667 0.122667
2 0.675 0.357333 0.132667 0.133333
2 0.930333 0.437 0.136667 0.151333
2 0.825 0.417667 0.104667 0.064667
2 0.665667 0.461333 0.131333 0.106667
2 0.547667 0.458667 0.154 0.141333
2 0.42400000000000004 0.474333 0.132 0.13
2 0.43400000000000005 0.583333 0.122667 0.132
2 0.536667 0.579667 0.105333 0.128667
3 0.639667 0.559 0.111333 0.116667
2 0.707333 0.647667 0.096 0.11
2 0.809667 0.621 0.120667 0.158
2 0.706333 0.524667 0.039333 0.036
2 0.944 0.726 0.109333 0.128
2 0.849 0.769333 0.168667 0.149333
2 0.615667 0.781667 0.111333 0.175333
2 0.7276670000000001 0.789333 0.127333 0.172
2 0.424667 0.812333 0.145333 0.134
2 0.373 0.716333 0.184667 0.178
2 0.255 0.719333 0.078 0.110667
2 0.18300000000000005 0.745 0.116667 0.158
2 0.07033299999999998 0.743333 0.128667 0.190667
2 0.049000000000000044 0.853333 0.079333 0.058667
2 0.242 0.612 0.161333 0.130667
2 0.27833300000000005 0.476333 0.136667 0.124667
2 0.15633300000000006 0.506333 0.13 0.138
2 0.14700000000000002 0.387667 0.17 0.156667
2 0.07166700000000004 0.296 0.091333 0.08
2 0.20199999999999996 0.188667 0.097333 0.12
2 0.11433300000000002 0.194667 0.091333 0.116
2 0.052000000000000046 0.204 0.052 0.061333
2 0.07499999999999996 0.129 0.122 0.100667
2 0.16200000000000003 0.103 0.066667 0.07
2 0.246 0.096333 0.088 0.071333
3 0.10066699999999995 0.04 0.101333 0.077333
2 0.32866700000000004 0.041667 0.084 0.080667
2 0.920333 0.874 0.13 0.150667
2 0.772667 0.889333 0.157333 0.142667
0 0.28400000000000003 0.262667 0.105333 0.101333
0 0.259667 0.363667 0.080667 0.088667
0 0.8506670000000001 0.501 0.144 0.120667
0 0.328333 0.327333 0.076667 0.093333
0 0.405 0.129 0.060667 0.094
0 0.448333 0.093667 0.076667 0.084667
0 0.534 0.267667 0.104 0.100667
0 0.624333 0.122 0.096667 0.1
0 0.371 0.260333 0.058 0.098
0 0.538667 0.038667 0.078667 0.076
3 0.257667 0.915 0.192667 0.17
