3 0.071667 0.129333 0.083333 0.082667
3 0.191667 0.065333 0.126 0.128
3 0.413333 0.083333 0.090667 0.124
3 0.338667 0.098667 0.094667 0.098667
3 0.058667 0.216 0.102667 0.101333
3 0.141667 0.240333 0.071333 0.074
3 0.208667 0.207333 0.084 0.076
3 0.204333 0.285 0.071333 0.072667
3 0.136 0.328667 0.096 0.108
3 0.062667 0.287667 0.065333 0.063333
3 0.022333 0.323667 0.042 0.064667
3 0.067 0.358333 0.079333 0.072667
2 0.022333 0.409667 0.032667 0.028667
3 0.148333 0.456 0.082 0.076
3 0.237333 0.444 0.105333 0.109333
3 0.288667 0.185 0.097333 0.088667
3 0.334333 0.234667 0.086 0.096
3 0.422667 0.322 0.074667 0.068
3 0.456 0.245 0.093333 0.091333
3 0.545333 0.258 0.096 0.101333
3 0.478 0.165 0.106667 0.115333
3 0.559 0.157 0.079333 0.108667
3 0.577 0.098 0.155333 0.097333
3 0.598667 0.036667 0.128 0.06
3 0.707667 0.086333 0.063333 0.075333
3 0.719667 0.166333 0.074 0.082
2 0.746667 0.26 0.058667 0.070667
3 0.667333 0.260333 0.093333 0.084667
3 0.655 0.328667 0.11 0.084
3 0.475 0.425 0.151333 0.119333
3 0.615333 0.398667 0.105333 0.1
2 0.705667 0.411667 0.096667 0.096667
3 0.684333 0.507333 0.092667 0.098667
3 0.587333 0.502 0.104 0.104
3 0.223 0.535667 0.082 0.083333
3 0.313 0.513667 0.128667 0.120667
3 0.281333 0.637 0.032 0.03
3 0.294333 0.716667 0.059333 0.061333
3 0.364333 0.632333 0.108667 0.11
2 0.488667 0.609333 0.112 0.122667
3 0.494333 0.676333 0.047333 0.040667
3 0.574667 0.605667 0.078667 0.106
3 0.646667 0.602667 0.08 0.090667
3 0.73 0.611667 0.085333 0.094
3 0.686667 0.702 0.069333 0.08
3 0.602333 0.690333 0.098 0.084667
3 0.479333 0.721333 0.084 0.1
3 0.402333 0.743 0.087333 0.114
2 0.244333 0.787667 0.039333 0.039333
3 0.138 0.813667 0.042667 0.05
3 0.181 0.922667 0.024667 0.028
3 0.471667 0.822 0.087333 0.088
2 0.554 0.774 0.105333 0.1
3 0.657333 0.773667 0.102667 0.087333
3 0.493667 0.913667 0.083333 0.095333
2 0.576 0.908667 0.096 0.122667
3 0.670333 0.891333 0.106 0.112
3 0.770333 0.883 0.096667 0.100667
3 0.761667 0.714333 0.080667 0.094
3 0.812667 0.630333 0.078667 0.087333
3 0.895667 0.644333 0.095333 0.11
3 0.844667 0.521333 0.074667 0.090667
3 0.772 0.521667 0.08 0.111333
3 0.810667 0.410333 0.108 0.106
3 0.905333 0.426333 0.092 0.100667
3 0.777333 0.092333 0.078667 0.102
2 0.88 0.114667 0.130667 0.193333
0 0.875667 0.879667 0.202 0.167333
0 0.929 0.768333 0.095333 0.11
0 0.968 0.221667 0.064 0.066
0 0.617 0.2 0.092667 0.085333
0 0.787667 0.213 0.083333 0.107333
0 0.518 0.522 0.064 0.070667
0 0.499667 0.351667 0.076667 0.064667
0 0.299667 0.376 0.095333 0.092
0 0.31 0.311 0.072 0.07
0 0.334 0.824667 0.106667 0.124
0 0.167 0.580667 0.074 0.122667
0 0.39 0.547 0.1 0.066
0 0.159333 0.740333 0.130667 0.098
0 0.234333 0.703667 0.083333 0.120667
0 0.174 0.681667 0.056 0.052667
0 0.123667 0.672 0.052667 0.053333
0 0.919 0.533333 0.039333 0.046667
0 0.91 0.568667 0.044 0.041333
0 0.960667 0.082667 0.072 0.061333
3 0.692667 0.960333 0.114667 0.079333
3 0.961667 0.362333 0.076667 0.083333
3 0.959667 0.286667 0.078 0.090667
0 0.829667 0.799 0.126 0.155333
0 0.969333 0.745667 0.061333 0.112667
