2 0.461667 0.070667 0.099333 0.133333
2 0.116 0.071333 0.121333 0.130667
2 0.334333 0.315667 0.143333 0.127333
2 0.289667 0.405333 0.172667 0.161333
2 0.251667 0.521667 0.143333 0.147333
2 0.122667 0.496333 0.142667 0.166
2 0.347333 0.564667 0.089333 0.105333
2 0.281667 0.666333 0.183333 0.159333
2 0.166333 0.626333 0.095333 0.091333
2 0.142333 0.743667 0.115333 0.134
2 0.266 0.782333 0.149333 0.119333
2 0.137 0.844 0.086 0.085333
2 0.214333 0.858 0.071333 0.069333
2 0.167 0.919667 0.067333 0.067333
2 0.372667 0.187 0.113333 0.13
2 0.098333 0.271333 0.194 0.18
2 0.063 0.608667 0.122 0.14
2 0.048 0.712667 0.066667 0.069333
2 0.053 0.825667 0.071333 0.062
0 0.788333 0.606 0.252667 0.282667
0 0.927 0.387667 0.146 0.194
0 0.722667 0.721333 0.141333 0.149333
0 0.422333 0.728333 0.147333 0.187333
0 0.543667 0.644667 0.111333 0.121333
0 0.55 0.539333 0.082667 0.093333
0 0.631667 0.569667 0.084667 0.116667
0 0.743333 0.886 0.28 0.228
0 0.472667 0.904 0.146667 0.192
0 0.684 0.409333 0.278667 0.216
0 0.744 0.104333 0.24 0.207333
0 0.625667 0.258667 0.234 0.222667
0 0.555 0.085333 0.084667 0.169333
0 0.479333 0.572667 0.058667 0.066667
2 0.053667 0.377 0.106 0.143333
