3 0.920667 0.058333 0.084 0.091333
2 0.822667 0.066667 0.138667 0.130667
2 0.877 0.177667 0.115333 0.098
3 0.892667 0.265 0.056 0.054
3 0.819333 0.274 0.097333 0.12
3 0.725333 0.185667 0.065333 0.067333
2 0.648 0.196667 0.090667 0.114667
2 0.6026670000000001 0.097 0.092 0.123333
2 0.512 0.088 0.090667 0.136
2 0.416667 0.098333 0.113333 0.135333
2 0.32466700000000004 0.11 0.085333 0.108
3 0.250667 0.131333 0.064 0.069333
2 0.382667 0.197 0.097333 0.092667
2 0.26633300000000004 0.216333 0.106 0.098
2 0.355 0.279333 0.096667 0.104
2 0.44399999999999995 0.297333 0.085333 0.102667
2 0.543667 0.285667 0.115333 0.147333
2 0.6313329999999999 0.292333 0.072 0.09
2 0.721333 0.280667 0.105333 0.104
2 0.736333 0.384 0.142 0.130667
3 0.649 0.390667 0.043333 0.041333
2 0.6619999999999999 0.482333 0.04 0.043333
2 0.955 0.412667 0.076667 0.081333
2 0.852333 0.418667 0.13 0.109333
2 0.28933299999999995 0.387333 0.089333 0.101333
2 0.374667 0.390667 0.086667 0.101333
3 0.45899999999999996 0.390333 0.088667 0.094
3 0.30733299999999997 0.488667 0.041333 0.042667
2 0.273 0.595667 0.120667 0.087333
2 0.29000000000000004 0.668667 0.102667 0.108
2 0.376 0.663667 0.092 0.111333
2 0.45999999999999996 0.639 0.094667 0.15
2 0.539667 0.635333 0.076667 0.114667
2 0.603667 0.645333 0.056667 0.074667
2 0.6126670000000001 0.545667 0.081333 0.082
2 0.875 0.522333 0.143333 0.120667
2 0.778667 0.538333 0.066667 0.060667
2 0.697333 0.547333 0.082667 0.078667
2 0.787667 0.604667 0.031333 0.032
2 0.704333 0.632333 0.140667 0.100667
2 0.95 0.700667 0.097333 0.132
2 0.864 0.714 0.081333 0.133333
2 0.789 0.715 0.09 0.114
2 0.714 0.717 0.074667 0.076667
2 0.6333329999999999 0.719667 0.084 0.074
2 0.37266699999999997 0.763 0.109333 0.100667
2 0.48266699999999996 0.755 0.104 0.100667
2 0.917 0.812667 0.131333 0.104
2 0.819667 0.807333 0.07 0.069333
2 0.739333 0.818333 0.088 0.099333
2 0.644333 0.82 0.107333 0.133333
2 0.5513330000000001 0.834333 0.078667 0.108667
2 0.45766700000000005 0.849333 0.091333 0.094667
2 0.37 0.851 0.08 0.082
2 0.30033299999999996 0.837667 0.047333 0.051333
2 0.5413330000000001 0.940333 0.102667 0.119333
2 0.6533329999999999 0.934 0.12 0.129333
2 0.927333 0.909667 0.090667 0.087333
2 0.18366700000000002 0.960667 0.094 0.078667
2 0.20499999999999996 0.852 0.142 0.121333
2 0.18000000000000005 0.766 0.141333 0.146667
3 0.22666699999999995 0.512 0.117333 0.118667
2 0.16500000000000004 0.619333 0.095333 0.129333
3 0.06966700000000003 0.634333 0.108667 0.095333
2 0.06533299999999997 0.699667 0.088 0.058
2 0.19699999999999995 0.332 0.038 0.044
2 0.11433300000000002 0.358333 0.028667 0.031333
3 0.09399999999999997 0.263 0.118667 0.134
3 0.228333 0.061667 0.075333 0.087333
3 0.15333300000000005 0.059667 0.062667 0.063333
3 0.150667 0.144 0.106667 0.108
3 0.058667000000000025 0.174333 0.097333 0.092667
2 0.054332999999999965 0.049667 0.108667 0.096667
0 0.934333 0.316 0.13 0.098667
0 0.515 0.202 0.111333 0.093333
0 0.14300000000000002 0.418333 0.103333 0.096667
0 0.32966700000000004 0.950667 0.072667 0.082667
0 0.771333 0.914 0.106667 0.082667
0 0.823 0.898 0.096667 0.086667
0 0.866333 0.603333 0.083333 0.066667
0 0.5329999999999999 0.522333 0.087333 0.107333
0 0.588667 0.461333 0.101333 0.074667
0 0.637 0.427333 0.056667 0.058667
0 0.73 0.466667 0.089333 0.101333
0 0.44999999999999996 0.516333 0.086667 0.103333
0 0.675333 0.113 0.081333 0.076667
0 0.7833330000000001 0.187667 0.066667 0.068667
3 0.030667 0.282 0.061333 0.102667
2 0.956667 0.606333 0.085333 0.09
2 0.965667 0.174667 0.067333 0.110667
