2 0.8240000000000001 0.061 0.101333 0.106
3 0.88 0.132 0.121333 0.128
3 0.880333 0.241333 0.134 0.097333
2 0.919 0.34 0.094 0.109333
2 0.810667 0.345333 0.124 0.114667
2 0.917 0.444667 0.111333 0.1
2 0.901 0.471667 0.043333 0.028667
2 0.649 0.273 0.086 0.102
2 0.544667 0.267667 0.126667 0.139333
3 0.43999999999999995 0.278667 0.042667 0.044
2 0.698 0.093 0.093333 0.13
2 0.6006670000000001 0.114667 0.109333 0.137333
2 0.531333 0.045 0.058667 0.062
2 0.486 0.130333 0.109333 0.115333
2 0.33266700000000005 0.052 0.113333 0.101333
3 0.346 0.172667 0.110667 0.134667
2 0.246 0.212667 0.044 0.054667
2 0.29333299999999995 0.290667 0.089333 0.105333
2 0.32166700000000004 0.711667 0.104667 0.112667
3 0.320333 0.829333 0.03 0.045333
2 0.426667 0.788333 0.161333 0.166
3 0.23566699999999996 0.829 0.066 0.079333
3 0.23966699999999996 0.891333 0.063333 0.065333
3 0.17666700000000002 0.874 0.032 0.038667
3 0.12366699999999997 0.955667 0.080667 0.078
2 0.10766699999999996 0.774667 0.115333 0.150667
2 0.213333 0.731 0.102667 0.108667
2 0.23666699999999996 0.505667 0.170667 0.17
3 0.141667 0.542333 0.107333 0.140667
2 0.20499999999999996 0.337 0.060667 0.075333
3 0.18333299999999997 0.111 0.133333 0.17
2 0.057667000000000024 0.149333 0.080667 0.098667
0 0.5880000000000001 0.382667 0.086667 0.086667
0 0.435667 0.349667 0.084667 0.080667
0 0.17700000000000005 0.663667 0.104667 0.087333
0 0.08599999999999997 0.69 0.077333 0.074667
0 0.554667 0.661333 0.052 0.058667
0 0.42633299999999996 0.677 0.083333 0.076667
0 0.6970000000000001 0.350333 0.103333 0.103333
0 0.802 0.441333 0.074667 0.062667
0 0.753667 0.746333 0.139333 0.123333
0 0.6333329999999999 0.703 0.097333 0.072667
0 0.545667 0.785667 0.115333 0.092667
0 0.734 0.635333 0.078667 0.108
0 0.636333 0.592 0.060667 0.072
0 0.863667 0.709 0.074 0.076667
0 0.32499999999999996 0.886667 0.104667 0.090667
0 0.742667 0.227667 0.094667 0.09
0 0.5369999999999999 0.917 0.072667 0.055333
2 0.07499999999999996 0.048667 0.111333 0.096
