3 0.813 0.070667 0.108667 0.109333
2 0.7026669999999999 0.068 0.114667 0.101333
2 0.7356670000000001 0.169333 0.094 0.118667
2 0.96 0.218333 0.078667 0.096667
2 0.863 0.238667 0.175333 0.156
2 0.892 0.360333 0.153333 0.127333
2 0.758667 0.280333 0.096 0.104667
2 0.637667 0.16 0.104667 0.113333
2 0.578333 0.023667 0.048667 0.046
2 0.554 0.065 0.145333 0.114
2 0.420667 0.07 0.125333 0.121333
2 0.29833299999999996 0.063667 0.106 0.123333
2 0.349 0.196667 0.092667 0.128
2 0.43999999999999995 0.2 0.133333 0.170667
2 0.5433330000000001 0.184333 0.089333 0.100667
2 0.661667 0.260333 0.104667 0.122
2 0.5720000000000001 0.326667 0.18 0.204
2 0.519333 0.394667 0.072 0.070667
2 0.753 0.374 0.13 0.096
2 0.8009999999999999 0.447333 0.152667 0.096
2 0.881 0.466333 0.036667 0.039333
2 0.41800000000000004 0.356 0.182667 0.14
2 0.849 0.534333 0.13 0.09
2 0.744667 0.566 0.118667 0.145333
2 0.646 0.519 0.12 0.186
2 0.525 0.485333 0.098 0.096
2 0.39433300000000004 0.478 0.17 0.112
2 0.41033299999999995 0.57 0.11 0.094667
2 0.42433299999999996 0.645667 0.127333 0.108667
2 0.5413330000000001 0.571667 0.116 0.100667
2 0.5840000000000001 0.677667 0.146667 0.138
2 0.862667 0.618667 0.105333 0.088
2 0.879 0.718667 0.163333 0.137333
2 0.787667 0.771667 0.075333 0.095333
2 0.69 0.765667 0.121333 0.144667
2 0.468333 0.730667 0.139333 0.124
2 0.398 0.819667 0.114667 0.118
2 0.496 0.85 0.092 0.117333
2 0.594333 0.794333 0.106 0.094
2 0.607 0.872 0.102 0.081333
2 0.53 0.921 0.109333 0.083333
2 0.733333 0.876667 0.133333 0.098667
2 0.904 0.877667 0.178667 0.179333
2 0.30000000000000004 0.754667 0.102667 0.121333
2 0.18766700000000003 0.788333 0.123333 0.142
2 0.23766699999999996 0.929333 0.060667 0.072
2 0.13233300000000003 0.944667 0.122 0.108
2 0.08866700000000005 0.773667 0.117333 0.119333
2 0.054332999999999965 0.636667 0.108667 0.164
2 0.15833299999999995 0.654 0.11 0.112
2 0.24266699999999997 0.588 0.214667 0.174667
2 0.21699999999999997 0.462333 0.183333 0.119333
2 0.24866699999999997 0.347333 0.144 0.124
2 0.10899999999999999 0.355 0.13 0.152667
2 0.25 0.235 0.14 0.124667
2 0.11666699999999997 0.225333 0.126667 0.105333
2 0.13733300000000004 0.141333 0.064 0.056
0 0.07033299999999998 0.505 0.111333 0.096667
0 0.13866699999999998 0.461667 0.066667 0.05
0 0.7416670000000001 0.685 0.127333 0.116667
0 0.343333 0.665333 0.082667 0.090667
0 0.30633299999999997 0.867333 0.074 0.078667
0 0.35266699999999995 0.280333 0.064 0.060667
0 0.617667 0.927 0.052667 0.040667
2 0.7066669999999999 0.953667 0.18 0.092667
2 0.03866700000000001 0.167333 0.077333 0.105333
2 0.19533299999999998 0.076 0.102667 0.150667
2 0.928333 0.101333 0.142 0.133333
