2 0.070667 0.7356670000000001 0.069333 0.044667
2 0.145 0.852333 0.060667 0.067333
2 0.251667 0.928333 0.071333 0.054
2 0.242 0.836333 0.077333 0.09
2 0.081333 0.651 0.052 0.052667
2 0.159333 0.6863330000000001 0.093333 0.071333
2 0.262333 0.651667 0.091333 0.092667
2 0.139667 0.601667 0.147333 0.099333
2 0.163333 0.49566699999999997 0.114667 0.11
2 0.065667 0.447333 0.112667 0.1
2 0.281 0.527 0.155333 0.139333
2 0.373 0.609 0.15 0.163333
3 0.351667 0.728 0.107333 0.092
2 0.294 0.404 0.097333 0.1
2 0.312667 0.30700000000000005 0.084 0.078
2 0.191333 0.32966700000000004 0.145333 0.154
3 0.395 0.41733299999999995 0.088667 0.121333
2 0.468333 0.704 0.099333 0.116
2 0.431 0.885 0.194 0.219333
2 0.556667 0.906 0.102667 0.114667
2 0.564 0.7853330000000001 0.130667 0.1
2 0.567 0.667333 0.143333 0.134667
2 0.605667 0.568667 0.082 0.089333
2 0.68 0.602 0.096 0.096
2 0.623 0.46566700000000005 0.095333 0.116667
2 0.639667 0.359 0.131333 0.128667
2 0.665333 0.892333 0.105333 0.098
2 0.691 0.813667 0.115333 0.099333
2 0.702 0.7066669999999999 0.146667 0.128
2 0.806667 0.504 0.118667 0.126667
2 0.708333 0.499 0.083333 0.103333
2 0.734 0.398667 0.109333 0.096
2 0.805 0.394 0.075333 0.086667
2 0.741 0.29900000000000004 0.056667 0.052667
2 0.815 0.29100000000000004 0.080667 0.088667
2 0.788333 0.935 0.138 0.119333
3 0.792 0.8240000000000001 0.072 0.090667
2 0.869333 0.810667 0.118667 0.134667
2 0.883667 0.687667 0.148667 0.140667
2 0.92 0.5103329999999999 0.116 0.131333
2 0.905667 0.40033300000000005 0.114 0.096667
2 0.911333 0.30533299999999997 0.101333 0.102667
2 0.836333 0.19766700000000004 0.091333 0.094
2 0.864 0.08599999999999997 0.145333 0.158667
2 0.768333 0.19033299999999997 0.092667 0.15
3 0.74 0.05600000000000005 0.086667 0.089333
2 0.673667 0.140667 0.122 0.102667
2 0.65 0.06399999999999995 0.089333 0.08
2 0.668 0.246 0.157333 0.141333
2 0.464667 0.503667 0.077333 0.071333
2 0.517333 0.42733299999999996 0.137333 0.133333
2 0.499 0.33566700000000005 0.139333 0.088667
2 0.522667 0.25133300000000003 0.090667 0.097333
2 0.543333 0.138 0.129333 0.124
2 0.419 0.15500000000000003 0.124667 0.191333
2 0.298 0.212333 0.153333 0.131333
3 0.318333 0.10699999999999998 0.111333 0.112667
2 0.114 0.22899999999999998 0.112 0.11
0 0.259 0.734667 0.079333 0.088
0 0.194333 0.882667 0.071333 0.094667
0 0.323333 0.823333 0.049333 0.052
0 0.359 0.788 0.096667 0.074667
0 0.774667 0.6759999999999999 0.093333 0.104
0 0.965 0.687333 0.07 0.096
0 0.395 0.30300000000000005 0.068667 0.096667
0 0.114 0.352333 0.066667 0.080667
2 0.055667 0.925333 0.11 0.148
2 0.133 0.939333 0.158 0.12
2 0.941 0.836333 0.118 0.187333
2 0.939 0.164667 0.122 0.161333
2 0.957333 0.04700000000000004 0.085333 0.094
3 0.547 0.04466700000000001 0.131333 0.089333
3 0.245 0.07099999999999995 0.139333 0.142
2 0.133 0.06666700000000003 0.139333 0.133333
3 0.045 0.31200000000000006 0.088667 0.138667
