2 0.938333 0.11 0.122 0.144
2 0.927667 0.356333 0.135333 0.124667
2 0.917 0.453333 0.098 0.1
2 0.897 0.619 0.135333 0.126
2 0.8069999999999999 0.4 0.112667 0.146667
2 0.767667 0.456667 0.035333 0.037333
2 0.744667 0.545333 0.082667 0.097333
2 0.677 0.434667 0.17 0.166667
2 0.6683330000000001 0.545 0.068667 0.063333
2 0.719333 0.303333 0.189333 0.133333
3 0.771333 0.639667 0.065333 0.095333
2 0.679667 0.658333 0.191333 0.166
2 0.588333 0.657 0.104667 0.134
2 0.553667 0.521 0.184667 0.187333
2 0.45699999999999996 0.557667 0.040667 0.048667
2 0.49 0.668333 0.132 0.138
2 0.575 0.335333 0.119333 0.156
2 0.560333 0.190333 0.155333 0.183333
2 0.48 0.119667 0.154667 0.194
2 0.39 0.521 0.138667 0.123333
2 0.32899999999999996 0.444 0.179333 0.144
2 0.20333299999999999 0.422333 0.089333 0.094
2 0.211333 0.297 0.110667 0.116667
2 0.338333 0.343333 0.111333 0.077333
2 0.345333 0.123 0.129333 0.104667
2 0.36366699999999996 0.252 0.199333 0.177333
2 0.23533300000000001 0.130333 0.114667 0.156667
2 0.123 0.137 0.147333 0.123333
2 0.11633300000000002 0.231 0.134 0.096667
2 0.09166700000000005 0.303667 0.099333 0.059333
2 0.08899999999999997 0.514 0.175333 0.177333
2 0.151667 0.642 0.139333 0.157333
2 0.10799999999999998 0.748667 0.14 0.105333
2 0.226333 0.639 0.088667 0.15
2 0.08799999999999997 0.852667 0.122667 0.117333
3 0.08366700000000005 0.951 0.103333 0.098
2 0.18066700000000002 0.924667 0.105333 0.133333
2 0.265667 0.950333 0.059333 0.062
2 0.339333 0.641333 0.177333 0.186667
2 0.335333 0.784667 0.168 0.125333
2 0.44366700000000003 0.746333 0.096667 0.127333
2 0.394 0.867 0.096 0.095333
2 0.481 0.882333 0.111333 0.123333
2 0.5836669999999999 0.89 0.104667 0.126667
2 0.636333 0.792333 0.147333 0.134
2 0.667333 0.888 0.116 0.106667
2 0.858 0.85 0.130667 0.117333
3 0.042332999999999954 0.649333 0.084667 0.124
0 0.8089999999999999 0.119 0.151333 0.131333
0 0.8566670000000001 0.186667 0.101333 0.085333
0 0.45966700000000005 0.389667 0.119333 0.111333
0 0.19899999999999995 0.789667 0.111333 0.131333
0 0.251667 0.838333 0.107333 0.127333
0 0.31399999999999995 0.888667 0.078667 0.062667
0 0.753333 0.760667 0.125333 0.145333
0 0.895667 0.751333 0.131333 0.156
0 0.714333 0.143 0.115333 0.119333
0 0.850333 0.509333 0.126 0.110667
0 0.814333 0.583667 0.134 0.123333
0 0.11433300000000002 0.387333 0.100667 0.110667
0 0.04533299999999996 0.381667 0.090667 0.096667
3 0.32899999999999996 0.957333 0.124667 0.085333
2 0.8180000000000001 0.94 0.230667 0.12
