2 0.168667 0.896 0.118667 0.113333
2 0.072333 0.722667 0.122 0.126667
3 0.134333 0.6659999999999999 0.099333 0.082667
2 0.147333 0.5656669999999999 0.121333 0.114
3 0.223 0.811667 0.083333 0.118
2 0.295333 0.915 0.134667 0.104667
2 0.309667 0.8109999999999999 0.112667 0.116667
2 0.308667 0.700333 0.137333 0.13
2 0.301667 0.5720000000000001 0.155333 0.125333
2 0.270333 0.47166699999999995 0.114 0.102
2 0.142667 0.435667 0.141333 0.154
2 0.042333 0.473333 0.083333 0.130667
2 0.088333 0.350333 0.167333 0.111333
2 0.305 0.35466699999999995 0.186 0.129333
2 0.397 0.474 0.138 0.128
2 0.438 0.701333 0.138667 0.156
3 0.444 0.575333 0.098667 0.096
2 0.517 0.401 0.143333 0.104667
3 0.543333 0.487 0.137333 0.082
2 0.549667 0.596333 0.128667 0.155333
2 0.569667 0.737333 0.122 0.146667
2 0.503 0.8486670000000001 0.143333 0.156
2 0.687 0.75 0.098 0.112
2 0.664333 0.626333 0.131333 0.166
1 0.646333 0.502 0.060667 0.072
2 0.706333 0.848 0.060667 0.066667
2 0.653 0.941333 0.095333 0.114667
2 0.804 0.856 0.128 0.14
2 0.932667 0.907 0.124 0.148667
2 0.883667 0.762667 0.19 0.126667
2 0.850667 0.659 0.177333 0.111333
2 0.756667 0.660667 0.058667 0.061333
2 0.835333 0.5283329999999999 0.204 0.144667
3 0.922 0.44866700000000004 0.108 0.088
2 0.718 0.44999999999999996 0.185333 0.166667
2 0.844333 0.328333 0.115333 0.139333
2 0.939 0.329333 0.114 0.133333
3 0.746667 0.30600000000000005 0.098667 0.117333
2 0.643667 0.302667 0.136667 0.168
2 0.846 0.170667 0.205333 0.174667
3 0.968667 0.12866699999999998 0.062667 0.104
2 0.694 0.07766700000000004 0.217333 0.155333
2 0.621333 0.18700000000000006 0.117333 0.096667
2 0.550333 0.27233300000000005 0.094 0.15
2 0.436667 0.27733300000000005 0.14 0.16
2 0.453333 0.15100000000000002 0.181333 0.119333
2 0.293667 0.219333 0.151333 0.157333
2 0.173 0.24966699999999997 0.091333 0.136667
2 0.064333 0.236 0.124667 0.118667
2 0.094 0.10433300000000001 0.181333 0.142
0 0.182667 0.758 0.1 0.098667
0 0.881 0.04566700000000001 0.098 0.087333
0 0.248333 0.09499999999999997 0.075333 0.072667
3 0.073333 0.8506670000000001 0.145333 0.184
2 0.793333 0.939333 0.196 0.12
2 0.947667 0.5816669999999999 0.104667 0.162
2 0.469667 0.05033299999999996 0.160667 0.100667
2 0.338333 0.06299999999999994 0.131333 0.123333
