3 0.353333 0.076 0.098667 0.145333
3 0.445333 0.099 0.070667 0.059333
2 0.193 0.136333 0.131333 0.118
2 0.152667 0.237667 0.136 0.159333
3 0.093333 0.307667 0.078667 0.067333
3 0.268333 0.222333 0.111333 0.134
2 0.245 0.323333 0.131333 0.110667
2 0.371333 0.251667 0.097333 0.103333
2 0.363667 0.350667 0.120667 0.124
3 0.451333 0.374 0.068 0.058667
3 0.069 0.396333 0.119333 0.13
2 0.219 0.417667 0.102 0.099333
3 0.539667 0.303 0.114 0.084667
2 0.554 0.177333 0.137333 0.170667
2 0.68 0.191667 0.134667 0.178
3 0.741667 0.132667 0.083333 0.116
3 0.76 0.240667 0.062667 0.062667
3 0.744667 0.302667 0.076 0.066667
3 0.621333 0.392 0.112 0.096
2 0.646333 0.298 0.120667 0.1
3 0.509333 0.455667 0.125333 0.175333
3 0.424333 0.527 0.042 0.043333
3 0.487 0.553 0.063333 0.055333
3 0.086333 0.484667 0.051333 0.049333
2 0.158667 0.479333 0.110667 0.164
2 0.237333 0.521667 0.088 0.098
2 0.329333 0.521 0.110667 0.162
3 0.346 0.441333 0.042667 0.037333
3 0.371 0.504333 0.026 0.032667
2 0.568333 0.566667 0.062 0.056
3 0.723 0.573333 0.091333 0.076
2 0.608 0.491333 0.096 0.126667
2 0.712667 0.489667 0.12 0.112667
2 0.103 0.602333 0.13 0.118
2 0.207 0.606 0.072667 0.073333
3 0.055 0.662333 0.031333 0.035333
2 0.114667 0.691667 0.086667 0.084667
2 0.186667 0.697667 0.084 0.080667
2 0.324 0.655333 0.029333 0.037333
3 0.383333 0.635 0.098667 0.122
2 0.463667 0.653333 0.084667 0.148
3 0.511667 0.604 0.026 0.030667
2 0.566667 0.657 0.125333 0.134
2 0.674333 0.663 0.106 0.124667
2 0.637 0.741333 0.086 0.08
2 0.541 0.755333 0.063333 0.069333
2 0.368667 0.747667 0.112 0.107333
2 0.267 0.726333 0.136667 0.134
2 0.283 0.807667 0.043333 0.054
2 0.328 0.827 0.076 0.07
2 0.120667 0.805 0.065333 0.059333
2 0.143667 0.886333 0.135333 0.147333
2 0.281667 0.923667 0.167333 0.146
2 0.422667 0.914333 0.113333 0.128667
3 0.608 0.816333 0.098667 0.088667
3 0.542667 0.896667 0.124 0.14
2 0.626667 0.869667 0.041333 0.028667
2 0.634667 0.924 0.070667 0.1
2 0.708667 0.914 0.089333 0.110667
2 0.716333 0.829667 0.111333 0.102
2 0.730667 0.750333 0.097333 0.11
2 0.815 0.753333 0.088667 0.104
3 0.787 0.911 0.068667 0.098
3 0.869333 0.920333 0.077333 0.087333
2 0.915667 0.768667 0.116667 0.129333
2 0.919 0.681 0.064667 0.07
2 0.892333 0.586 0.119333 0.121333
2 0.834333 0.653 0.119333 0.138
2 0.879667 0.509 0.052667 0.048667
3 0.789333 0.511 0.058667 0.078
3 0.736667 0.393333 0.118667 0.108
2 0.841667 0.421667 0.132667 0.142
2 0.94 0.405 0.12 0.148667
2 0.836333 0.308667 0.112667 0.096
2 0.85 0.222667 0.122667 0.097333
2 0.948333 0.223333 0.095333 0.105333
2 0.848667 0.115667 0.126667 0.142
0 0.102667 0.136333 0.086667 0.079333
0 0.431 0.164667 0.084667 0.086667
0 0.647333 0.058667 0.089333 0.085333
0 0.730333 0.054 0.102 0.106667
0 0.294667 0.634333 0.078667 0.080667
0 0.42 0.825667 0.088 0.096667
0 0.911 0.043667 0.103333 0.086
0 0.070333 0.855333 0.072667 0.085333
3 0.250667 0.060667 0.129333 0.12
3 0.533333 0.049333 0.128 0.097333
3 0.039333 0.773333 0.077333 0.097333
3 0.929 0.916333 0.139333 0.167333
2 0.965333 0.629 0.069333 0.098
3 0.951667 0.515333 0.096667 0.129333
2 0.974333 0.107333 0.051333 0.077333
