2 0.128333 0.087667 0.159333 0.132667
2 0.291 0.1 0.131333 0.152
2 0.306 0.235333 0.069333 0.128
2 0.224667 0.221333 0.104 0.146667
2 0.122 0.222667 0.117333 0.132
2 0.512 0.242333 0.170667 0.216667
2 0.634667 0.074 0.144 0.085333
2 0.644667 0.176 0.157333 0.152
2 0.733 0.222667 0.11 0.142667
2 0.641667 0.294333 0.136667 0.119333
2 0.42 0.106 0.102667 0.097333
2 0.174333 0.360667 0.127333 0.12
2 0.195333 0.480333 0.169333 0.158
2 0.075 0.494667 0.088667 0.086667
3 0.462333 0.412333 0.143333 0.13
2 0.492333 0.522333 0.122 0.119333
2 0.396 0.535333 0.089333 0.118667
2 0.379333 0.602667 0.069333 0.069333
2 0.315667 0.514667 0.083333 0.101333
2 0.193333 0.601667 0.146667 0.098
2 0.633333 0.396667 0.157333 0.136
2 0.724333 0.439667 0.072667 0.080667
2 0.623 0.491333 0.140667 0.114667
2 0.717 0.532 0.102 0.118667
2 0.622 0.599 0.124 0.119333
3 0.719667 0.638333 0.112667 0.122
2 0.073333 0.588 0.121333 0.114667
2 0.048667 0.708333 0.096 0.132667
2 0.139333 0.726333 0.116 0.160667
2 0.275667 0.796333 0.099333 0.082
2 0.246 0.7 0.108 0.158667
2 0.354 0.7 0.126667 0.141333
2 0.467333 0.7 0.126667 0.124
2 0.465 0.807667 0.151333 0.119333
2 0.370333 0.886 0.116667 0.153333
2 0.163667 0.871667 0.071333 0.079333
2 0.248333 0.890667 0.127333 0.108
2 0.609333 0.773667 0.112 0.102
2 0.599 0.867333 0.132667 0.113333
3 0.591333 0.958333 0.110667 0.083333
2 0.478 0.907333 0.116 0.093333
3 0.716667 0.823 0.12 0.120667
2 0.711667 0.938333 0.131333 0.122
2 0.814333 0.891 0.102 0.116667
3 0.897667 0.899 0.072667 0.080667
2 0.899 0.829 0.058 0.059333
2 0.902333 0.754 0.136667 0.093333
2 0.908667 0.665 0.145333 0.118
3 0.803333 0.697333 0.128 0.12
2 0.804667 0.571 0.124 0.156667
2 0.909667 0.548 0.112667 0.122667
2 0.901 0.459667 0.087333 0.058
2 0.925333 0.382 0.125333 0.122667
2 0.823667 0.38 0.116667 0.132
2 0.846333 0.259667 0.119333 0.143333
3 0.945667 0.271333 0.108667 0.121333
2 0.939 0.171667 0.100667 0.111333
2 0.949667 0.089667 0.056667 0.068667
0 0.627 0.693 0.112667 0.092667
0 0.811 0.803 0.088667 0.099333
0 0.730333 0.366667 0.072667 0.090667
0 0.795667 0.143333 0.103333 0.113333
0 0.382667 0.291 0.117333 0.088667
0 0.317 0.417 0.119333 0.123333
0 0.851333 0.087 0.117333 0.100667
0 0.392667 0.197667 0.113333 0.118
0 0.549 0.612 0.087333 0.089333
0 0.872 0.031 0.088 0.060667
2 0.070667 0.329667 0.14 0.103333
2 0.033667 0.210667 0.066 0.114667
2 0.060667 0.898333 0.12 0.120667
2 0.053 0.813333 0.103333 0.112
2 0.301667 0.952667 0.138 0.094667
3 0.123667 0.958 0.132667 0.084
