2 0.155 0.107 0.119333 0.152667
2 0.052333 0.096667 0.103333 0.144
2 0.124333 0.211333 0.138 0.113333
2 0.261667 0.082 0.115333 0.134667
2 0.321333 0.167667 0.154667 0.176667
2 0.397333 0.103 0.133333 0.203333
2 0.494 0.072333 0.096 0.131333
2 0.589667 0.079333 0.103333 0.156
2 0.537 0.194 0.124667 0.137333
2 0.678333 0.110667 0.128667 0.096
2 0.665 0.205667 0.148667 0.107333
2 0.611667 0.325 0.148667 0.127333
2 0.314667 0.359 0.145333 0.13
3 0.206333 0.365667 0.063333 0.071333
2 0.107667 0.314667 0.132667 0.117333
2 0.082333 0.43 0.162 0.132
2 0.244667 0.493333 0.108 0.130667
2 0.352333 0.492667 0.104667 0.128
2 0.445333 0.526333 0.105333 0.171333
2 0.557 0.544 0.122 0.129333
2 0.692 0.454333 0.145333 0.148667
2 0.664 0.578667 0.129333 0.132
2 0.511667 0.663 0.138 0.116667
2 0.407667 0.653667 0.098 0.116667
2 0.307333 0.629 0.112 0.143333
2 0.210667 0.609667 0.08 0.09
2 0.100333 0.608667 0.135333 0.169333
2 0.168 0.719 0.164 0.122
2 0.628667 0.689 0.08 0.075333
2 0.387333 0.747667 0.050667 0.054
2 0.597667 0.794 0.119333 0.141333
2 0.475667 0.777667 0.123333 0.147333
2 0.261 0.814667 0.158 0.170667
3 0.361333 0.861667 0.109333 0.120667
2 0.23 0.933 0.138667 0.108667
2 0.34 0.950667 0.093333 0.090667
2 0.400667 0.944333 0.066667 0.068667
2 0.541667 0.900333 0.123333 0.114
3 0.670667 0.930667 0.126667 0.132
3 0.799 0.845333 0.136667 0.126667
3 0.898667 0.894333 0.101333 0.103333
3 0.912667 0.779 0.068 0.055333
3 0.856 0.721667 0.134667 0.15
2 0.733667 0.72 0.123333 0.152
2 0.799 0.493333 0.132667 0.136
2 0.872333 0.585 0.148667 0.148667
3 0.941667 0.684 0.112667 0.086667
2 0.815667 0.377 0.115333 0.088667
2 0.836 0.281 0.150667 0.123333
2 0.954 0.282333 0.092 0.140667
2 0.883 0.148333 0.179333 0.124667
0 0.275667 0.272 0.126 0.088
0 0.144667 0.488667 0.082667 0.1
0 0.716 0.335667 0.074667 0.103333
0 0.809333 0.201333 0.072 0.090667
0 0.808667 0.052 0.065333 0.082667
0 0.385 0.280333 0.074 0.060667
0 0.463 0.248 0.067333 0.057333
0 0.443667 0.911 0.074 0.072667
2 0.105 0.920333 0.168667 0.159333
2 0.525 0.969667 0.118 0.060667
3 0.966667 0.897667 0.066667 0.19
2 0.960333 0.576 0.079333 0.164
2 0.923333 0.047667 0.153333 0.094
