2 0.72 0.872 0.130667 0.129333
3 0.586333 0.958 0.119333 0.082667
2 0.606333 0.876 0.144667 0.129333
2 0.633 0.784667 0.118 0.105333
3 0.752667 0.7833330000000001 0.12 0.097333
2 0.847 0.685333 0.088667 0.117333
2 0.790333 0.6783330000000001 0.043333 0.062
3 0.912 0.718 0.074667 0.088
2 0.729 0.6926669999999999 0.103333 0.112
2 0.6313329999999999 0.691333 0.104 0.105333
2 0.756667 0.604333 0.061333 0.062
2 0.846333 0.5946670000000001 0.067333 0.062667
2 0.667 0.598 0.132667 0.126667
2 0.532667 0.7066669999999999 0.101333 0.118667
2 0.475333 0.771667 0.149333 0.122
3 0.44199999999999995 0.861333 0.124 0.130667
2 0.34866699999999995 0.846 0.069333 0.08
2 0.29533299999999996 0.939333 0.093333 0.113333
3 0.332333 0.729333 0.128667 0.141333
2 0.239 0.708 0.055333 0.069333
3 0.426667 0.6723330000000001 0.089333 0.083333
2 0.5389999999999999 0.602 0.127333 0.110667
2 0.794333 0.526 0.140667 0.141333
2 0.6946669999999999 0.515 0.088 0.084667
2 0.639667 0.43500000000000005 0.080667 0.083333
3 0.6066670000000001 0.511 0.072 0.075333
2 0.51 0.492333 0.118667 0.148667
2 0.417667 0.49766699999999997 0.086 0.114
2 0.33999999999999997 0.482333 0.073333 0.076667
3 0.278 0.5553330000000001 0.088 0.102667
2 0.548333 0.40900000000000003 0.091333 0.107333
2 0.909667 0.446333 0.060667 0.059333
2 0.8109999999999999 0.42700000000000005 0.135333 0.108667
2 0.944667 0.372 0.029333 0.033333
2 0.8009999999999999 0.344333 0.074 0.079333
3 0.881 0.356 0.091333 0.085333
3 0.951 0.29333299999999995 0.092667 0.112
3 0.830667 0.28533299999999995 0.061333 0.057333
2 0.703333 0.34099999999999997 0.114667 0.140667
2 0.640333 0.234333 0.143333 0.156667
3 0.538667 0.23066699999999996 0.044 0.049333
3 0.452333 0.32366700000000004 0.168667 0.179333
3 0.456333 0.212333 0.07 0.074
2 0.35366699999999995 0.26 0.104667 0.124
2 0.26733300000000004 0.284667 0.089333 0.096
2 0.291667 0.18566700000000003 0.096667 0.099333
3 0.35566699999999996 0.10866699999999996 0.163333 0.149333
2 0.46866699999999994 0.10766699999999996 0.056 0.058
3 0.5333330000000001 0.10433300000000001 0.084 0.156667
3 0.616333 0.10666699999999996 0.083333 0.136
2 0.7110000000000001 0.09666699999999995 0.106 0.106667
2 0.816333 0.18033299999999997 0.116667 0.182
2 0.927667 0.15800000000000003 0.104667 0.141333
3 0.882667 0.19533299999999998 0.04 0.048
3 0.238 0.43333299999999997 0.148 0.146667
2 0.07799999999999996 0.342333 0.081333 0.068667
3 0.145667 0.06266700000000003 0.128667 0.121333
2 0.08599999999999997 0.15633300000000006 0.129333 0.120667
3 0.04566700000000001 0.051000000000000045 0.080667 0.102
3 0.18633299999999997 0.517667 0.098 0.096667
3 0.122 0.615333 0.138667 0.136
3 0.12566699999999997 0.713667 0.114 0.080667
3 0.08333299999999999 0.813667 0.130667 0.13
3 0.05800000000000005 0.906667 0.085333 0.090667
3 0.16533299999999995 0.922333 0.148 0.152667
0 0.23866699999999996 0.09699999999999998 0.074667 0.064667
0 0.834667 0.8586670000000001 0.094667 0.089333
0 0.585 0.335333 0.096667 0.113333
0 0.046667000000000014 0.24733300000000003 0.086667 0.102667
0 0.35366699999999995 0.38 0.095333 0.113333
0 0.369 0.559667 0.096667 0.076667
0 0.722333 0.19633299999999998 0.086 0.087333
0 0.06033299999999997 0.41900000000000004 0.102 0.087333
0 0.38 0.774667 0.08 0.069333
0 0.28200000000000003 0.839333 0.058667 0.086667
2 0.941333 0.552667 0.116 0.130667
2 0.931333 0.935 0.136 0.128667
2 0.695667 0.957333 0.100667 0.084
3 0.03966700000000001 0.659667 0.079333 0.163333
2 0.810333 0.955333 0.108667 0.088
