3 0.079333 0.058333 0.084 0.091333
2 0.177333 0.066667 0.138667 0.130667
2 0.123 0.177667 0.115333 0.098
3 0.107333 0.265 0.056 0.054
3 0.180667 0.274 0.097333 0.12
3 0.274667 0.185667 0.065333 0.067333
2 0.352 0.196667 0.090667 0.114667
2 0.397333 0.097 0.092 0.123333
2 0.488 0.088 0.090667 0.136
2 0.583333 0.098333 0.113333 0.135333
2 0.675333 0.11 0.085333 0.108
3 0.749333 0.131333 0.064 0.069333
2 0.617333 0.197 0.097333 0.092667
2 0.733667 0.216333 0.106 0.098
2 0.645 0.279333 0.096667 0.104
2 0.556 0.297333 0.085333 0.102667
2 0.456333 0.285667 0.115333 0.147333
2 0.368667 0.292333 0.072 0.09
2 0.278667 0.280667 0.105333 0.104
2 0.263667 0.384 0.142 0.130667
3 0.351 0.390667 0.043333 0.041333
2 0.338 0.482333 0.04 0.043333
2 0.045 0.412667 0.076667 0.081333
2 0.147667 0.418667 0.13 0.109333
2 0.710667 0.387333 0.089333 0.101333
2 0.625333 0.390667 0.086667 0.101333
3 0.541 0.390333 0.088667 0.094
3 0.692667 0.488667 0.041333 0.042667
2 0.727 0.595667 0.120667 0.087333
2 0.71 0.668667 0.102667 0.108
2 0.624 0.663667 0.092 0.111333
2 0.54 0.639 0.094667 0.15
2 0.460333 0.635333 0.076667 0.114667
2 0.396333 0.645333 0.056667 0.074667
2 0.387333 0.545667 0.081333 0.082
2 0.125 0.522333 0.143333 0.120667
2 0.221333 0.538333 0.066667 0.060667
2 0.302667 0.547333 0.082667 0.078667
2 0.212333 0.604667 0.031333 0.032
2 0.295667 0.632333 0.140667 0.100667
2 0.05 0.700667 0.097333 0.132
2 0.136 0.714 0.081333 0.133333
2 0.211 0.715 0.09 0.114
2 0.286 0.717 0.074667 0.076667
2 0.366667 0.719667 0.084 0.074
2 0.627333 0.763 0.109333 0.100667
2 0.517333 0.755 0.104 0.100667
2 0.083 0.812667 0.131333 0.104
2 0.180333 0.807333 0.07 0.069333
2 0.260667 0.818333 0.088 0.099333
2 0.355667 0.82 0.107333 0.133333
2 0.448667 0.834333 0.078667 0.108667
2 0.542333 0.849333 0.091333 0.094667
2 0.63 0.851 0.08 0.082
2 0.699667 0.837667 0.047333 0.051333
2 0.458667 0.940333 0.102667 0.119333
2 0.346667 0.934 0.12 0.129333
2 0.072667 0.909667 0.090667 0.087333
2 0.816333 0.960667 0.094 0.078667
2 0.795 0.852 0.142 0.121333
2 0.82 0.766 0.141333 0.146667
3 0.773333 0.512 0.117333 0.118667
2 0.835 0.619333 0.095333 0.129333
3 0.930333 0.634333 0.108667 0.095333
2 0.934667 0.699667 0.088 0.058
2 0.803 0.332 0.038 0.044
2 0.885667 0.358333 0.028667 0.031333
3 0.906 0.263 0.118667 0.134
3 0.771667 0.061667 0.075333 0.087333
3 0.846667 0.059667 0.062667 0.063333
3 0.849333 0.144 0.106667 0.108
3 0.941333 0.174333 0.097333 0.092667
2 0.945667 0.049667 0.108667 0.096667
0 0.065667 0.316 0.13 0.098667
0 0.485 0.202 0.111333 0.093333
0 0.857 0.418333 0.103333 0.096667
0 0.670333 0.950667 0.072667 0.082667
0 0.228667 0.914 0.106667 0.082667
0 0.177 0.898 0.096667 0.086667
0 0.133667 0.603333 0.083333 0.066667
0 0.467 0.522333 0.087333 0.107333
0 0.411333 0.461333 0.101333 0.074667
0 0.363 0.427333 0.056667 0.058667
0 0.27 0.466667 0.089333 0.101333
0 0.55 0.516333 0.086667 0.103333
0 0.324667 0.113 0.081333 0.076667
0 0.216667 0.187667 0.066667 0.068667
3 0.969333 0.282 0.061333 0.102667
2 0.043333 0.606333 0.085333 0.09
2 0.034333 0.174667 0.067333 0.110667
