2 0.906333 0.873667 0.080667 0.080667
2 0.802333 0.868667 0.136667 0.126667
2 0.7006669999999999 0.89 0.074667 0.064
2 0.7050000000000001 0.961 0.094 0.074
2 0.7090000000000001 0.819 0.124667 0.091333
2 0.896667 0.779667 0.093333 0.107333
2 0.814667 0.714333 0.148 0.132667
2 0.712 0.734333 0.08 0.083333
2 0.41933299999999996 0.918667 0.073333 0.098667
2 0.493333 0.886667 0.065333 0.057333
2 0.43633299999999997 0.808 0.098 0.125333
2 0.529333 0.83 0.116 0.084
2 0.851333 0.603 0.094667 0.099333
2 0.740667 0.617667 0.12 0.13
2 0.625667 0.638333 0.124667 0.104667
2 0.6599999999999999 0.5569999999999999 0.12 0.100667
3 0.843667 0.5183329999999999 0.067333 0.067333
2 0.523667 0.7436670000000001 0.103333 0.11
2 0.531667 0.671 0.066 0.064667
2 0.347 0.7130000000000001 0.044667 0.039333
3 0.334333 0.794667 0.034 0.045333
2 0.491 0.614333 0.086 0.068667
2 0.557667 0.513 0.064667 0.09
2 0.488 0.475333 0.084 0.08
2 0.48966699999999996 0.5433330000000001 0.066 0.06
2 0.376667 0.5896669999999999 0.117333 0.140667
2 0.30433299999999996 0.49166699999999997 0.079333 0.096667
2 0.39333300000000004 0.465333 0.106667 0.109333
2 0.757667 0.518667 0.096667 0.078667
2 0.6739999999999999 0.46666700000000005 0.130667 0.1
2 0.763667 0.434667 0.079333 0.082667
2 0.945667 0.479333 0.098 0.098667
2 0.887667 0.36966699999999997 0.146 0.163333
2 0.580667 0.384 0.138667 0.130667
2 0.34266700000000005 0.341333 0.036 0.037333
2 0.794 0.310667 0.101333 0.158667
2 0.693667 0.30033299999999996 0.151333 0.140667
2 0.574667 0.28900000000000003 0.097333 0.088667
2 0.524 0.23966699999999996 0.084 0.126
2 0.412667 0.242 0.133333 0.148
2 0.35366699999999995 0.16000000000000003 0.076667 0.085333
3 0.435667 0.142667 0.080667 0.073333
2 0.599 0.18866700000000003 0.071333 0.084
2 0.5529999999999999 0.13433300000000004 0.134 0.095333
2 0.821667 0.19799999999999995 0.076667 0.088
2 0.722 0.17833299999999996 0.153333 0.108667
1 0.965333 0.19266700000000003 0.044 0.045333
2 0.926 0.12 0.114667 0.125333
2 0.834 0.089333 0.093333 0.113333
1 0.728 0.10333300000000001 0.122667 0.069333
2 0.548333 0.06333299999999997 0.074 0.056
2 0.24 0.05033299999999996 0.102667 0.096667
2 0.22899999999999998 0.17200000000000004 0.088667 0.078667
2 0.157667 0.06966700000000003 0.119333 0.128667
3 0.145667 0.18033299999999997 0.074 0.080667
2 0.20133299999999998 0.23266699999999996 0.088 0.062667
3 0.21999999999999997 0.37266699999999997 0.06 0.046667
3 0.23299999999999998 0.30500000000000005 0.132667 0.095333
3 0.030333000000000054 0.28900000000000003 0.060667 0.064667
2 0.029667 0.379 0.059333 0.056667
3 0.11599999999999999 0.45366700000000004 0.048 0.058
3 0.09666699999999995 0.5373330000000001 0.056 0.057333
2 0.19366700000000003 0.527667 0.172667 0.179333
2 0.17800000000000005 0.650667 0.064 0.068
2 0.07833299999999999 0.7126669999999999 0.156667 0.121333
2 0.13766699999999998 0.793667 0.11 0.100667
2 0.06033299999999997 0.867333 0.055333 0.050667
3 0.04300000000000004 0.812667 0.086 0.08
2 0.11233300000000002 0.923333 0.107333 0.086667
2 0.260667 0.7783329999999999 0.136 0.126
2 0.23166699999999996 0.898 0.164667 0.138667
0 0.06833299999999998 0.617 0.107333 0.111333
0 0.295667 0.398 0.100667 0.085333
0 0.475333 0.378667 0.097333 0.094667
0 0.880333 0.23733300000000002 0.091333 0.074667
0 0.631667 0.05666700000000002 0.07 0.069333
0 0.359333 0.6433329999999999 0.062667 0.094667
0 0.10466699999999995 0.285667 0.082667 0.123333
0 0.906667 0.540667 0.066667 0.054667
0 0.626 0.735333 0.090667 0.101333
0 0.42600000000000005 0.721 0.070667 0.056667
0 0.592333 0.933 0.098 0.132667
2 0.05366700000000002 0.13566699999999998 0.107333 0.152667
3 0.365 0.04633299999999996 0.131333 0.092667
2 0.8029999999999999 0.957333 0.116667 0.084
2 0.962667 0.26533300000000004 0.073333 0.112
2 0.933 0.028333000000000053 0.104667 0.056667
2 0.736 0.03933299999999995 0.141333 0.078667
