2 0.090333 0.909667 0.104667 0.080667
2 0.100333 0.7236670000000001 0.146 0.135333
2 0.185 0.653667 0.194 0.174
2 0.136 0.531333 0.108 0.102667
2 0.056667 0.45399999999999996 0.110667 0.094667
2 0.114333 0.291667 0.068667 0.075333
2 0.184667 0.428667 0.056 0.045333
2 0.352 0.321333 0.078667 0.085333
2 0.255667 0.8049999999999999 0.127333 0.167333
2 0.354 0.776667 0.114667 0.122667
2 0.371333 0.656 0.133333 0.16
2 0.396667 0.549667 0.092 0.106
2 0.435333 0.881 0.173333 0.128667
2 0.463333 0.762 0.129333 0.130667
2 0.485 0.659333 0.119333 0.117333
2 0.501333 0.556 0.125333 0.113333
2 0.514 0.47366699999999995 0.072 0.064667
2 0.535333 0.371333 0.121333 0.118667
2 0.635333 0.523333 0.16 0.153333
2 0.599333 0.638667 0.098667 0.082667
2 0.537 0.848333 0.07 0.067333
2 0.579333 0.749667 0.109333 0.128667
2 0.660667 0.843667 0.149333 0.136667
2 0.692333 0.643 0.095333 0.088667
2 0.756 0.909 0.085333 0.084667
2 0.77 0.790667 0.12 0.117333
2 0.784667 0.6663330000000001 0.102667 0.126
2 0.906 0.6819999999999999 0.14 0.14
2 0.880667 0.781667 0.077333 0.066
2 0.884667 0.8993329999999999 0.169333 0.149333
2 0.65 0.946667 0.157333 0.105333
2 0.822667 0.487333 0.056 0.050667
0 0.466667 0.22999999999999998 0.177333 0.18
0 0.743333 0.374333 0.238667 0.202
0 0.930333 0.360333 0.139333 0.186
0 0.717333 0.19366700000000003 0.137333 0.115333
0 0.535 0.090333 0.235333 0.180667
0 0.396 0.475333 0.077333 0.085333
0 0.253667 0.500667 0.123333 0.126667
0 0.958667 0.531667 0.082667 0.104667
0 0.135333 0.43899999999999995 0.097333 0.088667
0 0.258667 0.08433299999999999 0.097333 0.103333
0 0.374667 0.19266700000000003 0.090667 0.117333
0 0.092333 0.17100000000000004 0.183333 0.180667
0 0.247333 0.6966669999999999 0.078667 0.090667
0 0.162667 0.800667 0.090667 0.097333
0 0.104 0.847 0.070667 0.068667
0 0.831333 0.05066700000000002 0.16 0.101333
0 0.451333 0.48166699999999996 0.050667 0.064667
2 0.296667 0.942333 0.133333 0.114
2 0.049667 0.565333 0.098 0.138667
2 0.949333 0.821667 0.101333 0.224667
