2 0.538333 0.929333 0.099333 0.133333
2 0.884 0.928667 0.121333 0.130667
2 0.665667 0.6843330000000001 0.143333 0.127333
2 0.710333 0.5946670000000001 0.172667 0.161333
2 0.748333 0.478333 0.143333 0.147333
2 0.877333 0.503667 0.142667 0.166
2 0.652667 0.43533299999999997 0.089333 0.105333
2 0.718333 0.33366700000000005 0.183333 0.159333
2 0.8336669999999999 0.37366699999999997 0.095333 0.091333
2 0.857667 0.25633300000000003 0.115333 0.134
2 0.734 0.21766700000000005 0.149333 0.119333
2 0.863 0.15600000000000003 0.086 0.085333
2 0.785667 0.14200000000000002 0.071333 0.069333
2 0.833 0.08033299999999999 0.067333 0.067333
2 0.6273329999999999 0.813 0.113333 0.13
2 0.901667 0.728667 0.194 0.18
2 0.937 0.39133300000000004 0.122 0.14
2 0.952 0.28733299999999995 0.066667 0.069333
2 0.947 0.17433299999999996 0.071333 0.062
0 0.21166700000000005 0.394 0.252667 0.282667
0 0.07299999999999995 0.612333 0.146 0.194
0 0.27733300000000005 0.278667 0.141333 0.149333
0 0.5776669999999999 0.271667 0.147333 0.187333
0 0.456333 0.355333 0.111333 0.121333
0 0.44999999999999996 0.46066700000000005 0.082667 0.093333
0 0.368333 0.43033299999999997 0.084667 0.116667
0 0.256667 0.11399999999999999 0.28 0.228
0 0.527333 0.09599999999999997 0.146667 0.192
0 0.31599999999999995 0.590667 0.278667 0.216
0 0.256 0.895667 0.24 0.207333
0 0.374333 0.741333 0.234 0.222667
0 0.44499999999999995 0.914667 0.084667 0.169333
0 0.520667 0.42733299999999996 0.058667 0.066667
2 0.946333 0.623 0.106 0.143333
