3 0.903667 0.051667 0.083333 0.096667
2 0.812 0.073 0.108 0.144667
2 0.718 0.104667 0.124 0.134667
2 0.626333 0.051333 0.092667 0.1
2 0.526 0.075 0.117333 0.128667
2 0.43000000000000005 0.090333 0.089333 0.091333
2 0.33566700000000005 0.104 0.122 0.154667
2 0.479333 0.169 0.113333 0.100667
2 0.607 0.152667 0.107333 0.096
3 0.855333 0.341667 0.081333 0.068667
3 0.613 0.239333 0.13 0.108
3 0.515 0.256667 0.068667 0.078667
3 0.42333299999999996 0.253667 0.112 0.11
3 0.343333 0.280667 0.048 0.050667
3 0.39633300000000005 0.377333 0.164667 0.141333
3 0.5063329999999999 0.433 0.098 0.114
2 0.562333 0.330667 0.098 0.094667
2 0.676667 0.311333 0.152 0.130667
2 0.717667 0.400333 0.051333 0.051333
3 0.62 0.421667 0.142667 0.126
3 0.782333 0.383 0.062 0.063333
2 0.871333 0.418333 0.108 0.103333
2 0.784 0.464667 0.094667 0.078667
3 0.7166669999999999 0.492667 0.090667 0.098667
3 0.6393329999999999 0.513 0.072 0.076667
3 0.547667 0.523333 0.115333 0.098667
2 0.40800000000000003 0.485 0.12 0.116667
2 0.26 0.489333 0.076 0.061333
3 0.860333 0.543667 0.192667 0.154
3 0.656333 0.589667 0.104667 0.09
2 0.5609999999999999 0.619333 0.099333 0.092
2 0.754 0.663667 0.117333 0.100667
2 0.6643330000000001 0.674667 0.064667 0.064
2 0.440333 0.629333 0.142 0.126667
2 0.44699999999999995 0.737667 0.140667 0.112667
2 0.5736669999999999 0.715333 0.116667 0.106667
3 0.704 0.748667 0.073333 0.078667
2 0.481333 0.820667 0.077333 0.069333
3 0.304667 0.776333 0.14 0.143333
3 0.29233299999999995 0.883333 0.092667 0.085333
2 0.394667 0.859 0.124 0.122
2 0.491333 0.884 0.044 0.053333
2 0.5966670000000001 0.867333 0.132 0.118667
3 0.763667 0.826333 0.13 0.144667
2 0.886333 0.812333 0.128667 0.154
2 0.652 0.938333 0.066667 0.095333
3 0.7296670000000001 0.922 0.079333 0.096
2 0.872333 0.931 0.119333 0.134
2 0.13033300000000003 0.880333 0.058 0.051333
2 0.19399999999999995 0.752333 0.070667 0.082
3 0.26633300000000004 0.659 0.15 0.163333
3 0.19566700000000004 0.594333 0.128667 0.128667
3 0.10266699999999995 0.623667 0.086667 0.118
2 0.07966700000000004 0.527333 0.078 0.076
3 0.033332999999999946 0.639333 0.066667 0.102667
2 0.162667 0.507667 0.116 0.095333
2 0.08066700000000004 0.433333 0.089333 0.114667
2 0.206333 0.401 0.17 0.123333
3 0.25833300000000003 0.288333 0.131333 0.135333
2 0.13 0.303 0.152 0.135333
2 0.19733299999999998 0.188 0.146667 0.124
2 0.17166700000000001 0.099 0.086 0.054
2 0.07266700000000004 0.125667 0.12 0.124667
2 0.098333 0.061 0.051333 0.042
3 0.060667000000000026 0.032333 0.085333 0.062
0 0.767667 0.195667 0.078 0.054
0 0.722 0.235667 0.052 0.042
0 0.690333 0.202667 0.042 0.053333
0 0.536667 0.187333 0.049333 0.065333
0 0.768 0.566667 0.070667 0.081333
0 0.329333 0.951667 0.070667 0.072667
0 0.22866699999999995 0.891333 0.052 0.082667
0 0.06000000000000005 0.759333 0.090667 0.1
0 0.337333 0.558667 0.085333 0.081333
0 0.41600000000000004 0.563333 0.053333 0.053333
0 0.49666699999999997 0.587667 0.045333 0.048667
0 0.308667 0.425333 0.045333 0.054667
0 0.533667 0.188 0.054 0.064
0 0.11933300000000002 0.211 0.056 0.051333
0 0.03733299999999995 0.935667 0.074667 0.094
3 0.96 0.392 0.078667 0.154667
2 0.962 0.776333 0.074667 0.100667
3 0.952667 0.954667 0.089333 0.090667
3 0.555667 0.959 0.098 0.082
3 0.132 0.956 0.098667 0.088
3 0.161667 0.034333 0.11 0.067333
