3 0.818333 0.870667 0.068667 0.06
2 0.863667 0.798333 0.104667 0.092667
2 0.885667 0.7006669999999999 0.106 0.122667
2 0.954 0.790667 0.090667 0.1
2 0.784333 0.7146669999999999 0.123333 0.113333
2 0.843333 0.6186670000000001 0.118667 0.128
2 0.957667 0.599667 0.078 0.07
2 0.7276670000000001 0.5896669999999999 0.138 0.140667
2 0.6843330000000001 0.7989999999999999 0.138 0.144667
2 0.618 0.931 0.106667 0.11
2 0.510667 0.942333 0.093333 0.114
2 0.32099999999999995 0.937667 0.138 0.122
1 0.31000000000000005 0.846333 0.098667 0.127333
2 0.41800000000000004 0.8316669999999999 0.126667 0.13
2 0.536 0.826667 0.108 0.125333
2 0.593333 0.704 0.133333 0.108
3 0.608333 0.613333 0.087333 0.072
2 0.501 0.6533329999999999 0.119333 0.126667
3 0.46199999999999997 0.727 0.108 0.088667
2 0.35966699999999996 0.687333 0.152667 0.161333
2 0.31233299999999997 0.5840000000000001 0.080667 0.085333
2 0.43333299999999997 0.593 0.121333 0.103333
3 0.8160000000000001 0.511333 0.050667 0.057333
3 0.751 0.49866699999999997 0.092667 0.078667
2 0.529333 0.525 0.085333 0.080667
3 0.48366699999999996 0.52 0.039333 0.065333
2 0.43633299999999997 0.48166699999999996 0.160667 0.155333
2 0.470333 0.389 0.051333 0.059333
2 0.359333 0.359 0.182667 0.178
2 0.5676669999999999 0.405 0.098 0.083333
3 0.731333 0.395667 0.052 0.059333
2 0.784 0.369333 0.042667 0.048
2 0.885 0.334333 0.162 0.17
2 0.792667 0.29733299999999996 0.098667 0.077333
3 0.930333 0.219333 0.066 0.06
1 0.623667 0.33499999999999996 0.043333 0.040667
1 0.929 0.11199999999999999 0.140667 0.166667
2 0.765 0.097333 0.152667 0.172
1 0.679333 0.10799999999999998 0.088 0.12
2 0.605333 0.18633299999999997 0.184 0.203333
2 0.507 0.169667 0.056667 0.064667
2 0.49 0.225333 0.044 0.056
2 0.416667 0.22499999999999998 0.117333 0.115333
2 0.298667 0.16100000000000003 0.148 0.204667
2 0.42833299999999996 0.11233300000000002 0.120667 0.106
2 0.35166699999999995 0.042332999999999954 0.144667 0.084667
2 0.15300000000000002 0.11633300000000002 0.142 0.128667
2 0.13533300000000004 0.21099999999999997 0.066667 0.056667
2 0.15333300000000005 0.29900000000000004 0.165333 0.144667
2 0.07533299999999998 0.384 0.112 0.089333
2 0.22799999999999998 0.496 0.201333 0.173333
2 0.23266699999999996 0.36966699999999997 0.133333 0.148667
2 0.25633300000000003 0.774 0.160667 0.133333
1 0.13433300000000004 0.804 0.096667 0.114667
2 0.133 0.874 0.060667 0.053333
2 0.17766700000000002 0.669667 0.194 0.182
2 0.08899999999999997 0.5856669999999999 0.147333 0.148667
2 0.220333 0.875333 0.092667 0.098667
2 0.21266700000000005 0.951 0.084 0.088667
0 0.7296670000000001 0.947333 0.123333 0.104
0 0.43899999999999995 0.922 0.112667 0.090667
0 0.5986670000000001 0.850333 0.105333 0.09
0 0.7130000000000001 0.879333 0.058 0.070667
0 0.613667 0.751333 0.083333 0.069333
0 0.802667 0.793 0.065333 0.056667
0 0.872 0.539667 0.066667 0.058
0 0.576667 0.479333 0.074667 0.065333
0 0.493333 0.31799999999999995 0.088 0.088
0 0.6930000000000001 0.208333 0.055333 0.099333
2 0.94 0.42733299999999996 0.118667 0.169333
2 0.555667 0.06599999999999995 0.202 0.132
2 0.033332999999999946 0.479333 0.061333 0.164
2 0.05466700000000002 0.772 0.109333 0.193333
