3 0.8993329999999999 0.274 0.073333 0.097333
2 0.874333 0.26 0.028667 0.04
2 0.815 0.266 0.119333 0.141333
2 0.821 0.145667 0.095333 0.094
2 0.7276670000000001 0.103667 0.151333 0.132667
3 0.647667 0.047333 0.043333 0.041333
2 0.6226670000000001 0.107667 0.062667 0.086
2 0.709333 0.217667 0.133333 0.115333
2 0.65 0.300667 0.169333 0.166667
3 0.849667 0.374667 0.083333 0.077333
2 0.711333 0.453333 0.069333 0.092
3 0.788 0.579 0.062667 0.058
2 0.943 0.691 0.043333 0.039333
1 0.771 0.353667 0.072667 0.07
2 0.688 0.655333 0.150667 0.144
2 0.56 0.639333 0.124 0.093333
2 0.589333 0.536667 0.166667 0.12
2 0.621 0.432667 0.112667 0.112
3 0.5549999999999999 0.179333 0.094 0.116
2 0.536 0.713333 0.096 0.098667
2 0.497333 0.496333 0.070667 0.071333
2 0.5143329999999999 0.402333 0.152667 0.171333
2 0.476 0.261 0.161333 0.168667
2 0.379 0.237667 0.062 0.072667
2 0.514667 0.072 0.094667 0.142667
2 0.38633300000000004 0.131667 0.091333 0.095333
2 0.30933299999999997 0.090667 0.104 0.128
2 0.42800000000000005 0.684 0.130667 0.149333
2 0.33666700000000005 0.670333 0.08 0.103333
2 0.37933300000000003 0.574667 0.102667 0.085333
2 0.389 0.459 0.139333 0.164667
2 0.28300000000000003 0.193667 0.100667 0.108667
2 0.24733300000000003 0.299667 0.194667 0.171333
2 0.271 0.445 0.13 0.136667
2 0.293667 0.558333 0.083333 0.087333
2 0.23933300000000002 0.635333 0.122667 0.12
2 0.258 0.717667 0.046667 0.044667
2 0.142667 0.622667 0.085333 0.1
3 0.166667 0.716667 0.105333 0.094667
3 0.155667 0.483333 0.111333 0.12
2 0.217333 0.536333 0.097333 0.11
2 0.159667 0.372333 0.112667 0.100667
2 0.16000000000000003 0.171333 0.150667 0.148
2 0.13833300000000004 0.265333 0.060667 0.064
2 0.215333 0.067 0.086667 0.088667
2 0.06666700000000003 0.352667 0.110667 0.124
2 0.08066700000000004 0.776667 0.098667 0.117333
2 0.059667000000000026 0.888333 0.098 0.11
2 0.16200000000000003 0.821333 0.108 0.106667
2 0.15200000000000002 0.929 0.110667 0.120667
2 0.28 0.835333 0.156 0.164
2 0.39433300000000004 0.782667 0.087333 0.093333
2 0.49066699999999996 0.828 0.128 0.146667
2 0.449333 0.917333 0.134667 0.154667
2 0.575333 0.941 0.121333 0.115333
2 0.602333 0.835667 0.131333 0.178
2 0.687333 0.836 0.093333 0.156
3 0.658667 0.939667 0.061333 0.058
3 0.759 0.954 0.095333 0.092
2 0.7783329999999999 0.854667 0.094 0.132
2 0.802 0.765333 0.1 0.113333
2 0.924 0.895 0.082667 0.115333
0 0.8140000000000001 0.652667 0.093333 0.098667
0 0.705333 0.564333 0.077333 0.106
0 0.930333 0.358 0.080667 0.058667
0 0.946333 0.628667 0.100667 0.078667
0 0.7953330000000001 0.525667 0.08 0.062
0 0.9053329999999999 0.551333 0.084 0.066667
0 0.492333 0.564 0.068667 0.086667
0 0.936333 0.426 0.034 0.038667
0 0.860333 0.054667 0.044667 0.073333
0 0.74 0.038333 0.134667 0.075333
0 0.952333 0.215333 0.044667 0.058667
0 0.666667 0.502 0.069333 0.049333
0 0.9103330000000001 0.761 0.100667 0.084667
2 0.944333 0.120667 0.11 0.125333
3 0.958 0.036333 0.082667 0.071333
2 0.10399999999999998 0.053667 0.149333 0.106
2 0.05600000000000005 0.227 0.112 0.154
2 0.06233299999999997 0.573667 0.124667 0.171333
2 0.24366699999999997 0.951667 0.131333 0.096667
2 0.852333 0.954667 0.116667 0.090667
