2 0.093667 0.888333 0.083333 0.075333
2 0.08 0.798667 0.102667 0.102667
2 0.055667 0.559667 0.088667 0.082
2 0.065 0.480333 0.09 0.084667
2 0.143333 0.568333 0.086667 0.066
2 0.167333 0.49366699999999997 0.148 0.107333
2 0.176333 0.41633299999999995 0.092667 0.074
2 0.197 0.33099999999999996 0.146 0.099333
2 0.104 0.27733300000000005 0.161333 0.134667
2 0.267667 0.42033299999999996 0.102 0.099333
3 0.258667 0.499 0.06 0.051333
2 0.232 0.590333 0.134667 0.138
2 0.195333 0.681 0.134667 0.127333
2 0.187333 0.788333 0.130667 0.134
2 0.199333 0.889 0.112 0.083333
2 0.265333 0.959667 0.097333 0.079333
3 0.296 0.880667 0.050667 0.052
2 0.301333 0.808 0.084 0.074667
2 0.309333 0.715333 0.114667 0.134667
2 0.321 0.602 0.112667 0.145333
2 0.379 0.889 0.099333 0.084667
2 0.394333 0.802667 0.100667 0.102667
2 0.412333 0.719333 0.096667 0.081333
2 0.429333 0.619 0.122667 0.178
2 0.429667 0.522 0.082 0.084
2 0.486667 0.869 0.102667 0.098
2 0.490667 0.776 0.08 0.085333
2 0.517333 0.592667 0.064 0.078667
2 0.585667 0.721333 0.127333 0.12
2 0.560333 0.814333 0.068667 0.068667
2 0.631 0.874 0.126 0.110667
2 0.656667 0.779667 0.121333 0.119333
2 0.680333 0.700333 0.044667 0.039333
2 0.737667 0.781667 0.044667 0.055333
2 0.713333 0.943667 0.08 0.088667
2 0.808 0.927667 0.106667 0.111333
2 0.779333 0.656333 0.096 0.086
2 0.835 0.707667 0.086 0.079333
2 0.837333 0.825 0.157333 0.136667
2 0.701333 0.592333 0.042667 0.038
2 0.738 0.5329999999999999 0.021333 0.020667
2 0.64 0.546667 0.096 0.105333
0 0.422333 0.25733300000000003 0.186 0.230667
0 0.62 0.28833299999999995 0.246667 0.288667
0 0.813667 0.11333300000000002 0.286 0.226667
0 0.899 0.299667 0.186 0.23
0 0.758667 0.354 0.106667 0.145333
0 0.747333 0.47666699999999995 0.101333 0.074667
0 0.668667 0.45299999999999996 0.101333 0.080667
0 0.340333 0.49666699999999997 0.095333 0.094667
0 0.540667 0.965667 0.114667 0.067333
2 0.049667 0.12233300000000003 0.098 0.091333
2 0.951667 0.933 0.096667 0.131333
