0 0.43033299999999997 0.387333 0.198 0.161333
0 0.43333299999999997 0.257 0.176 0.155333
0 0.647667 0.344667 0.252667 0.242667
0 0.849 0.147333 0.271333 0.293333
0 0.621333 0.149 0.192 0.198
0 0.491333 0.101 0.198667 0.200667
0 0.219333 0.309333 0.228 0.176
0 0.161667 0.179 0.226 0.19
0 0.206333 0.453 0.198 0.147333
0 0.31599999999999995 0.565 0.228 0.178
0 0.44366700000000003 0.655 0.135333 0.131333
0 0.394 0.749667 0.129333 0.131333
0 0.270667 0.696333 0.189333 0.162
0 0.11599999999999999 0.619333 0.232 0.246667
0 0.06566700000000003 0.804333 0.131333 0.131333
0 0.164667 0.818333 0.122667 0.131333
0 0.205333 0.897667 0.182667 0.204667
0 0.62 0.594333 0.290667 0.264667
0 0.821333 0.528667 0.184 0.145333
0 0.628333 0.813333 0.226 0.242667
0 0.611333 0.925667 0.188 0.131333
0 0.396 0.875333 0.157333 0.18
0 0.499 0.891333 0.166 0.216
0 0.32966700000000004 0.935 0.136667 0.13
0 0.852333 0.66 0.178 0.141333
0 0.927 0.71 0.144667 0.150667
0 0.881333 0.812333 0.236 0.167333
0 0.06566700000000003 0.340667 0.131333 0.246667
