2 0.933 0.126333 0.116667 0.098
2 0.9410000000000001 0.251 0.116667 0.15
2 0.818333 0.302333 0.159333 0.160667
2 0.797333 0.433333 0.138667 0.137333
2 0.747333 0.151 0.186667 0.191333
2 0.919 0.468667 0.155333 0.144
2 0.903667 0.628667 0.183333 0.201333
2 0.786 0.652333 0.141333 0.195333
2 0.667333 0.662333 0.114667 0.163333
2 0.589333 0.320667 0.089333 0.073333
2 0.616333 0.239667 0.144667 0.188667
2 0.489 0.148667 0.142 0.130667
2 0.482333 0.297333 0.195333 0.164
2 0.478333 0.393 0.103333 0.071333
2 0.5900000000000001 0.380667 0.073333 0.057333
2 0.593 0.475333 0.274 0.213333
2 0.451333 0.479 0.104 0.118
2 0.36066699999999996 0.346667 0.077333 0.064
2 0.556 0.640667 0.145333 0.157333
2 0.44566700000000004 0.634333 0.087333 0.086
2 0.294667 0.651333 0.201333 0.16
2 0.21999999999999997 0.588667 0.056 0.049333
2 0.351333 0.572333 0.213333 0.154
2 0.34099999999999997 0.448333 0.160667 0.155333
2 0.29100000000000004 0.060333 0.136667 0.119333
2 0.30400000000000005 0.155 0.109333 0.104667
2 0.267 0.253333 0.19 0.157333
2 0.16533299999999995 0.140333 0.2 0.171333
2 0.154667 0.297333 0.109333 0.126667
2 0.21766700000000005 0.455667 0.11 0.187333
2 0.13033300000000003 0.486667 0.147333 0.132
2 0.05133299999999996 0.265 0.102667 0.098
2 0.029333000000000053 0.481333 0.058667 0.089333
2 0.10666699999999996 0.849333 0.149333 0.125333
2 0.096333 0.947667 0.163333 0.104667
2 0.28700000000000003 0.788333 0.171333 0.140667
2 0.44499999999999995 0.727 0.155333 0.112667
2 0.43100000000000005 0.836667 0.15 0.133333
2 0.43433299999999997 0.933333 0.067333 0.085333
2 0.541667 0.900667 0.13 0.108
2 0.547667 0.799667 0.112667 0.119333
2 0.656 0.793 0.113333 0.102
2 0.644 0.876667 0.076 0.081333
2 0.7196670000000001 0.927333 0.168667 0.145333
2 0.840333 0.843333 0.199333 0.156
0 0.377667 0.199333 0.076667 0.081333
0 0.837333 0.740667 0.118667 0.101333
0 0.568667 0.137 0.090667 0.072667
2 0.406667 0.051667 0.116 0.102
2 0.854 0.945333 0.118667 0.109333
2 0.06266700000000003 0.604333 0.125333 0.147333
2 0.06566700000000003 0.372667 0.131333 0.142667
