2 0.945333 0.043667 0.101333 0.083333
3 0.777 0.086 0.058 0.058667
2 0.6803330000000001 0.056 0.108667 0.098667
2 0.7196670000000001 0.126333 0.079333 0.104667
3 0.951 0.157667 0.096667 0.104667
3 0.871 0.182333 0.080667 0.09
2 0.782667 0.209333 0.106667 0.14
3 0.704 0.241333 0.077333 0.088
2 0.624667 0.175667 0.145333 0.159333
3 0.522 0.171667 0.086667 0.102
2 0.44466700000000003 0.078667 0.061333 0.062667
2 0.354 0.103 0.118667 0.152667
2 0.45766700000000005 0.265 0.087333 0.11
2 0.5183329999999999 0.303333 0.076667 0.086667
3 0.622333 0.293 0.076667 0.076667
3 0.830667 0.280333 0.032 0.027333
3 0.880667 0.332333 0.030667 0.031333
3 0.806333 0.354667 0.092667 0.084
3 0.866333 0.412 0.094 0.085333
3 0.914 0.461333 0.068 0.057333
3 0.726667 0.42 0.112 0.118667
3 0.638 0.425 0.085333 0.082
2 0.578333 0.364667 0.120667 0.102667
2 0.319333 0.377333 0.122667 0.133333
3 0.25733300000000003 0.42 0.072 0.076
3 0.39133300000000004 0.429333 0.062667 0.069333
2 0.508667 0.437333 0.102667 0.102667
2 0.586667 0.498333 0.096 0.100667
3 0.646333 0.559667 0.056667 0.059333
2 0.33266700000000005 0.474667 0.073333 0.082667
3 0.395667 0.538333 0.114 0.104667
3 0.275 0.557 0.071333 0.067333
3 0.340333 0.616 0.135333 0.142667
3 0.317333 0.716333 0.053333 0.055333
3 0.41333299999999995 0.674333 0.057333 0.059333
3 0.506667 0.654667 0.038667 0.041333
3 0.689667 0.621333 0.062 0.053333
2 0.7853330000000001 0.603667 0.044 0.043333
2 0.894667 0.586667 0.06 0.06
2 0.936667 0.632667 0.06 0.058667
2 0.943 0.748 0.058 0.072
2 0.888333 0.713 0.072667 0.071333
2 0.7476670000000001 0.684 0.103333 0.1
3 0.813 0.749333 0.047333 0.065333
2 0.608 0.775 0.077333 0.066
2 0.497 0.757 0.088667 0.091333
3 0.368 0.771667 0.052 0.063333
3 0.5409999999999999 0.817333 0.066 0.06
2 0.43899999999999995 0.827333 0.060667 0.054667
2 0.33066700000000004 0.857333 0.058667 0.06
1 0.28500000000000003 0.934667 0.03 0.038667
2 0.49166699999999997 0.905 0.100667 0.088667
2 0.602333 0.881333 0.055333 0.056
2 0.44699999999999995 0.968667 0.019333 0.025333
2 0.783667 0.901333 0.058 0.054667
2 0.874 0.950667 0.065333 0.073333
3 0.15533300000000005 0.932333 0.057333 0.058
3 0.21199999999999997 0.746667 0.057333 0.078667
2 0.13566699999999998 0.792667 0.088667 0.088
3 0.04466700000000001 0.708667 0.085333 0.068
3 0.18866700000000003 0.608667 0.090667 0.096
3 0.11033300000000001 0.651 0.098 0.086
2 0.035667000000000004 0.585333 0.071333 0.08
2 0.12133300000000002 0.537667 0.090667 0.092667
2 0.05166700000000002 0.487667 0.102 0.107333
2 0.225333 0.491333 0.098667 0.073333
3 0.16633299999999995 0.430667 0.11 0.082667
2 0.092333 0.363 0.132667 0.142
2 0.252667 0.269333 0.170667 0.162667
2 0.19866700000000004 0.217333 0.110667 0.102667
2 0.13433300000000004 0.279333 0.063333 0.058667
2 0.14300000000000002 0.156333 0.104667 0.074
2 0.06966700000000003 0.222667 0.114 0.12
2 0.05266700000000002 0.055 0.096 0.099333
0 0.42233299999999996 0.167333 0.131333 0.118667
0 0.705667 0.321 0.080667 0.09
0 0.569333 0.104 0.108 0.092
0 0.358 0.269667 0.113333 0.106
0 0.51 0.529667 0.090667 0.104667
0 0.714 0.52 0.041333 0.049333
0 0.790333 0.530667 0.091333 0.098667
0 0.844 0.5 0.088 0.084
0 0.956667 0.344667 0.08 0.092
0 0.932333 0.561333 0.074 0.084
0 0.5676669999999999 0.665333 0.051333 0.041333
0 0.838 0.673 0.08 0.080667
0 0.8220000000000001 0.834667 0.112 0.108
0 0.6863330000000001 0.764 0.098 0.105333
0 0.6719999999999999 0.923667 0.089333 0.114
0 0.725 0.870333 0.048667 0.058
0 0.39933300000000005 0.866 0.085333 0.085333
0 0.580333 0.962 0.072667 0.057333
0 0.747 0.937 0.066 0.054
0 0.812 0.948667 0.066667 0.06
0 0.762333 0.777 0.060667 0.084667
0 0.920667 0.834333 0.076 0.072667
0 0.07933299999999999 0.889667 0.158667 0.175333
0 0.27133300000000005 0.897 0.048 0.05
0 0.328333 0.927667 0.068667 0.054
0 0.42600000000000005 0.958667 0.084 0.082667
0 0.23533300000000001 0.825333 0.052 0.044
0 0.30400000000000005 0.781 0.072 0.07
0 0.22066699999999995 0.870667 0.058667 0.057333
0 0.20333299999999999 0.371 0.057333 0.058
3 0.836 0.051333 0.137333 0.101333
2 0.9359999999999999 0.925667 0.126667 0.148667
2 0.389 0.034333 0.102 0.067333
2 0.528 0.045 0.125333 0.088667
