2 0.857667 0.028667 0.060667 0.053333
2 0.868333 0.146333 0.058 0.067333
3 0.760333 0.069 0.106 0.126
2 0.654333 0.119667 0.094 0.100667
2 0.549667 0.079 0.122 0.154
2 0.45566700000000004 0.096667 0.068667 0.092
2 0.367 0.137333 0.116667 0.142667
3 0.29433299999999996 0.324 0.100667 0.174667
3 0.367333 0.228333 0.026667 0.026
2 0.39233300000000004 0.302667 0.104667 0.156
2 0.484 0.283 0.076 0.071333
2 0.571 0.241 0.127333 0.166
2 0.773333 0.269333 0.082667 0.096
2 0.896333 0.309 0.156667 0.17
2 0.796333 0.353667 0.115333 0.11
2 0.814667 0.438 0.070667 0.058667
2 0.717667 0.448667 0.11 0.124
2 0.605667 0.411667 0.134 0.167333
2 0.479333 0.406667 0.136 0.186667
3 0.374667 0.424333 0.078667 0.096667
3 0.30400000000000005 0.444 0.061333 0.062667
2 0.594333 0.537 0.143333 0.091333
2 0.42533299999999996 0.555667 0.117333 0.111333
2 0.327333 0.535667 0.073333 0.087333
2 0.35466699999999995 0.640667 0.137333 0.105333
2 0.26733300000000004 0.654 0.038667 0.045333
3 0.44466700000000003 0.647 0.038667 0.040667
2 0.6313329999999999 0.619 0.129333 0.112667
2 0.841 0.552 0.148667 0.124
2 0.851 0.739667 0.152667 0.134
2 0.649 0.726333 0.139333 0.100667
1 0.921333 0.440667 0.154667 0.197333
2 0.525667 0.664333 0.082 0.079333
2 0.48 0.751 0.185333 0.171333
2 0.638333 0.827667 0.115333 0.103333
3 0.731333 0.737667 0.038667 0.048667
2 0.28700000000000003 0.745 0.186 0.174
3 0.18133299999999997 0.812 0.102667 0.098667
2 0.24966699999999997 0.549 0.080667 0.100667
2 0.142667 0.673667 0.14 0.139333
2 0.05400000000000005 0.804667 0.108 0.097333
2 0.12466699999999997 0.557333 0.121333 0.122667
2 0.12133300000000002 0.456667 0.148 0.076
2 0.09199999999999997 0.363333 0.124 0.116
2 0.19833299999999998 0.358 0.098 0.149333
2 0.18899999999999995 0.272 0.062 0.068
2 0.19666700000000004 0.169333 0.124 0.117333
2 0.19099999999999995 0.088333 0.058 0.047333
2 0.062000000000000055 0.103333 0.108 0.094667
2 0.06499999999999995 0.211667 0.116667 0.11
2 0.871333 0.849667 0.117333 0.107333
2 0.774 0.842 0.161333 0.174667
2 0.6639999999999999 0.937 0.121333 0.120667
2 0.501 0.872 0.099333 0.097333
2 0.40433300000000005 0.845 0.087333 0.107333
2 0.43100000000000005 0.949333 0.127333 0.101333
2 0.795667 0.958 0.131333 0.084
2 0.31466700000000003 0.926 0.088 0.090667
2 0.29433299999999996 0.846667 0.094 0.081333
3 0.19899999999999995 0.907667 0.095333 0.091333
0 0.6723330000000001 0.259667 0.135333 0.159333
0 0.475333 0.182 0.101333 0.105333
0 0.756 0.638333 0.121333 0.108667
0 0.504667 0.581667 0.082667 0.088667
2 0.943667 0.063333 0.111333 0.125333
2 0.953 0.215333 0.092667 0.124
2 0.947 0.579667 0.104667 0.115333
2 0.955 0.858667 0.088667 0.145333
2 0.953667 0.726333 0.091333 0.139333
2 0.08999999999999997 0.927667 0.177333 0.144667
2 0.03533299999999995 0.501 0.070667 0.152667
