2 0.851667 0.899 0.214 0.199333
2 0.669 0.9410000000000001 0.146 0.111333
3 0.7006669999999999 0.860333 0.090667 0.095333
2 0.777667 0.759333 0.191333 0.164
2 0.886 0.670667 0.085333 0.077333
2 0.942333 0.556667 0.114 0.166667
2 0.846333 0.567 0.127333 0.182
2 0.779667 0.653667 0.100667 0.099333
2 0.668667 0.648 0.116 0.1
2 0.718 0.5736669999999999 0.130667 0.146
1 0.548 0.646333 0.146667 0.127333
2 0.581 0.757333 0.158 0.16
2 0.5529999999999999 0.854 0.107333 0.088
3 0.506 0.929333 0.141333 0.138667
2 0.31133299999999997 0.866667 0.168 0.134667
2 0.32666700000000004 0.749 0.134667 0.155333
2 0.45999999999999996 0.765667 0.146667 0.214
2 0.427667 0.628333 0.063333 0.063333
2 0.29633299999999996 0.610333 0.17 0.182
2 0.623 0.5369999999999999 0.114 0.132667
2 0.488333 0.542 0.160667 0.157333
2 0.793667 0.42933299999999996 0.168667 0.189333
2 0.663 0.426667 0.114 0.110667
2 0.557667 0.42000000000000004 0.144667 0.152
2 0.419667 0.404667 0.138 0.136
2 0.936667 0.353 0.124 0.15
2 0.848 0.31966700000000003 0.134667 0.148667
2 0.707333 0.30600000000000005 0.128 0.130667
3 0.5920000000000001 0.30833299999999997 0.1 0.088667
2 0.462333 0.282667 0.136667 0.132
2 0.349 0.32899999999999996 0.128667 0.159333
2 0.767333 0.218333 0.138667 0.135333
2 0.710333 0.12166699999999997 0.088667 0.074
2 0.633 0.212333 0.146 0.154
2 0.948 0.12666699999999997 0.069333 0.066667
2 0.832667 0.12333300000000003 0.18 0.164
3 0.565333 0.11066699999999996 0.196 0.16
3 0.344 0.08433299999999999 0.161333 0.138
2 0.306667 0.18700000000000006 0.189333 0.151333
3 0.21266700000000005 0.08999999999999997 0.101333 0.142667
2 0.231333 0.29233299999999995 0.138667 0.120667
2 0.10433300000000001 0.10266699999999995 0.132667 0.190667
2 0.09099999999999997 0.28900000000000003 0.152667 0.223333
2 0.20499999999999996 0.406 0.15 0.138667
2 0.210333 0.517667 0.132667 0.126
2 0.08199999999999996 0.502667 0.132 0.186667
2 0.07966700000000004 0.641667 0.159333 0.146
2 0.20033299999999998 0.773333 0.182 0.222667
2 0.06433299999999997 0.786667 0.128667 0.16
0 0.783 0.932333 0.080667 0.083333
0 0.36466699999999996 0.504 0.141333 0.164
0 0.25333300000000003 0.944 0.084 0.110667
2 0.941333 0.8049999999999999 0.116 0.183333
2 0.947333 0.22066699999999995 0.104 0.136
2 0.6603330000000001 0.04533299999999996 0.115333 0.090667
2 0.45899999999999996 0.06166700000000003 0.174 0.123333
2 0.368333 0.938 0.167333 0.122667
