2 0.906333 0.111667 0.083333 0.075333
2 0.92 0.201333 0.102667 0.102667
2 0.944333 0.440333 0.088667 0.082
2 0.935 0.519667 0.09 0.084667
2 0.8566670000000001 0.431667 0.086667 0.066
2 0.832667 0.506333 0.148 0.107333
2 0.823667 0.583667 0.092667 0.074
2 0.8029999999999999 0.669 0.146 0.099333
2 0.896 0.722667 0.161333 0.134667
2 0.732333 0.579667 0.102 0.099333
3 0.741333 0.501 0.06 0.051333
2 0.768 0.409667 0.134667 0.138
2 0.804667 0.319 0.134667 0.127333
2 0.812667 0.211667 0.130667 0.134
2 0.800667 0.111 0.112 0.083333
2 0.734667 0.040333 0.097333 0.079333
3 0.704 0.119333 0.050667 0.052
2 0.6986669999999999 0.192 0.084 0.074667
2 0.6906669999999999 0.284667 0.114667 0.134667
2 0.679 0.398 0.112667 0.145333
2 0.621 0.111 0.099333 0.084667
2 0.605667 0.197333 0.100667 0.102667
2 0.5876669999999999 0.280667 0.096667 0.081333
2 0.570667 0.381 0.122667 0.178
2 0.570333 0.478 0.082 0.084
2 0.513333 0.131 0.102667 0.098
2 0.509333 0.224 0.08 0.085333
2 0.48266699999999996 0.407333 0.064 0.078667
2 0.41433299999999995 0.278667 0.127333 0.12
2 0.43966700000000003 0.185667 0.068667 0.068667
2 0.369 0.126 0.126 0.110667
2 0.343333 0.220333 0.121333 0.119333
2 0.31966700000000003 0.299667 0.044667 0.039333
2 0.26233300000000004 0.218333 0.044667 0.055333
2 0.286667 0.056333 0.08 0.088667
2 0.19199999999999995 0.072333 0.106667 0.111333
2 0.22066699999999995 0.343667 0.096 0.086
2 0.16500000000000004 0.292333 0.086 0.079333
2 0.162667 0.175 0.157333 0.136667
2 0.298667 0.407667 0.042667 0.038
2 0.262 0.467 0.021333 0.020667
2 0.36 0.453333 0.096 0.105333
0 0.5776669999999999 0.742667 0.186 0.230667
0 0.38 0.711667 0.246667 0.288667
0 0.18633299999999997 0.886667 0.286 0.226667
0 0.10099999999999998 0.700333 0.186 0.23
0 0.24133300000000002 0.646 0.106667 0.145333
0 0.252667 0.523333 0.101333 0.074667
0 0.331333 0.547 0.101333 0.080667
0 0.659667 0.503333 0.095333 0.094667
0 0.459333 0.034333 0.114667 0.067333
2 0.950333 0.877667 0.098 0.091333
2 0.04833299999999996 0.067 0.096667 0.131333
