2 0.088333 0.178 0.174 0.169333
2 0.232333 0.218 0.152667 0.192
2 0.286 0.316 0.092 0.105333
2 0.326 0.08 0.136 0.154667
2 0.535667 0.095667 0.11 0.127333
2 0.664 0.110667 0.152 0.190667
2 0.479333 0.257333 0.177333 0.213333
2 0.628 0.272333 0.130667 0.179333
2 0.060667 0.401333 0.114667 0.141333
2 0.202333 0.394333 0.180667 0.166
2 0.430333 0.427667 0.206 0.218
2 0.301 0.527667 0.183333 0.180667
2 0.168333 0.517667 0.108667 0.124667
2 0.552 0.558 0.224 0.224
2 0.7 0.615667 0.069333 0.062
2 0.152 0.694333 0.142667 0.144667
2 0.321 0.675333 0.200667 0.173333
2 0.361 0.758667 0.123333 0.124
2 0.478 0.664 0.149333 0.109333
2 0.493667 0.774 0.155333 0.14
2 0.635 0.758333 0.186 0.182
2 0.157 0.862333 0.194 0.220667
2 0.281667 0.863 0.103333 0.160667
2 0.401667 0.903667 0.158 0.184667
2 0.518667 0.899 0.097333 0.13
2 0.649 0.907 0.175333 0.180667
2 0.838667 0.892 0.065333 0.057333
2 0.777 0.791 0.160667 0.195333
2 0.820667 0.711667 0.117333 0.102
2 0.713333 0.468333 0.202667 0.226
2 0.894333 0.409667 0.166 0.151333
2 0.744 0.267 0.149333 0.171333
2 0.879667 0.279333 0.147333 0.137333
0 0.591333 0.39 0.129333 0.129333
0 0.789333 0.197 0.101333 0.095333
0 0.873333 0.168667 0.078667 0.110667
0 0.840667 0.518333 0.086667 0.107333
0 0.905333 0.473667 0.106667 0.087333
0 0.232667 0.736333 0.078667 0.091333
0 0.422333 0.126333 0.127333 0.115333
0 0.064 0.971667 0.089333 0.056667
2 0.055667 0.834667 0.11 0.202667
2 0.933 0.777667 0.134 0.267333
2 0.173333 0.074 0.197333 0.146667
