2 0.163667 0.915333 0.166 0.157333
2 0.118667 0.740333 0.210667 0.216667
2 0.203667 0.61 0.094 0.105333
2 0.202333 0.519 0.058 0.083333
1 0.079333 0.6206670000000001 0.109333 0.085333
2 0.109333 0.5283329999999999 0.165333 0.15
2 0.111 0.412667 0.067333 0.077333
1 0.074333 0.29100000000000004 0.140667 0.098
2 0.471333 0.41033299999999995 0.084 0.062
2 0.532333 0.852333 0.174 0.138
2 0.523333 0.741333 0.116 0.1
2 0.515333 0.637 0.130667 0.122
2 0.483 0.5043329999999999 0.199333 0.159333
2 0.476333 0.40633300000000006 0.087333 0.07
2 0.448667 0.307667 0.178667 0.163333
1 0.687 0.929667 0.186 0.138
1 0.672 0.83 0.129333 0.108
1 0.649333 0.7316670000000001 0.146667 0.152667
1 0.609333 0.5816669999999999 0.152 0.183333
1 0.766667 0.771333 0.116 0.097333
1 0.743667 0.6619999999999999 0.103333 0.108
1 0.728 0.556667 0.130667 0.125333
1 0.678333 0.445333 0.144667 0.109333
2 0.575 0.390667 0.124667 0.14
1 0.679667 0.348 0.114 0.121333
1 0.788667 0.340333 0.14 0.115333
1 0.853 0.27 0.102 0.105333
1 0.879 0.35466699999999995 0.059333 0.078667
1 0.797667 0.42300000000000004 0.115333 0.108667
1 0.935 0.36066699999999996 0.115333 0.12
2 0.809 0.511333 0.052667 0.072
2 0.845667 0.625667 0.131333 0.178
2 0.931 0.5569999999999999 0.092667 0.092667
2 0.944 0.6679999999999999 0.112 0.096
2 0.934 0.774667 0.129333 0.114667
2 0.868333 0.895333 0.142 0.133333
1 0.912667 0.20333299999999999 0.096 0.104
1 0.915333 0.06966700000000003 0.124 0.139333
2 0.811333 0.06666700000000003 0.122667 0.104
1 0.829333 0.166667 0.106667 0.106667
2 0.767333 0.23533300000000001 0.12 0.125333
1 0.712 0.12666699999999997 0.112 0.144
2 0.626 0.256 0.161333 0.126667
1 0.608 0.150667 0.122667 0.125333
1 0.714 0.042332999999999954 0.113333 0.084667
1 0.527333 0.21499999999999997 0.106667 0.134
1 0.500333 0.08466700000000005 0.126 0.166667
1 0.597333 0.044332999999999956 0.109333 0.088667
2 0.418333 0.20766700000000005 0.075333 0.076667
2 0.398667 0.11133300000000002 0.121333 0.12
2 0.071333 0.19966700000000004 0.092 0.075333
2 0.072333 0.08966700000000005 0.142 0.146
1 0.900667 0.475333 0.130667 0.126667
0 0.035667 0.911333 0.07 0.073333
0 0.842333 0.7893330000000001 0.096667 0.144
2 0.537 0.952333 0.174 0.094
2 0.956667 0.24366699999999997 0.086667 0.123333
2 0.397 0.03400000000000003 0.119333 0.065333
2 0.042 0.37733300000000003 0.082667 0.125333
