3 0.728667 0.188333 0.046667 0.044667
3 0.17833299999999996 0.018667 0.028667 0.026667
3 0.20099999999999996 0.121333 0.111333 0.118667
3 0.30233299999999996 0.148667 0.076667 0.084
3 0.32466700000000004 0.243667 0.093333 0.099333
3 0.234333 0.255333 0.114 0.104
3 0.09199999999999997 0.259667 0.145333 0.11
2 0.279 0.047 0.122 0.092667
3 0.245 0.356667 0.092667 0.094667
2 0.365 0.346 0.143333 0.129333
2 0.08799999999999997 0.377333 0.165333 0.14
2 0.313333 0.475333 0.174667 0.133333
2 0.254667 0.560333 0.101333 0.083333
2 0.12633300000000003 0.582333 0.146 0.128667
2 0.28500000000000003 0.696667 0.21 0.213333
2 0.155667 0.703333 0.082 0.105333
2 0.20166700000000004 0.779333 0.076667 0.064
3 0.07533299999999998 0.74 0.106667 0.114667
3 0.121 0.827667 0.123333 0.102
3 0.14200000000000002 0.918333 0.068 0.078
2 0.41400000000000003 0.898667 0.082667 0.102667
2 0.33366700000000005 0.948 0.084667 0.101333
0 0.761 0.067 0.131333 0.132667
0 0.26033300000000004 0.863667 0.103333 0.099333
0 0.349 0.826333 0.096667 0.106
0 0.43033299999999997 0.787333 0.103333 0.110667
0 0.507667 0.944 0.099333 0.101333
0 0.15600000000000003 0.205 0.096 0.083333
0 0.091333 0.493333 0.086667 0.088
0 0.18000000000000005 0.498667 0.082667 0.086667
0 0.487 0.863667 0.055333 0.071333
0 0.388 0.547 0.072 0.060667
2 0.06699999999999995 0.093333 0.134 0.169333
2 0.05266700000000002 0.942333 0.105333 0.115333
