2 0.927333 0.954 0.068 0.062667
2 0.862667 0.957 0.076 0.084667
2 0.879667 0.878 0.104667 0.097333
2 0.96 0.884667 0.074667 0.092
2 0.742667 0.948 0.146667 0.089333
2 0.764 0.862667 0.156 0.154667
2 0.814333 0.755333 0.115333 0.118667
2 0.929333 0.795 0.125333 0.108667
2 0.911 0.679 0.156667 0.151333
2 0.7070000000000001 0.734333 0.106 0.104667
2 0.611667 0.724 0.088667 0.110667
2 0.578333 0.901 0.120667 0.152667
2 0.488333 0.874 0.083333 0.130667
2 0.39933300000000005 0.889333 0.129333 0.118667
2 0.28333299999999995 0.873333 0.137333 0.129333
2 0.27033300000000005 0.951 0.123333 0.096667
2 0.28333299999999995 0.757667 0.102667 0.122
2 0.404 0.7663329999999999 0.156 0.151333
2 0.43700000000000006 0.6723330000000001 0.067333 0.083333
2 0.30833299999999997 0.652667 0.138 0.106667
2 0.522 0.7026669999999999 0.101333 0.109333
2 0.707333 0.734667 0.098667 0.102667
2 0.881667 0.5836669999999999 0.106 0.123333
2 0.783 0.566667 0.128667 0.122667
2 0.671667 0.546 0.046 0.068
2 0.634 0.609 0.073333 0.086
2 0.5369999999999999 0.6006670000000001 0.084667 0.082667
2 0.44866700000000004 0.583333 0.073333 0.078667
2 0.351333 0.5696669999999999 0.112 0.107333
2 0.31466700000000003 0.46099999999999997 0.088 0.104667
2 0.39433300000000004 0.491 0.092667 0.09
2 0.499 0.494 0.118 0.116
2 0.599333 0.517333 0.096 0.108
2 0.862333 0.47766699999999995 0.115333 0.104667
2 0.739 0.45366700000000004 0.127333 0.127333
2 0.634667 0.43866700000000003 0.097333 0.109333
2 0.550333 0.418667 0.078 0.089333
2 0.46866699999999994 0.4 0.073333 0.081333
2 0.374333 0.38933300000000004 0.124667 0.126667
2 0.933 0.377667 0.131333 0.152667
2 0.950667 0.272667 0.092 0.090667
2 0.946333 0.18466700000000003 0.104667 0.090667
2 0.844333 0.25833300000000003 0.13 0.104667
2 0.8336669999999999 0.358333 0.104667 0.108667
2 0.742667 0.34066700000000005 0.081333 0.1
2 0.654333 0.339333 0.104667 0.102667
2 0.733 0.258667 0.083333 0.085333
2 0.6393329999999999 0.257 0.112 0.096667
2 0.47266699999999995 0.320333 0.078667 0.075333
3 0.560333 0.32999999999999996 0.024667 0.024
2 0.383667 0.276 0.099333 0.108
2 0.28200000000000003 0.258 0.113333 0.134667
2 0.441333 0.217333 0.1 0.12
2 0.5393330000000001 0.245 0.116 0.147333
2 0.6603330000000001 0.146667 0.148667 0.136
2 0.874667 0.10199999999999998 0.069333 0.070667
2 0.5489999999999999 0.13633300000000004 0.087333 0.078
2 0.452333 0.12766699999999997 0.126 0.111333
2 0.41500000000000004 0.04133299999999995 0.076667 0.08
2 0.21766700000000005 0.08199999999999996 0.151333 0.156
3 0.17433299999999996 0.18966700000000003 0.046 0.046
3 0.22466699999999995 0.352 0.097333 0.086667
2 0.21466700000000005 0.273667 0.028 0.031333
3 0.14400000000000002 0.443333 0.072 0.090667
2 0.22499999999999998 0.46166700000000005 0.096667 0.102
3 0.090333 0.5389999999999999 0.098 0.082
2 0.245 0.5680000000000001 0.114 0.116
2 0.18866700000000003 0.74 0.117333 0.134667
2 0.12266699999999997 0.6313329999999999 0.124 0.106667
3 0.03500000000000003 0.605 0.062 0.087333
2 0.032332999999999945 0.687667 0.064667 0.063333
2 0.16133299999999995 0.898 0.109333 0.133333
3 0.096333 0.889667 0.079333 0.09
2 0.850333 0.18033299999999997 0.078 0.063333
0 0.699667 0.644333 0.072667 0.104667
0 0.779333 0.666667 0.094667 0.081333
0 0.05600000000000005 0.361333 0.112 0.161333
0 0.09266700000000005 0.19699999999999995 0.106667 0.147333
0 0.09066700000000005 0.08166700000000005 0.102667 0.111333
0 0.650667 0.03533299999999995 0.076 0.070667
0 0.503667 0.798 0.080667 0.093333
0 0.07866700000000004 0.788333 0.050667 0.076667
2 0.38233300000000003 0.966333 0.100667 0.066
2 0.925333 0.04133299999999995 0.136 0.082667
