2 0.188333 0.129667 0.160667 0.166
2 0.344667 0.029 0.08 0.056667
2 0.332333 0.086333 0.124667 0.112667
2 0.305 0.168 0.098 0.094667
3 0.259 0.223 0.068667 0.079333
2 0.160333 0.249 0.138 0.139333
2 0.055333 0.286667 0.109333 0.186667
2 0.137667 0.372667 0.108667 0.117333
2 0.237667 0.347667 0.107333 0.098
2 0.256667 0.441 0.132 0.099333
2 0.464 0.293667 0.126667 0.107333
2 0.497 0.090333 0.142 0.144667
2 0.588333 0.148333 0.151333 0.17
2 0.677333 0.209667 0.094667 0.094
2 0.704 0.095333 0.112 0.122667
2 0.675 0.297 0.058 0.062
2 0.430333 0.393333 0.094 0.088
2 0.541333 0.398333 0.138667 0.122
2 0.198 0.533333 0.102667 0.101333
2 0.310333 0.554 0.114 0.12
2 0.41 0.561333 0.105333 0.109333
3 0.445333 0.485 0.116 0.108667
2 0.551 0.497667 0.132667 0.108667
2 0.661 0.484667 0.108667 0.154667
2 0.604 0.612333 0.144 0.156667
2 0.570667 0.685333 0.081333 0.089333
2 0.649 0.706333 0.200667 0.143333
2 0.475667 0.682 0.15 0.182667
2 0.054 0.623333 0.105333 0.124
2 0.152 0.65 0.134667 0.188
2 0.257667 0.671667 0.124667 0.167333
2 0.356 0.678333 0.102667 0.144667
2 0.234667 0.760333 0.090667 0.07
2 0.11 0.748333 0.125333 0.100667
2 0.433667 0.803 0.139333 0.099333
2 0.241333 0.857333 0.061333 0.084
2 0.786667 0.730333 0.117333 0.115333
3 0.870667 0.746 0.08 0.109333
2 0.671 0.845667 0.207333 0.183333
2 0.944333 0.768333 0.078 0.060667
2 0.915333 0.638 0.097333 0.110667
2 0.824667 0.633333 0.122667 0.141333
2 0.726667 0.616333 0.118667 0.132667
2 0.747333 0.475 0.114667 0.098
2 0.781 0.536667 0.056667 0.054667
2 0.854667 0.513667 0.102667 0.124667
3 0.850333 0.422 0.071333 0.061333
2 0.762 0.359333 0.162667 0.16
2 0.874 0.358333 0.108 0.088667
2 0.767333 0.254 0.086667 0.086667
2 0.872333 0.265333 0.134 0.102667
2 0.960667 0.335667 0.078667 0.094
2 0.908333 0.163333 0.131333 0.116
2 0.784667 0.160333 0.124 0.108667
2 0.803333 0.057333 0.122667 0.113333
2 0.904333 0.084667 0.116667 0.102667
2 0.556 0.919 0.137333 0.162
2 0.663 0.956333 0.112667 0.087333
2 0.446 0.904 0.104 0.109333
3 0.338 0.862 0.124 0.137333
2 0.128667 0.87 0.185333 0.16
0 0.348333 0.412 0.100667 0.093333
0 0.611 0.314 0.100667 0.094667
0 0.492667 0.226333 0.098667 0.108667
0 0.391667 0.198 0.143333 0.145333
0 0.298667 0.310333 0.082667 0.115333
0 0.548333 0.825333 0.068667 0.090667
3 0.047667 0.414 0.094 0.113333
3 0.068333 0.520333 0.135333 0.124667
2 0.065667 0.954 0.13 0.092
2 0.220333 0.944333 0.162 0.111333
2 0.785333 0.939 0.165333 0.122
2 0.951667 0.899 0.096667 0.187333
2 0.937667 0.475 0.124667 0.147333
