2 0.142333 0.028667 0.060667 0.053333
2 0.131667 0.146333 0.058 0.067333
3 0.239667 0.069 0.106 0.126
2 0.345667 0.119667 0.094 0.100667
2 0.450333 0.079 0.122 0.154
2 0.544333 0.096667 0.068667 0.092
2 0.633 0.137333 0.116667 0.142667
3 0.705667 0.324 0.100667 0.174667
3 0.632667 0.228333 0.026667 0.026
2 0.607667 0.302667 0.104667 0.156
2 0.516 0.283 0.076 0.071333
2 0.429 0.241 0.127333 0.166
2 0.226667 0.269333 0.082667 0.096
2 0.103667 0.309 0.156667 0.17
2 0.203667 0.353667 0.115333 0.11
2 0.185333 0.438 0.070667 0.058667
2 0.282333 0.448667 0.11 0.124
2 0.394333 0.411667 0.134 0.167333
2 0.520667 0.406667 0.136 0.186667
3 0.625333 0.424333 0.078667 0.096667
3 0.696 0.444 0.061333 0.062667
2 0.405667 0.537 0.143333 0.091333
2 0.574667 0.555667 0.117333 0.111333
2 0.672667 0.535667 0.073333 0.087333
2 0.645333 0.640667 0.137333 0.105333
2 0.732667 0.654 0.038667 0.045333
3 0.555333 0.647 0.038667 0.040667
2 0.368667 0.619 0.129333 0.112667
2 0.159 0.552 0.148667 0.124
2 0.149 0.739667 0.152667 0.134
2 0.351 0.726333 0.139333 0.100667
1 0.078667 0.440667 0.154667 0.197333
2 0.474333 0.664333 0.082 0.079333
2 0.52 0.751 0.185333 0.171333
2 0.361667 0.827667 0.115333 0.103333
3 0.268667 0.737667 0.038667 0.048667
2 0.713 0.745 0.186 0.174
3 0.818667 0.812 0.102667 0.098667
2 0.750333 0.549 0.080667 0.100667
2 0.857333 0.673667 0.14 0.139333
2 0.946 0.804667 0.108 0.097333
2 0.875333 0.557333 0.121333 0.122667
2 0.878667 0.456667 0.148 0.076
2 0.908 0.363333 0.124 0.116
2 0.801667 0.358 0.098 0.149333
2 0.811 0.272 0.062 0.068
2 0.803333 0.169333 0.124 0.117333
2 0.809 0.088333 0.058 0.047333
2 0.938 0.103333 0.108 0.094667
2 0.935 0.211667 0.116667 0.11
2 0.128667 0.849667 0.117333 0.107333
2 0.226 0.842 0.161333 0.174667
2 0.336 0.937 0.121333 0.120667
2 0.499 0.872 0.099333 0.097333
2 0.595667 0.845 0.087333 0.107333
2 0.569 0.949333 0.127333 0.101333
2 0.204333 0.958 0.131333 0.084
2 0.685333 0.926 0.088 0.090667
2 0.705667 0.846667 0.094 0.081333
3 0.801 0.907667 0.095333 0.091333
0 0.327667 0.259667 0.135333 0.159333
0 0.524667 0.182 0.101333 0.105333
0 0.244 0.638333 0.121333 0.108667
0 0.495333 0.581667 0.082667 0.088667
2 0.056333 0.063333 0.111333 0.125333
2 0.047 0.215333 0.092667 0.124
2 0.053 0.579667 0.104667 0.115333
2 0.045 0.858667 0.088667 0.145333
2 0.046333 0.726333 0.091333 0.139333
2 0.91 0.927667 0.177333 0.144667
2 0.964667 0.501 0.070667 0.152667
