2 0.794 0.861 0.16 0.154
2 0.681333 0.866667 0.101333 0.094667
2 0.868667 0.756 0.058667 0.06
2 0.956333 0.764333 0.071333 0.084667
2 0.875333 0.670667 0.066667 0.072
2 0.797667 0.69 0.104667 0.105333
2 0.774 0.750333 0.058667 0.051333
2 0.702333 0.768667 0.120667 0.152
2 0.916 0.579333 0.133333 0.141333
2 0.802333 0.597333 0.163333 0.152
1 0.6930000000000001 0.654 0.103333 0.093333
1 0.6779999999999999 0.588667 0.078667 0.085333
2 0.599 0.803667 0.114 0.158
2 0.5103329999999999 0.8260000000000001 0.184667 0.190667
2 0.499 0.946 0.162 0.105333
2 0.387 0.897333 0.111333 0.132
1 0.301667 0.857667 0.140667 0.17
2 0.319333 0.7456670000000001 0.153333 0.120667
2 0.32966700000000004 0.6599999999999999 0.091333 0.089333
2 0.442333 0.651667 0.138 0.136667
2 0.580333 0.675 0.159333 0.139333
2 0.574333 0.598 0.104667 0.070667
2 0.302667 0.573333 0.137333 0.138667
1 0.40133300000000005 0.5409999999999999 0.118667 0.159333
1 0.489 0.489333 0.127333 0.125333
1 0.377 0.433667 0.107333 0.106
1 0.593333 0.531333 0.129333 0.101333
2 0.720333 0.503 0.154 0.154
2 0.778667 0.42800000000000005 0.074667 0.113333
1 0.946 0.420667 0.104 0.189333
1 0.845333 0.45799999999999996 0.094667 0.138667
2 0.844333 0.34766699999999995 0.126 0.098
2 0.927333 0.28300000000000003 0.081333 0.068667
1 0.28800000000000003 0.46699999999999997 0.101333 0.086
1 0.566667 0.411667 0.14 0.144667
1 0.456333 0.37266699999999997 0.112667 0.113333
1 0.415667 0.30633299999999997 0.103333 0.092667
1 0.332333 0.356333 0.120667 0.146
1 0.6583330000000001 0.382 0.088667 0.101333
1 0.733 0.36166699999999996 0.09 0.106
1 0.786667 0.297667 0.086667 0.058
2 0.8586670000000001 0.244 0.08 0.118667
1 0.938333 0.17200000000000004 0.118 0.126667
2 0.873 0.090333 0.042 0.054
2 0.809333 0.14433300000000004 0.121333 0.127333
2 0.7166669999999999 0.22799999999999998 0.117333 0.110667
1 0.6493329999999999 0.28900000000000003 0.106667 0.115333
1 0.7046669999999999 0.10666699999999996 0.125333 0.134667
1 0.614 0.14500000000000002 0.146667 0.132667
1 0.5800000000000001 0.20566700000000004 0.145333 0.108667
1 0.540667 0.32199999999999995 0.077333 0.074667
1 0.482 0.26233300000000004 0.057333 0.060667
2 0.552333 0.07066700000000004 0.146 0.117333
1 0.48 0.14100000000000001 0.105333 0.142
2 0.386667 0.07799999999999996 0.14 0.152
2 0.305667 0.04500000000000004 0.066 0.059333
1 0.39633300000000005 0.19899999999999995 0.144667 0.168667
2 0.21899999999999997 0.07533299999999998 0.079333 0.086667
1 0.30233299999999996 0.24066699999999996 0.095333 0.097333
2 0.252667 0.169667 0.118667 0.088667
2 0.12833300000000003 0.140667 0.056667 0.053333
2 0.138 0.20199999999999996 0.082667 0.064
1 0.18866700000000003 0.278 0.148 0.145333
1 0.224333 0.383667 0.132667 0.136667
1 0.091333 0.352 0.144 0.104
1 0.133 0.44299999999999995 0.118 0.108667
1 0.20499999999999996 0.513333 0.096667 0.114667
1 0.155667 0.543667 0.087333 0.100667
1 0.06333299999999997 0.502 0.088 0.106667
1 0.030000000000000027 0.5349999999999999 0.06 0.078
1 0.06166700000000003 0.607667 0.123333 0.112667
2 0.20466700000000004 0.691333 0.141333 0.138667
2 0.18566700000000003 0.849667 0.092667 0.142
2 0.12566699999999997 0.759333 0.055333 0.068
2 0.08866700000000005 0.858333 0.113333 0.135333
0 0.848 0.797667 0.078667 0.068667
0 0.7933330000000001 0.23533300000000001 0.074667 0.066667
0 0.05366700000000002 0.947 0.107333 0.104667
0 0.058667000000000025 0.6823330000000001 0.117333 0.106
2 0.949 0.890667 0.099333 0.141333
2 0.753667 0.952333 0.194 0.094
2 0.953667 0.6799999999999999 0.091333 0.112
2 0.774 0.04200000000000004 0.101333 0.066667
2 0.05900000000000005 0.23099999999999998 0.118 0.167333
2 0.05166700000000002 0.782667 0.103333 0.176
