2 0.918 0.333667 0.133333 0.118
3 0.734667 0.316 0.102667 0.121333
2 0.660667 0.180667 0.102667 0.132
2 0.5760000000000001 0.166333 0.06 0.088667
2 0.851333 0.502667 0.142667 0.133333
2 0.886 0.614 0.112 0.105333
2 0.958333 0.631 0.071333 0.112667
2 0.898333 0.703333 0.096667 0.093333
2 0.712333 0.655667 0.122 0.132667
2 0.623333 0.633333 0.052 0.050667
2 0.644333 0.742333 0.058 0.058
2 0.44266700000000003 0.051667 0.102667 0.094
2 0.486 0.151667 0.125333 0.140667
2 0.46566700000000005 0.260333 0.111333 0.091333
2 0.5413330000000001 0.357333 0.106667 0.116
3 0.557667 0.449 0.083333 0.071333
2 0.521667 0.544 0.119333 0.112
2 0.54 0.657667 0.138667 0.143333
3 0.5123329999999999 0.738 0.058 0.06
2 0.438333 0.722667 0.102 0.092
3 0.369333 0.702 0.049333 0.057333
2 0.436667 0.618333 0.104 0.108667
3 0.43400000000000005 0.534 0.065333 0.066667
2 0.475 0.439 0.091333 0.102
2 0.44199999999999995 0.351 0.112 0.114
2 0.368 0.235333 0.113333 0.118667
2 0.34099999999999997 0.345667 0.092667 0.119333
2 0.25333300000000003 0.328667 0.098667 0.109333
2 0.28033300000000005 0.225 0.124667 0.118
3 0.31699999999999995 0.133 0.072667 0.082
2 0.19099999999999995 0.240667 0.067333 0.070667
2 0.16800000000000004 0.292333 0.073333 0.071333
2 0.35066699999999995 0.599333 0.081333 0.12
2 0.28733299999999995 0.7 0.113333 0.126667
2 0.19533299999999998 0.683333 0.082667 0.090667
2 0.27233300000000005 0.563 0.164667 0.167333
2 0.17266700000000001 0.57 0.062667 0.070667
2 0.11699999999999999 0.67 0.103333 0.121333
2 0.097333 0.568667 0.102667 0.104
2 0.18833299999999997 0.474333 0.127333 0.123333
2 0.13533300000000004 0.376 0.098667 0.081333
2 0.07866700000000004 0.467 0.105333 0.107333
2 0.05600000000000005 0.363 0.062667 0.086
2 0.04500000000000004 0.84 0.088667 0.093333
2 0.13466699999999998 0.908667 0.102667 0.1
2 0.20133299999999998 0.942 0.121333 0.116
2 0.229333 0.790667 0.136 0.118667
2 0.353333 0.798667 0.110667 0.12
3 0.322333 0.898 0.098 0.1
2 0.31133299999999997 0.961 0.101333 0.078
2 0.41200000000000003 0.923 0.1 0.092667
2 0.45166700000000004 0.831333 0.126 0.130667
2 0.506667 0.913667 0.102667 0.106
2 0.565 0.976667 0.054 0.046667
3 0.613333 0.839333 0.081333 0.089333
2 0.733333 0.783667 0.132 0.144667
2 0.813 0.778333 0.078 0.103333
2 0.810667 0.884667 0.116 0.132
2 0.946667 0.793333 0.082667 0.090667
2 0.926 0.887 0.097333 0.120667
0 0.621 0.537667 0.115333 0.131333
0 0.394 0.487333 0.093333 0.106667
0 0.313333 0.439667 0.125333 0.088667
0 0.573 0.082333 0.135333 0.088667
0 0.356333 0.044333 0.07 0.087333
0 0.880667 0.221333 0.165333 0.141333
0 0.935333 0.488333 0.073333 0.064667
0 0.962333 0.424333 0.074 0.086
0 0.6823330000000001 0.94 0.126 0.12
0 0.613333 0.927667 0.066667 0.079333
0 0.793 0.67 0.099333 0.089333
0 0.10599999999999998 0.192333 0.176 0.147333
0 0.19499999999999995 0.387333 0.095333 0.113333
0 0.644667 0.325667 0.121333 0.151333
0 0.6990000000000001 0.482 0.124667 0.161333
2 0.935 0.065 0.128667 0.127333
3 0.25833300000000003 0.067667 0.17 0.134
2 0.07466700000000004 0.097 0.149333 0.156667
3 0.06333299999999997 0.965333 0.12 0.069333
2 0.936333 0.967333 0.123333 0.065333
