2 0.866333 0.117667 0.135333 0.124667
2 0.900333 0.201667 0.134 0.128667
2 0.954 0.078667 0.066667 0.072
2 0.6473329999999999 0.434333 0.137333 0.13
2 0.7110000000000001 0.526 0.152667 0.142667
2 0.553667 0.494333 0.123333 0.115333
2 0.774667 0.606333 0.134667 0.155333
2 0.617 0.603 0.159333 0.151333
2 0.48566699999999996 0.59 0.123333 0.136
2 0.358333 0.608333 0.140667 0.139333
2 0.568333 0.677667 0.142 0.118
2 0.7026669999999999 0.691 0.121333 0.115333
2 0.909667 0.754667 0.178 0.158667
2 0.769333 0.755667 0.122667 0.146
2 0.695667 0.818 0.112667 0.130667
1 0.544 0.770333 0.130667 0.114
2 0.44266700000000003 0.713 0.144 0.143333
2 0.348 0.762667 0.128 0.142667
2 0.29300000000000004 0.802667 0.106 0.137333
1 0.44599999999999995 0.825333 0.101333 0.097333
2 0.958667 0.842667 0.081333 0.134667
2 0.904 0.916333 0.108 0.107333
2 0.782333 0.904667 0.144667 0.134667
2 0.605333 0.858 0.132 0.138667
2 0.508667 0.908667 0.117333 0.152
2 0.579 0.944667 0.040667 0.042667
1 0.394 0.909667 0.114667 0.140667
2 0.32666700000000004 0.951667 0.077333 0.080667
1 0.27133300000000005 0.896667 0.085333 0.08
2 0.19866700000000004 0.826333 0.084 0.104667
2 0.10099999999999998 0.873333 0.142 0.142667
2 0.20366700000000004 0.921 0.086 0.107333
0 0.5223329999999999 0.373667 0.076667 0.072667
0 0.515333 0.453333 0.074667 0.070667
0 0.41833299999999995 0.495 0.091333 0.088667
0 0.42633299999999996 0.412 0.099333 0.097333
0 0.484 0.303 0.125333 0.092667
0 0.44166700000000003 0.202 0.096667 0.097333
0 0.35366699999999995 0.238333 0.103333 0.096667
0 0.343333 0.175667 0.082667 0.072667
0 0.325333 0.068667 0.106667 0.101333
0 0.17433299999999996 0.056 0.107333 0.110667
0 0.06799999999999995 0.082667 0.109333 0.109333
0 0.149667 0.147333 0.115333 0.109333
0 0.162667 0.247667 0.109333 0.119333
0 0.19099999999999995 0.325 0.068667 0.068667
0 0.261667 0.29 0.088667 0.110667
0 0.372 0.335333 0.086667 0.093333
0 0.29833299999999996 0.368667 0.080667 0.082667
0 0.214333 0.396 0.103333 0.089333
0 0.326333 0.518 0.084667 0.094667
0 0.315333 0.652333 0.070667 0.064667
0 0.24866699999999997 0.706 0.098667 0.098667
0 0.18200000000000005 0.749667 0.082667 0.096667
0 0.10099999999999998 0.674667 0.099333 0.097333
0 0.254667 0.556667 0.102667 0.078667
0 0.18600000000000005 0.622333 0.090667 0.092667
0 0.06266700000000003 0.621333 0.082667 0.078667
0 0.157667 0.507 0.091333 0.080667
0 0.11633300000000002 0.434333 0.084667 0.080667
0 0.11333300000000002 0.365667 0.102667 0.088667
0 0.04700000000000004 0.292333 0.094 0.095333
0 0.058667000000000025 0.535333 0.102667 0.093333
0 0.03600000000000003 0.432667 0.072 0.149333
0 0.095333 0.790667 0.070667 0.074667
0 0.024666999999999994 0.742 0.049333 0.076
0 0.713667 0.048667 0.106 0.096
0 0.766 0.132333 0.074667 0.075333
0 0.24066699999999996 0.459667 0.050667 0.05
2 0.118 0.958333 0.130667 0.080667
2 0.030667 0.954 0.061333 0.092
