2 0.073667 0.704 0.138 0.144
2 0.237 0.824333 0.147333 0.163333
2 0.141 0.618333 0.112667 0.122
2 0.211667 0.518 0.159333 0.138667
2 0.245333 0.651 0.138667 0.146
2 0.357667 0.6473329999999999 0.095333 0.133333
2 0.445667 0.679333 0.087333 0.094667
3 0.358 0.832667 0.045333 0.054667
2 0.131 0.296667 0.079333 0.076
2 0.368667 0.46766700000000005 0.101333 0.120667
2 0.284333 0.35466699999999995 0.040667 0.08
2 0.384667 0.34266700000000005 0.201333 0.204
2 0.489333 0.379 0.041333 0.05
2 0.552667 0.906 0.125333 0.109333
2 0.54 0.799333 0.102667 0.096
2 0.538667 0.694 0.064 0.069333
2 0.475333 0.593333 0.125333 0.124
2 0.463 0.481333 0.132667 0.112
2 0.595667 0.614333 0.120667 0.138
2 0.578333 0.503667 0.094 0.094
2 0.573333 0.40800000000000003 0.137333 0.137333
2 0.6 0.291667 0.149333 0.15
2 0.495667 0.278667 0.071333 0.097333
3 0.735333 0.838 0.044 0.050667
2 0.708667 0.6273329999999999 0.093333 0.113333
2 0.687333 0.519333 0.102667 0.096
2 0.705667 0.33266700000000005 0.106 0.136
1 0.814 0.32366700000000004 0.105333 0.100667
2 0.828 0.42933299999999996 0.137333 0.137333
2 0.81 0.5549999999999999 0.130667 0.118
2 0.825 0.695667 0.13 0.136667
2 0.834 0.879333 0.104 0.105333
2 0.939333 0.904667 0.102667 0.089333
2 0.924 0.796333 0.133333 0.122
2 0.932333 0.603 0.108667 0.122
2 0.913667 0.46866699999999994 0.106 0.102667
2 0.904 0.266667 0.128 0.152
1 0.853 0.146667 0.159333 0.108
1 0.796333 0.23766699999999996 0.092667 0.114
2 0.763667 0.14133300000000004 0.067333 0.070667
1 0.888 0.05666700000000002 0.188 0.113333
2 0.676 0.10966699999999996 0.112 0.139333
2 0.695667 0.21899999999999997 0.112667 0.099333
2 0.555667 0.10999999999999999 0.139333 0.172
2 0.451 0.08299999999999996 0.09 0.135333
2 0.354667 0.05033299999999996 0.096 0.100667
2 0.372667 0.16900000000000004 0.156 0.134
2 0.282 0.252667 0.134667 0.133333
2 0.196667 0.241 0.069333 0.103333
2 0.091667 0.210333 0.132667 0.112667
2 0.076333 0.09599999999999997 0.120667 0.105333
1 0.777667 0.05133299999999996 0.086 0.102667
0 0.114667 0.349 0.085333 0.079333
0 0.153 0.42133299999999996 0.102 0.082667
0 0.425667 0.760333 0.159333 0.082
0 0.678 0.7396670000000001 0.098667 0.106
0 0.707 0.44599999999999995 0.120667 0.104
0 0.778 0.617667 0.072 0.078
0 0.573 0.744 0.084667 0.072
0 0.598333 0.20399999999999996 0.079333 0.065333
0 0.486667 0.22399999999999998 0.093333 0.062667
0 0.298333 0.096333 0.052667 0.074
0 0.136333 0.928 0.063333 0.052
0 0.224667 0.748667 0.097333 0.057333
0 0.753333 0.721 0.056 0.068667
0 0.254 0.13033300000000003 0.056 0.074
0 0.129333 0.517333 0.061333 0.077333
2 0.040667 0.807667 0.08 0.155333
2 0.053 0.511333 0.103333 0.172
2 0.838333 0.953 0.132667 0.092667
2 0.950333 0.36366699999999996 0.099333 0.138
2 0.956667 0.17466700000000002 0.086667 0.194667
