2 0.080333 0.052667 0.13 0.102667
2 0.086667 0.153667 0.142667 0.126
3 0.195667 0.133 0.104667 0.108667
3 0.104333 0.261333 0.051333 0.06
2 0.275333 0.204333 0.124 0.143333
3 0.299333 0.152667 0.045333 0.048
2 0.263 0.309 0.118 0.104667
2 0.159667 0.320333 0.080667 0.095333
2 0.079 0.367333 0.13 0.112
2 0.369 0.298667 0.086 0.106667
2 0.435333 0.115333 0.132 0.134667
2 0.519 0.15 0.132667 0.201333
2 0.657 0.166 0.146 0.145333
2 0.665 0.057667 0.128667 0.11
2 0.658 0.275667 0.069333 0.082
2 0.629333 0.397 0.126667 0.131333
2 0.507667 0.371333 0.119333 0.117333
2 0.175667 0.477 0.051333 0.059333
2 0.515 0.480333 0.032667 0.036667
2 0.423 0.499 0.131333 0.126
2 0.256667 0.475667 0.132 0.124667
2 0.077667 0.481667 0.138 0.132667
2 0.15 0.580667 0.054667 0.062667
2 0.225667 0.573667 0.098 0.072667
2 0.321333 0.569 0.109333 0.142
2 0.605333 0.589 0.136 0.15
2 0.414667 0.611667 0.117333 0.102
1 0.230333 0.662 0.211333 0.129333
2 0.200333 0.771 0.158 0.122
3 0.128333 0.837 0.055333 0.058
2 0.043 0.838667 0.074 0.06
2 0.317 0.753333 0.104667 0.122667
2 0.275 0.860333 0.152667 0.134
2 0.124 0.91 0.072 0.070667
1 0.198667 0.927667 0.104 0.098
2 0.302 0.956 0.090667 0.084
1 0.421667 0.936 0.162 0.122667
2 0.393667 0.818333 0.108667 0.144667
2 0.496667 0.804667 0.18 0.162667
2 0.559333 0.931 0.130667 0.131333
2 0.667 0.928667 0.087333 0.086667
1 0.494 0.668 0.165333 0.16
2 0.609667 0.709 0.103333 0.096667
1 0.675 0.749 0.187333 0.155333
2 0.804333 0.75 0.104667 0.124
2 0.673667 0.854333 0.147333 0.094
2 0.790333 0.896 0.139333 0.124
2 0.905333 0.737333 0.117333 0.125333
2 0.734667 0.601667 0.129333 0.140667
2 0.929 0.592667 0.124667 0.146667
2 0.849 0.509 0.119333 0.147333
2 0.933667 0.492667 0.058 0.042667
2 0.718 0.482 0.153333 0.141333
2 0.747 0.365667 0.115333 0.13
2 0.868333 0.381333 0.122 0.116
2 0.958333 0.409667 0.083333 0.127333
2 0.859 0.316 0.072667 0.050667
2 0.950667 0.315667 0.056 0.058
2 0.961333 0.233333 0.072 0.108
2 0.878667 0.225667 0.118667 0.154
2 0.763667 0.222333 0.120667 0.146
2 0.896667 0.129333 0.085333 0.068
0 0.432667 0.389 0.074667 0.099333
0 0.590667 0.283667 0.066667 0.115333
0 0.499333 0.556667 0.070667 0.070667
0 0.954333 0.633333 0.091333 0.078667
0 0.753 0.132333 0.074 0.058
2 0.227 0.062333 0.192667 0.122
2 0.065 0.626 0.128667 0.154667
2 0.056333 0.748667 0.111333 0.136
2 0.043 0.932 0.084667 0.12
2 0.925667 0.807667 0.148667 0.208667
2 0.803333 0.062 0.126667 0.122667
