2 0.937333 0.847333 0.124 0.158667
2 0.799333 0.9339999999999999 0.114667 0.105333
2 0.672667 0.915667 0.137333 0.132667
2 0.558333 0.895333 0.108667 0.138667
2 0.479333 0.866333 0.053333 0.060667
2 0.38233300000000003 0.922 0.104667 0.094667
3 0.39433300000000004 0.8200000000000001 0.062 0.073333
2 0.489 0.773 0.108667 0.100667
2 0.578667 0.783 0.06 0.07
2 0.6843330000000001 0.793 0.155333 0.180667
2 0.818667 0.813333 0.126667 0.169333
3 0.925667 0.741333 0.079333 0.066667
3 0.825333 0.681 0.110667 0.098
2 0.7086669999999999 0.6699999999999999 0.105333 0.101333
2 0.5353330000000001 0.655667 0.104 0.118
2 0.319333 0.728333 0.132 0.11
2 0.42333299999999996 0.6663330000000001 0.124 0.154
2 0.31999999999999995 0.623667 0.082667 0.095333
2 0.642333 0.613667 0.156667 0.136667
2 0.46466700000000005 0.5353330000000001 0.136 0.132
3 0.34466699999999995 0.54 0.102667 0.092
2 0.6533329999999999 0.513 0.129333 0.112667
2 0.878333 0.531667 0.128667 0.128667
2 0.7783329999999999 0.48766699999999996 0.135333 0.164667
2 0.916667 0.41933299999999996 0.136 0.105333
3 0.566667 0.46099999999999997 0.092 0.114
2 0.681667 0.42333299999999996 0.128667 0.094667
3 0.480333 0.45899999999999996 0.075333 0.072667
2 0.374333 0.45999999999999996 0.095333 0.076
2 0.386 0.346 0.158667 0.153333
3 0.516 0.364333 0.101333 0.084667
2 0.600333 0.34466699999999995 0.078 0.078667
2 0.694333 0.32799999999999996 0.103333 0.098667
2 0.807667 0.342333 0.142 0.160667
2 0.928 0.314333 0.102667 0.098
2 0.81 0.239 0.064 0.074
2 0.724667 0.22799999999999998 0.104 0.110667
2 0.626667 0.24633300000000002 0.082667 0.09
2 0.529333 0.27633300000000005 0.117333 0.099333
2 0.544667 0.17533299999999996 0.145333 0.125333
2 0.42433299999999996 0.15533300000000005 0.102 0.125333
2 0.32466700000000004 0.22866699999999995 0.089333 0.070667
2 0.21399999999999997 0.220333 0.137333 0.144667
2 0.10899999999999999 0.17000000000000004 0.118 0.128
2 0.10966699999999996 0.29900000000000004 0.144667 0.124667
3 0.030000000000000027 0.236 0.052 0.050667
3 0.18100000000000005 0.38833300000000004 0.092667 0.080667
3 0.268667 0.436667 0.114667 0.14
3 0.11133300000000002 0.43799999999999994 0.070667 0.061333
3 0.22166699999999995 0.599 0.116667 0.135333
2 0.19833299999999998 0.740333 0.104667 0.118
2 0.09966699999999995 0.746 0.106 0.124
2 0.287667 0.826333 0.146 0.100667
2 0.276667 0.920667 0.145333 0.088
2 0.571333 0.09399999999999997 0.113333 0.085333
3 0.9410000000000001 0.10966699999999996 0.116667 0.084667
2 0.20033299999999998 0.09166700000000005 0.136667 0.112667
0 0.10399999999999998 0.916 0.128 0.124
0 0.18799999999999994 0.933 0.066667 0.068667
0 0.16833299999999995 0.47366699999999995 0.124667 0.094
0 0.42600000000000005 0.26033300000000004 0.092 0.082
0 0.32499999999999996 0.291667 0.078 0.068667
0 0.393667 0.090333 0.084667 0.060667
0 0.652667 0.18833299999999997 0.046667 0.048667
0 0.790333 0.17766700000000002 0.052667 0.048667
0 0.791 0.07266700000000004 0.087333 0.113333
0 0.376667 0.038000000000000034 0.072 0.076
0 0.08666700000000005 0.517333 0.137333 0.097333
0 0.315333 0.025666999999999995 0.044 0.043333
0 0.07466700000000004 0.056332999999999966 0.045333 0.043333
2 0.928667 0.652333 0.141333 0.136667
2 0.915333 0.21099999999999997 0.168 0.131333
2 0.488333 0.04400000000000004 0.146 0.088
2 0.07433299999999998 0.615333 0.148667 0.144
2 0.917333 0.943667 0.144 0.111333
