2 0.7853330000000001 0.913333 0.164 0.108
2 0.913667 0.823333 0.123333 0.126667
3 0.788667 0.786667 0.129333 0.144
3 0.6763330000000001 0.7436670000000001 0.122 0.13
2 0.623 0.665333 0.083333 0.08
3 0.570667 0.749333 0.098667 0.093333
2 0.671667 0.859667 0.107333 0.131333
2 0.554333 0.872667 0.134 0.162667
3 0.43133299999999997 0.941333 0.134667 0.114667
2 0.927667 0.6843330000000001 0.143333 0.146
2 0.8069999999999999 0.664667 0.138 0.126667
2 0.478 0.637 0.2 0.159333
2 0.397667 0.520667 0.115333 0.144
2 0.522667 0.501 0.129333 0.107333
2 0.654 0.455333 0.072 0.068
2 0.29700000000000004 0.634 0.147333 0.136
2 0.898667 0.41200000000000003 0.133333 0.137333
2 0.758667 0.460333 0.130667 0.136667
2 0.790333 0.346 0.142 0.113333
2 0.641 0.36566699999999996 0.132667 0.122
2 0.43500000000000005 0.39733300000000005 0.186 0.122667
2 0.45766700000000005 0.27333300000000005 0.143333 0.125333
2 0.33366700000000005 0.25833300000000003 0.119333 0.154
3 0.40633300000000006 0.143667 0.094 0.103333
2 0.937333 0.27433300000000005 0.124 0.13
3 0.839333 0.236 0.089333 0.104
2 0.669 0.261667 0.182 0.136667
3 0.746 0.15000000000000002 0.110667 0.146667
2 0.864 0.12033300000000002 0.114667 0.128667
2 0.6146670000000001 0.11733300000000002 0.114667 0.149333
2 0.517667 0.09466699999999995 0.108667 0.149333
3 0.42400000000000004 0.04166700000000001 0.064 0.067333
2 0.21599999999999997 0.24333300000000002 0.142667 0.164
2 0.16933299999999996 0.10966699999999996 0.177333 0.152667
2 0.07866700000000004 0.396667 0.097333 0.129333
2 0.19466700000000003 0.467333 0.209333 0.209333
2 0.06333299999999997 0.532 0.126667 0.128
2 0.15033300000000005 0.6413329999999999 0.13 0.124
2 0.255 0.833 0.211333 0.179333
3 0.22399999999999998 0.951333 0.137333 0.092
0 0.731 0.615333 0.068667 0.084
0 0.43333299999999997 0.8009999999999999 0.132 0.120667
0 0.5696669999999999 0.41900000000000004 0.075333 0.083333
0 0.544333 0.264 0.087333 0.077333
0 0.11733300000000002 0.267 0.078667 0.103333
0 0.06533299999999997 0.19233299999999998 0.097333 0.088667
0 0.31466700000000003 0.7030000000000001 0.088 0.106
0 0.20866700000000005 0.332333 0.14 0.071333
0 0.06366700000000003 0.10333300000000001 0.078 0.070667
0 0.5333330000000001 0.19266700000000003 0.073333 0.049333
0 0.28333299999999995 0.47566699999999995 0.066667 0.100667
0 0.365333 0.869333 0.057333 0.070667
0 0.945 0.865667 0.076667 0.059333
2 0.934333 0.56 0.13 0.192
3 0.675 0.04466700000000001 0.144667 0.089333
2 0.943 0.09599999999999997 0.112667 0.188
3 0.31200000000000006 0.04200000000000004 0.118667 0.084
2 0.04533299999999996 0.637667 0.090667 0.11
2 0.06233299999999997 0.77 0.124667 0.136
