3 0.360667 0.92 0.052 0.062667
3 0.362667 0.842667 0.049333 0.049333
3 0.363 0.758667 0.032667 0.029333
3 0.362667 0.677667 0.089333 0.091333
2 0.386333 0.582667 0.044667 0.048
2 0.454333 0.932333 0.074 0.087333
2 0.451333 0.755667 0.076 0.064667
2 0.468667 0.676667 0.144 0.114667
3 0.463 0.576333 0.104667 0.098
2 0.466667 0.481333 0.096 0.101333
2 0.476 0.38933300000000004 0.045333 0.044
2 0.596 0.272667 0.054667 0.069333
2 0.677 0.27433300000000005 0.044667 0.047333
2 0.578 0.396667 0.141333 0.126667
3 0.557333 0.5660000000000001 0.096 0.110667
3 0.639333 0.512 0.077333 0.088
3 0.616667 0.614333 0.090667 0.095333
3 0.602667 0.701333 0.092 0.090667
2 0.534333 0.813333 0.075333 0.062667
3 0.538333 0.752333 0.088667 0.088667
3 0.517667 0.96 0.051333 0.056
3 0.523333 0.894 0.092 0.106667
3 0.604 0.89 0.084 0.116
3 0.698333 0.963 0.071333 0.067333
3 0.699667 0.768667 0.099333 0.092
3 0.763333 0.8993329999999999 0.064 0.048
3 0.787 0.833 0.091333 0.080667
3 0.788333 0.675333 0.100667 0.101333
2 0.800667 0.609333 0.032 0.030667
3 0.729 0.532667 0.084667 0.093333
2 0.793 0.5393330000000001 0.054 0.065333
2 0.813 0.45499999999999996 0.055333 0.040667
3 0.837333 0.308667 0.074667 0.070667
3 0.826 0.388667 0.109333 0.089333
3 0.897333 0.681333 0.066667 0.052
3 0.886667 0.767333 0.076 0.064
2 0.880333 0.8376669999999999 0.102 0.091333
3 0.929333 0.367 0.073333 0.062
3 0.933667 0.27833300000000005 0.114 0.123333
3 0.836333 0.235 0.088667 0.079333
3 0.846 0.15933299999999995 0.104 0.094667
3 0.951 0.14433300000000004 0.098 0.107333
3 0.871333 0.07666700000000004 0.073333 0.076
3 0.775667 0.12066699999999997 0.140667 0.145333
3 0.715667 0.06566700000000003 0.084667 0.082
2 0.688333 0.19833299999999998 0.042 0.035333
2 0.496 0.30700000000000005 0.04 0.034
0 0.496 0.206333 0.148 0.155333
0 0.431333 0.12333300000000003 0.152 0.110667
0 0.342333 0.13966699999999999 0.107333 0.099333
0 0.397 0.220333 0.123333 0.111333
0 0.633333 0.07766700000000004 0.054667 0.060667
0 0.712333 0.41333299999999995 0.123333 0.113333
0 0.948667 0.057667000000000024 0.074667 0.064667
0 0.691 0.872 0.092667 0.109333
0 0.730333 0.6226670000000001 0.082 0.093333
0 0.916 0.492333 0.068 0.079333
0 0.883 0.567333 0.123333 0.085333
0 0.928333 0.218333 0.072667 0.062
0 0.549667 0.46966699999999995 0.075333 0.054
3 0.897667 0.963667 0.07 0.071333
