2 0.079667 0.792 0.134 0.136
2 0.131667 0.928667 0.091333 0.112
2 0.209333 0.884667 0.16 0.194667
2 0.342 0.9143330000000001 0.169333 0.168667
1 0.352 0.814667 0.041333 0.044
2 0.333667 0.7130000000000001 0.135333 0.144667
2 0.431 0.784333 0.122 0.114
2 0.195 0.7126669999999999 0.091333 0.089333
2 0.108 0.631 0.125333 0.143333
2 0.229 0.6086670000000001 0.136667 0.126667
2 0.359667 0.594 0.11 0.109333
2 0.289333 0.487 0.138667 0.106
2 0.076 0.483 0.116 0.099333
2 0.141333 0.43233299999999997 0.146667 0.122
2 0.064 0.365333 0.096 0.1
2 0.141333 0.34166700000000005 0.070667 0.074
3 0.072667 0.26833300000000004 0.072 0.083333
2 0.282667 0.354 0.174667 0.142667
2 0.395333 0.333333 0.126667 0.126667
2 0.480667 0.6946669999999999 0.146667 0.133333
2 0.496 0.5569999999999999 0.116 0.148667
2 0.527 0.364 0.167333 0.178667
2 0.621 0.884333 0.17 0.138
2 0.586 0.74 0.150667 0.168
2 0.625333 0.562667 0.145333 0.173333
2 0.719 0.5856669999999999 0.123333 0.184667
2 0.790667 0.948667 0.170667 0.101333
1 0.785 0.8466670000000001 0.203333 0.117333
2 0.802333 0.762 0.23 0.122667
2 0.937667 0.7150000000000001 0.116667 0.134
2 0.817 0.660667 0.195333 0.113333
2 0.833 0.570667 0.114 0.077333
2 0.816 0.474333 0.188 0.124667
2 0.891333 0.38233300000000003 0.201333 0.142
2 0.923333 0.25433300000000003 0.150667 0.159333
2 0.789 0.26 0.158 0.226667
2 0.666 0.31699999999999995 0.16 0.226
2 0.698667 0.14833300000000005 0.124 0.123333
2 0.430333 0.238 0.124667 0.112
2 0.507 0.17666700000000002 0.15 0.137333
2 0.524667 0.07533299999999998 0.104 0.090667
2 0.348333 0.156667 0.066 0.050667
2 0.382 0.054332999999999965 0.108 0.108667
2 0.313667 0.241 0.114 0.116667
2 0.243667 0.24133300000000002 0.055333 0.08
2 0.143667 0.24666699999999997 0.107333 0.110667
2 0.160333 0.15400000000000003 0.086 0.086667
2 0.180333 0.07099999999999995 0.082 0.082
2 0.259333 0.144667 0.098667 0.090667
2 0.082333 0.09199999999999997 0.108667 0.125333
2 0.026 0.23099999999999998 0.048 0.047333
0 0.562667 0.603667 0.106667 0.123333
0 0.617 0.097333 0.119333 0.133333
0 0.793 0.133 0.099333 0.099333
0 0.928333 0.578667 0.083333 0.121333
0 0.283667 0.06433299999999997 0.107333 0.119333
0 0.651333 0.6763330000000001 0.046667 0.05
2 0.785 0.05166700000000002 0.244667 0.103333
2 0.039667 0.562333 0.078 0.124667
