2 0.963667 0.127667 0.055333 0.074
2 0.8993329999999999 0.08 0.12 0.154667
2 0.438333 0.221333 0.135333 0.137333
2 0.365 0.118667 0.13 0.118667
2 0.257667 0.199667 0.060667 0.078
2 0.329333 0.217667 0.097333 0.11
2 0.37266699999999997 0.312667 0.086667 0.081333
2 0.415667 0.369333 0.119333 0.097333
2 0.31100000000000005 0.398 0.107333 0.094667
2 0.22099999999999997 0.461333 0.119333 0.114667
2 0.09099999999999997 0.539 0.115333 0.087333
2 0.160667 0.381333 0.108 0.106667
2 0.24 0.31 0.14 0.126667
2 0.05566700000000002 0.448333 0.111333 0.131333
2 0.18899999999999995 0.119667 0.148667 0.168667
2 0.08966700000000005 0.159667 0.123333 0.168667
0 0.47966699999999995 0.148667 0.060667 0.074667
0 0.557667 0.099 0.095333 0.068667
0 0.792 0.211333 0.074667 0.082667
0 0.813333 0.305 0.093333 0.092667
0 0.919333 0.258667 0.114667 0.113333
0 0.9103330000000001 0.347667 0.052667 0.052667
0 0.845667 0.380667 0.100667 0.090667
0 0.732333 0.332333 0.076667 0.062
0 0.6890000000000001 0.260667 0.095333 0.085333
0 0.596 0.309 0.090667 0.092667
0 0.634333 0.367667 0.103333 0.096667
0 0.5023329999999999 0.356667 0.080667 0.090667
0 0.550667 0.428333 0.073333 0.076667
0 0.657667 0.457667 0.100667 0.091333
0 0.764667 0.419333 0.093333 0.078667
0 0.899 0.455667 0.127333 0.119333
0 0.817333 0.51 0.093333 0.074667
0 0.725333 0.552667 0.094667 0.098667
0 0.665667 0.601 0.096667 0.103333
0 0.5860000000000001 0.608 0.082667 0.097333
0 0.623333 0.698 0.101333 0.094667
0 0.709333 0.672 0.070667 0.066667
0 0.773 0.631333 0.064667 0.074667
0 0.8446670000000001 0.591 0.110667 0.095333
0 0.934333 0.539667 0.072667 0.076667
0 0.957667 0.629667 0.083333 0.094
0 0.872667 0.676 0.090667 0.082667
0 0.8089999999999999 0.705 0.068667 0.080667
0 0.720333 0.743667 0.096667 0.084667
0 0.511333 0.647667 0.102667 0.107333
0 0.43966700000000003 0.474667 0.088667 0.081333
0 0.532333 0.519 0.060667 0.068667
0 0.469 0.558667 0.131333 0.102667
0 0.35866699999999996 0.530333 0.097333 0.099333
0 0.258667 0.572667 0.102667 0.098667
0 0.16700000000000004 0.619333 0.092667 0.098667
0 0.08199999999999996 0.672667 0.093333 0.081333
0 0.08799999999999997 0.782 0.121333 0.109333
0 0.17800000000000005 0.71 0.090667 0.106667
0 0.050000000000000044 0.906333 0.1 0.115333
0 0.12633300000000003 0.858333 0.084667 0.072667
0 0.265667 0.671667 0.084667 0.083333
0 0.24566699999999997 0.770667 0.096667 0.098667
0 0.36866699999999997 0.625333 0.101333 0.098667
0 0.339333 0.711 0.086667 0.080667
0 0.318333 0.821333 0.076667 0.082667
0 0.42733299999999996 0.696 0.101333 0.098667
0 0.396 0.787667 0.062667 0.072667
0 0.47466699999999995 0.780667 0.082667 0.098667
0 0.5433330000000001 0.746667 0.078667 0.082667
0 0.638667 0.782667 0.070667 0.062667
0 0.260667 0.866667 0.094667 0.093333
0 0.18799999999999994 0.913 0.090667 0.096667
0 0.34966699999999995 0.915333 0.111333 0.105333
0 0.267667 0.953667 0.072667 0.080667
0 0.429667 0.87 0.064667 0.066667
0 0.499333 0.846333 0.070667 0.048667
0 0.577 0.827333 0.088667 0.094667
0 0.6859999999999999 0.862667 0.097333 0.089333
0 0.611 0.893 0.068667 0.068667
0 0.5413330000000001 0.916 0.086667 0.094667
0 0.45966700000000005 0.944333 0.096667 0.103333
0 0.749667 0.914 0.079333 0.078667
0 0.766 0.814333 0.082667 0.084667
0 0.845667 0.787 0.088667 0.095333
0 0.915333 0.754667 0.070667 0.066667
0 0.905 0.848333 0.107333 0.096667
0 0.927333 0.919 0.082667 0.056667
0 0.6619999999999999 0.954667 0.121333 0.086667
0 0.971 0.816333 0.056667 0.102
2 0.41233299999999995 0.047 0.120667 0.092667
2 0.05166700000000002 0.064333 0.103333 0.127333
2 0.20899999999999996 0.042333 0.098 0.083333
2 0.043332999999999955 0.616667 0.086667 0.130667
