2 0.943667 0.935667 0.11 0.127333
2 0.545 0.920333 0.139333 0.128667
2 0.449667 0.854333 0.123333 0.11
2 0.606667 0.832 0.149333 0.146667
2 0.669333 0.743 0.138667 0.166
2 0.515667 0.757667 0.162 0.147333
2 0.386667 0.76 0.121333 0.133333
2 0.262333 0.7376670000000001 0.131333 0.140667
2 0.338333 0.651667 0.146 0.146
1 0.434333 0.584667 0.140667 0.112
2 0.470333 0.672667 0.128667 0.116
2 0.599333 0.659333 0.113333 0.118667
2 0.808 0.594333 0.188 0.17
1 0.671 0.602333 0.134 0.140667
1 0.596333 0.527667 0.107333 0.120667
2 0.674667 0.451333 0.145333 0.130667
1 0.502 0.49266699999999997 0.142667 0.148
1 0.402333 0.44699999999999995 0.139333 0.160667
1 0.477333 0.394 0.049333 0.049333
1 0.337667 0.529333 0.103333 0.097333
1 0.877 0.513 0.140667 0.138
1 0.919333 0.431667 0.108 0.106
2 0.802667 0.44766700000000004 0.117333 0.11
1 0.862 0.36066699999999996 0.108 0.133333
1 0.902 0.275667 0.133333 0.091333
1 0.788333 0.281667 0.107333 0.114
1 0.729 0.35766699999999996 0.11 0.147333
2 0.63 0.33966700000000005 0.112 0.134
1 0.687667 0.24233300000000002 0.094 0.107333
1 0.601333 0.22066699999999995 0.090667 0.081333
1 0.766667 0.19133299999999998 0.133333 0.117333
1 0.551333 0.29633299999999996 0.113333 0.118
1 0.439667 0.29833299999999996 0.116667 0.128667
1 0.376667 0.35166699999999995 0.092 0.095333
1 0.345 0.23766699999999996 0.096667 0.111333
1 0.443333 0.17566700000000002 0.169333 0.143333
1 0.286333 0.32799999999999996 0.102 0.122667
1 0.220333 0.257667 0.114 0.123333
1 0.277 0.17866700000000002 0.119333 0.141333
1 0.143333 0.218333 0.124 0.124667
1 0.066667 0.16533299999999995 0.121333 0.118667
1 0.037667 0.255 0.075333 0.072667
1 0.074333 0.30933299999999997 0.09 0.092
2 0.165333 0.347 0.124 0.122
2 0.222 0.40900000000000003 0.078667 0.076667
1 0.295 0.441333 0.120667 0.148
2 0.166667 0.46266700000000005 0.082667 0.081333
2 0.099333 0.433667 0.105333 0.099333
2 0.095 0.522667 0.082 0.081333
2 0.187667 0.5329999999999999 0.108667 0.120667
2 0.242333 0.592667 0.140667 0.153333
1 0.910667 0.148667 0.113333 0.142667
1 0.811333 0.10699999999999998 0.116 0.140667
1 0.746333 0.06399999999999995 0.143333 0.128
1 0.661667 0.144667 0.108667 0.122667
1 0.562 0.14 0.110667 0.168
1 0.622667 0.04933299999999996 0.106667 0.098667
1 0.479667 0.06666700000000003 0.099333 0.114667
1 0.357667 0.11233300000000002 0.080667 0.11
1 0.404 0.048667000000000016 0.097333 0.097333
1 0.257 0.07266700000000004 0.135333 0.125333
1 0.193667 0.146667 0.095333 0.097333
2 0.132667 0.088333 0.085333 0.102
0 0.421333 0.959333 0.081333 0.08
0 0.412 0.879 0.074667 0.072667
0 0.318333 0.843333 0.100667 0.090667
0 0.325333 0.938333 0.094667 0.103333
0 0.199 0.959333 0.084667 0.08
0 0.117333 0.926333 0.098667 0.123333
0 0.076667 0.5816669999999999 0.070667 0.084667
0 0.142667 0.638333 0.093333 0.092667
0 0.078 0.719 0.093333 0.084667
0 0.145667 0.783667 0.095333 0.096667
0 0.221333 0.821333 0.085333 0.086667
0 0.216333 0.6859999999999999 0.075333 0.078667
0 0.058667 0.833333 0.078667 0.070667
0 0.035 0.907667 0.07 0.106
0 0.027 0.650667 0.054 0.089333
2 0.96 0.06866700000000003 0.078667 0.118667
2 0.883667 0.049000000000000044 0.111333 0.098
2 0.069667 0.034667 0.115333 0.069333
1 0.176667 0.03633299999999995 0.094667 0.072667
1 0.041667 0.37 0.083333 0.129333
