2 0.933333 0.086333 0.066667 0.066
2 0.956667 0.165667 0.066667 0.067333
2 0.865667 0.163 0.102 0.088667
2 0.875333 0.251333 0.148 0.104
2 0.904 0.338667 0.136 0.089333
2 0.925333 0.408333 0.092 0.067333
2 0.926667 0.501333 0.145333 0.096
2 0.948667 0.590333 0.101333 0.078
3 0.956 0.68 0.056 0.052
0 0.08399999999999996 0.31 0.168 0.232
0 0.11466699999999996 0.607 0.18 0.163333
0 0.126 0.742333 0.137333 0.135333
0 0.20766700000000005 0.888667 0.119333 0.117333
0 0.31299999999999994 0.880667 0.127333 0.129333
0 0.44399999999999995 0.858333 0.22 0.19
0 0.25733300000000003 0.706 0.145333 0.184
0 0.404667 0.655667 0.161333 0.151333
0 0.41900000000000004 0.764667 0.178 0.110667
0 0.6166670000000001 0.779667 0.230667 0.202
0 0.410667 0.562667 0.089333 0.078667
0 0.349 0.492 0.139333 0.106667
0 0.256 0.367667 0.176 0.166
0 0.397667 0.368 0.115333 0.133333
0 0.509667 0.252667 0.108667 0.121333
0 0.451333 0.120333 0.105333 0.135333
0 0.527 0.102 0.111333 0.144
0 0.729 0.315333 0.123333 0.109333
0 0.749 0.408 0.115333 0.113333
0 0.601667 0.542333 0.135333 0.135333
0 0.581333 0.628333 0.070667 0.080667
0 0.832667 0.672667 0.133333 0.177333
0 0.879333 0.884667 0.117333 0.137333
0 0.7853330000000001 0.921333 0.098667 0.137333
2 0.958667 0.776333 0.081333 0.118
2 0.955667 0.963667 0.083333 0.072667
