2 0.8586670000000001 0.933333 0.136 0.112
2 0.948333 0.841333 0.088667 0.085333
2 0.847333 0.843 0.169333 0.123333
2 0.720333 0.895333 0.132667 0.114667
2 0.560667 0.885333 0.174667 0.169333
2 0.460333 0.954 0.103333 0.088
2 0.362 0.934667 0.117333 0.125333
2 0.361 0.864667 0.054 0.054667
2 0.272667 0.9123330000000001 0.092 0.096667
2 0.29800000000000004 0.772667 0.085333 0.086667
2 0.38233300000000003 0.774 0.116667 0.121333
2 0.495 0.798333 0.116667 0.123333
2 0.69 0.804333 0.098667 0.091333
2 0.958333 0.753667 0.080667 0.107333
2 0.859333 0.742667 0.137333 0.116
2 0.760667 0.737 0.102667 0.083333
2 0.652667 0.7166669999999999 0.092 0.1
2 0.558 0.709667 0.1 0.112667
2 0.45799999999999996 0.7050000000000001 0.110667 0.115333
2 0.262667 0.694 0.108 0.085333
2 0.632 0.625667 0.046667 0.056667
2 0.538667 0.619333 0.112 0.094667
2 0.6639999999999999 0.548667 0.069333 0.068
2 0.909333 0.653 0.089333 0.076667
1 0.821667 0.633 0.083333 0.114
2 0.728333 0.644667 0.132667 0.142667
2 0.919667 0.558 0.148667 0.122667
2 0.839 0.5549999999999999 0.05 0.039333
2 0.756667 0.555667 0.112 0.083333
2 0.5549999999999999 0.532667 0.164667 0.106667
2 0.5489999999999999 0.403667 0.140667 0.160667
2 0.662667 0.44366700000000003 0.110667 0.11
2 0.866667 0.469 0.061333 0.056667
2 0.767667 0.472 0.158 0.124
2 0.933667 0.40333300000000005 0.128667 0.116
2 0.645667 0.337333 0.156667 0.134667
2 0.781 0.33866700000000005 0.135333 0.176
2 0.6743330000000001 0.25133300000000003 0.163333 0.126667
2 0.830667 0.272667 0.057333 0.044
2 0.914667 0.272 0.169333 0.156
2 0.954333 0.17666700000000002 0.088667 0.084
2 0.938 0.095333 0.121333 0.094667
2 0.797667 0.162667 0.139333 0.153333
2 0.690333 0.154667 0.107333 0.081333
2 0.583 0.233333 0.107333 0.142667
2 0.465333 0.252 0.164 0.201333
2 0.38433300000000004 0.22799999999999998 0.052667 0.073333
2 0.45899999999999996 0.11366699999999996 0.111333 0.106
2 0.573 0.12733300000000003 0.148667 0.116
1 0.626333 0.07133299999999998 0.131333 0.101333
2 0.29500000000000004 0.19733299999999998 0.120667 0.133333
2 0.364 0.11499999999999999 0.101333 0.112667
2 0.269667 0.09199999999999997 0.091333 0.092
2 0.18533299999999997 0.08199999999999996 0.082667 0.089333
3 0.08866700000000005 0.08199999999999996 0.097333 0.089333
2 0.124 0.16100000000000003 0.088 0.102
2 0.20166700000000004 0.18566700000000003 0.088667 0.111333
2 0.20299999999999996 0.26833300000000004 0.056667 0.055333
2 0.14500000000000002 0.267 0.047333 0.054
2 0.165667 0.681333 0.088667 0.084
2 0.19433299999999998 0.764 0.083333 0.077333
2 0.08499999999999996 0.7336670000000001 0.116667 0.124667
2 0.170667 0.922333 0.086667 0.076667
2 0.22966699999999995 0.851 0.135333 0.104667
2 0.13366699999999998 0.838333 0.080667 0.096667
2 0.05800000000000005 0.848 0.116 0.116
0 0.04966700000000002 0.61 0.099333 0.153333
0 0.062000000000000055 0.24566699999999997 0.124 0.151333
0 0.03866700000000001 0.166667 0.077333 0.082667
0 0.521667 0.04833299999999996 0.068667 0.072667
0 0.851 0.033332999999999946 0.080667 0.066667
0 0.467333 0.35866699999999996 0.097333 0.094667
2 0.428667 0.03433299999999995 0.121333 0.068667
1 0.661333 0.950333 0.113333 0.098
