2 0.8466670000000001 0.105667 0.152 0.122
2 0.709333 0.129 0.124 0.128667
3 0.708 0.259333 0.108 0.106667
2 0.5966670000000001 0.270333 0.205333 0.194
2 0.702333 0.36 0.046 0.033333
2 0.829 0.333333 0.13 0.126667
2 0.915667 0.513 0.166 0.163333
2 0.819 0.561667 0.223333 0.184667
2 0.6990000000000001 0.479 0.062 0.055333
2 0.556667 0.611 0.148 0.119333
2 0.5613330000000001 0.482 0.205333 0.164
2 0.449333 0.454333 0.101333 0.094
3 0.472 0.335333 0.065333 0.061333
2 0.471333 0.674 0.04 0.036
2 0.354333 0.661667 0.091333 0.092667
2 0.41233299999999995 0.566 0.031333 0.029333
2 0.366 0.556 0.08 0.085333
2 0.361 0.347 0.100667 0.11
2 0.270667 0.239667 0.185333 0.13
2 0.25733300000000003 0.39 0.22 0.177333
2 0.15633300000000006 0.271667 0.067333 0.062
2 0.18933299999999997 0.128 0.117333 0.113333
3 0.06266700000000003 0.356667 0.064 0.066667
2 0.157667 0.505 0.139333 0.136667
2 0.12833300000000003 0.742667 0.166 0.193333
2 0.24133300000000002 0.615667 0.122667 0.080667
2 0.24266699999999997 0.723 0.132 0.152667
2 0.24233300000000002 0.843333 0.123333 0.129333
2 0.14333300000000004 0.848 0.088 0.08
2 0.153667 0.933 0.122 0.087333
2 0.354333 0.766333 0.142 0.134
2 0.35866699999999996 0.849 0.037333 0.040667
2 0.435667 0.802333 0.103333 0.106
2 0.431667 0.926333 0.138 0.147333
2 0.552333 0.810667 0.131333 0.124
2 0.548 0.929667 0.128 0.119333
2 0.481333 0.922 0.045333 0.049333
2 0.649667 0.717333 0.23 0.193333
2 0.679 0.856 0.120667 0.109333
2 0.844 0.768333 0.185333 0.155333
2 0.8356669999999999 0.885667 0.131333 0.107333
2 0.922 0.759333 0.072 0.088
3 0.924333 0.919667 0.111333 0.15
0 0.899 0.22 0.138 0.114667
0 0.94 0.407667 0.118667 0.127333
0 0.6950000000000001 0.582667 0.112667 0.113333
0 0.259667 0.52 0.123333 0.141333
0 0.647667 0.448333 0.147333 0.115333
0 0.45266700000000004 0.225 0.149333 0.158
0 0.13633300000000004 0.379667 0.119333 0.135333
0 0.933333 0.675667 0.097333 0.104667
0 0.6333329999999999 0.150333 0.106667 0.100667
0 0.781 0.42 0.111333 0.082667
0 0.39 0.483667 0.110667 0.094
0 0.15233300000000005 0.193 0.118 0.076667
2 0.957 0.054333 0.084667 0.107333
2 0.288667 0.062667 0.149333 0.124
2 0.05033299999999996 0.554 0.100667 0.086667
2 0.04266700000000001 0.468 0.085333 0.102667
2 0.04166700000000001 0.657667 0.083333 0.108667
2 0.04466700000000001 0.76 0.089333 0.104
2 0.055332999999999966 0.859667 0.110667 0.136667
2 0.32166700000000004 0.952333 0.143333 0.095333
2 0.6739999999999999 0.945333 0.158667 0.109333
3 0.815667 0.949 0.131333 0.102
