2 0.938667 0.254667 0.121333 0.101333
2 0.896667 0.168 0.101333 0.101333
2 0.854 0.103333 0.096 0.110667
1 0.782333 0.164 0.116667 0.144
1 0.736667 0.083333 0.112 0.116
2 0.632667 0.146 0.114667 0.153333
2 0.6966669999999999 0.219 0.149333 0.152667
2 0.574333 0.075333 0.058 0.057333
2 0.622333 0.288 0.131333 0.125333
1 0.6819999999999999 0.340667 0.137333 0.108
2 0.724667 0.397333 0.048 0.044
2 0.857333 0.408 0.094667 0.072
2 0.954667 0.647667 0.089333 0.091333
2 0.861667 0.697333 0.148667 0.137333
2 0.725 0.554333 0.112667 0.103333
2 0.671333 0.491 0.093333 0.086
2 0.558667 0.679 0.086667 0.108667
2 0.573 0.480333 0.091333 0.091333
2 0.516667 0.415333 0.149333 0.165333
2 0.47 0.492667 0.058667 0.062667
2 0.43733299999999997 0.304 0.092 0.102667
2 0.406667 0.442667 0.093333 0.125333
2 0.5263329999999999 0.158 0.115333 0.110667
2 0.41333299999999995 0.172667 0.137333 0.133333
1 0.363 0.111667 0.059333 0.074
1 0.34366699999999994 0.229 0.107333 0.114
2 0.353333 0.385333 0.072 0.070667
2 0.373333 0.528667 0.093333 0.089333
2 0.18766700000000003 0.573 0.082 0.068667
1 0.12266699999999997 0.375333 0.058667 0.065333
2 0.18300000000000005 0.348667 0.103333 0.092
2 0.209333 0.278 0.137333 0.118667
2 0.238 0.191 0.149333 0.11
2 0.25333300000000003 0.039333 0.065333 0.069333
2 0.257 0.11 0.176667 0.105333
2 0.122 0.118 0.109333 0.098667
2 0.05266700000000002 0.066333 0.089333 0.088667
2 0.11233300000000002 0.225667 0.088667 0.074
2 0.057667000000000024 0.303667 0.059333 0.051333
2 0.05233299999999996 0.161 0.104667 0.114
2 0.05666700000000002 0.554667 0.077333 0.068
2 0.11233300000000002 0.774333 0.052667 0.075333
2 0.17633299999999996 0.796 0.096667 0.086667
2 0.145667 0.92 0.147333 0.16
2 0.532667 0.804667 0.096 0.116
2 0.695333 0.743667 0.110667 0.123333
2 0.967333 0.550333 0.064 0.059333
0 0.506 0.543333 0.090667 0.090667
0 0.46666700000000005 0.662667 0.069333 0.062667
0 0.48 0.722 0.074667 0.052
0 0.45166700000000004 0.858333 0.103333 0.099333
0 0.273667 0.865333 0.111333 0.109333
0 0.30700000000000005 0.473667 0.056667 0.064667
0 0.501 0.065667 0.072667 0.084667
0 0.42633299999999996 0.073667 0.080667 0.080667
0 0.545667 0.310667 0.084667 0.070667
0 0.514 0.244 0.070667 0.058667
0 0.872667 0.558333 0.097333 0.088667
0 0.796 0.61 0.081333 0.078667
0 0.24133300000000002 0.621 0.082667 0.096667
0 0.05166700000000002 0.671333 0.103333 0.113333
0 0.19466700000000003 0.506667 0.070667 0.054667
0 0.13766699999999998 0.501667 0.068667 0.060667
0 0.12633300000000003 0.44 0.087333 0.066667
0 0.06433299999999997 0.394 0.068667 0.062667
0 0.05833299999999997 0.469667 0.064667 0.052667
0 0.25833300000000003 0.381667 0.060667 0.058
0 0.946333 0.481 0.106 0.114
0 0.143667 0.636667 0.094 0.084
0 0.38633300000000004 0.738667 0.07 0.064
0 0.378 0.601 0.065333 0.062
0 0.741 0.884333 0.099333 0.108667
0 0.5043329999999999 0.954333 0.088667 0.091333
0 0.918667 0.951667 0.108 0.086
0 0.804333 0.829333 0.086 0.089333
0 0.882667 0.796333 0.096 0.076667
0 0.650667 0.675333 0.070667 0.066667
0 0.676667 0.918 0.082667 0.108
2 0.965 0.122 0.068667 0.113333
2 0.6663330000000001 0.036333 0.144667 0.071333
2 0.232333 0.949 0.134 0.102
