2 0.904667 0.891667 0.136 0.160667
2 0.8376669999999999 0.8396669999999999 0.096667 0.094
2 0.9033329999999999 0.763333 0.082667 0.073333
2 0.523667 0.9339999999999999 0.11 0.125333
2 0.608333 0.893 0.092667 0.082
2 0.685667 0.847667 0.175333 0.174
2 0.770667 0.776667 0.113333 0.110667
2 0.841333 0.7150000000000001 0.082667 0.068667
2 0.918667 0.6579999999999999 0.153333 0.173333
2 0.860667 0.568333 0.101333 0.092667
2 0.777333 0.634333 0.137333 0.154
2 0.686667 0.677667 0.121333 0.140667
2 0.618333 0.736 0.099333 0.122667
2 0.552 0.784333 0.098667 0.123333
2 0.486 0.828667 0.109333 0.132
2 0.399667 0.876667 0.119333 0.141333
2 0.35766699999999996 0.949667 0.083333 0.076667
2 0.286667 0.875333 0.112 0.133333
2 0.354 0.819333 0.078667 0.092
2 0.429667 0.751333 0.086 0.110667
2 0.494333 0.6839999999999999 0.123333 0.133333
2 0.403667 0.574333 0.143333 0.135333
2 0.942333 0.513667 0.111333 0.116667
2 0.782667 0.491333 0.132 0.132
2 0.6553329999999999 0.491333 0.113333 0.142667
2 0.554 0.5549999999999999 0.138667 0.166
3 0.5389999999999999 0.631667 0.026 0.024667
2 0.575 0.464333 0.05 0.044667
2 0.32599999999999996 0.47366699999999995 0.118667 0.135333
1 0.25833300000000003 0.42000000000000004 0.076667 0.097333
2 0.546333 0.41533299999999995 0.076667 0.073333
2 0.7106669999999999 0.41900000000000004 0.064 0.062
2 0.489 0.365 0.07 0.082
2 0.627 0.374333 0.103333 0.131333
2 0.894 0.403667 0.128 0.135333
2 0.789 0.348 0.155333 0.154667
2 0.714 0.29100000000000004 0.088 0.098
2 0.584333 0.25733300000000003 0.134 0.149333
2 0.654667 0.21066700000000005 0.082667 0.08
2 0.446333 0.24633300000000002 0.154 0.178
2 0.387667 0.32899999999999996 0.043333 0.05
2 0.315333 0.23633300000000002 0.093333 0.128667
2 0.377667 0.157667 0.114 0.092667
2 0.614 0.126 0.094667 0.101333
1 0.696333 0.17500000000000004 0.067333 0.083333
2 0.883667 0.281 0.11 0.102
2 0.949 0.23633300000000002 0.095333 0.122
2 0.819 0.18200000000000005 0.144667 0.133333
2 0.926 0.10099999999999998 0.130667 0.142
2 0.736667 0.11133300000000002 0.069333 0.066667
2 0.668667 0.05300000000000005 0.073333 0.098
2 0.486 0.09599999999999997 0.153333 0.137333
3 0.238 0.10866699999999996 0.116 0.1
2 0.24433300000000002 0.293667 0.091333 0.134
2 0.14233300000000004 0.258 0.11 0.104
2 0.19966700000000004 0.18633299999999997 0.124667 0.115333
2 0.07299999999999995 0.10666699999999996 0.118 0.161333
2 0.148667 0.39233300000000004 0.114667 0.134
2 0.20499999999999996 0.47666699999999995 0.106 0.114667
2 0.132 0.553667 0.14 0.127333
2 0.267 0.636333 0.187333 0.166
2 0.15200000000000002 0.699667 0.082667 0.119333
2 0.05600000000000005 0.617 0.112 0.115333
2 0.05300000000000005 0.7166669999999999 0.098 0.089333
2 0.235 0.776 0.094 0.086667
2 0.10766699999999996 0.779667 0.079333 0.09
2 0.052000000000000046 0.811667 0.074667 0.079333
2 0.19633299999999998 0.819 0.123333 0.119333
2 0.12733300000000003 0.880333 0.106667 0.106
2 0.05733299999999997 0.948667 0.098667 0.097333
2 0.215333 0.948333 0.085333 0.098
0 0.406667 0.41133299999999995 0.072 0.090667
0 0.33299999999999996 0.687333 0.154 0.16
2 0.963667 0.837 0.071333 0.162
2 0.840667 0.952 0.134667 0.094667
2 0.41133299999999995 0.05133299999999996 0.178667 0.102667
2 0.13533300000000004 0.06233299999999997 0.121333 0.124667
2 0.04266700000000001 0.355 0.085333 0.154
2 0.04733299999999996 0.505667 0.094667 0.142
