2 0.845 0.107 0.119333 0.152667
2 0.947667 0.096667 0.103333 0.144
2 0.875667 0.211333 0.138 0.113333
2 0.738333 0.082 0.115333 0.134667
2 0.678667 0.167667 0.154667 0.176667
2 0.6026670000000001 0.103 0.133333 0.203333
2 0.506 0.072333 0.096 0.131333
2 0.41033299999999995 0.079333 0.103333 0.156
2 0.46299999999999997 0.194 0.124667 0.137333
2 0.32166700000000004 0.110667 0.128667 0.096
2 0.33499999999999996 0.205667 0.148667 0.107333
2 0.38833300000000004 0.325 0.148667 0.127333
2 0.685333 0.359 0.145333 0.13
3 0.793667 0.365667 0.063333 0.071333
2 0.892333 0.314667 0.132667 0.117333
2 0.917667 0.43 0.162 0.132
2 0.755333 0.493333 0.108 0.130667
2 0.647667 0.492667 0.104667 0.128
2 0.554667 0.526333 0.105333 0.171333
2 0.44299999999999995 0.544 0.122 0.129333
2 0.30800000000000005 0.454333 0.145333 0.148667
2 0.33599999999999997 0.578667 0.129333 0.132
2 0.488333 0.663 0.138 0.116667
2 0.592333 0.653667 0.098 0.116667
2 0.6926669999999999 0.629 0.112 0.143333
2 0.7893330000000001 0.609667 0.08 0.09
2 0.899667 0.608667 0.135333 0.169333
2 0.832 0.719 0.164 0.122
2 0.371333 0.689 0.08 0.075333
2 0.6126670000000001 0.747667 0.050667 0.054
2 0.40233300000000005 0.794 0.119333 0.141333
2 0.5243329999999999 0.777667 0.123333 0.147333
2 0.739 0.814667 0.158 0.170667
3 0.638667 0.861667 0.109333 0.120667
2 0.77 0.933 0.138667 0.108667
2 0.6599999999999999 0.950667 0.093333 0.090667
2 0.599333 0.944333 0.066667 0.068667
2 0.458333 0.900333 0.123333 0.114
3 0.329333 0.930667 0.126667 0.132
3 0.20099999999999996 0.845333 0.136667 0.126667
3 0.101333 0.894333 0.101333 0.103333
3 0.087333 0.779 0.068 0.055333
3 0.14400000000000002 0.721667 0.134667 0.15
2 0.26633300000000004 0.72 0.123333 0.152
2 0.20099999999999996 0.493333 0.132667 0.136
2 0.12766699999999997 0.585 0.148667 0.148667
3 0.05833299999999997 0.684 0.112667 0.086667
2 0.18433299999999997 0.377 0.115333 0.088667
2 0.16400000000000003 0.281 0.150667 0.123333
2 0.04600000000000004 0.282333 0.092 0.140667
2 0.11699999999999999 0.148333 0.179333 0.124667
0 0.724333 0.272 0.126 0.088
0 0.855333 0.488667 0.082667 0.1
0 0.28400000000000003 0.335667 0.074667 0.103333
0 0.19066700000000003 0.201333 0.072 0.090667
0 0.19133299999999998 0.052 0.065333 0.082667
0 0.615 0.280333 0.074 0.060667
0 0.5369999999999999 0.248 0.067333 0.057333
0 0.556333 0.911 0.074 0.072667
2 0.895 0.920333 0.168667 0.159333
2 0.475 0.969667 0.118 0.060667
3 0.033332999999999946 0.897667 0.066667 0.19
2 0.03966700000000001 0.576 0.079333 0.164
2 0.07666700000000004 0.047667 0.153333 0.094
