2 0.100667 0.941667 0.106667 0.099333
2 0.100667 0.852333 0.077333 0.07
2 0.203333 0.893667 0.173333 0.163333
2 0.324 0.896667 0.065333 0.070667
2 0.046333 0.7316670000000001 0.09 0.091333
2 0.168333 0.748 0.154 0.137333
2 0.084667 0.614333 0.16 0.159333
2 0.186667 0.6533329999999999 0.061333 0.064
2 0.157333 0.537667 0.134667 0.128667
2 0.036333 0.36266699999999996 0.066 0.074667
2 0.090333 0.280667 0.120667 0.112
2 0.113667 0.38233300000000003 0.096667 0.100667
3 0.193333 0.42700000000000005 0.12 0.103333
2 0.193667 0.30000000000000004 0.096667 0.094667
2 0.348333 0.7953330000000001 0.160667 0.122667
2 0.292 0.692 0.144 0.142667
2 0.404667 0.696333 0.064 0.084667
2 0.273 0.56 0.134 0.125333
2 0.289 0.351333 0.154 0.158667
2 0.389333 0.29200000000000004 0.121333 0.141333
2 0.380667 0.47966699999999995 0.152 0.147333
2 0.453667 0.420667 0.114 0.122667
3 0.494333 0.751667 0.111333 0.106
2 0.459667 0.6146670000000001 0.140667 0.153333
2 0.480667 0.31799999999999995 0.126667 0.132
3 0.576667 0.341333 0.1 0.118667
3 0.579 0.545667 0.091333 0.091333
2 0.577667 0.635667 0.083333 0.075333
2 0.608 0.774 0.096 0.096
2 0.634 0.881 0.216 0.152667
2 0.669667 0.695667 0.199333 0.187333
2 0.761667 0.823 0.095333 0.088667
2 0.731667 0.570333 0.146 0.118
2 0.641667 0.455333 0.183333 0.137333
2 0.695667 0.35266699999999995 0.092667 0.084
2 0.737 0.26533300000000004 0.094 0.088
2 0.845667 0.27133300000000005 0.122 0.097333
2 0.803 0.374 0.132667 0.118667
2 0.784333 0.476333 0.092667 0.098
2 0.819 0.921667 0.088667 0.09
2 0.884333 0.846 0.135333 0.134667
2 0.914667 0.7236670000000001 0.129333 0.132667
2 0.799667 0.7130000000000001 0.140667 0.155333
2 0.854 0.597667 0.132 0.108667
2 0.878667 0.495 0.110667 0.106
2 0.914333 0.396667 0.095333 0.102667
3 0.928667 0.31000000000000005 0.084 0.08
2 0.828 0.07033299999999998 0.124 0.134
2 0.814 0.18466700000000003 0.112 0.092
2 0.723 0.14900000000000002 0.123333 0.120667
2 0.649 0.23833300000000002 0.100667 0.135333
2 0.569667 0.21599999999999997 0.11 0.134667
3 0.551 0.10933300000000001 0.095333 0.097333
2 0.449667 0.07999999999999996 0.095333 0.096
2 0.464 0.19066700000000003 0.108 0.130667
2 0.377 0.17433299999999996 0.052667 0.064667
2 0.360333 0.07433299999999998 0.102 0.116667
3 0.115 0.206333 0.028667 0.023333
2 0.062667 0.08133299999999999 0.121333 0.161333
2 0.172333 0.091333 0.088667 0.104
2 0.177333 0.20466700000000004 0.097333 0.101333
2 0.262333 0.14400000000000002 0.106 0.126667
0 0.338667 0.13733300000000004 0.06 0.078667
0 0.942667 0.5373330000000001 0.068 0.078667
2 0.064333 0.47266699999999995 0.127333 0.138667
2 0.505 0.938667 0.167333 0.121333
2 0.93 0.946333 0.134667 0.106
2 0.712667 0.05033299999999996 0.137333 0.095333
2 0.616 0.04533299999999996 0.129333 0.090667
2 0.279667 0.04600000000000004 0.103333 0.092
