1 0.045 0.722 0.086 0.08
1 0.122 0.792667 0.12 0.126667
1 0.07 0.895333 0.138667 0.144
1 0.192 0.884 0.077333 0.081333
1 0.302 0.901333 0.144 0.126667
1 0.217667 0.823 0.111333 0.095333
1 0.170333 0.741667 0.059333 0.080667
1 0.106333 0.680667 0.122 0.093333
1 0.092333 0.610333 0.09 0.098
1 0.065333 0.514333 0.128 0.138
1 0.157667 0.490667 0.080667 0.090667
1 0.105333 0.404667 0.126667 0.126667
1 0.051333 0.314 0.089333 0.096
1 0.142333 0.281333 0.148667 0.122667
2 0.177333 0.37 0.1 0.105333
2 0.226667 0.438 0.068 0.058667
1 0.292667 0.357667 0.148 0.140667
2 0.170333 0.606 0.118 0.112
2 0.235 0.671333 0.102 0.117333
2 0.313 0.773333 0.131333 0.121333
2 0.409 0.841333 0.047333 0.053333
2 0.454667 0.758333 0.116 0.13
2 0.370333 0.668667 0.123333 0.118667
1 0.243667 0.533667 0.084667 0.118
1 0.317667 0.561333 0.142 0.174667
2 0.419 0.521 0.15 0.148667
1 0.332 0.440333 0.121333 0.107333
2 0.431333 0.358 0.157333 0.136
1 0.258 0.262 0.102667 0.078667
2 0.484333 0.282667 0.062 0.076
1 0.469333 0.911333 0.165333 0.174667
1 0.488333 0.648333 0.107333 0.111333
1 0.586333 0.916333 0.106 0.164667
1 0.668 0.899 0.129333 0.127333
1 0.584333 0.789333 0.142 0.128
2 0.604333 0.624333 0.211333 0.147333
2 0.638 0.478667 0.184 0.144
2 0.691333 0.717 0.150667 0.156667
1 0.754667 0.846667 0.130667 0.133333
2 0.830333 0.772667 0.106 0.116
2 0.879333 0.285667 0.094667 0.086
2 0.941333 0.346 0.114667 0.117333
1 0.857333 0.933333 0.116 0.130667
1 0.901 0.855 0.114 0.116667
1 0.955333 0.940667 0.089333 0.117333
2 0.834 0.19 0.22 0.168
2 0.789667 0.114 0.142 0.132
2 0.897333 0.069667 0.154667 0.127333
2 0.719333 0.068667 0.150667 0.137333
2 0.455 0.188333 0.092667 0.082
2 0.396333 0.093 0.056667 0.062
2 0.341333 0.217 0.108 0.119333
2 0.313 0.098 0.080667 0.081333
1 0.215667 0.144333 0.146 0.144667
2 0.103333 0.173667 0.114667 0.099333
2 0.155 0.056667 0.13 0.113333
1 0.066 0.079333 0.130667 0.116
0 0.223333 0.748667 0.078667 0.062667
1 0.119667 0.949333 0.148667 0.1
1 0.034333 0.233 0.067333 0.098
