2 0.032 0.572333 0.058667 0.103333
2 0.144667 0.506667 0.109333 0.162667
2 0.160667 0.379 0.144 0.132667
2 0.293333 0.613333 0.097333 0.090667
2 0.351333 0.5533330000000001 0.073333 0.092
2 0.372333 0.625667 0.060667 0.063333
2 0.257 0.5163329999999999 0.171333 0.138
2 0.280333 0.398 0.119333 0.112
2 0.300333 0.29133299999999995 0.114 0.116
2 0.376333 0.43233299999999997 0.083333 0.095333
2 0.089667 0.5696669999999999 0.074 0.092667
2 0.471667 0.6926669999999999 0.135333 0.108
2 0.526333 0.61 0.072667 0.088
2 0.45 0.580333 0.125333 0.136667
2 0.413667 0.313333 0.11 0.144
2 0.477 0.45466700000000004 0.172667 0.182667
2 0.605 0.659667 0.126 0.139333
2 0.587 0.285667 0.112667 0.122
3 0.611 0.393667 0.084667 0.091333
2 0.627667 0.507667 0.174 0.148667
2 0.717333 0.587333 0.089333 0.084
2 0.77 0.638 0.068 0.057333
2 0.761 0.700333 0.102 0.074
1 0.797 0.566667 0.059333 0.049333
2 0.819333 0.46566700000000005 0.045333 0.046
2 0.839667 0.647667 0.083333 0.084667
2 0.935333 0.7336670000000001 0.061333 0.064667
2 0.950333 0.639667 0.098 0.114
2 0.901 0.5613330000000001 0.091333 0.065333
2 0.975667 0.5453330000000001 0.03 0.034667
2 0.926 0.478333 0.148 0.106
2 0.936 0.251 0.110667 0.146
2 0.838 0.218333 0.113333 0.142
2 0.825 0.092333 0.187333 0.146
2 0.728333 0.304667 0.194 0.181333
2 0.724333 0.16800000000000004 0.142 0.126667
2 0.916667 0.374667 0.166667 0.134667
3 0.615 0.168667 0.07 0.074667
2 0.478667 0.252667 0.106667 0.113333
2 0.518 0.16700000000000004 0.050667 0.060667
2 0.545 0.07366700000000004 0.082 0.120667
2 0.406667 0.12966699999999998 0.190667 0.186
3 0.279 0.19166700000000003 0.108667 0.098
2 0.246333 0.08699999999999997 0.11 0.128667
2 0.107667 0.23933300000000002 0.212667 0.138667
2 0.091 0.11166699999999996 0.163333 0.131333
0 0.157667 0.927667 0.096667 0.104667
0 0.043333 0.9319999999999999 0.069333 0.058667
0 0.694 0.04600000000000004 0.077333 0.090667
0 0.103667 0.24333300000000002 0.167333 0.128
0 0.816667 0.517667 0.06 0.052667
0 0.893667 0.7090000000000001 0.067333 0.083333
2 0.130333 0.05233299999999996 0.147333 0.104667
2 0.050667 0.344 0.1 0.132
2 0.052 0.47 0.102667 0.145333
