2 0.873 0.35 0.134 0.148
1 0.901667 0.479 0.05 0.051333
2 0.897333 0.575 0.182667 0.128667
2 0.881333 0.696 0.137333 0.124
2 0.728 0.091 0.110667 0.100667
2 0.730667 0.187 0.158667 0.144667
2 0.754667 0.322667 0.105333 0.134667
2 0.805667 0.465 0.13 0.134
2 0.756 0.634667 0.125333 0.133333
2 0.695667 0.489 0.087333 0.064667
2 0.698 0.421667 0.088 0.082
2 0.5780000000000001 0.185667 0.138667 0.126
2 0.6066670000000001 0.060333 0.133333 0.114
2 0.632333 0.297 0.154 0.155333
2 0.5776669999999999 0.371 0.127333 0.112667
2 0.5676669999999999 0.486667 0.132667 0.129333
2 0.639667 0.614 0.143333 0.129333
2 0.608333 0.698667 0.103333 0.102667
2 0.48066699999999996 0.139333 0.118667 0.104
2 0.45399999999999996 0.241333 0.112 0.126667
2 0.46766700000000005 0.35 0.116667 0.125333
2 0.36166699999999996 0.216333 0.100667 0.131333
2 0.31766700000000003 0.077667 0.182 0.154
2 0.269 0.188667 0.111333 0.105333
2 0.509 0.676667 0.106 0.118667
2 0.40633300000000006 0.640667 0.124667 0.124
2 0.47 0.520667 0.092 0.124
2 0.39033300000000004 0.423 0.11 0.103333
3 0.364333 0.53 0.126 0.130667
2 0.292667 0.611 0.081333 0.080667
2 0.33399999999999996 0.308667 0.128 0.109333
2 0.19566700000000004 0.06 0.072667 0.108
2 0.17400000000000004 0.168667 0.082667 0.110667
2 0.21866699999999994 0.288 0.1 0.116
2 0.28633299999999995 0.422 0.111333 0.137333
2 0.255667 0.511 0.079333 0.076667
2 0.28200000000000003 0.720667 0.122667 0.129333
2 0.19366700000000003 0.585667 0.112667 0.151333
2 0.17166700000000001 0.401 0.151333 0.136667
2 0.10499999999999998 0.357333 0.063333 0.061333
2 0.13033300000000003 0.254333 0.128667 0.115333
2 0.057667000000000024 0.441333 0.115333 0.089333
2 0.09999999999999998 0.539333 0.117333 0.125333
2 0.09566699999999995 0.671667 0.118 0.116667
2 0.06333299999999997 0.794333 0.089333 0.099333
2 0.16500000000000004 0.785 0.100667 0.09
2 0.27433300000000005 0.83 0.075333 0.082667
2 0.10333300000000001 0.881 0.076 0.074
2 0.18100000000000005 0.921 0.118 0.156667
2 0.405667 0.751 0.118 0.092667
2 0.371333 0.847333 0.121333 0.109333
2 0.593333 0.807333 0.124 0.121333
2 0.479 0.865333 0.094 0.106667
2 0.5736669999999999 0.918333 0.136667 0.123333
3 0.7090000000000001 0.884 0.144667 0.124
3 0.738333 0.77 0.139333 0.136
2 0.833333 0.900333 0.122667 0.134
0 0.468333 0.060333 0.092667 0.092667
0 0.825333 0.223333 0.093333 0.134667
2 0.929 0.267333 0.136667 0.18
2 0.884 0.062667 0.161333 0.124
2 0.05466700000000002 0.219333 0.109333 0.14
3 0.03966700000000001 0.340333 0.079333 0.114
2 0.393 0.945333 0.144667 0.109333
2 0.279 0.936333 0.107333 0.127333
2 0.930333 0.831333 0.138 0.141333
2 0.939333 0.929667 0.12 0.136667
3 0.675333 0.956 0.124 0.088
3 0.780667 0.959667 0.112 0.080667
