2 0.830667 0.863 0.173333 0.19
2 0.6743330000000001 0.851667 0.124667 0.106
2 0.53 0.942333 0.16 0.091333
2 0.47766699999999995 0.849 0.220667 0.132667
2 0.373333 0.894 0.084 0.092
2 0.795 0.7416670000000001 0.040667 0.044667
2 0.714333 0.760667 0.144667 0.121333
2 0.586667 0.76 0.141333 0.142667
2 0.48966699999999996 0.738667 0.099333 0.088
2 0.36966699999999997 0.719 0.164667 0.214
2 0.452333 0.6353329999999999 0.122 0.116
2 0.5573330000000001 0.630667 0.118667 0.138667
2 0.673333 0.644667 0.118667 0.14
2 0.779 0.658667 0.102 0.142667
2 0.844333 0.677667 0.052667 0.066
2 0.926333 0.706 0.144667 0.149333
2 0.947667 0.576333 0.103333 0.164667
2 0.842667 0.5676669999999999 0.153333 0.162
2 0.634 0.525 0.118667 0.119333
2 0.45066700000000004 0.505 0.166667 0.159333
2 0.30633299999999997 0.49766699999999997 0.162 0.186
2 0.40800000000000003 0.369333 0.074667 0.092
2 0.529333 0.370333 0.158667 0.187333
2 0.632667 0.320333 0.109333 0.115333
2 0.844 0.45666700000000005 0.150667 0.128
2 0.877667 0.326333 0.099333 0.116667
2 0.7376670000000001 0.35566699999999996 0.204667 0.199333
2 0.839333 0.20966700000000005 0.134667 0.128667
2 0.7126669999999999 0.19366700000000003 0.126667 0.136667
2 0.619667 0.19899999999999995 0.078 0.118
2 0.465333 0.18533299999999997 0.144 0.193333
2 0.32966700000000004 0.17766700000000002 0.136667 0.143333
2 0.912667 0.12333300000000003 0.118667 0.168
2 0.804667 0.09599999999999997 0.109333 0.130667
2 0.6779999999999999 0.07199999999999995 0.138667 0.130667
2 0.521667 0.06866700000000003 0.084667 0.096
2 0.297667 0.05700000000000005 0.13 0.114
2 0.11333300000000002 0.140667 0.156 0.130667
2 0.234333 0.22599999999999998 0.142 0.149333
2 0.06166700000000003 0.223333 0.123333 0.128
2 0.05166700000000002 0.348333 0.087333 0.076667
2 0.151667 0.374333 0.123333 0.164667
2 0.27733300000000005 0.36 0.154667 0.156
2 0.20266700000000004 0.493 0.074667 0.080667
2 0.07499999999999996 0.472333 0.15 0.17
2 0.12333300000000003 0.571333 0.218667 0.153333
2 0.21899999999999997 0.710333 0.175333 0.235333
2 0.09499999999999997 0.6910000000000001 0.147333 0.124667
2 0.13033300000000003 0.810333 0.136667 0.127333
2 0.026000000000000023 0.648667 0.052 0.096
0 0.736 0.516 0.097333 0.086667
0 0.554333 0.444333 0.084667 0.076667
0 0.563333 0.13933300000000004 0.098667 0.093333
0 0.096333 0.05166700000000002 0.115333 0.103333
0 0.036667000000000005 0.10533300000000001 0.073333 0.076
0 0.641 0.406 0.100667 0.089333
0 0.958333 0.271667 0.080667 0.127333
0 0.25 0.852333 0.094667 0.076667
2 0.038000000000000034 0.7989999999999999 0.074667 0.155333
2 0.953333 0.42433299999999996 0.092 0.15
