2 0.261667 0.051333 0.074 0.101333
3 0.181333 0.037667 0.084 0.074
3 0.118333 0.102 0.118 0.104
3 0.227667 0.126333 0.07 0.056667
2 0.14 0.221667 0.117333 0.138
2 0.251 0.213 0.122 0.159333
2 0.114667 0.033333 0.033333 0.034667
2 0.347333 0.061 0.12 0.116667
2 0.425 0.153333 0.140667 0.166667
3 0.526333 0.177333 0.043333 0.052
3 0.616333 0.074667 0.168667 0.148
2 0.608667 0.189667 0.072 0.07
2 0.706333 0.128667 0.107333 0.122667
2 0.050667 0.351333 0.098667 0.146667
2 0.139 0.362667 0.108667 0.137333
2 0.236333 0.367333 0.095333 0.12
2 0.319667 0.373333 0.083333 0.14
2 0.361 0.29 0.11 0.104
3 0.452 0.271333 0.076 0.109333
3 0.541 0.278667 0.106 0.128
2 0.602 0.288 0.045333 0.06
3 0.706333 0.283667 0.147333 0.111333
2 0.410667 0.379333 0.090667 0.112
2 0.496 0.373 0.104 0.107333
3 0.559667 0.355 0.020667 0.034
2 0.592333 0.395333 0.083333 0.090667
2 0.681 0.393333 0.100667 0.1
3 0.572333 0.482 0.040667 0.048
2 0.670333 0.497667 0.15 0.131333
3 0.753667 0.49 0.038 0.038667
3 0.463333 0.555 0.078667 0.078
2 0.288333 0.486333 0.063333 0.062
3 0.190333 0.475333 0.108667 0.117333
3 0.158333 0.554667 0.071333 0.073333
2 0.194333 0.622 0.134 0.152
2 0.318667 0.643 0.128 0.187333
2 0.412667 0.670667 0.084 0.102667
2 0.513333 0.675667 0.089333 0.123333
3 0.612 0.667 0.130667 0.151333
2 0.278 0.774667 0.077333 0.066667
2 0.092667 0.737333 0.08 0.093333
2 0.182667 0.758333 0.121333 0.132667
2 0.048 0.843667 0.092 0.123333
2 0.134667 0.858333 0.102667 0.116667
2 0.284667 0.858333 0.121333 0.102
2 0.370333 0.854333 0.074 0.112667
2 0.725333 0.684667 0.114667 0.132
2 0.675333 0.807 0.104 0.118
2 0.569667 0.790333 0.111333 0.131333
3 0.452333 0.782 0.136667 0.116
2 0.781667 0.809333 0.116667 0.114667
2 0.903667 0.837667 0.13 0.147333
2 0.936333 0.699333 0.106 0.122667
2 0.835 0.696667 0.104667 0.098667
2 0.835 0.594667 0.102 0.129333
3 0.743333 0.560667 0.113333 0.116
3 0.858 0.515333 0.116 0.105333
2 0.951333 0.529 0.097333 0.118
2 0.879 0.407 0.096667 0.108667
2 0.777333 0.403667 0.118667 0.147333
2 0.773 0.199 0.094 0.086
3 0.929667 0.312 0.128667 0.112
3 0.797667 0.108 0.087333 0.098667
2 0.481667 0.463667 0.144667 0.111333
2 0.144667 0.945667 0.076 0.066
2 0.241 0.953667 0.106 0.092667
2 0.457333 0.905 0.113333 0.138
2 0.577667 0.912667 0.135333 0.129333
2 0.69 0.932333 0.128 0.135333
0 0.826 0.293 0.082667 0.072667
0 0.346333 0.203 0.088667 0.107333
0 0.543333 0.565667 0.098667 0.100667
0 0.874667 0.224333 0.094667 0.080667
0 0.377 0.759667 0.054 0.055333
0 0.897 0.093 0.111333 0.088667
0 0.469667 0.063333 0.124667 0.086667
2 0.052667 0.615333 0.104 0.124
2 0.031667 0.736 0.062 0.108
2 0.816333 0.937667 0.126 0.124667
