2 0.911333 0.198 0.170667 0.144
2 0.883667 0.365333 0.206 0.194667
2 0.81 0.502667 0.097333 0.098667
2 0.725 0.48 0.083333 0.116
2 0.6639999999999999 0.436333 0.142667 0.158
2 0.730333 0.344667 0.108667 0.113333
2 0.754667 0.251667 0.102667 0.088667
2 0.7989999999999999 0.166667 0.103333 0.105333
2 0.714 0.051333 0.070667 0.085333
1 0.8180000000000001 0.065 0.194667 0.123333
2 0.647 0.042 0.054 0.06
2 0.63 0.131333 0.112 0.124
2 0.585333 0.221 0.113333 0.140667
1 0.5800000000000001 0.336667 0.114667 0.08
2 0.556 0.417 0.102667 0.106
2 0.5349999999999999 0.144 0.052667 0.062667
2 0.477333 0.123333 0.084 0.1
2 0.495333 0.223 0.065333 0.088667
2 0.460333 0.388 0.107333 0.124
1 0.371333 0.355667 0.090667 0.086
1 0.398 0.281667 0.161333 0.162
2 0.404667 0.062 0.129333 0.121333
2 0.31466700000000003 0.084333 0.113333 0.167333
2 0.22599999999999998 0.071333 0.064 0.070667
2 0.24333300000000002 0.143 0.090667 0.098
2 0.246 0.241333 0.128 0.112
2 0.277667 0.318333 0.078 0.095333
2 0.139 0.251667 0.107333 0.134
2 0.04133299999999995 0.244 0.082667 0.144
2 0.12266699999999997 0.073667 0.141333 0.144667
3 0.05466700000000002 0.683 0.105333 0.120667
2 0.18066700000000002 0.696333 0.148 0.139333
2 0.12566699999999997 0.805667 0.178 0.108667
3 0.250667 0.837 0.068 0.071333
2 0.399667 0.898 0.212667 0.204
2 0.705333 0.807667 0.1 0.115333
2 0.7663329999999999 0.856 0.039333 0.050667
2 0.433667 0.201 0.078 0.092667
0 0.646667 0.290333 0.082667 0.078
0 0.31999999999999995 0.844 0.092 0.082667
0 0.350333 0.768333 0.099333 0.103333
0 0.6226670000000001 0.892333 0.141333 0.104667
0 0.596 0.782333 0.130667 0.128667
0 0.873 0.910333 0.098 0.099333
0 0.27 0.954667 0.114667 0.090667
2 0.923 0.557333 0.152667 0.181333
2 0.54 0.047667 0.154667 0.094
