2 0.871667 0.9123330000000001 0.159333 0.132667
2 0.7090000000000001 0.9 0.131333 0.152
2 0.694 0.764667 0.069333 0.128
2 0.775333 0.778667 0.104 0.146667
2 0.878 0.777333 0.117333 0.132
2 0.488 0.757667 0.170667 0.216667
2 0.365333 0.926 0.144 0.085333
2 0.355333 0.8240000000000001 0.157333 0.152
2 0.267 0.777333 0.11 0.142667
2 0.358333 0.705667 0.136667 0.119333
2 0.5800000000000001 0.894 0.102667 0.097333
2 0.825667 0.6393329999999999 0.127333 0.12
2 0.804667 0.519667 0.169333 0.158
2 0.925 0.505333 0.088667 0.086667
3 0.537667 0.5876669999999999 0.143333 0.13
2 0.507667 0.47766699999999995 0.122 0.119333
2 0.604 0.46466700000000005 0.089333 0.118667
2 0.6206670000000001 0.39733300000000005 0.069333 0.069333
2 0.6843330000000001 0.485333 0.083333 0.101333
2 0.806667 0.39833300000000005 0.146667 0.098
2 0.36666699999999997 0.603333 0.157333 0.136
2 0.275667 0.560333 0.072667 0.080667
2 0.377 0.508667 0.140667 0.114667
2 0.28300000000000003 0.46799999999999997 0.102 0.118667
2 0.378 0.401 0.124 0.119333
3 0.28033300000000005 0.36166699999999996 0.112667 0.122
2 0.926667 0.41200000000000003 0.121333 0.114667
2 0.951333 0.291667 0.096 0.132667
2 0.860667 0.273667 0.116 0.160667
2 0.724333 0.20366700000000004 0.099333 0.082
2 0.754 0.30000000000000004 0.108 0.158667
2 0.646 0.30000000000000004 0.126667 0.141333
2 0.532667 0.30000000000000004 0.126667 0.124
2 0.5349999999999999 0.19233299999999998 0.151333 0.119333
2 0.629667 0.11399999999999999 0.116667 0.153333
2 0.836333 0.12833300000000003 0.071333 0.079333
2 0.751667 0.10933300000000001 0.127333 0.108
2 0.390667 0.226333 0.112 0.102
2 0.401 0.13266699999999998 0.132667 0.113333
3 0.408667 0.04166700000000001 0.110667 0.083333
2 0.522 0.09266700000000005 0.116 0.093333
3 0.28333299999999995 0.17700000000000005 0.12 0.120667
2 0.28833299999999995 0.06166700000000003 0.131333 0.122
2 0.18566700000000003 0.10899999999999999 0.102 0.116667
3 0.10233300000000001 0.10099999999999998 0.072667 0.080667
2 0.10099999999999998 0.17100000000000004 0.058 0.059333
2 0.09766699999999995 0.246 0.136667 0.093333
2 0.091333 0.33499999999999996 0.145333 0.118
3 0.19666700000000004 0.302667 0.128 0.12
2 0.19533299999999998 0.42900000000000005 0.124 0.156667
2 0.090333 0.45199999999999996 0.112667 0.122667
2 0.09899999999999998 0.540333 0.087333 0.058
2 0.07466700000000004 0.618 0.125333 0.122667
2 0.17633299999999996 0.62 0.116667 0.132
2 0.153667 0.740333 0.119333 0.143333
3 0.054332999999999965 0.728667 0.108667 0.121333
2 0.061000000000000054 0.828333 0.100667 0.111333
2 0.05033299999999996 0.9103330000000001 0.056667 0.068667
0 0.373 0.30700000000000005 0.112667 0.092667
0 0.18899999999999995 0.19699999999999995 0.088667 0.099333
0 0.269667 0.6333329999999999 0.072667 0.090667
0 0.204333 0.8566670000000001 0.103333 0.113333
0 0.617333 0.7090000000000001 0.117333 0.088667
0 0.683 0.583 0.119333 0.123333
0 0.148667 0.913 0.117333 0.100667
0 0.607333 0.802333 0.113333 0.118
0 0.45099999999999996 0.388 0.087333 0.089333
0 0.128 0.969 0.088 0.060667
2 0.929333 0.6703330000000001 0.14 0.103333
2 0.966333 0.7893330000000001 0.066 0.114667
2 0.939333 0.10166699999999995 0.12 0.120667
2 0.947 0.18666700000000003 0.103333 0.112
2 0.698333 0.04733299999999996 0.138 0.094667
3 0.876333 0.04200000000000004 0.132667 0.084
