2 0.860333 0.266667 0.107333 0.128
2 0.931 0.353333 0.136667 0.133333
2 0.9299999999999999 0.466333 0.097333 0.128667
2 0.846 0.466 0.110667 0.148
2 0.767333 0.162 0.074667 0.061333
2 0.663667 0.079667 0.131333 0.158
2 0.562 0.168 0.118667 0.088
2 0.681 0.308 0.148667 0.154667
2 0.764333 0.376 0.123333 0.116
2 0.8566670000000001 0.607667 0.092 0.119333
2 0.769333 0.603333 0.1 0.126667
2 0.791 0.718 0.112667 0.109333
2 0.6863330000000001 0.703667 0.142 0.146
3 0.6723330000000001 0.590333 0.100667 0.111333
2 0.743 0.484333 0.107333 0.126
2 0.648667 0.443333 0.137333 0.132
2 0.566333 0.597667 0.127333 0.126
2 0.566333 0.707333 0.139333 0.110667
2 0.5349999999999999 0.395333 0.15 0.150667
2 0.5489999999999999 0.263667 0.167333 0.128667
3 0.43100000000000005 0.256667 0.083333 0.105333
2 0.35866699999999996 0.088333 0.145333 0.152667
2 0.28200000000000003 0.332 0.125333 0.108
3 0.21499999999999997 0.174 0.095333 0.086667
2 0.279667 0.046667 0.063333 0.085333
2 0.140667 0.051667 0.062667 0.062
2 0.08299999999999996 0.652667 0.119333 0.094667
3 0.04533299999999996 0.550333 0.090667 0.087333
3 0.07166700000000004 0.741 0.07 0.063333
2 0.19866700000000004 0.671667 0.144 0.128667
3 0.164667 0.756333 0.069333 0.05
2 0.25333300000000003 0.785667 0.161333 0.154
2 0.13233300000000003 0.835 0.111333 0.122
3 0.04833299999999996 0.818 0.088667 0.093333
2 0.207333 0.937333 0.121333 0.125333
3 0.41933299999999996 0.756 0.112 0.105333
2 0.446333 0.869 0.087333 0.118
2 0.366 0.866 0.097333 0.130667
2 0.30100000000000005 0.854667 0.051333 0.057333
2 0.535667 0.887333 0.100667 0.137333
2 0.614333 0.885333 0.086 0.094667
2 0.628 0.808 0.124 0.117333
2 0.7336670000000001 0.812333 0.118 0.100667
3 0.704333 0.894 0.09 0.08
2 0.783667 0.894667 0.074 0.064
2 0.869333 0.898 0.128 0.129333
3 0.921 0.799 0.135333 0.127333
2 0.762667 0.234 0.1 0.101333
0 0.932333 0.623 0.099333 0.104667
0 0.232333 0.552333 0.120667 0.112667
0 0.17966700000000002 0.490667 0.088667 0.070667
0 0.09899999999999998 0.280667 0.112667 0.122667
0 0.07966700000000004 0.43 0.107333 0.106667
0 0.386 0.437333 0.105333 0.101333
0 0.30500000000000005 0.417 0.088667 0.088667
0 0.13333300000000003 0.377667 0.089333 0.103333
0 0.36766699999999997 0.626 0.142 0.152
0 0.464333 0.597667 0.068667 0.115333
0 0.665667 0.214 0.095333 0.094667
0 0.09066700000000005 0.148 0.148 0.132
0 0.05666700000000002 0.061333 0.113333 0.070667
0 0.12566699999999997 0.568 0.078 0.081333
0 0.517 0.521333 0.098 0.086667
0 0.808667 0.812 0.082667 0.092
2 0.954333 0.241 0.09 0.104667
2 0.9359999999999999 0.131 0.126667 0.135333
2 0.788667 0.068333 0.130667 0.135333
2 0.32199999999999995 0.944667 0.138667 0.110667
3 0.51 0.969333 0.092 0.061333
2 0.960667 0.911 0.077333 0.122
3 0.954333 0.707333 0.09 0.126667
