2 0.053333 0.949 0.104 0.092667
2 0.067667 0.843333 0.126 0.136
2 0.143 0.932667 0.092667 0.088
2 0.171 0.936667 0.042 0.04
2 0.173667 0.8200000000000001 0.091333 0.102667
2 0.211333 0.728667 0.122667 0.106667
2 0.271 0.785667 0.088667 0.09
2 0.247333 0.893667 0.117333 0.154
2 0.328 0.899667 0.066667 0.087333
3 0.139 0.595 0.075333 0.076667
2 0.221333 0.627667 0.128 0.096667
2 0.226667 0.539667 0.125333 0.096667
2 0.148667 0.48166699999999996 0.113333 0.143333
2 0.183333 0.375667 0.129333 0.098
3 0.192 0.30500000000000005 0.068 0.051333
2 0.240333 0.45266700000000004 0.126 0.118667
2 0.316333 0.40833299999999995 0.136667 0.088667
2 0.261667 0.306667 0.051333 0.058667
2 0.303333 0.326333 0.078667 0.084667
2 0.381667 0.355 0.106 0.11
2 0.403 0.26433300000000004 0.086 0.078
2 0.33 0.542333 0.113333 0.139333
2 0.417667 0.55 0.074 0.082667
3 0.420667 0.625667 0.116 0.087333
3 0.377667 0.708 0.054 0.050667
2 0.367667 0.796667 0.100667 0.097333
2 0.435333 0.818333 0.050667 0.058
2 0.417333 0.914667 0.106667 0.144
2 0.44 0.726667 0.113333 0.104
2 0.485 0.280667 0.092667 0.114667
2 0.554333 0.290667 0.051333 0.048
2 0.541667 0.38333300000000003 0.095333 0.088
2 0.532333 0.46699999999999997 0.036667 0.032667
2 0.517 0.571333 0.086 0.076
2 0.515667 0.6453329999999999 0.09 0.073333
2 0.504667 0.927 0.114667 0.134
2 0.543333 0.8466670000000001 0.156 0.156
2 0.629333 0.954 0.128 0.090667
3 0.607333 0.743 0.042667 0.048667
2 0.548667 0.726 0.042667 0.045333
3 0.596 0.584667 0.084 0.121333
2 0.702333 0.768 0.144667 0.114667
2 0.628333 0.460333 0.115333 0.120667
2 0.692333 0.38733300000000004 0.080667 0.084
3 0.714667 0.49266699999999997 0.116 0.121333
2 0.636333 0.300667 0.076667 0.092
3 0.715 0.310667 0.074 0.068
2 0.742667 0.595 0.142667 0.134
3 0.848333 0.7743329999999999 0.139333 0.123333
2 0.933333 0.921 0.128 0.111333
2 0.94 0.45366700000000004 0.046667 0.052667
2 0.875333 0.43733299999999997 0.110667 0.110667
2 0.794333 0.33499999999999996 0.112667 0.131333
2 0.898333 0.30833299999999997 0.115333 0.154
2 0.967667 0.254 0.064667 0.078667
2 0.779667 0.21166700000000005 0.131333 0.134
2 0.81 0.05800000000000005 0.130667 0.116
2 0.492 0.17033299999999996 0.12 0.122
2 0.592667 0.19166700000000003 0.088 0.103333
2 0.674667 0.21299999999999997 0.085333 0.107333
2 0.650333 0.10433300000000001 0.140667 0.111333
2 0.689333 0.03300000000000003 0.076 0.064667
2 0.331 0.234333 0.086 0.098
2 0.371333 0.15533300000000005 0.061333 0.073333
2 0.289 0.19566700000000004 0.088667 0.106
2 0.191667 0.20699999999999996 0.116667 0.136667
2 0.313333 0.08199999999999996 0.129333 0.122667
2 0.215667 0.03633299999999995 0.084667 0.072667
2 0.193667 0.10599999999999998 0.122 0.089333
2 0.101667 0.16900000000000004 0.071333 0.143333
2 0.117667 0.05166700000000002 0.102 0.103333
0 0.061 0.7150000000000001 0.120667 0.139333
0 0.084 0.5469999999999999 0.090667 0.095333
0 0.075667 0.43000000000000005 0.119333 0.114667
0 0.892 0.15200000000000002 0.098667 0.105333
0 0.892333 0.05700000000000005 0.079333 0.114
0 0.951667 0.549667 0.096667 0.140667
0 0.861667 0.571 0.127333 0.135333
0 0.683667 0.881667 0.119333 0.088667
0 0.448667 0.459333 0.105333 0.105333
0 0.301 0.7106669999999999 0.076667 0.070667
0 0.875667 0.958667 0.151333 0.081333
0 0.947333 0.790667 0.105333 0.145333
0 0.731333 0.6926669999999999 0.097333 0.074667
2 0.582333 0.034667 0.091333 0.069333
2 0.064333 0.29533299999999996 0.127333 0.157333
2 0.038667 0.07299999999999995 0.076 0.142
