2 0.974 0.093667 0.050667 0.064667
2 0.921667 0.071 0.091333 0.088667
2 0.828333 0.021667 0.07 0.042
2 0.834 0.072 0.096 0.077333
2 0.923333 0.160667 0.1 0.109333
2 0.917667 0.265667 0.092667 0.091333
2 0.845 0.168 0.107333 0.108
2 0.821333 0.211667 0.038667 0.035333
2 0.836 0.273 0.130667 0.100667
2 0.836667 0.356 0.081333 0.074667
2 0.843333 0.439333 0.110667 0.089333
2 0.796667 0.492333 0.090667 0.080667
2 0.781667 0.591667 0.106 0.098
2 0.871333 0.619 0.097333 0.144667
2 0.796333 0.686333 0.108667 0.098
2 0.7066669999999999 0.719333 0.110667 0.121333
2 0.624333 0.718 0.062 0.077333
2 0.6533329999999999 0.617 0.156 0.132667
2 0.5676669999999999 0.564667 0.107333 0.112
2 0.575 0.469667 0.082 0.075333
2 0.661333 0.504 0.161333 0.12
2 0.6799999999999999 0.392667 0.112 0.124
2 0.764667 0.389667 0.098667 0.13
2 0.753333 0.243 0.108 0.13
2 0.73 0.152667 0.125333 0.093333
2 0.710333 0.185333 0.042 0.033333
2 0.664667 0.092667 0.106667 0.133333
2 0.6353329999999999 0.265333 0.129333 0.130667
3 0.611 0.365333 0.063333 0.073333
2 0.567 0.107667 0.126 0.106
2 0.5573330000000001 0.198667 0.129333 0.085333
2 0.522667 0.293333 0.112 0.122667
2 0.503 0.375 0.152667 0.107333
2 0.472333 0.475 0.132667 0.108667
2 0.45166700000000004 0.569333 0.13 0.092
2 0.44399999999999995 0.652 0.085333 0.073333
2 0.32899999999999996 0.666667 0.144667 0.130667
2 0.403 0.742667 0.139333 0.113333
2 0.49 0.115667 0.038667 0.047333
2 0.446333 0.095333 0.106 0.102667
2 0.45399999999999996 0.193 0.102667 0.120667
2 0.42500000000000004 0.279667 0.080667 0.086
2 0.37366699999999997 0.448333 0.119333 0.13
2 0.28300000000000003 0.406333 0.128667 0.142
2 0.33466700000000005 0.300333 0.117333 0.119333
2 0.33666700000000005 0.182333 0.133333 0.135333
2 0.346 0.087667 0.114667 0.098
2 0.23733300000000002 0.217667 0.1 0.123333
2 0.205333 0.344333 0.124 0.142
3 0.17133299999999996 0.129333 0.133333 0.108
2 0.12266699999999997 0.221333 0.133333 0.122667
3 0.06733299999999998 0.103333 0.072 0.081333
3 0.060667000000000026 0.471667 0.082667 0.079333
2 0.119 0.625333 0.162 0.144
3 0.21266700000000005 0.739 0.085333 0.067333
2 0.252 0.533333 0.154667 0.125333
2 0.30633299999999997 0.762667 0.095333 0.084
2 0.30000000000000004 0.835333 0.072 0.061333
3 0.393667 0.925667 0.112667 0.148667
2 0.491 0.85 0.100667 0.110667
3 0.524 0.747 0.086667 0.083333
2 0.496333 0.953 0.088667 0.094
2 0.850333 0.744 0.103333 0.109333
2 0.778 0.785 0.101333 0.087333
2 0.804 0.89 0.145333 0.16
2 0.704 0.852667 0.145333 0.148
2 0.600333 0.941667 0.119333 0.116667
2 0.583 0.824667 0.108667 0.124
2 0.973667 0.773 0.051333 0.066
2 0.926 0.352667 0.084 0.077333
2 0.9410000000000001 0.468 0.116667 0.152
0 0.529333 0.662667 0.117333 0.082667
0 0.13566699999999998 0.387667 0.064667 0.083333
0 0.15833299999999995 0.466333 0.135333 0.099333
0 0.08199999999999996 0.401 0.086667 0.080667
0 0.20199999999999996 0.945333 0.101333 0.098667
0 0.07266700000000004 0.772667 0.109333 0.101333
0 0.08466700000000005 0.702 0.133333 0.105333
0 0.05466700000000002 0.840333 0.109333 0.083333
0 0.20799999999999996 0.844 0.113333 0.078667
0 0.221333 0.625 0.078667 0.104667
0 0.923 0.748333 0.068667 0.112667
0 0.962 0.207333 0.074667 0.104
0 0.35166699999999995 0.559667 0.076667 0.098
2 0.745 0.043 0.096667 0.084667
2 0.573333 0.026667 0.088 0.052
2 0.17033299999999996 0.044333 0.127333 0.087333
2 0.05733299999999997 0.565 0.114667 0.116667
