2 0.928333 0.158 0.115333 0.133333
2 0.863 0.303333 0.078 0.069333
2 0.907 0.390333 0.102 0.071333
3 0.706 0.135 0.094667 0.09
3 0.7 0.226667 0.098667 0.089333
2 0.616 0.261333 0.073333 0.076
3 0.607 0.189667 0.038 0.040667
3 0.617667 0.116 0.080667 0.086667
3 0.612333 0.037 0.100667 0.072667
2 0.751 0.326 0.120667 0.124
3 0.872333 0.523333 0.054 0.058667
3 0.806 0.543333 0.096 0.098667
2 0.7416670000000001 0.476 0.115333 0.082667
2 0.732333 0.566 0.099333 0.096
2 0.659 0.348 0.059333 0.061333
3 0.5900000000000001 0.350333 0.085333 0.102
2 0.613333 0.478 0.084 0.089333
2 0.663 0.551 0.086 0.098
2 0.7913330000000001 0.697333 0.036 0.041333
2 0.572667 0.555667 0.073333 0.060667
2 0.5880000000000001 0.619 0.058667 0.059333
2 0.625667 0.705667 0.080667 0.086
3 0.531667 0.362667 0.036667 0.04
2 0.5473330000000001 0.697 0.096 0.112667
2 0.443333 0.696667 0.069333 0.077333
2 0.5023329999999999 0.614 0.107333 0.105333
2 0.467333 0.372 0.1 0.142667
3 0.43899999999999995 0.222667 0.100667 0.106667
2 0.439333 0.135 0.081333 0.072667
2 0.433667 0.047667 0.07 0.072667
2 0.359 0.063 0.082 0.098
2 0.338333 0.687667 0.143333 0.102
2 0.31666700000000003 0.59 0.058667 0.065333
2 0.33666700000000005 0.522 0.030667 0.034667
2 0.35766699999999996 0.418 0.123333 0.125333
3 0.27433300000000005 0.433667 0.040667 0.044667
2 0.29500000000000004 0.298333 0.178 0.158
2 0.291667 0.176 0.167333 0.112
2 0.273 0.092333 0.094 0.064667
2 0.27 0.033333 0.086667 0.065333
2 0.540333 0.782667 0.062 0.068
2 0.44766700000000004 0.781333 0.11 0.086667
2 0.347 0.772 0.078 0.074667
2 0.36366699999999996 0.857667 0.095333 0.100667
2 0.48 0.959 0.116 0.082
2 0.5736669999999999 0.962333 0.042 0.054
2 0.6663330000000001 0.963667 0.051333 0.059333
2 0.476333 0.86 0.136667 0.122667
2 0.526 0.857333 0.038667 0.034667
2 0.705667 0.780333 0.054 0.064667
2 0.7853330000000001 0.788333 0.086667 0.100667
2 0.866667 0.798333 0.057333 0.060667
3 0.9339999999999999 0.899667 0.064 0.071333
0 0.931333 0.329333 0.081333 0.070667
0 0.970333 0.385 0.058 0.07
0 0.395 0.595667 0.099333 0.107333
0 0.19499999999999995 0.116 0.079333 0.109333
0 0.06399999999999995 0.050333 0.110667 0.099333
0 0.09599999999999997 0.128 0.098667 0.089333
0 0.13833300000000004 0.318 0.111333 0.105333
0 0.03933299999999995 0.517 0.078667 0.115333
0 0.846333 0.184667 0.084667 0.077333
0 0.14333300000000004 0.436 0.089333 0.078667
0 0.514 0.047333 0.094667 0.093333
0 0.18700000000000006 0.556333 0.107333 0.084667
0 0.07366700000000004 0.674333 0.131333 0.131333
0 0.216333 0.679667 0.072667 0.068667
0 0.10699999999999998 0.884667 0.108667 0.126667
0 0.18466700000000003 0.966 0.124 0.068
0 0.07966700000000004 0.195 0.127333 0.076667
0 0.05666700000000002 0.316 0.097333 0.097333
0 0.804667 0.961 0.068 0.078
0 0.843 0.483 0.083333 0.082
0 0.28233299999999995 0.508667 0.088667 0.106667
0 0.26133300000000004 0.868667 0.065333 0.068
0 0.37733300000000003 0.932667 0.098667 0.06
0 0.654667 0.636667 0.096 0.081333
0 0.942667 0.553 0.050667 0.068667
3 0.952333 0.644667 0.094 0.101333
3 0.960333 0.807667 0.078 0.100667
