2 0.89 0.914667 0.061333 0.068
2 0.769667 0.887 0.116667 0.114
2 0.771 0.7933330000000001 0.083333 0.073333
3 0.945 0.738667 0.095333 0.093333
2 0.461333 0.940333 0.128 0.108667
2 0.41333299999999995 0.828667 0.113333 0.109333
2 0.521667 0.861333 0.084667 0.085333
2 0.278667 0.717667 0.105333 0.114
2 0.388 0.7216670000000001 0.110667 0.107333
2 0.282667 0.6273329999999999 0.086667 0.08
2 0.374333 0.642333 0.058 0.056667
2 0.463333 0.656333 0.106667 0.118
2 0.48666699999999996 0.757667 0.077333 0.100667
2 0.570667 0.769333 0.084 0.092
3 0.659333 0.779333 0.094667 0.097333
3 0.9143330000000001 0.6723330000000001 0.087333 0.09
2 0.831 0.655667 0.123333 0.138
2 0.744 0.619 0.109333 0.107333
2 0.681333 0.6859999999999999 0.104 0.118667
2 0.575333 0.663333 0.122667 0.133333
2 0.652 0.592667 0.078667 0.078667
2 0.47166699999999995 0.5636669999999999 0.107333 0.079333
2 0.709667 0.531667 0.076667 0.080667
3 0.800667 0.5369999999999999 0.1 0.099333
2 0.938333 0.5836669999999999 0.118 0.095333
2 0.9339999999999999 0.486333 0.113333 0.095333
2 0.7723329999999999 0.44366700000000003 0.086 0.094
2 0.869 0.387667 0.09 0.088667
2 0.951667 0.281 0.095333 0.131333
2 0.8416669999999999 0.29833299999999996 0.115333 0.134
2 0.744667 0.27133300000000005 0.12 0.121333
2 0.687 0.436667 0.102 0.130667
2 0.582667 0.42300000000000004 0.121333 0.136667
2 0.501667 0.41600000000000004 0.05 0.042667
2 0.532333 0.493 0.118 0.112667
3 0.45999999999999996 0.48266699999999996 0.044 0.052
2 0.31966700000000003 0.521667 0.151333 0.134
2 0.366333 0.43766700000000003 0.126 0.120667
3 0.41000000000000003 0.30133299999999996 0.061333 0.061333
2 0.507667 0.325333 0.055333 0.048
2 0.6333329999999999 0.31266700000000003 0.172 0.128
2 0.832 0.18400000000000005 0.108 0.112
2 0.688333 0.18000000000000005 0.071333 0.074667
2 0.5716669999999999 0.23466699999999996 0.15 0.128
2 0.451333 0.22166699999999995 0.1 0.131333
2 0.36 0.22199999999999998 0.093333 0.114667
3 0.401 0.12033300000000002 0.116667 0.098
2 0.507 0.12733300000000003 0.120667 0.116
3 0.607333 0.15133300000000005 0.084 0.072
2 0.942 0.118 0.109333 0.12
2 0.763333 0.08266700000000005 0.150667 0.149333
2 0.621 0.05666700000000002 0.134 0.113333
3 0.17733299999999996 0.965333 0.076 0.066667
3 0.22066699999999995 0.877333 0.134667 0.14
0 0.062000000000000055 0.872333 0.124 0.164667
0 0.08766700000000005 0.722 0.064667 0.054667
0 0.17133299999999996 0.635667 0.122667 0.135333
0 0.07299999999999995 0.558333 0.146 0.135333
0 0.09966699999999995 0.41000000000000003 0.17 0.165333
0 0.11866699999999997 0.292667 0.172 0.137333
0 0.14433300000000004 0.222333 0.064667 0.080667
0 0.24833300000000003 0.23199999999999998 0.127333 0.133333
0 0.136 0.09799999999999998 0.210667 0.196
0 0.25733300000000003 0.381 0.097333 0.147333
0 0.32866700000000004 0.787667 0.066667 0.080667
0 0.29433299999999996 0.13233300000000003 0.119333 0.127333
2 0.954333 0.933 0.09 0.132667
2 0.609667 0.938 0.135333 0.122667
2 0.897 0.05266700000000002 0.128667 0.105333
2 0.954333 0.392 0.09 0.101333
