2 0.871333 0.955333 0.106667 0.078667
2 0.9319999999999999 0.900333 0.129333 0.126
2 0.877333 0.792333 0.130667 0.112667
2 0.847333 0.724333 0.085333 0.074
2 0.898667 0.661 0.048 0.042
2 0.763667 0.768 0.05 0.046667
2 0.7170000000000001 0.811667 0.067333 0.072667
2 0.763667 0.891333 0.148667 0.157333
2 0.648 0.879333 0.070667 0.058667
2 0.591 0.823667 0.115333 0.124667
2 0.663333 0.764667 0.064 0.070667
2 0.791667 0.6643330000000001 0.164667 0.192667
2 0.793667 0.528 0.064667 0.068
2 0.725 0.572333 0.060667 0.052667
2 0.673333 0.533667 0.1 0.087333
2 0.591333 0.590667 0.066667 0.057333
2 0.6659999999999999 0.6313329999999999 0.1 0.108
3 0.533667 0.615 0.047333 0.048667
2 0.5876669999999999 0.688333 0.095333 0.096667
2 0.5223329999999999 0.748667 0.107333 0.104
2 0.48766699999999996 0.685333 0.087333 0.104
2 0.47366699999999995 0.810667 0.063333 0.076
2 0.417667 0.741333 0.09 0.08
3 0.41500000000000004 0.853 0.047333 0.046
2 0.34966699999999995 0.904667 0.095333 0.098667
2 0.30133299999999996 0.949667 0.06 0.062
3 0.47466699999999995 0.905667 0.052 0.062
2 0.33599999999999997 0.666667 0.077333 0.086667
2 0.266 0.7236670000000001 0.066667 0.055333
2 0.318333 0.5720000000000001 0.060667 0.057333
2 0.38233300000000003 0.534 0.134 0.156
2 0.37833300000000003 0.42033299999999996 0.09 0.078
2 0.45499999999999996 0.47666699999999995 0.080667 0.086667
2 0.548333 0.5043329999999999 0.091333 0.099333
2 0.9103330000000001 0.5433330000000001 0.162 0.130667
2 0.851 0.46666700000000005 0.051333 0.049333
2 0.916333 0.41933299999999996 0.112667 0.092
3 0.876667 0.342333 0.054667 0.055333
3 0.807333 0.252667 0.136 0.126667
2 0.719 0.24166699999999997 0.048667 0.055333
2 0.712 0.370333 0.065333 0.063333
3 0.655667 0.29100000000000004 0.056667 0.051333
2 0.5916669999999999 0.344 0.140667 0.138667
2 0.5283329999999999 0.400667 0.142 0.136
3 0.627667 0.43500000000000005 0.036667 0.042
2 0.42733299999999996 0.356333 0.08 0.088667
2 0.269 0.366 0.102 0.146667
2 0.34099999999999997 0.320333 0.127333 0.123333
2 0.395 0.236 0.11 0.117333
3 0.318333 0.19899999999999995 0.067333 0.062
2 0.560333 0.239 0.111333 0.106
3 0.648667 0.18266700000000002 0.110667 0.125333
2 0.911 0.18666700000000003 0.131333 0.133333
2 0.817333 0.122 0.106667 0.104
2 0.77 0.06566700000000003 0.048 0.052667
2 0.688 0.09399999999999997 0.146667 0.121333
2 0.5349999999999999 0.11933300000000002 0.120667 0.132
2 0.45599999999999996 0.18666700000000003 0.117333 0.154667
2 0.356333 0.12266699999999997 0.140667 0.101333
2 0.44599999999999995 0.06766700000000003 0.093333 0.084667
3 0.241 0.24333300000000002 0.067333 0.078667
2 0.21366700000000005 0.16233299999999995 0.11 0.106
2 0.19799999999999995 0.30033299999999996 0.069333 0.056667
2 0.12233300000000003 0.214333 0.120667 0.119333
2 0.10966699999999996 0.07099999999999995 0.098 0.118
2 0.13133300000000003 0.33666700000000005 0.090667 0.081333
2 0.07899999999999996 0.29200000000000004 0.051333 0.045333
2 0.20233299999999999 0.42600000000000005 0.104667 0.108
2 0.08666700000000005 0.39033300000000004 0.125333 0.106
2 0.22366699999999995 0.566333 0.156667 0.146
2 0.14100000000000001 0.5920000000000001 0.108667 0.1
3 0.21366700000000005 0.7803329999999999 0.076667 0.083333
2 0.17400000000000004 0.683 0.125333 0.112667
2 0.093333 0.645667 0.090667 0.082
2 0.14533300000000005 0.835333 0.098667 0.110667
2 0.15100000000000002 0.934333 0.107333 0.092667
2 0.06966700000000003 0.899667 0.094 0.087333
2 0.05400000000000005 0.803333 0.108 0.122667
0 0.84 0.867 0.086667 0.098
0 0.716 0.7086669999999999 0.1 0.097333
0 0.738 0.969 0.128 0.060667
0 0.949 0.32766700000000004 0.100667 0.075333
0 0.904 0.04166700000000001 0.104 0.083333
0 0.49366699999999997 0.29933299999999996 0.063333 0.069333
0 0.750667 0.435667 0.12 0.102
0 0.414667 0.673 0.068 0.072667
0 0.303667 0.815 0.102 0.078
0 0.23466699999999996 0.857333 0.062667 0.078667
0 0.11399999999999999 0.721333 0.069333 0.074667
0 0.03933299999999995 0.6186670000000001 0.078667 0.112
0 0.383 0.972333 0.066 0.054
2 0.512667 0.945667 0.157333 0.107333
2 0.967667 0.617333 0.063333 0.104
2 0.333333 0.047667000000000015 0.113333 0.095333
2 0.18766700000000003 0.04266700000000001 0.120667 0.085333
2 0.041000000000000036 0.44566700000000004 0.082 0.106
2 0.6373329999999999 0.961333 0.104 0.076
