3 0.942333 0.123667 0.068667 0.079333
3 0.916333 0.204 0.104667 0.076
3 0.911667 0.308 0.154 0.154667
2 0.756 0.112 0.174667 0.128
3 0.700333 0.057333 0.123333 0.113333
2 0.765333 0.224 0.125333 0.129333
3 0.658667 0.223 0.116 0.134
2 0.8089999999999999 0.391333 0.095333 0.098667
2 0.730333 0.398 0.083333 0.114667
2 0.6433329999999999 0.304 0.157333 0.122667
2 0.633 0.416667 0.136667 0.122667
2 0.599333 0.12 0.113333 0.114667
2 0.7030000000000001 0.529333 0.111333 0.096
3 0.853667 0.457 0.039333 0.03
2 0.855 0.538333 0.122 0.106
3 0.85 0.633 0.122667 0.106
3 0.928333 0.665333 0.09 0.076
2 0.832667 0.722667 0.085333 0.08
3 0.755 0.681 0.088667 0.111333
3 0.683667 0.634 0.158 0.141333
3 0.648 0.718667 0.076 0.062667
3 0.957667 0.591667 0.082 0.09
2 0.567 0.567333 0.114 0.109333
2 0.541667 0.669 0.128667 0.11
3 0.48166699999999996 0.551 0.098 0.11
2 0.5063329999999999 0.450333 0.118 0.096667
2 0.517333 0.370667 0.113333 0.090667
2 0.49866699999999997 0.157 0.134667 0.152667
2 0.452333 0.231 0.09 0.091333
2 0.448333 0.33 0.127333 0.132
2 0.36066699999999996 0.280333 0.1 0.107333
3 0.407667 0.116333 0.079333 0.107333
2 0.406667 0.461667 0.117333 0.132667
3 0.38633300000000004 0.550333 0.062 0.043333
2 0.37833300000000003 0.634 0.144667 0.141333
3 0.43766700000000003 0.716667 0.078 0.078667
2 0.323333 0.454333 0.074667 0.099333
2 0.347 0.045667 0.131333 0.09
2 0.30900000000000005 0.143 0.140667 0.172667
2 0.21866699999999994 0.072333 0.124 0.142
3 0.21499999999999997 0.258 0.063333 0.066667
2 0.276 0.622667 0.1 0.129333
3 0.261667 0.725333 0.118 0.089333
3 0.24466699999999997 0.464333 0.092 0.067333
3 0.22699999999999998 0.539 0.102 0.084667
2 0.168667 0.621 0.142667 0.111333
2 0.159667 0.709 0.092667 0.079333
2 0.12166699999999997 0.504 0.140667 0.118667
3 0.09599999999999997 0.415333 0.056 0.06
2 0.121 0.236333 0.115333 0.111333
2 0.035667000000000004 0.197667 0.071333 0.071333
2 0.136 0.804 0.104 0.114667
3 0.11733300000000002 0.899 0.093333 0.09
2 0.213333 0.964 0.089333 0.057333
2 0.20466700000000004 0.901333 0.108 0.081333
2 0.227333 0.812667 0.108 0.106667
2 0.348333 0.786333 0.083333 0.094
2 0.31399999999999995 0.887333 0.124 0.122667
2 0.40033300000000005 0.904 0.052667 0.057333
3 0.486 0.789333 0.041333 0.049333
2 0.466333 0.871 0.144667 0.143333
3 0.623667 0.788 0.078 0.072
3 0.62 0.869 0.093333 0.096667
3 0.698 0.868667 0.082667 0.102667
2 0.774667 0.814 0.18 0.148
2 0.925667 0.752 0.103333 0.094667
3 0.9013329999999999 0.834 0.070667 0.077333
3 0.872667 0.911333 0.066667 0.074667
0 0.269667 0.376667 0.115333 0.133333
0 0.596 0.962 0.101333 0.076
0 0.11966699999999997 0.966 0.120667 0.068
0 0.08299999999999996 0.721 0.084667 0.111333
0 0.602 0.505 0.113333 0.099333
0 0.868667 0.13 0.093333 0.109333
0 0.20599999999999996 0.184667 0.081333 0.093333
0 0.165667 0.343 0.112667 0.147333
0 0.816333 0.285667 0.096667 0.116667
0 0.739333 0.472667 0.105333 0.066667
0 0.699667 0.961 0.079333 0.078
0 0.287667 0.525667 0.07 0.079333
0 0.08099999999999996 0.140333 0.098 0.083333
0 0.05233299999999996 0.842 0.09 0.081333
0 0.540667 0.865333 0.078667 0.102667
2 0.601667 0.035667 0.107333 0.07
3 0.05366700000000002 0.058333 0.106 0.115333
3 0.137 0.049333 0.098 0.097333
3 0.032667 0.297667 0.065333 0.119333
3 0.03966700000000001 0.651 0.079333 0.159333
3 0.03533299999999995 0.954333 0.070667 0.087333
3 0.45466700000000004 0.961667 0.154667 0.076667
3 0.8029999999999999 0.945333 0.114 0.109333
