3 0.813 0.929333 0.108667 0.109333
2 0.7026669999999999 0.9319999999999999 0.114667 0.101333
2 0.7356670000000001 0.830667 0.094 0.118667
2 0.96 0.781667 0.078667 0.096667
2 0.863 0.761333 0.175333 0.156
2 0.892 0.639667 0.153333 0.127333
2 0.758667 0.7196670000000001 0.096 0.104667
2 0.637667 0.84 0.104667 0.113333
2 0.578333 0.976333 0.048667 0.046
2 0.554 0.935 0.145333 0.114
2 0.420667 0.9299999999999999 0.125333 0.121333
2 0.29833299999999996 0.936333 0.106 0.123333
2 0.349 0.803333 0.092667 0.128
2 0.43999999999999995 0.8 0.133333 0.170667
2 0.5433330000000001 0.815667 0.089333 0.100667
2 0.661667 0.7396670000000001 0.104667 0.122
2 0.5720000000000001 0.673333 0.18 0.204
2 0.519333 0.605333 0.072 0.070667
2 0.753 0.626 0.13 0.096
2 0.8009999999999999 0.552667 0.152667 0.096
2 0.881 0.533667 0.036667 0.039333
2 0.41800000000000004 0.644 0.182667 0.14
2 0.849 0.46566700000000005 0.13 0.09
2 0.744667 0.43400000000000005 0.118667 0.145333
2 0.646 0.481 0.12 0.186
2 0.525 0.514667 0.098 0.096
2 0.39433300000000004 0.522 0.17 0.112
2 0.41033299999999995 0.43000000000000005 0.11 0.094667
2 0.42433299999999996 0.354333 0.127333 0.108667
2 0.5413330000000001 0.42833299999999996 0.116 0.100667
2 0.5840000000000001 0.322333 0.146667 0.138
2 0.862667 0.38133300000000003 0.105333 0.088
2 0.879 0.28133300000000006 0.163333 0.137333
2 0.787667 0.228333 0.075333 0.095333
2 0.69 0.234333 0.121333 0.144667
2 0.468333 0.26933300000000004 0.139333 0.124
2 0.398 0.18033299999999997 0.114667 0.118
2 0.496 0.15000000000000002 0.092 0.117333
2 0.594333 0.20566700000000004 0.106 0.094
2 0.607 0.128 0.102 0.081333
2 0.53 0.07899999999999996 0.109333 0.083333
2 0.733333 0.12333300000000003 0.133333 0.098667
2 0.904 0.12233300000000003 0.178667 0.179333
2 0.30000000000000004 0.24533300000000002 0.102667 0.121333
2 0.18766700000000003 0.21166700000000005 0.123333 0.142
2 0.23766699999999996 0.07066700000000004 0.060667 0.072
2 0.13233300000000003 0.055332999999999966 0.122 0.108
2 0.08866700000000005 0.226333 0.117333 0.119333
2 0.054332999999999965 0.363333 0.108667 0.164
2 0.15833299999999995 0.346 0.11 0.112
2 0.24266699999999997 0.41200000000000003 0.214667 0.174667
2 0.21699999999999997 0.537667 0.183333 0.119333
2 0.24866699999999997 0.652667 0.144 0.124
2 0.10899999999999999 0.645 0.13 0.152667
2 0.25 0.765 0.14 0.124667
2 0.11666699999999997 0.774667 0.126667 0.105333
2 0.13733300000000004 0.8586670000000001 0.064 0.056
0 0.07033299999999998 0.495 0.111333 0.096667
0 0.13866699999999998 0.538333 0.066667 0.05
0 0.7416670000000001 0.31499999999999995 0.127333 0.116667
0 0.343333 0.33466700000000005 0.082667 0.090667
0 0.30633299999999997 0.13266699999999998 0.074 0.078667
0 0.35266699999999995 0.7196670000000001 0.064 0.060667
0 0.617667 0.07299999999999995 0.052667 0.040667
2 0.7066669999999999 0.04633299999999996 0.18 0.092667
2 0.03866700000000001 0.832667 0.077333 0.105333
2 0.19533299999999998 0.924 0.102667 0.150667
2 0.928333 0.898667 0.142 0.133333
