2 0.343333 0.083 0.062667 0.05
2 0.48766699999999996 0.599333 0.080667 0.082667
3 0.40833299999999995 0.574667 0.066 0.064
3 0.367 0.667667 0.084667 0.09
3 0.28800000000000003 0.737 0.076 0.071333
3 0.27033300000000005 0.626667 0.098 0.096
3 0.32066700000000004 0.452667 0.066667 0.061333
3 0.324333 0.366 0.060667 0.050667
3 0.26 0.265333 0.085333 0.088
3 0.24566699999999997 0.063667 0.080667 0.087333
3 0.17366700000000002 0.041333 0.07 0.066667
3 0.19999999999999996 0.120333 0.086667 0.09
3 0.118 0.123 0.078667 0.084667
3 0.169667 0.322 0.087333 0.077333
2 0.10499999999999998 0.223333 0.035333 0.041333
3 0.205333 0.426 0.042667 0.028
2 0.13466699999999998 0.405 0.028 0.034
3 0.224333 0.531 0.092667 0.092667
2 0.08166700000000005 0.301 0.075333 0.078
3 0.07199999999999995 0.374333 0.065333 0.054
3 0.06766700000000003 0.492667 0.098 0.064
3 0.14800000000000002 0.7 0.098667 0.108
3 0.04200000000000004 0.667667 0.084 0.082
3 0.04133299999999995 0.852 0.082667 0.078667
3 0.038000000000000034 0.940667 0.076 0.08
3 0.132 0.962333 0.072 0.058
3 0.16700000000000004 0.895 0.112667 0.092667
3 0.24733300000000003 0.789667 0.030667 0.03
2 0.36166699999999996 0.919333 0.036667 0.037333
3 0.366333 0.754333 0.088667 0.095333
0 0.8466670000000001 0.38 0.262667 0.329333
0 0.764667 0.466333 0.172 0.198
0 0.6839999999999999 0.483 0.228 0.252667
0 0.5373330000000001 0.155667 0.286667 0.31
0 0.34366699999999994 0.17 0.080667 0.110667
0 0.344333 0.531667 0.155333 0.107333
0 0.15433300000000005 0.608333 0.147333 0.107333
0 0.18166700000000002 0.784 0.096667 0.086667
0 0.455333 0.788 0.078667 0.062667
0 0.488 0.913333 0.062667 0.070667
0 0.25633300000000003 0.888333 0.056667 0.088667
0 0.07233299999999998 0.046333 0.138 0.091333
3 0.20066700000000004 0.967333 0.108 0.065333
