2 0.198 0.088667 0.144 0.170667
2 0.365333 0.116333 0.194667 0.206
2 0.502667 0.19 0.098667 0.097333
2 0.48 0.275 0.116 0.083333
2 0.436333 0.336 0.158 0.142667
2 0.344667 0.269667 0.113333 0.108667
2 0.251667 0.245333 0.088667 0.102667
2 0.166667 0.201 0.105333 0.103333
2 0.051333 0.286 0.085333 0.070667
1 0.065 0.182 0.123333 0.194667
2 0.042 0.353 0.06 0.054
2 0.131333 0.37 0.124 0.112
2 0.221 0.414667 0.140667 0.113333
1 0.336667 0.42 0.08 0.114667
2 0.417 0.444 0.106 0.102667
2 0.144 0.465 0.062667 0.052667
2 0.123333 0.522667 0.1 0.084
2 0.223 0.504667 0.088667 0.065333
2 0.388 0.539667 0.124 0.107333
1 0.355667 0.628667 0.086 0.090667
1 0.281667 0.602 0.162 0.161333
2 0.062 0.595333 0.121333 0.129333
2 0.084333 0.685333 0.167333 0.113333
2 0.071333 0.774 0.070667 0.064
2 0.143 0.756667 0.098 0.090667
2 0.241333 0.754 0.112 0.128
2 0.318333 0.722333 0.095333 0.078
2 0.251667 0.861 0.134 0.107333
2 0.244 0.958667 0.144 0.082667
2 0.073667 0.877333 0.144667 0.141333
3 0.683 0.945333 0.120667 0.105333
2 0.696333 0.819333 0.139333 0.148
2 0.805667 0.874333 0.108667 0.178
3 0.837 0.749333 0.071333 0.068
2 0.898 0.600333 0.204 0.212667
2 0.807667 0.294667 0.115333 0.1
2 0.856 0.233667 0.050667 0.039333
2 0.201 0.566333 0.092667 0.078
0 0.290333 0.353333 0.078 0.082667
0 0.844 0.68 0.082667 0.092
0 0.768333 0.649667 0.103333 0.099333
0 0.892333 0.377333 0.104667 0.141333
0 0.782333 0.404 0.128667 0.130667
0 0.910333 0.127 0.099333 0.098
0 0.954667 0.73 0.090667 0.114667
2 0.557333 0.077 0.181333 0.152667
2 0.047667 0.46 0.094 0.154667
