2 0.909667 0.090333 0.104667 0.080667
2 0.899667 0.276333 0.146 0.135333
2 0.815 0.346333 0.194 0.174
2 0.864 0.468667 0.108 0.102667
2 0.943333 0.546 0.110667 0.094667
2 0.885667 0.708333 0.068667 0.075333
2 0.815333 0.571333 0.056 0.045333
2 0.648 0.678667 0.078667 0.085333
2 0.744333 0.195 0.127333 0.167333
2 0.646 0.223333 0.114667 0.122667
2 0.628667 0.344 0.133333 0.16
2 0.603333 0.450333 0.092 0.106
2 0.564667 0.119 0.173333 0.128667
2 0.536667 0.238 0.129333 0.130667
2 0.515 0.340667 0.119333 0.117333
2 0.49866699999999997 0.444 0.125333 0.113333
2 0.486 0.526333 0.072 0.064667
2 0.46466700000000005 0.628667 0.121333 0.118667
2 0.36466699999999996 0.476667 0.16 0.153333
2 0.400667 0.361333 0.098667 0.082667
2 0.46299999999999997 0.151667 0.07 0.067333
2 0.420667 0.250333 0.109333 0.128667
2 0.339333 0.156333 0.149333 0.136667
2 0.307667 0.357 0.095333 0.088667
2 0.244 0.091 0.085333 0.084667
2 0.22999999999999998 0.209333 0.12 0.117333
2 0.215333 0.333667 0.102667 0.126
2 0.09399999999999997 0.318 0.14 0.14
2 0.11933300000000002 0.218333 0.077333 0.066
2 0.11533300000000002 0.100667 0.169333 0.149333
2 0.35 0.053333 0.157333 0.105333
2 0.17733299999999996 0.512667 0.056 0.050667
0 0.5333330000000001 0.77 0.177333 0.18
0 0.256667 0.625667 0.238667 0.202
0 0.06966700000000003 0.639667 0.139333 0.186
0 0.282667 0.806333 0.137333 0.115333
0 0.46499999999999997 0.909667 0.235333 0.180667
0 0.604 0.524667 0.077333 0.085333
0 0.746333 0.499333 0.123333 0.126667
0 0.04133299999999995 0.468333 0.082667 0.104667
0 0.864667 0.561 0.097333 0.088667
0 0.741333 0.915667 0.097333 0.103333
0 0.625333 0.807333 0.090667 0.117333
0 0.907667 0.829 0.183333 0.180667
0 0.752667 0.303333 0.078667 0.090667
0 0.837333 0.199333 0.090667 0.097333
0 0.896 0.153 0.070667 0.068667
0 0.168667 0.949333 0.16 0.101333
0 0.548667 0.518333 0.050667 0.064667
2 0.703333 0.057667 0.133333 0.114
2 0.950333 0.434667 0.098 0.138667
2 0.05066700000000002 0.178333 0.101333 0.224667
