2 0.101 0.851667 0.199333 0.214
2 0.059 0.669 0.111333 0.146
3 0.139667 0.7006669999999999 0.095333 0.090667
2 0.240667 0.777667 0.164 0.191333
2 0.329333 0.886 0.077333 0.085333
2 0.443333 0.942333 0.166667 0.114
2 0.433 0.846333 0.182 0.127333
2 0.346333 0.779667 0.099333 0.100667
2 0.352 0.668667 0.1 0.116
2 0.426333 0.718 0.146 0.130667
1 0.353667 0.548 0.127333 0.146667
2 0.242667 0.581 0.16 0.158
2 0.146 0.5529999999999999 0.088 0.107333
3 0.070667 0.506 0.138667 0.141333
2 0.133333 0.31133299999999997 0.134667 0.168
2 0.251 0.32666700000000004 0.155333 0.134667
2 0.234333 0.45999999999999996 0.214 0.146667
2 0.371667 0.427667 0.063333 0.063333
2 0.389667 0.29633299999999996 0.182 0.17
2 0.463 0.623 0.132667 0.114
2 0.458 0.488333 0.157333 0.160667
2 0.570667 0.793667 0.189333 0.168667
2 0.573333 0.663 0.110667 0.114
2 0.58 0.557667 0.152 0.144667
2 0.595333 0.419667 0.136 0.138
2 0.647 0.936667 0.15 0.124
2 0.680333 0.848 0.148667 0.134667
2 0.694 0.707333 0.130667 0.128
3 0.691667 0.5920000000000001 0.088667 0.1
2 0.717333 0.462333 0.132 0.136667
2 0.671 0.349 0.159333 0.128667
2 0.781667 0.767333 0.135333 0.138667
2 0.878333 0.710333 0.074 0.088667
2 0.787667 0.633 0.154 0.146
2 0.873333 0.948 0.066667 0.069333
2 0.876667 0.832667 0.164 0.18
3 0.889333 0.565333 0.16 0.196
3 0.915667 0.344 0.138 0.161333
2 0.813 0.306667 0.151333 0.189333
3 0.91 0.21266700000000005 0.142667 0.101333
2 0.707667 0.231333 0.120667 0.138667
2 0.897333 0.10433300000000001 0.190667 0.132667
2 0.711 0.09099999999999997 0.223333 0.152667
2 0.594 0.20499999999999996 0.138667 0.15
2 0.482333 0.210333 0.126 0.132667
2 0.497333 0.08199999999999996 0.186667 0.132
2 0.358333 0.07966700000000004 0.146 0.159333
2 0.226667 0.20033299999999998 0.222667 0.182
2 0.213333 0.06433299999999997 0.16 0.128667
0 0.067667 0.783 0.083333 0.080667
0 0.496 0.36466699999999996 0.164 0.141333
0 0.056 0.25333300000000003 0.110667 0.084
2 0.195 0.941333 0.183333 0.116
2 0.779333 0.947333 0.136 0.104
2 0.954667 0.6603330000000001 0.090667 0.115333
2 0.938333 0.45899999999999996 0.123333 0.174
2 0.062 0.368333 0.122667 0.167333
