0 0.259667 0.791 0.327333 0.304667
0 0.487333 0.579667 0.321333 0.319333
0 0.612667 0.430333 0.333333 0.299333
0 0.769 0.749333 0.295333 0.384
0 0.586 0.830333 0.22 0.238
0 0.852 0.359667 0.238667 0.283333
0 0.872333 0.158667 0.255333 0.277333
0 0.626667 0.289 0.224 0.178
0 0.594333 0.168667 0.179333 0.2
0 0.46 0.141667 0.234667 0.282
0 0.279 0.391 0.244667 0.240667
0 0.112 0.338333 0.222667 0.35
0 0.301 0.127667 0.252667 0.254
0 0.1 0.117333 0.198667 0.217333
0 0.694333 0.091333 0.214 0.181333
