2 0.086333 0.940667 0.148667 0.116
3 0.124667 0.800333 0.144 0.142
2 0.269 0.911333 0.135333 0.138667
2 0.268667 0.785667 0.101333 0.098
2 0.225 0.720667 0.119333 0.106667
2 0.294667 0.688 0.052 0.054667
2 0.168667 0.667 0.153333 0.138
2 0.201333 0.561667 0.108 0.092667
2 0.303 0.605667 0.122 0.107333
2 0.374 0.675 0.105333 0.112667
2 0.350333 0.761667 0.096667 0.111333
3 0.360333 0.863 0.082 0.091333
2 0.413333 0.808667 0.077333 0.08
3 0.415 0.935 0.112667 0.127333
2 0.205 0.851 0.063333 0.080667
3 0.083667 0.254667 0.098 0.08
2 0.163333 0.31599999999999995 0.133333 0.114667
2 0.235 0.393667 0.152667 0.116667
3 0.275667 0.26833300000000004 0.095333 0.092667
2 0.335667 0.33499999999999996 0.139333 0.127333
2 0.277 0.470333 0.092667 0.102
2 0.354667 0.500333 0.126667 0.126
2 0.404 0.417667 0.16 0.118
2 0.442667 0.28900000000000003 0.116 0.131333
2 0.535 0.284667 0.09 0.109333
3 0.488333 0.49566699999999997 0.127333 0.148667
3 0.572333 0.43799999999999994 0.044667 0.038667
2 0.426333 0.565333 0.115333 0.148
2 0.488333 0.640333 0.114 0.158
2 0.491 0.771333 0.083333 0.090667
2 0.491333 0.886 0.116 0.118667
3 0.569 0.8280000000000001 0.108667 0.109333
2 0.62 0.768667 0.096 0.08
2 0.558667 0.708333 0.093333 0.102
2 0.579667 0.588667 0.114 0.116
3 0.632333 0.465333 0.052667 0.049333
2 0.604333 0.344 0.180667 0.193333
2 0.7 0.271667 0.121333 0.114
2 0.749 0.391 0.152667 0.136667
3 0.700333 0.48466699999999996 0.043333 0.048
3 0.665667 0.532333 0.064667 0.063333
2 0.656667 0.6643330000000001 0.137333 0.152667
2 0.687667 0.925667 0.119333 0.134
3 0.753667 0.755 0.05 0.048667
3 0.836667 0.7146669999999999 0.08 0.069333
3 0.801667 0.822667 0.138 0.108
3 0.88 0.886 0.117333 0.112
3 0.803 0.931 0.044667 0.05
2 0.922 0.657 0.156 0.128667
2 0.843 0.591333 0.071333 0.065333
2 0.782 0.542 0.156 0.110667
3 0.884333 0.493333 0.095333 0.088
3 0.958333 0.534667 0.039333 0.038667
2 0.821667 0.44199999999999995 0.126 0.105333
2 0.892333 0.374667 0.120667 0.093333
2 0.821667 0.29900000000000004 0.100667 0.084667
2 0.894 0.22466699999999995 0.113333 0.088
2 0.856 0.152667 0.094667 0.097333
2 0.952667 0.15500000000000003 0.094667 0.108667
2 0.896333 0.09266700000000005 0.078 0.077333
2 0.793667 0.12566699999999997 0.118 0.114
2 0.696667 0.164667 0.124 0.112
2 0.600667 0.13866699999999998 0.074667 0.086667
2 0.535333 0.06733299999999998 0.137333 0.106667
3 0.449667 0.118 0.048667 0.06
2 0.507333 0.17566700000000002 0.106667 0.118
2 0.370333 0.18866700000000003 0.155333 0.145333
2 0.283 0.07199999999999995 0.09 0.101333
2 0.353 0.06266700000000003 0.099333 0.125333
3 0.034333 0.17733299999999996 0.067333 0.076
2 0.207333 0.19433299999999998 0.174667 0.17
3 0.116 0.11199999999999999 0.197333 0.182667
0 0.571333 0.48766699999999996 0.097333 0.120667
0 0.923 0.548 0.115333 0.090667
0 0.921667 0.724 0.099333 0.118667
0 0.746333 0.669 0.058 0.074
0 0.902 0.956333 0.092 0.084667
0 0.945 0.826667 0.11 0.129333
0 0.599667 0.21399999999999997 0.100667 0.082667
2 0.052667 0.683 0.104 0.115333
3 0.055667 0.45166700000000004 0.11 0.126
2 0.952333 0.28533299999999995 0.095333 0.133333
2 0.954667 0.04266700000000001 0.088 0.085333
2 0.834667 0.04033299999999995 0.172 0.080667
3 0.069 0.044332999999999956 0.136667 0.087333
