2 0.849667 0.063667 0.075333 0.092667
2 0.756 0.090667 0.113333 0.165333
2 0.639 0.121333 0.155333 0.149333
2 0.695333 0.225 0.073333 0.064667
2 0.767333 0.211667 0.089333 0.096667
2 0.848 0.179333 0.074667 0.081333
2 0.943 0.152667 0.108667 0.12
2 0.951333 0.262667 0.096 0.097333
3 0.889333 0.345667 0.136 0.103333
2 0.783 0.392 0.074 0.081333
2 0.744667 0.292333 0.066667 0.056667
2 0.869 0.462667 0.178 0.137333
3 0.792667 0.608 0.088 0.084
2 0.921 0.765667 0.112667 0.096667
2 0.885333 0.860333 0.14 0.122
2 0.878667 0.943333 0.061333 0.058667
0 0.6206670000000001 0.709 0.278667 0.246
0 0.49166699999999997 0.901 0.222 0.198
0 0.32899999999999996 0.904 0.139333 0.148
0 0.13366699999999998 0.866667 0.267333 0.254667
0 0.299667 0.697667 0.178 0.264667
0 0.462333 0.501 0.127333 0.146
0 0.12766699999999997 0.506 0.255333 0.22
0 0.10233300000000001 0.337333 0.204667 0.202667
0 0.13833300000000004 0.136667 0.258 0.272
0 0.461333 0.085333 0.173333 0.169333
0 0.30133299999999996 0.227333 0.133333 0.164
0 0.25633300000000003 0.366667 0.127333 0.164
0 0.34299999999999997 0.478667 0.151333 0.169333
0 0.12566699999999997 0.68 0.251333 0.281333
0 0.445333 0.669667 0.137333 0.175333
0 0.595333 0.527333 0.196 0.226667
0 0.48366699999999996 0.313 0.202 0.226
0 0.412667 0.196 0.129333 0.145333
0 0.84 0.279667 0.110667 0.123333
0 0.7833330000000001 0.847333 0.074667 0.102667
0 0.7066669999999999 0.871667 0.090667 0.115333
2 0.911 0.638 0.176667 0.181333
