3 0.870667 0.071667 0.082667 0.083333
3 0.934667 0.191667 0.128 0.126
3 0.916667 0.413333 0.124 0.090667
3 0.9013329999999999 0.338667 0.098667 0.094667
3 0.784 0.058667 0.101333 0.102667
3 0.759667 0.141667 0.074 0.071333
3 0.792667 0.208667 0.076 0.084
3 0.7150000000000001 0.204333 0.072667 0.071333
3 0.671333 0.136 0.108 0.096
3 0.712333 0.062667 0.063333 0.065333
3 0.6763330000000001 0.022333 0.064667 0.042
3 0.641667 0.067 0.072667 0.079333
2 0.590333 0.022333 0.028667 0.032667
3 0.544 0.148333 0.076 0.082
3 0.556 0.237333 0.109333 0.105333
3 0.815 0.288667 0.088667 0.097333
3 0.765333 0.334333 0.096 0.086
3 0.6779999999999999 0.422667 0.068 0.074667
3 0.755 0.456 0.091333 0.093333
3 0.742 0.545333 0.101333 0.096
3 0.835 0.478 0.115333 0.106667
3 0.843 0.559 0.108667 0.079333
3 0.902 0.577 0.097333 0.155333
3 0.963333 0.598667 0.06 0.128
3 0.913667 0.707667 0.075333 0.063333
3 0.8336669999999999 0.719667 0.082 0.074
2 0.74 0.746667 0.070667 0.058667
3 0.7396670000000001 0.667333 0.084667 0.093333
3 0.671333 0.655 0.084 0.11
3 0.575 0.475 0.119333 0.151333
3 0.601333 0.615333 0.1 0.105333
2 0.588333 0.705667 0.096667 0.096667
3 0.49266699999999997 0.684333 0.098667 0.092667
3 0.498 0.587333 0.104 0.104
3 0.464333 0.223 0.083333 0.082
3 0.486333 0.313 0.120667 0.128667
3 0.363 0.281333 0.03 0.032
3 0.28333299999999995 0.294333 0.061333 0.059333
3 0.36766699999999997 0.364333 0.11 0.108667
2 0.390667 0.488667 0.122667 0.112
3 0.32366700000000004 0.494333 0.040667 0.047333
3 0.39433300000000004 0.574667 0.106 0.078667
3 0.39733300000000005 0.646667 0.090667 0.08
3 0.38833300000000004 0.73 0.094 0.085333
3 0.29800000000000004 0.686667 0.08 0.069333
3 0.309667 0.602333 0.084667 0.098
3 0.278667 0.479333 0.1 0.084
3 0.257 0.402333 0.114 0.087333
2 0.212333 0.244333 0.039333 0.039333
3 0.18633299999999997 0.138 0.05 0.042667
3 0.07733299999999999 0.181 0.028 0.024667
3 0.17800000000000005 0.471667 0.088 0.087333
2 0.22599999999999998 0.554 0.1 0.105333
3 0.226333 0.657333 0.087333 0.102667
3 0.086333 0.493667 0.095333 0.083333
2 0.091333 0.576 0.122667 0.096
3 0.10866699999999996 0.670333 0.112 0.106
3 0.11699999999999999 0.770333 0.100667 0.096667
3 0.285667 0.761667 0.094 0.080667
3 0.36966699999999997 0.812667 0.087333 0.078667
3 0.35566699999999996 0.895667 0.11 0.095333
3 0.47866699999999995 0.844667 0.090667 0.074667
3 0.478333 0.772 0.111333 0.08
3 0.5896669999999999 0.810667 0.106 0.108
3 0.5736669999999999 0.905333 0.100667 0.092
3 0.907667 0.777333 0.102 0.078667
2 0.885333 0.88 0.193333 0.130667
0 0.12033300000000002 0.875667 0.167333 0.202
0 0.23166699999999996 0.929 0.11 0.095333
0 0.7783329999999999 0.968 0.066 0.064
0 0.8 0.617 0.085333 0.092667
0 0.787 0.787667 0.107333 0.083333
0 0.478 0.518 0.070667 0.064
0 0.648333 0.499667 0.064667 0.076667
0 0.624 0.299667 0.092 0.095333
0 0.6890000000000001 0.31 0.07 0.072
0 0.17533299999999996 0.334 0.124 0.106667
0 0.41933299999999996 0.167 0.122667 0.074
0 0.45299999999999996 0.39 0.066 0.1
0 0.259667 0.159333 0.098 0.130667
0 0.29633299999999996 0.234333 0.120667 0.083333
0 0.318333 0.174 0.052667 0.056
0 0.32799999999999996 0.123667 0.053333 0.052667
0 0.46666700000000005 0.919 0.046667 0.039333
0 0.43133299999999997 0.91 0.041333 0.044
0 0.917333 0.960667 0.061333 0.072
3 0.03966700000000001 0.692667 0.079333 0.114667
3 0.637667 0.961667 0.083333 0.076667
3 0.713333 0.959667 0.090667 0.078
0 0.20099999999999996 0.829667 0.155333 0.126
0 0.25433300000000003 0.969333 0.112667 0.061333
