2 0.149333 0.159333 0.098667 0.106667
2 0.136 0.266 0.1 0.090667
2 0.234333 0.205333 0.159333 0.130667
2 0.362 0.099 0.109333 0.132667
2 0.451 0.11 0.063333 0.08
2 0.560333 0.041333 0.094 0.078667
2 0.551333 0.149 0.104 0.148667
2 0.412333 0.181333 0.078 0.061333
3 0.357 0.242333 0.126 0.114
2 0.685667 0.046 0.134 0.090667
2 0.672333 0.149667 0.123333 0.122
2 0.636667 0.251 0.081333 0.080667
2 0.515333 0.304 0.128 0.108
2 0.461333 0.372333 0.070667 0.071333
2 0.552 0.402667 0.108 0.097333
2 0.622667 0.345667 0.037333 0.047333
2 0.381 0.344333 0.074 0.086
2 0.243 0.316667 0.116667 0.098667
2 0.183333 0.361333 0.097333 0.1
2 0.088333 0.362333 0.111333 0.100667
2 0.121333 0.433667 0.098667 0.095333
2 0.276667 0.404 0.092 0.097333
3 0.385667 0.427 0.092667 0.074
2 0.476 0.467333 0.082667 0.08
2 0.204667 0.479667 0.085333 0.09
2 0.154333 0.592 0.051333 0.061333
2 0.050333 0.592 0.099333 0.086667
2 0.341333 0.508 0.154667 0.112
2 0.465 0.556 0.094 0.088
3 0.509 0.605333 0.024667 0.036
2 0.569 0.507667 0.088667 0.103333
3 0.677 0.542667 0.123333 0.118667
2 0.632 0.643667 0.132 0.088667
2 0.603667 0.714333 0.05 0.060667
3 0.691 0.733333 0.13 0.110667
2 0.532 0.711333 0.109333 0.125333
2 0.454 0.640333 0.068 0.071333
3 0.378333 0.704667 0.126 0.126667
2 0.368 0.601 0.112 0.108667
3 0.256667 0.641333 0.117333 0.129333
3 0.166667 0.700667 0.112 0.116
2 0.099333 0.781667 0.078667 0.087333
2 0.071333 0.676667 0.118667 0.1
3 0.757667 0.467667 0.115333 0.096667
3 0.257667 0.747 0.079333 0.080667
3 0.192 0.822 0.106667 0.109333
3 0.263333 0.840333 0.041333 0.046
3 0.336333 0.808667 0.098 0.101333
2 0.429667 0.844333 0.102 0.144667
3 0.336667 0.904667 0.090667 0.093333
2 0.533667 0.873333 0.116667 0.134667
2 0.744667 0.810333 0.045333 0.046
3 0.837667 0.831333 0.095333 0.114667
3 0.887 0.760333 0.100667 0.104667
2 0.787 0.579667 0.120667 0.127333
2 0.716333 0.284 0.115333 0.129333
3 0.825 0.321 0.104667 0.084667
2 0.981 0.348 0.038 0.050667
2 0.921667 0.205333 0.066 0.081333
3 0.855333 0.081333 0.137333 0.146667
3 0.812333 0.201 0.144667 0.155333
3 0.237 0.931333 0.086 0.101333
2 0.145667 0.955667 0.066 0.068667
2 0.077 0.919333 0.108667 0.126667
3 0.427667 0.954667 0.080667 0.066667
0 0.783333 0.972667 0.062667 0.054667
0 0.846667 0.970333 0.065333 0.059333
0 0.667667 0.807333 0.115333 0.070667
0 0.671667 0.469333 0.059333 0.053333
0 0.783333 0.398333 0.061333 0.056667
0 0.849667 0.461667 0.068667 0.075333
0 0.882667 0.340333 0.053333 0.079333
0 0.050667 0.26 0.096 0.104
0 0.554667 0.599 0.056 0.075333
0 0.562333 0.792333 0.068667 0.084667
0 0.716667 0.911667 0.057333 0.044667
3 0.056667 0.130667 0.112 0.136
3 0.040667 0.457667 0.08 0.088667
3 0.037333 0.772333 0.073333 0.095333
3 0.32 0.966 0.117333 0.068
3 0.509333 0.967333 0.097333 0.065333
2 0.697667 0.962667 0.122 0.069333
3 0.963667 0.427333 0.072667 0.098667
3 0.929333 0.037333 0.110667 0.073333
