3 0.187 0.070667 0.108667 0.109333
2 0.297333 0.068 0.114667 0.101333
2 0.264333 0.169333 0.094 0.118667
2 0.04 0.218333 0.078667 0.096667
2 0.137 0.238667 0.175333 0.156
2 0.108 0.360333 0.153333 0.127333
2 0.241333 0.280333 0.096 0.104667
2 0.362333 0.16 0.104667 0.113333
2 0.421667 0.023667 0.048667 0.046
2 0.446 0.065 0.145333 0.114
2 0.579333 0.07 0.125333 0.121333
2 0.701667 0.063667 0.106 0.123333
2 0.651 0.196667 0.092667 0.128
2 0.56 0.2 0.133333 0.170667
2 0.456667 0.184333 0.089333 0.100667
2 0.338333 0.260333 0.104667 0.122
2 0.428 0.326667 0.18 0.204
2 0.480667 0.394667 0.072 0.070667
2 0.247 0.374 0.13 0.096
2 0.199 0.447333 0.152667 0.096
2 0.119 0.466333 0.036667 0.039333
2 0.582 0.356 0.182667 0.14
2 0.151 0.534333 0.13 0.09
2 0.255333 0.566 0.118667 0.145333
2 0.354 0.519 0.12 0.186
2 0.475 0.485333 0.098 0.096
2 0.605667 0.478 0.17 0.112
2 0.589667 0.57 0.11 0.094667
2 0.575667 0.645667 0.127333 0.108667
2 0.458667 0.571667 0.116 0.100667
2 0.416 0.677667 0.146667 0.138
2 0.137333 0.618667 0.105333 0.088
2 0.121 0.718667 0.163333 0.137333
2 0.212333 0.771667 0.075333 0.095333
2 0.31 0.765667 0.121333 0.144667
2 0.531667 0.730667 0.139333 0.124
2 0.602 0.819667 0.114667 0.118
2 0.504 0.85 0.092 0.117333
2 0.405667 0.794333 0.106 0.094
2 0.393 0.872 0.102 0.081333
2 0.47 0.921 0.109333 0.083333
2 0.266667 0.876667 0.133333 0.098667
2 0.096 0.877667 0.178667 0.179333
2 0.7 0.754667 0.102667 0.121333
2 0.812333 0.788333 0.123333 0.142
2 0.762333 0.929333 0.060667 0.072
2 0.867667 0.944667 0.122 0.108
2 0.911333 0.773667 0.117333 0.119333
2 0.945667 0.636667 0.108667 0.164
2 0.841667 0.654 0.11 0.112
2 0.757333 0.588 0.214667 0.174667
2 0.783 0.462333 0.183333 0.119333
2 0.751333 0.347333 0.144 0.124
2 0.891 0.355 0.13 0.152667
2 0.75 0.235 0.14 0.124667
2 0.883333 0.225333 0.126667 0.105333
2 0.862667 0.141333 0.064 0.056
0 0.929667 0.505 0.111333 0.096667
0 0.861333 0.461667 0.066667 0.05
0 0.258333 0.685 0.127333 0.116667
0 0.656667 0.665333 0.082667 0.090667
0 0.693667 0.867333 0.074 0.078667
0 0.647333 0.280333 0.064 0.060667
0 0.382333 0.927 0.052667 0.040667
2 0.293333 0.953667 0.18 0.092667
2 0.961333 0.167333 0.077333 0.105333
2 0.804667 0.076 0.102667 0.150667
2 0.071667 0.101333 0.142 0.133333
