2 0.7356670000000001 0.929333 0.044667 0.069333
2 0.852333 0.855 0.067333 0.060667
2 0.928333 0.748333 0.054 0.071333
2 0.836333 0.758 0.09 0.077333
2 0.651 0.918667 0.052667 0.052
2 0.6863330000000001 0.840667 0.071333 0.093333
2 0.651667 0.7376670000000001 0.092667 0.091333
2 0.601667 0.860333 0.099333 0.147333
2 0.49566699999999997 0.836667 0.11 0.114667
2 0.447333 0.934333 0.1 0.112667
2 0.527 0.719 0.139333 0.155333
2 0.609 0.627 0.163333 0.15
3 0.728 0.648333 0.092 0.107333
2 0.404 0.706 0.1 0.097333
2 0.30700000000000005 0.687333 0.078 0.084
2 0.32966700000000004 0.808667 0.154 0.145333
3 0.41733299999999995 0.605 0.121333 0.088667
2 0.704 0.531667 0.116 0.099333
2 0.885 0.569 0.219333 0.194
2 0.906 0.443333 0.114667 0.102667
2 0.7853330000000001 0.43600000000000005 0.1 0.130667
2 0.667333 0.43300000000000005 0.134667 0.143333
2 0.568667 0.39433300000000004 0.089333 0.082
2 0.602 0.31999999999999995 0.096 0.096
2 0.46566700000000005 0.377 0.116667 0.095333
2 0.359 0.360333 0.128667 0.131333
2 0.892333 0.33466700000000005 0.098 0.105333
2 0.813667 0.30900000000000005 0.099333 0.115333
2 0.7066669999999999 0.29800000000000004 0.128 0.146667
2 0.504 0.19333299999999998 0.126667 0.118667
2 0.499 0.291667 0.103333 0.083333
2 0.398667 0.266 0.096 0.109333
2 0.394 0.19499999999999995 0.086667 0.075333
2 0.29900000000000004 0.259 0.052667 0.056667
2 0.29100000000000004 0.18500000000000005 0.088667 0.080667
2 0.935 0.21166700000000005 0.119333 0.138
3 0.8240000000000001 0.20799999999999996 0.090667 0.072
2 0.810667 0.13066699999999998 0.134667 0.118667
2 0.687667 0.11633300000000002 0.140667 0.148667
2 0.5103329999999999 0.07999999999999996 0.131333 0.116
2 0.40033300000000005 0.094333 0.096667 0.114
2 0.30533299999999997 0.08866700000000005 0.102667 0.101333
2 0.19766700000000004 0.163667 0.094 0.091333
2 0.08599999999999997 0.136 0.158667 0.145333
2 0.19033299999999997 0.23166699999999996 0.15 0.092667
3 0.05600000000000005 0.26 0.089333 0.086667
2 0.140667 0.326333 0.102667 0.122
2 0.06399999999999995 0.35 0.08 0.089333
2 0.246 0.33199999999999996 0.141333 0.157333
2 0.503667 0.5353330000000001 0.071333 0.077333
2 0.42733299999999996 0.48266699999999996 0.133333 0.137333
2 0.33566700000000005 0.501 0.088667 0.139333
2 0.25133300000000003 0.477333 0.097333 0.090667
2 0.138 0.45666700000000005 0.124 0.129333
2 0.15500000000000003 0.581 0.191333 0.124667
2 0.212333 0.702 0.131333 0.153333
3 0.10699999999999998 0.681667 0.112667 0.111333
2 0.22899999999999998 0.886 0.11 0.112
0 0.734667 0.741 0.088 0.079333
0 0.882667 0.805667 0.094667 0.071333
0 0.823333 0.676667 0.052 0.049333
0 0.788 0.641 0.074667 0.096667
0 0.6759999999999999 0.225333 0.104 0.093333
0 0.687333 0.03500000000000003 0.096 0.07
0 0.30300000000000005 0.605 0.096667 0.068667
0 0.352333 0.886 0.080667 0.066667
2 0.925333 0.944333 0.148 0.11
2 0.939333 0.867 0.12 0.158
2 0.836333 0.05900000000000005 0.187333 0.118
2 0.164667 0.061000000000000054 0.161333 0.122
2 0.04700000000000004 0.04266700000000001 0.094 0.085333
3 0.04466700000000001 0.45299999999999996 0.089333 0.131333
3 0.07099999999999995 0.755 0.142 0.139333
2 0.06666700000000003 0.867 0.133333 0.139333
3 0.31200000000000006 0.955 0.138667 0.088667
