2 0.941667 0.8993329999999999 0.099333 0.106667
2 0.852333 0.8993329999999999 0.07 0.077333
2 0.893667 0.796667 0.163333 0.173333
2 0.896667 0.6759999999999999 0.070667 0.065333
2 0.7316670000000001 0.953667 0.091333 0.09
2 0.748 0.8316669999999999 0.137333 0.154
2 0.614333 0.915333 0.159333 0.16
2 0.6533329999999999 0.813333 0.064 0.061333
2 0.537667 0.842667 0.128667 0.134667
2 0.36266699999999996 0.963667 0.074667 0.066
2 0.280667 0.909667 0.112 0.120667
2 0.38233300000000003 0.886333 0.100667 0.096667
3 0.42700000000000005 0.806667 0.103333 0.12
2 0.30000000000000004 0.806333 0.094667 0.096667
2 0.7953330000000001 0.651667 0.122667 0.160667
2 0.692 0.708 0.142667 0.144
2 0.696333 0.595333 0.084667 0.064
2 0.56 0.727 0.125333 0.134
2 0.351333 0.7110000000000001 0.158667 0.154
2 0.29200000000000004 0.6106670000000001 0.141333 0.121333
2 0.47966699999999995 0.619333 0.147333 0.152
2 0.420667 0.546333 0.122667 0.114
3 0.751667 0.505667 0.106 0.111333
2 0.6146670000000001 0.540333 0.153333 0.140667
2 0.31799999999999995 0.519333 0.132 0.126667
3 0.341333 0.42333299999999996 0.118667 0.1
3 0.545667 0.42100000000000004 0.091333 0.091333
2 0.635667 0.42233299999999996 0.075333 0.083333
2 0.774 0.392 0.096 0.096
2 0.881 0.366 0.152667 0.216
2 0.695667 0.330333 0.187333 0.199333
2 0.823 0.23833300000000002 0.088667 0.095333
2 0.570333 0.26833300000000004 0.118 0.146
2 0.455333 0.358333 0.137333 0.183333
2 0.35266699999999995 0.30433299999999996 0.084 0.092667
2 0.26533300000000004 0.263 0.088 0.094
2 0.27133300000000005 0.15433300000000005 0.097333 0.122
2 0.374 0.19699999999999995 0.118667 0.132667
2 0.476333 0.21566700000000005 0.098 0.092667
2 0.921667 0.18100000000000005 0.09 0.088667
2 0.846 0.11566699999999996 0.134667 0.135333
2 0.7236670000000001 0.08533299999999999 0.132667 0.129333
2 0.7130000000000001 0.20033299999999998 0.155333 0.140667
2 0.597667 0.14600000000000002 0.108667 0.132
2 0.495 0.12133300000000002 0.106 0.110667
2 0.396667 0.08566700000000005 0.102667 0.095333
3 0.31000000000000005 0.07133299999999998 0.08 0.084
2 0.07033299999999998 0.17200000000000004 0.134 0.124
2 0.18466700000000003 0.18600000000000005 0.092 0.112
2 0.14900000000000002 0.277 0.120667 0.123333
2 0.23833300000000002 0.351 0.135333 0.100667
2 0.21599999999999997 0.43033299999999997 0.134667 0.11
3 0.10933300000000001 0.44899999999999995 0.097333 0.095333
2 0.07999999999999996 0.550333 0.096 0.095333
2 0.19066700000000003 0.536 0.130667 0.108
2 0.17433299999999996 0.623 0.064667 0.052667
2 0.07433299999999998 0.639667 0.116667 0.102
3 0.206333 0.885 0.023333 0.028667
2 0.08133299999999999 0.937333 0.161333 0.121333
2 0.091333 0.827667 0.104 0.088667
2 0.20466700000000004 0.822667 0.101333 0.097333
2 0.14400000000000002 0.7376670000000001 0.126667 0.106
0 0.13733300000000004 0.661333 0.078667 0.06
0 0.5373330000000001 0.05733299999999997 0.078667 0.068
2 0.47266699999999995 0.935667 0.138667 0.127333
2 0.938667 0.495 0.121333 0.167333
2 0.946333 0.06999999999999995 0.106 0.134667
2 0.05033299999999996 0.28733299999999995 0.095333 0.137333
2 0.04533299999999996 0.384 0.090667 0.129333
2 0.04600000000000004 0.720333 0.092 0.103333
