2 0.915333 0.071667 0.166667 0.140667
2 0.893333 0.206667 0.205333 0.196
2 0.884667 0.34 0.122667 0.101333
2 0.749 0.193 0.11 0.086
2 0.747 0.281333 0.134 0.134667
2 0.7170000000000001 0.403667 0.187333 0.131333
2 0.866 0.453333 0.186667 0.162667
2 0.856333 0.573333 0.166 0.1
2 0.855333 0.700667 0.198667 0.181333
2 0.707333 0.622333 0.126667 0.120667
2 0.725333 0.516333 0.149333 0.111333
2 0.646 0.158 0.104 0.14
2 0.628333 0.288667 0.119333 0.122667
2 0.536 0.275333 0.073333 0.078667
2 0.624 0.540667 0.064 0.097333
2 0.6 0.682 0.118667 0.124
2 0.685333 0.733 0.104 0.092667
2 0.534667 0.144 0.154667 0.190667
2 0.532333 0.394667 0.195333 0.142667
2 0.5083329999999999 0.508333 0.236667 0.183333
2 0.498 0.655333 0.190667 0.152
2 0.39433300000000004 0.342667 0.09 0.094667
2 0.40233300000000005 0.207667 0.136667 0.143333
2 0.31566700000000003 0.076333 0.115333 0.140667
2 0.21966699999999995 0.089667 0.091333 0.096667
2 0.310667 0.290667 0.166667 0.157333
2 0.23399999999999999 0.222333 0.150667 0.168667
2 0.11166699999999996 0.257 0.156667 0.167333
2 0.094333 0.391667 0.134 0.119333
2 0.18566700000000003 0.423667 0.174 0.151333
2 0.30133299999999996 0.459667 0.174667 0.158
2 0.286667 0.589333 0.157333 0.16
2 0.256667 0.694667 0.094667 0.096
2 0.138 0.588667 0.172 0.228
2 0.05833299999999997 0.620667 0.116667 0.152
2 0.14233300000000004 0.803333 0.182 0.158667
2 0.09499999999999997 0.925333 0.13 0.149333
2 0.20133299999999998 0.913 0.129333 0.162
2 0.356 0.748333 0.154667 0.158
2 0.33699999999999997 0.892667 0.154 0.173333
2 0.47766699999999995 0.759 0.09 0.071333
2 0.48566699999999996 0.872667 0.187333 0.176
2 0.567333 0.920667 0.118667 0.125333
2 0.732333 0.959 0.138 0.082
2 0.708333 0.853 0.226 0.172667
2 0.925667 0.837667 0.146 0.154
0 0.717333 0.127667 0.101333 0.111333
0 0.13133300000000003 0.696333 0.133333 0.100667
2 0.428667 0.071667 0.169333 0.142
2 0.06966700000000003 0.109667 0.139333 0.191333
2 0.959333 0.685333 0.08 0.144
