2 0.782 0.110667 0.14 0.149333
2 0.906333 0.123667 0.142 0.144667
2 0.869667 0.234667 0.158 0.134667
2 0.763667 0.219 0.102 0.100667
2 0.864333 0.346667 0.17 0.117333
3 0.958 0.374333 0.081333 0.092667
2 0.934667 0.487667 0.117333 0.120667
2 0.8466670000000001 0.441333 0.098667 0.093333
2 0.742 0.416 0.124 0.093333
2 0.685 0.118 0.115333 0.124
2 0.652 0.236 0.122667 0.137333
2 0.636 0.355333 0.109333 0.114667
2 0.84 0.570667 0.094667 0.105333
2 0.897333 0.676 0.181333 0.22
2 0.818667 0.722 0.114667 0.124
2 0.7150000000000001 0.642 0.143333 0.101333
2 0.731 0.541 0.175333 0.175333
2 0.607 0.482333 0.160667 0.163333
2 0.570333 0.609667 0.159333 0.164667
2 0.5716669999999999 0.704 0.040667 0.049333
2 0.5123329999999999 0.365333 0.178 0.146667
3 0.39133300000000004 0.369 0.102667 0.095333
2 0.532333 0.243 0.162 0.118
2 0.548667 0.114667 0.168 0.166667
2 0.40700000000000003 0.126333 0.155333 0.139333
3 0.34299999999999997 0.132667 0.052667 0.053333
3 0.31000000000000005 0.197667 0.064 0.07
2 0.352 0.582333 0.098667 0.102
2 0.448333 0.668667 0.168667 0.193333
2 0.327333 0.697333 0.110667 0.125333
2 0.395667 0.258333 0.151333 0.152667
2 0.21799999999999997 0.681667 0.114667 0.100667
2 0.220333 0.563 0.199333 0.182
2 0.27433300000000005 0.411333 0.148667 0.117333
2 0.29500000000000004 0.293333 0.155333 0.197333
2 0.21499999999999997 0.201 0.127333 0.091333
2 0.169667 0.297 0.134 0.123333
2 0.237 0.082667 0.21 0.162667
2 0.16200000000000003 0.387333 0.1 0.073333
2 0.15633300000000006 0.464333 0.17 0.144667
2 0.11666699999999997 0.615667 0.093333 0.106
2 0.09899999999999998 0.724 0.171333 0.121333
2 0.09466699999999995 0.808 0.168 0.109333
2 0.06599999999999995 0.91 0.112 0.109333
2 0.17633299999999996 0.899333 0.158 0.130667
2 0.300667 0.799 0.098667 0.095333
2 0.39633300000000005 0.844667 0.135333 0.150667
2 0.558667 0.813 0.189333 0.174
2 0.703667 0.827667 0.102 0.086
2 0.695333 0.74 0.213333 0.129333
2 0.548 0.943 0.208 0.114
0 0.37366699999999997 0.476667 0.108667 0.114667
0 0.49 0.450333 0.090667 0.095333
0 0.736333 0.327 0.107333 0.103333
0 0.280667 0.876667 0.097333 0.062667
0 0.05466700000000002 0.162 0.109333 0.118667
0 0.642333 0.860333 0.088667 0.091333
0 0.46266700000000005 0.541333 0.097333 0.090667
0 0.796333 0.914 0.143333 0.138667
0 0.7046669999999999 0.891667 0.08 0.083333
2 0.957 0.276667 0.084667 0.128
2 0.813 0.033667 0.115333 0.066
2 0.06466700000000003 0.062 0.129333 0.122667
2 0.04600000000000004 0.616 0.092 0.148
2 0.941333 0.886 0.116 0.138667
