2 0.105667 0.153333 0.122 0.152
2 0.129 0.290667 0.128667 0.124
3 0.259333 0.292 0.106667 0.108
2 0.270333 0.403333 0.194 0.205333
2 0.36 0.297667 0.033333 0.046
2 0.333333 0.171 0.126667 0.13
2 0.513 0.084333 0.163333 0.166
2 0.561667 0.181 0.184667 0.223333
2 0.479 0.301 0.055333 0.062
2 0.611 0.443333 0.119333 0.148
2 0.482 0.438667 0.164 0.205333
2 0.454333 0.550667 0.094 0.101333
3 0.335333 0.528 0.061333 0.065333
2 0.674 0.528667 0.036 0.04
2 0.661667 0.645667 0.092667 0.091333
2 0.566 0.587667 0.029333 0.031333
2 0.556 0.634 0.085333 0.08
2 0.347 0.639 0.11 0.100667
2 0.239667 0.729333 0.13 0.185333
2 0.39 0.742667 0.177333 0.22
2 0.271667 0.843667 0.062 0.067333
2 0.128 0.810667 0.113333 0.117333
3 0.356667 0.937333 0.066667 0.064
2 0.505 0.842333 0.136667 0.139333
2 0.742667 0.871667 0.193333 0.166
2 0.615667 0.758667 0.080667 0.122667
2 0.723 0.757333 0.152667 0.132
2 0.843333 0.757667 0.129333 0.123333
2 0.848 0.856667 0.08 0.088
2 0.933 0.846333 0.087333 0.122
2 0.766333 0.645667 0.134 0.142
2 0.849 0.641333 0.040667 0.037333
2 0.802333 0.564333 0.106 0.103333
2 0.926333 0.568333 0.147333 0.138
2 0.810667 0.447667 0.124 0.131333
2 0.929667 0.452 0.119333 0.128
2 0.922 0.518667 0.049333 0.045333
2 0.717333 0.350333 0.193333 0.23
2 0.856 0.321 0.109333 0.120667
2 0.768333 0.156 0.155333 0.185333
2 0.885667 0.164333 0.107333 0.131333
2 0.759333 0.078 0.088 0.072
3 0.919667 0.075667 0.15 0.111333
0 0.22 0.101 0.114667 0.138
0 0.407667 0.06 0.127333 0.118667
0 0.582667 0.305 0.113333 0.112667
0 0.52 0.740333 0.141333 0.123333
0 0.448333 0.352333 0.115333 0.147333
0 0.225 0.547333 0.158 0.149333
0 0.379667 0.863667 0.135333 0.119333
0 0.675667 0.066667 0.104667 0.097333
0 0.150333 0.366667 0.100667 0.106667
0 0.42 0.219 0.082667 0.111333
0 0.483667 0.61 0.094 0.110667
0 0.193 0.847667 0.076667 0.118
2 0.054333 0.043 0.107333 0.084667
2 0.062667 0.711333 0.124 0.149333
2 0.554 0.949667 0.086667 0.100667
2 0.468 0.957333 0.102667 0.085333
2 0.657667 0.958333 0.108667 0.083333
2 0.76 0.955333 0.104 0.089333
2 0.859667 0.944667 0.136667 0.110667
2 0.952333 0.678333 0.095333 0.143333
2 0.945333 0.326 0.109333 0.158667
3 0.949 0.184333 0.102 0.131333
