2 0.128 0.72 0.129333 0.130667
3 0.042 0.586333 0.082667 0.119333
2 0.124 0.606333 0.129333 0.144667
2 0.215333 0.633 0.105333 0.118
3 0.216667 0.752667 0.097333 0.12
2 0.314667 0.847 0.117333 0.088667
2 0.321667 0.790333 0.062 0.043333
3 0.282 0.912 0.088 0.074667
2 0.307333 0.729 0.112 0.103333
2 0.308667 0.6313329999999999 0.105333 0.104
2 0.395667 0.756667 0.062 0.061333
2 0.405333 0.846333 0.062667 0.067333
2 0.402 0.667 0.126667 0.132667
2 0.293333 0.532667 0.118667 0.101333
2 0.228333 0.475333 0.122 0.149333
3 0.138667 0.44199999999999995 0.130667 0.124
2 0.154 0.34866699999999995 0.08 0.069333
2 0.060667 0.29533299999999996 0.113333 0.093333
3 0.270667 0.332333 0.141333 0.128667
2 0.292 0.239 0.069333 0.055333
3 0.327667 0.426667 0.083333 0.089333
2 0.398 0.5389999999999999 0.110667 0.127333
2 0.474 0.794333 0.141333 0.140667
2 0.485 0.6946669999999999 0.084667 0.088
2 0.565 0.639667 0.083333 0.080667
3 0.489 0.6066670000000001 0.075333 0.072
2 0.507667 0.51 0.148667 0.118667
2 0.502333 0.417667 0.114 0.086
2 0.517667 0.33999999999999997 0.076667 0.073333
3 0.444667 0.278 0.102667 0.088
2 0.591 0.548333 0.107333 0.091333
2 0.553667 0.909667 0.059333 0.060667
2 0.573 0.8109999999999999 0.108667 0.135333
2 0.628 0.944667 0.033333 0.029333
2 0.655667 0.8009999999999999 0.079333 0.074
3 0.644 0.881 0.085333 0.091333
3 0.706667 0.951 0.112 0.092667
3 0.714667 0.830667 0.057333 0.061333
2 0.659 0.703333 0.140667 0.114667
2 0.765667 0.640333 0.156667 0.143333
3 0.769333 0.538667 0.049333 0.044
3 0.676333 0.452333 0.179333 0.168667
3 0.787667 0.456333 0.074 0.07
2 0.74 0.35366699999999995 0.124 0.104667
2 0.715333 0.26733300000000004 0.096 0.089333
2 0.814333 0.291667 0.099333 0.096667
3 0.891333 0.35566699999999996 0.149333 0.163333
2 0.892333 0.46866699999999994 0.058 0.056
3 0.895667 0.5333330000000001 0.156667 0.084
3 0.893333 0.616333 0.136 0.083333
2 0.903333 0.7110000000000001 0.106667 0.106
2 0.819667 0.816333 0.182 0.116667
2 0.842 0.927667 0.141333 0.104667
3 0.804667 0.882667 0.048 0.04
3 0.566667 0.238 0.146667 0.148
2 0.657667 0.07799999999999996 0.068667 0.081333
3 0.937333 0.145667 0.121333 0.128667
2 0.843667 0.08599999999999997 0.120667 0.129333
3 0.949 0.04566700000000001 0.102 0.080667
3 0.482333 0.18633299999999997 0.096667 0.098
3 0.384667 0.122 0.136 0.138667
3 0.286333 0.12566699999999997 0.080667 0.114
3 0.186333 0.08333299999999999 0.13 0.130667
3 0.093333 0.05800000000000005 0.090667 0.085333
3 0.077667 0.16533299999999995 0.152667 0.148
0 0.903 0.23866699999999996 0.064667 0.074667
0 0.141333 0.834667 0.089333 0.094667
0 0.664667 0.585 0.113333 0.096667
0 0.752667 0.046667000000000014 0.102667 0.086667
0 0.62 0.35366699999999995 0.113333 0.095333
0 0.440333 0.369 0.076667 0.096667
0 0.803667 0.722333 0.087333 0.086
0 0.581 0.06033299999999997 0.087333 0.102
0 0.225333 0.38 0.069333 0.08
0 0.160667 0.28200000000000003 0.086667 0.058667
2 0.447333 0.941333 0.130667 0.116
2 0.065 0.931333 0.128667 0.136
2 0.042667 0.695667 0.084 0.100667
3 0.340333 0.03966700000000001 0.163333 0.079333
2 0.044667 0.810333 0.088 0.108667
