2 0.061667 0.89 0.122 0.144
2 0.072333 0.643667 0.135333 0.124667
2 0.083 0.546667 0.098 0.1
2 0.103 0.381 0.135333 0.126
2 0.193 0.6 0.112667 0.146667
2 0.232333 0.5433330000000001 0.035333 0.037333
2 0.255333 0.45466700000000004 0.082667 0.097333
2 0.323 0.565333 0.17 0.166667
2 0.331667 0.45499999999999996 0.068667 0.063333
2 0.280667 0.6966669999999999 0.189333 0.133333
3 0.228667 0.360333 0.065333 0.095333
2 0.320333 0.34166700000000005 0.191333 0.166
2 0.411667 0.34299999999999997 0.104667 0.134
2 0.446333 0.479 0.184667 0.187333
2 0.543 0.442333 0.040667 0.048667
2 0.51 0.33166700000000005 0.132 0.138
2 0.425 0.664667 0.119333 0.156
2 0.439667 0.809667 0.155333 0.183333
2 0.52 0.880333 0.154667 0.194
2 0.61 0.479 0.138667 0.123333
2 0.671 0.556 0.179333 0.144
2 0.796667 0.5776669999999999 0.089333 0.094
2 0.788667 0.7030000000000001 0.110667 0.116667
2 0.661667 0.656667 0.111333 0.077333
2 0.654667 0.877 0.129333 0.104667
2 0.636333 0.748 0.199333 0.177333
2 0.764667 0.869667 0.114667 0.156667
2 0.877 0.863 0.147333 0.123333
2 0.883667 0.769 0.134 0.096667
2 0.908333 0.696333 0.099333 0.059333
2 0.911 0.486 0.175333 0.177333
2 0.848333 0.358 0.139333 0.157333
2 0.892 0.25133300000000003 0.14 0.105333
2 0.773667 0.361 0.088667 0.15
2 0.912 0.14733300000000005 0.122667 0.117333
3 0.916333 0.049000000000000044 0.103333 0.098
2 0.819333 0.07533299999999998 0.105333 0.133333
2 0.734333 0.04966700000000002 0.059333 0.062
2 0.660667 0.35866699999999996 0.177333 0.186667
2 0.664667 0.215333 0.168 0.125333
2 0.556333 0.253667 0.096667 0.127333
2 0.606 0.133 0.096 0.095333
2 0.519 0.11766699999999997 0.111333 0.123333
2 0.416333 0.10999999999999999 0.104667 0.126667
2 0.363667 0.20766700000000005 0.147333 0.134
2 0.332667 0.11199999999999999 0.116 0.106667
2 0.142 0.15000000000000002 0.130667 0.117333
3 0.957667 0.35066699999999995 0.084667 0.124
0 0.191 0.881 0.151333 0.131333
0 0.143333 0.813333 0.101333 0.085333
0 0.540333 0.610333 0.119333 0.111333
0 0.801 0.210333 0.111333 0.131333
0 0.748333 0.161667 0.107333 0.127333
0 0.686 0.11133300000000002 0.078667 0.062667
0 0.246667 0.23933300000000002 0.125333 0.145333
0 0.104333 0.24866699999999997 0.131333 0.156
0 0.285667 0.857 0.115333 0.119333
0 0.149667 0.49066699999999996 0.126 0.110667
0 0.185667 0.41633299999999995 0.134 0.123333
0 0.885667 0.6126670000000001 0.100667 0.110667
0 0.954667 0.618333 0.090667 0.096667
3 0.671 0.04266700000000001 0.124667 0.085333
2 0.182 0.06000000000000005 0.230667 0.12
