0 0.6333329999999999 0.345 0.228 0.21
0 0.43533299999999997 0.307333 0.184 0.22
0 0.321333 0.424667 0.230667 0.2
0 0.217333 0.261667 0.22 0.202
0 0.334333 0.115333 0.232667 0.192
0 0.636333 0.128667 0.254 0.238667
0 0.604 0.565 0.250667 0.246
0 0.628333 0.746667 0.299333 0.246667
0 0.669333 0.902667 0.257333 0.194667
0 0.486 0.932 0.188 0.136
0 0.41733299999999995 0.818333 0.22 0.264667
0 0.281 0.800333 0.182 0.228667
0 0.15633300000000006 0.765 0.139333 0.186
0 0.23833300000000002 0.55 0.222 0.208
0 0.41000000000000003 0.578 0.173333 0.192
0 0.10399999999999998 0.393667 0.208 0.246
0 0.842 0.551333 0.314667 0.304
0 0.879333 0.323667 0.24 0.192667
