0 0.830333 0.34466699999999995 0.142 0.121333
0 0.207333 0.944 0.098667 0.090667
0 0.15 0.913 0.054667 0.054
0 0.249333 0.788333 0.093333 0.062
0 0.177333 0.847 0.078667 0.09
0 0.442333 0.887667 0.059333 0.051333
0 0.463333 0.8109999999999999 0.077333 0.087333
0 0.549667 0.883 0.111333 0.120667
0 0.636333 0.89 0.082 0.105333
0 0.451667 0.675667 0.084667 0.096667
0 0.488 0.749333 0.041333 0.050667
0 0.807333 0.569 0.168 0.176667
0 0.864333 0.738 0.271333 0.193333
0 0.770333 0.44199999999999995 0.055333 0.054667
0 0.721 0.384667 0.068667 0.06
0 0.672333 0.43300000000000005 0.108667 0.115333
0 0.859333 0.251667 0.102667 0.098
0 0.954667 0.33799999999999997 0.057333 0.053333
0 0.958667 0.19833299999999998 0.076 0.086
0 0.889 0.17733299999999996 0.07 0.064
0 0.694 0.22266699999999995 0.089333 0.093333
0 0.823333 0.04800000000000004 0.125333 0.096
0 0.723 0.13466699999999998 0.084667 0.088
0 0.581667 0.40033300000000005 0.09 0.078
0 0.424 0.369 0.101333 0.09
0 0.496 0.242 0.094667 0.084
0 0.508 0.053332999999999964 0.096 0.106667
0 0.594 0.21099999999999997 0.085333 0.086
0 0.581333 0.11066699999999996 0.086667 0.078667
0 0.268667 0.05600000000000005 0.126667 0.112
0 0.256667 0.20499999999999996 0.1 0.119333
0 0.356333 0.10599999999999998 0.082 0.1
0 0.184 0.30900000000000005 0.088 0.079333
0 0.193667 0.20866700000000005 0.086 0.110667
0 0.108667 0.259667 0.082667 0.091333
0 0.284667 0.679 0.064 0.055333
0 0.205 0.673667 0.052667 0.039333
0 0.175333 0.5369999999999999 0.112 0.115333
