2 0.082667 0.130667 0.112 0.116
1 0.150667 0.066667 0.088 0.076
1 0.211667 0.146667 0.163333 0.181333
1 0.297333 0.166667 0.112 0.142667
2 0.331333 0.085 0.064 0.066
2 0.226667 0.037667 0.101333 0.074
2 0.143667 0.232333 0.146 0.128667
1 0.335667 0.258667 0.154 0.124
2 0.387667 0.177333 0.079333 0.085333
2 0.406 0.069667 0.129333 0.138
2 0.468333 0.104333 0.119333 0.123333
2 0.542333 0.06 0.079333 0.08
1 0.605333 0.101333 0.066667 0.081333
2 0.678 0.100333 0.129333 0.115333
1 0.543 0.169667 0.104667 0.151333
2 0.626667 0.209 0.113333 0.144667
1 0.478667 0.25 0.114667 0.149333
2 0.415 0.298 0.114 0.096
2 0.346333 0.373667 0.108667 0.138
2 0.427667 0.366667 0.072667 0.084
2 0.478333 0.356333 0.047333 0.060667
2 0.216333 0.364667 0.152667 0.14
2 0.299 0.430667 0.115333 0.141333
2 0.633667 0.338667 0.112667 0.101333
2 0.567 0.389667 0.088667 0.080667
2 0.704333 0.389667 0.098 0.104667
2 0.729 0.481333 0.095333 0.102667
1 0.639333 0.478 0.134667 0.150667
2 0.533667 0.486 0.123333 0.130667
2 0.417333 0.457 0.124 0.114
2 0.242333 0.502667 0.191333 0.142667
2 0.096333 0.501667 0.146 0.148667
2 0.057 0.577 0.112667 0.106
2 0.584333 0.591333 0.135333 0.113333
2 0.629667 0.678667 0.108667 0.1
2 0.698333 0.639333 0.064667 0.074667
2 0.522333 0.686667 0.136667 0.128
2 0.587333 0.773 0.092 0.092667
2 0.548667 0.835 0.106667 0.096667
2 0.667 0.849333 0.102 0.106667
2 0.754333 0.917667 0.124667 0.111333
2 0.805 0.831 0.11 0.134
2 0.724667 0.769333 0.154667 0.145333
2 0.93 0.893333 0.14 0.14
2 0.896 0.968333 0.084 0.063333
2 0.861 0.613 0.108667 0.144667
2 0.76 0.569333 0.152 0.14
2 0.913333 0.505667 0.138667 0.136667
2 0.849333 0.461333 0.092 0.094667
2 0.784333 0.412333 0.103333 0.128667
2 0.846333 0.361333 0.076667 0.086667
2 0.928 0.382667 0.104 0.118667
2 0.764 0.298333 0.116 0.115333
2 0.696 0.247667 0.094667 0.107333
2 0.824667 0.235 0.157333 0.159333
2 0.807667 0.125667 0.084667 0.074
2 0.902333 0.146667 0.106 0.141333
2 0.870333 0.053667 0.091333 0.078
2 0.942333 0.072333 0.059333 0.074
0 0.750333 0.087 0.100667 0.088667
0 0.741333 0.148667 0.054667 0.058667
0 0.471667 0.603333 0.064667 0.062667
0 0.383667 0.561667 0.103333 0.084667
0 0.268667 0.718 0.082667 0.090667
0 0.170333 0.682 0.084667 0.078667
0 0.057333 0.731667 0.113333 0.102
0 0.145333 0.771667 0.114667 0.088667
0 0.464667 0.804 0.094667 0.101333
0 0.425 0.881 0.072667 0.068667
0 0.524 0.928333 0.097333 0.083333
0 0.620667 0.957667 0.108 0.084667
0 0.316 0.925333 0.101333 0.089333
0 0.332 0.836333 0.109333 0.108667
0 0.372667 0.760667 0.085333 0.082667
0 0.057667 0.821333 0.052667 0.050667
0 0.125 0.860667 0.107333 0.093333
0 0.212 0.882 0.082667 0.086667
0 0.233 0.797667 0.064667 0.068667
0 0.073333 0.933333 0.125333 0.117333
0 0.175667 0.968667 0.087333 0.062667
0 0.459333 0.965667 0.088 0.068667
2 0.045667 0.099 0.09 0.122
2 0.065667 0.330667 0.13 0.136
2 0.062 0.433 0.122667 0.134
2 0.948333 0.812333 0.103333 0.162
2 0.951 0.605333 0.098 0.134667
2 0.947667 0.254667 0.104667 0.14
2 0.610333 0.030667 0.11 0.06
