2 0.934333 0.142333 0.124667 0.100667
2 0.871333 0.221333 0.076 0.061333
2 0.81 0.262 0.094667 0.110667
2 0.898333 0.312 0.115333 0.105333
2 0.45866700000000005 0.361333 0.108 0.104
2 0.363 0.390667 0.064667 0.072
2 0.775 0.352667 0.079333 0.066667
2 0.84 0.433 0.084 0.104667
1 0.899 0.485667 0.068667 0.058
2 0.5740000000000001 0.442 0.070667 0.072
2 0.6623330000000001 0.484667 0.158 0.156
1 0.538667 0.508 0.053333 0.046667
2 0.456333 0.465 0.091333 0.099333
2 0.378667 0.518667 0.126667 0.108
2 0.41200000000000003 0.603 0.096 0.086
2 0.509 0.584 0.062 0.070667
2 0.755667 0.571667 0.082 0.068667
2 0.858 0.552667 0.109333 0.102667
2 0.939333 0.589 0.117333 0.106
2 0.8029999999999999 0.623333 0.107333 0.109333
2 0.881 0.667333 0.124667 0.108
2 0.952 0.734 0.094667 0.101333
2 0.895 0.787333 0.147333 0.136
2 0.651667 0.699 0.071333 0.087333
2 0.358333 0.695333 0.139333 0.138667
2 0.315333 0.859667 0.124 0.112667
2 0.51 0.826667 0.118667 0.117333
2 0.567 0.888 0.088667 0.086667
3 0.658667 0.827667 0.048 0.046
2 0.718667 0.870333 0.112 0.140667
2 0.775667 0.946 0.115333 0.104
2 0.840667 0.876 0.124 0.137333
2 0.928 0.940333 0.12 0.107333
0 0.784 0.106333 0.106667 0.124667
0 0.508667 0.134 0.114667 0.110667
0 0.6453329999999999 0.366333 0.062667 0.076667
0 0.759333 0.414667 0.1 0.098667
0 0.49866699999999997 0.67 0.093333 0.084
0 0.580333 0.604667 0.122 0.129333
0 0.5916669999999999 0.698667 0.056667 0.070667
0 0.605 0.788333 0.075333 0.079333
0 0.44499999999999995 0.934333 0.064667 0.071333
0 0.389 0.889 0.060667 0.068667
0 0.400667 0.836333 0.054667 0.051333
0 0.45366700000000004 0.766 0.086 0.084
0 0.724 0.206667 0.078667 0.090667
0 0.268667 0.122667 0.093333 0.092
0 0.15033300000000005 0.071333 0.074 0.06
0 0.21699999999999997 0.2 0.088667 0.078667
0 0.36 0.311333 0.081333 0.082667
0 0.36766699999999997 0.230667 0.055333 0.061333
0 0.428667 0.243 0.056 0.051333
0 0.44866700000000004 0.187333 0.054667 0.069333
0 0.03933299999999995 0.109333 0.078667 0.116
0 0.13666699999999998 0.127 0.052 0.055333
0 0.250667 0.392667 0.14 0.157333
0 0.17500000000000004 0.321 0.098 0.099333
0 0.07866700000000004 0.278667 0.08 0.08
0 0.18266700000000002 0.840333 0.113333 0.106
0 0.06899999999999995 0.819667 0.095333 0.103333
0 0.11266699999999996 0.657667 0.101333 0.106
0 0.24666699999999997 0.642667 0.113333 0.130667
0 0.19233299999999998 0.534333 0.098 0.076667
0 0.09499999999999997 0.426333 0.075333 0.082
2 0.976333 0.315667 0.046 0.083333
2 0.960667 0.858667 0.077333 0.109333
2 0.38333300000000003 0.972333 0.084 0.055333
