2 0.857667 0.971333 0.060667 0.053333
2 0.868333 0.853667 0.058 0.067333
3 0.760333 0.931 0.106 0.126
2 0.654333 0.880333 0.094 0.100667
2 0.549667 0.921 0.122 0.154
2 0.45566700000000004 0.9033329999999999 0.068667 0.092
2 0.367 0.862667 0.116667 0.142667
3 0.29433299999999996 0.6759999999999999 0.100667 0.174667
3 0.367333 0.771667 0.026667 0.026
2 0.39233300000000004 0.697333 0.104667 0.156
2 0.484 0.7170000000000001 0.076 0.071333
2 0.571 0.759 0.127333 0.166
2 0.773333 0.730667 0.082667 0.096
2 0.896333 0.6910000000000001 0.156667 0.17
2 0.796333 0.646333 0.115333 0.11
2 0.814667 0.562 0.070667 0.058667
2 0.717667 0.5513330000000001 0.11 0.124
2 0.605667 0.588333 0.134 0.167333
2 0.479333 0.593333 0.136 0.186667
3 0.374667 0.5756669999999999 0.078667 0.096667
3 0.30400000000000005 0.556 0.061333 0.062667
2 0.594333 0.46299999999999997 0.143333 0.091333
2 0.42533299999999996 0.444333 0.117333 0.111333
2 0.327333 0.464333 0.073333 0.087333
2 0.35466699999999995 0.359333 0.137333 0.105333
2 0.26733300000000004 0.346 0.038667 0.045333
3 0.44466700000000003 0.353 0.038667 0.040667
2 0.6313329999999999 0.381 0.129333 0.112667
2 0.841 0.44799999999999995 0.148667 0.124
2 0.851 0.26033300000000004 0.152667 0.134
2 0.649 0.273667 0.139333 0.100667
1 0.921333 0.5593330000000001 0.154667 0.197333
2 0.525667 0.33566700000000005 0.082 0.079333
2 0.48 0.249 0.185333 0.171333
2 0.638333 0.17233299999999996 0.115333 0.103333
3 0.731333 0.26233300000000004 0.038667 0.048667
2 0.28700000000000003 0.255 0.186 0.174
3 0.18133299999999997 0.18799999999999994 0.102667 0.098667
2 0.24966699999999997 0.45099999999999996 0.080667 0.100667
2 0.142667 0.326333 0.14 0.139333
2 0.05400000000000005 0.19533299999999998 0.108 0.097333
2 0.12466699999999997 0.44266700000000003 0.121333 0.122667
2 0.12133300000000002 0.5433330000000001 0.148 0.076
2 0.09199999999999997 0.636667 0.124 0.116
2 0.19833299999999998 0.642 0.098 0.149333
2 0.18899999999999995 0.728 0.062 0.068
2 0.19666700000000004 0.830667 0.124 0.117333
2 0.19099999999999995 0.911667 0.058 0.047333
2 0.062000000000000055 0.896667 0.108 0.094667
2 0.06499999999999995 0.788333 0.116667 0.11
2 0.871333 0.15033300000000005 0.117333 0.107333
2 0.774 0.15800000000000003 0.161333 0.174667
2 0.6639999999999999 0.06299999999999994 0.121333 0.120667
2 0.501 0.128 0.099333 0.097333
2 0.40433300000000005 0.15500000000000003 0.087333 0.107333
2 0.43100000000000005 0.05066700000000002 0.127333 0.101333
2 0.795667 0.04200000000000004 0.131333 0.084
2 0.31466700000000003 0.07399999999999995 0.088 0.090667
2 0.29433299999999996 0.15333300000000005 0.094 0.081333
3 0.19899999999999995 0.092333 0.095333 0.091333
0 0.6723330000000001 0.740333 0.135333 0.159333
0 0.475333 0.8180000000000001 0.101333 0.105333
0 0.756 0.36166699999999996 0.121333 0.108667
0 0.504667 0.41833299999999995 0.082667 0.088667
2 0.943667 0.936667 0.111333 0.125333
2 0.953 0.784667 0.092667 0.124
2 0.947 0.42033299999999996 0.104667 0.115333
2 0.955 0.14133300000000004 0.088667 0.145333
2 0.953667 0.273667 0.091333 0.139333
2 0.08999999999999997 0.07233299999999998 0.177333 0.144667
2 0.03533299999999995 0.499 0.070667 0.152667
