3 0.876333 0.942333 0.079333 0.068667
3 0.796 0.916333 0.076 0.104667
3 0.692 0.911667 0.154667 0.154
2 0.888 0.756 0.128 0.174667
3 0.942667 0.700333 0.113333 0.123333
2 0.776 0.765333 0.129333 0.125333
3 0.777 0.658667 0.134 0.116
2 0.6086670000000001 0.8089999999999999 0.098667 0.095333
2 0.602 0.730333 0.114667 0.083333
2 0.696 0.6433329999999999 0.122667 0.157333
2 0.583333 0.633 0.122667 0.136667
2 0.88 0.599333 0.114667 0.113333
2 0.47066699999999995 0.7030000000000001 0.096 0.111333
3 0.5429999999999999 0.853667 0.03 0.039333
2 0.46166700000000005 0.855 0.106 0.122
3 0.367 0.85 0.106 0.122667
3 0.33466700000000005 0.928333 0.076 0.09
2 0.27733300000000005 0.832667 0.08 0.085333
3 0.31899999999999995 0.755 0.111333 0.088667
3 0.366 0.683667 0.141333 0.158
3 0.28133300000000006 0.648 0.062667 0.076
3 0.40833299999999995 0.957667 0.09 0.082
2 0.432667 0.567 0.109333 0.114
2 0.33099999999999996 0.541667 0.11 0.128667
3 0.44899999999999995 0.48166699999999996 0.11 0.098
2 0.549667 0.5063329999999999 0.096667 0.118
2 0.6293329999999999 0.517333 0.090667 0.113333
2 0.843 0.49866699999999997 0.152667 0.134667
2 0.769 0.452333 0.091333 0.09
2 0.6699999999999999 0.448333 0.132 0.127333
2 0.7196670000000001 0.36066699999999996 0.107333 0.1
3 0.883667 0.407667 0.107333 0.079333
2 0.538333 0.406667 0.132667 0.117333
3 0.44966700000000004 0.38633300000000004 0.043333 0.062
2 0.366 0.37833300000000003 0.141333 0.144667
3 0.28333299999999995 0.43766700000000003 0.078667 0.078
2 0.545667 0.323333 0.099333 0.074667
2 0.954333 0.347 0.09 0.131333
2 0.857 0.30900000000000005 0.172667 0.140667
2 0.927667 0.21866699999999994 0.142 0.124
3 0.742 0.21499999999999997 0.066667 0.063333
2 0.37733300000000003 0.276 0.129333 0.1
3 0.274667 0.261667 0.089333 0.118
3 0.535667 0.24466699999999997 0.067333 0.092
3 0.46099999999999997 0.22699999999999998 0.084667 0.102
2 0.379 0.168667 0.111333 0.142667
2 0.29100000000000004 0.159667 0.079333 0.092667
2 0.496 0.12166699999999997 0.118667 0.140667
3 0.584667 0.09599999999999997 0.06 0.056
2 0.763667 0.121 0.111333 0.115333
2 0.802333 0.035667000000000004 0.071333 0.071333
2 0.19599999999999995 0.136 0.114667 0.104
3 0.10099999999999998 0.11733300000000002 0.09 0.093333
2 0.03600000000000003 0.213333 0.057333 0.089333
2 0.09866699999999995 0.20466700000000004 0.081333 0.108
2 0.18733299999999997 0.227333 0.106667 0.108
2 0.21366700000000005 0.348333 0.094 0.083333
2 0.11266699999999996 0.31399999999999995 0.122667 0.124
2 0.09599999999999997 0.40033300000000005 0.057333 0.052667
3 0.21066700000000005 0.486 0.049333 0.041333
2 0.129 0.466333 0.143333 0.144667
3 0.21199999999999997 0.623667 0.072 0.078
3 0.131 0.62 0.096667 0.093333
3 0.13133300000000003 0.698 0.102667 0.082667
2 0.18600000000000005 0.774667 0.148 0.18
2 0.248 0.925667 0.094667 0.103333
3 0.16600000000000004 0.9013329999999999 0.077333 0.070667
3 0.08866700000000005 0.872667 0.074667 0.066667
0 0.623333 0.269667 0.133333 0.115333
0 0.038000000000000034 0.596 0.076 0.101333
0 0.03400000000000003 0.11966699999999997 0.068 0.120667
0 0.279 0.08299999999999996 0.111333 0.084667
0 0.495 0.602 0.099333 0.113333
0 0.87 0.868667 0.109333 0.093333
0 0.815333 0.20599999999999996 0.093333 0.081333
0 0.657 0.165667 0.147333 0.112667
0 0.714333 0.816333 0.116667 0.096667
0 0.527333 0.739333 0.066667 0.105333
0 0.039000000000000035 0.699667 0.078 0.079333
0 0.474333 0.287667 0.079333 0.07
0 0.859667 0.08099999999999996 0.083333 0.098
0 0.15800000000000003 0.05233299999999996 0.081333 0.09
0 0.13466699999999998 0.540667 0.102667 0.078667
2 0.964333 0.601667 0.07 0.107333
3 0.941667 0.05366700000000002 0.115333 0.106
3 0.950667 0.137 0.097333 0.098
3 0.702333 0.032667 0.119333 0.065333
3 0.349 0.03966700000000001 0.159333 0.079333
3 0.04566700000000001 0.03533299999999995 0.087333 0.070667
3 0.03833299999999995 0.45466700000000004 0.076667 0.154667
3 0.05466700000000002 0.8029999999999999 0.109333 0.114
