2 0.699333 0.117667 0.044 0.044667
2 0.717333 0.034 0.053333 0.054667
2 0.5896669999999999 0.167333 0.087333 0.084
2 0.572667 0.240333 0.049333 0.056667
2 0.550667 0.328 0.094667 0.078667
2 0.6599999999999999 0.489667 0.056 0.064667
2 0.667 0.578 0.075333 0.066667
2 0.603333 0.625333 0.136 0.134667
2 0.552 0.522333 0.117333 0.094
2 0.5549999999999999 0.434333 0.087333 0.079333
2 0.500667 0.641667 0.078667 0.094
2 0.41600000000000004 0.525 0.036 0.044667
2 0.442333 0.480667 0.071333 0.077333
2 0.508667 0.193 0.058667 0.067333
2 0.29933299999999996 0.154333 0.069333 0.07
2 0.326333 0.067667 0.036667 0.039333
2 0.32066700000000004 0.308667 0.053333 0.06
2 0.19299999999999995 0.037667 0.042 0.047333
2 0.131 0.077 0.066 0.056667
2 0.16600000000000004 0.124 0.089333 0.085333
2 0.222333 0.179333 0.063333 0.068
2 0.242 0.445667 0.032 0.035333
3 0.19099999999999995 0.516333 0.072667 0.083333
2 0.161667 0.594333 0.044667 0.055333
2 0.251667 0.576333 0.112667 0.092667
2 0.315333 0.631 0.152 0.104667
2 0.277667 0.701667 0.127333 0.063333
2 0.05166700000000002 0.491667 0.084667 0.076667
3 0.18733299999999997 0.737667 0.034667 0.038
2 0.09666699999999995 0.742 0.117333 0.089333
2 0.07299999999999995 0.819333 0.071333 0.068
3 0.14700000000000002 0.817667 0.043333 0.040667
2 0.167667 0.919 0.111333 0.120667
2 0.05400000000000005 0.923667 0.093333 0.092667
2 0.269667 0.766 0.072667 0.062667
2 0.282667 0.853667 0.092 0.106
2 0.360333 0.783667 0.079333 0.080667
2 0.43866700000000003 0.781667 0.074667 0.075333
3 0.532 0.786333 0.054667 0.05
2 0.5720000000000001 0.707333 0.034667 0.032
2 0.599333 0.799 0.044 0.039333
2 0.615667 0.896333 0.074 0.092667
2 0.527333 0.887333 0.158667 0.137333
0 0.46466700000000005 0.125333 0.073333 0.070667
0 0.395 0.113667 0.083333 0.060667
0 0.41033299999999995 0.066667 0.064667 0.054667
0 0.40833299999999995 0.164333 0.060667 0.048667
0 0.930333 0.466333 0.099333 0.119333
0 0.793 0.494667 0.119333 0.106667
0 0.5816669999999999 0.068667 0.072667 0.078667
0 0.232333 0.391 0.052667 0.060667
0 0.336333 0.435 0.075333 0.076667
0 0.36566699999999996 0.505667 0.068667 0.072667
0 0.25833300000000003 0.509667 0.068667 0.060667
0 0.376667 0.333333 0.078667 0.090667
0 0.452333 0.347333 0.080667 0.078667
0 0.448333 0.286667 0.060667 0.066667
0 0.41100000000000003 0.662333 0.099333 0.095333
0 0.08399999999999996 0.151333 0.086667 0.074667
0 0.054332999999999965 0.216 0.076667 0.074667
0 0.954333 0.874333 0.09 0.11
0 0.8586670000000001 0.905667 0.117333 0.084667
0 0.9410000000000001 0.692667 0.116667 0.114667
0 0.94 0.580333 0.118667 0.114
0 0.830333 0.177667 0.112667 0.127333
0 0.904 0.239333 0.094667 0.113333
0 0.8220000000000001 0.301 0.129333 0.115333
0 0.906 0.366333 0.106667 0.092667
0 0.6970000000000001 0.565 0.087333 0.120667
0 0.819 0.387 0.052667 0.056667
0 0.650333 0.297 0.146 0.126
0 0.645667 0.396333 0.099333 0.106
0 0.650333 0.093667 0.066 0.096667
0 0.544 0.119667 0.061333 0.083333
0 0.316333 0.378 0.056667 0.044
0 0.28033300000000005 0.074 0.060667 0.048
0 0.473 0.723333 0.052667 0.057333
0 0.17166700000000001 0.468 0.068667 0.050667
0 0.061000000000000054 0.658333 0.064667 0.076667
0 0.844 0.565333 0.102667 0.117333
0 0.857333 0.800667 0.066667 0.074667
0 0.632667 0.722667 0.057333 0.081333
3 0.046667000000000014 0.357333 0.093333 0.113333
3 0.025666999999999995 0.599667 0.051333 0.083333
3 0.681667 0.976667 0.078 0.046667
