3 0.888 0.056333 0.096 0.11
3 0.812 0.115 0.136 0.116667
3 0.876333 0.174 0.084667 0.098667
2 0.763 0.053 0.128667 0.104667
2 0.923667 0.456667 0.094 0.078667
3 0.861333 0.396333 0.066667 0.066
2 0.791667 0.349 0.112667 0.131333
3 0.681333 0.224667 0.074667 0.065333
3 0.624333 0.156 0.062 0.061333
3 0.575333 0.121667 0.070667 0.066
2 0.5303329999999999 0.056 0.043333 0.052
3 0.614333 0.261 0.079333 0.067333
2 0.541667 0.184667 0.059333 0.053333
2 0.667 0.350667 0.048667 0.038667
2 0.906667 0.649333 0.097333 0.084
2 0.845 0.722 0.118 0.105333
3 0.94 0.745333 0.085333 0.074667
2 0.762 0.482 0.141333 0.136
3 0.731333 0.623 0.108 0.13
2 0.6823330000000001 0.689667 0.075333 0.068667
2 0.5860000000000001 0.683333 0.106667 0.108
2 0.526 0.596667 0.153333 0.109333
3 0.588667 0.500333 0.08 0.084667
3 0.609333 0.530667 0.024 0.022667
3 0.591 0.424333 0.092667 0.075333
3 0.574667 0.34 0.093333 0.093333
2 0.489333 0.107667 0.046667 0.051333
2 0.496333 0.326667 0.067333 0.069333
2 0.498333 0.406667 0.086 0.096
2 0.47666699999999995 0.515667 0.148 0.142
3 0.44066700000000003 0.578333 0.069333 0.067333
3 0.495333 0.668333 0.070667 0.07
3 0.501 0.743667 0.076667 0.075333
3 0.413667 0.722667 0.084667 0.061333
2 0.410667 0.651667 0.093333 0.084667
2 0.36266699999999996 0.579333 0.085333 0.090667
2 0.4 0.391 0.125333 0.176667
2 0.32566700000000004 0.466667 0.166 0.169333
2 0.393667 0.147667 0.099333 0.087333
2 0.318333 0.067667 0.099333 0.108667
2 0.32099999999999995 0.717667 0.108667 0.099333
3 0.21166700000000005 0.366333 0.071333 0.067333
2 0.20499999999999996 0.451667 0.120667 0.13
2 0.21599999999999997 0.553 0.145333 0.131333
3 0.23966699999999996 0.638667 0.066 0.065333
3 0.22066699999999995 0.711333 0.101333 0.090667
2 0.10433300000000001 0.713333 0.116667 0.097333
2 0.11766699999999997 0.616 0.120667 0.102667
2 0.11599999999999999 0.511 0.090667 0.108667
2 0.24266699999999997 0.279 0.134667 0.126
3 0.255 0.103 0.096667 0.082
2 0.268667 0.176 0.117333 0.088
2 0.19333299999999998 0.187667 0.053333 0.064667
2 0.10166699999999995 0.078 0.147333 0.132
2 0.07566700000000004 0.165667 0.095333 0.079333
2 0.11199999999999999 0.255 0.136 0.13
3 0.14833300000000005 0.688333 0.038 0.040667
2 0.212333 0.817667 0.164667 0.139333
2 0.12166699999999997 0.795333 0.103333 0.110667
2 0.07233299999999998 0.924667 0.096667 0.112
2 0.16300000000000003 0.939 0.114 0.111333
2 0.276667 0.913 0.096 0.126
2 0.398667 0.812333 0.134667 0.132667
2 0.36566699999999996 0.932667 0.095333 0.125333
2 0.454333 0.946333 0.094 0.107333
3 0.547667 0.948333 0.094 0.103333
3 0.505333 0.818333 0.074667 0.086
2 0.591333 0.821 0.1 0.098
3 0.593333 0.753333 0.070667 0.048
3 0.698 0.775333 0.128 0.102667
3 0.860333 0.793 0.07 0.054
2 0.891667 0.886 0.127333 0.133333
3 0.7803329999999999 0.865 0.100667 0.108667
0 0.641667 0.583667 0.135333 0.143333
0 0.11533300000000002 0.349333 0.149333 0.106667
3 0.942333 0.305667 0.114 0.143333
2 0.958 0.546333 0.082667 0.102
2 0.961333 0.679333 0.076 0.108
2 0.409667 0.051333 0.131333 0.101333
2 0.059667000000000026 0.42 0.119333 0.117333
3 0.04533299999999996 0.525667 0.090667 0.100667
2 0.03966700000000001 0.792 0.079333 0.132
2 0.694333 0.956667 0.103333 0.086667
2 0.792 0.955333 0.102667 0.089333
