2 0.117667 0.300667 0.044667 0.044
2 0.034 0.282667 0.054667 0.053333
2 0.167333 0.410333 0.084 0.087333
2 0.240333 0.427333 0.056667 0.049333
2 0.328 0.449333 0.078667 0.094667
2 0.489667 0.34 0.064667 0.056
2 0.578 0.333 0.066667 0.075333
2 0.625333 0.396667 0.134667 0.136
2 0.522333 0.448 0.094 0.117333
2 0.434333 0.445 0.079333 0.087333
2 0.641667 0.499333 0.094 0.078667
2 0.525 0.584 0.044667 0.036
2 0.480667 0.557667 0.077333 0.071333
2 0.193 0.491333 0.067333 0.058667
2 0.154333 0.700667 0.07 0.069333
2 0.067667 0.673667 0.039333 0.036667
2 0.308667 0.679333 0.06 0.053333
2 0.037667 0.807 0.047333 0.042
2 0.077 0.869 0.056667 0.066
2 0.124 0.834 0.085333 0.089333
2 0.179333 0.777667 0.068 0.063333
2 0.445667 0.758 0.035333 0.032
3 0.516333 0.809 0.083333 0.072667
2 0.594333 0.838333 0.055333 0.044667
2 0.576333 0.748333 0.092667 0.112667
2 0.631 0.684667 0.104667 0.152
2 0.701667 0.722333 0.063333 0.127333
2 0.491667 0.948333 0.076667 0.084667
3 0.737667 0.812667 0.038 0.034667
2 0.742 0.903333 0.089333 0.117333
2 0.819333 0.927 0.068 0.071333
3 0.817667 0.853 0.040667 0.043333
2 0.919 0.832333 0.120667 0.111333
2 0.923667 0.946 0.092667 0.093333
2 0.766 0.730333 0.062667 0.072667
2 0.853667 0.717333 0.106 0.092
2 0.783667 0.639667 0.080667 0.079333
2 0.781667 0.561333 0.075333 0.074667
3 0.786333 0.468 0.05 0.054667
2 0.707333 0.428 0.032 0.034667
2 0.799 0.400667 0.039333 0.044
2 0.896333 0.384333 0.092667 0.074
2 0.887333 0.472667 0.137333 0.158667
0 0.125333 0.535333 0.070667 0.073333
0 0.113667 0.605 0.060667 0.083333
0 0.066667 0.589667 0.054667 0.064667
0 0.164333 0.591667 0.048667 0.060667
0 0.466333 0.069667 0.119333 0.099333
0 0.494667 0.207 0.106667 0.119333
0 0.068667 0.418333 0.078667 0.072667
0 0.391 0.767667 0.060667 0.052667
0 0.435 0.663667 0.076667 0.075333
0 0.505667 0.634333 0.072667 0.068667
0 0.509667 0.741667 0.060667 0.068667
0 0.333333 0.623333 0.090667 0.078667
0 0.347333 0.547667 0.078667 0.080667
0 0.286667 0.551667 0.066667 0.060667
0 0.662333 0.589 0.095333 0.099333
0 0.151333 0.916 0.074667 0.086667
0 0.216 0.945667 0.074667 0.076667
0 0.874333 0.045667 0.11 0.09
0 0.905667 0.141333 0.084667 0.117333
0 0.692667 0.059 0.114667 0.116667
0 0.580333 0.06 0.114 0.118667
0 0.177667 0.169667 0.127333 0.112667
0 0.239333 0.096 0.113333 0.094667
0 0.301 0.178 0.115333 0.129333
0 0.366333 0.094 0.092667 0.106667
0 0.565 0.303 0.120667 0.087333
0 0.387 0.181 0.056667 0.052667
0 0.297 0.349667 0.126 0.146
0 0.396333 0.354333 0.106 0.099333
0 0.093667 0.349667 0.096667 0.066
0 0.119667 0.456 0.083333 0.061333
0 0.378 0.683667 0.044 0.056667
0 0.074 0.719667 0.048 0.060667
0 0.723333 0.527 0.057333 0.052667
0 0.468 0.828333 0.050667 0.068667
0 0.658333 0.939 0.076667 0.064667
0 0.565333 0.156 0.117333 0.102667
0 0.800667 0.142667 0.074667 0.066667
0 0.722667 0.367333 0.081333 0.057333
3 0.357333 0.953333 0.113333 0.093333
3 0.599667 0.974333 0.083333 0.051333
3 0.976667 0.318333 0.046667 0.078
