2 0.661 0.482 0.088667 0.088
3 0.357333 0.462333 0.110667 0.099333
2 0.307333 0.375 0.153333 0.127333
2 0.153333 0.374333 0.153333 0.148667
2 0.160667 0.482333 0.090667 0.078
2 0.258 0.496667 0.084 0.054667
2 0.111667 0.567333 0.054 0.061333
2 0.204 0.581667 0.129333 0.118
2 0.073 0.637667 0.094 0.07
2 0.252333 0.672333 0.144667 0.118
2 0.47 0.609667 0.142667 0.142
2 0.566667 0.608667 0.089333 0.106667
3 0.675667 0.601333 0.140667 0.149333
2 0.655333 0.726667 0.133333 0.117333
2 0.440667 0.723 0.132 0.128667
3 0.08 0.748667 0.112 0.130667
2 0.175 0.775 0.086 0.116667
2 0.275333 0.77 0.128 0.136
2 0.365333 0.821667 0.093333 0.108667
3 0.452667 0.833 0.076 0.086
2 0.564 0.803667 0.133333 0.120667
2 0.092667 0.860333 0.116 0.092667
2 0.205667 0.879667 0.092667 0.103333
2 0.299333 0.901333 0.089333 0.113333
2 0.388333 0.932333 0.102 0.115333
3 0.167 0.963 0.058 0.064667
3 0.477667 0.934333 0.078 0.100667
2 0.561333 0.922 0.117333 0.118667
3 0.817 0.886333 0.062 0.054
2 0.913333 0.904667 0.153333 0.12
3 0.943333 0.792 0.105333 0.112
3 0.850667 0.793333 0.088 0.109333
2 0.752333 0.789667 0.13 0.140667
3 0.770333 0.671667 0.132667 0.100667
2 0.894 0.683 0.12 0.09
3 0.772667 0.551 0.122667 0.132667
3 0.885667 0.566667 0.123333 0.130667
0 0.769333 0.886667 0.044 0.050667
0 0.952 0.294667 0.096 0.12
0 0.980333 0.466 0.039333 0.049333
0 0.766 0.463 0.104 0.071333
0 0.814333 0.419333 0.05 0.041333
0 0.764667 0.234333 0.109333 0.107333
0 0.570667 0.347333 0.045333 0.04
0 0.612667 0.403667 0.042667 0.05
0 0.459667 0.414 0.072667 0.086667
0 0.524333 0.438 0.064667 0.090667
0 0.470333 0.495333 0.054 0.053333
0 0.693333 0.374333 0.076 0.068667
0 0.661 0.320667 0.058 0.053333
0 0.353667 0.555 0.059333 0.058
0 0.287 0.589 0.054 0.075333
0 0.54 0.532 0.057333 0.050667
0 0.722 0.134667 0.096 0.097333
0 0.625 0.262667 0.074 0.054667
0 0.870667 0.161667 0.076 0.086
0 0.264667 0.248333 0.045333 0.039333
0 0.216333 0.223333 0.056667 0.056
0 0.076667 0.331667 0.066667 0.059333
0 0.284667 0.166333 0.114667 0.131333
0 0.504667 0.150667 0.053333 0.061333
0 0.169667 0.128 0.062 0.044
0 0.032333 0.154667 0.063333 0.078667
0 0.070333 0.24 0.066 0.061333
0 0.34 0.046 0.064 0.058667
0 0.526667 0.035333 0.086667 0.061333
0 0.127333 0.075 0.090667 0.084667
0 0.188667 0.050333 0.057333 0.060667
0 0.378333 0.154333 0.099333 0.111333
2 0.063333 0.446667 0.125333 0.198667
2 0.074 0.947333 0.144 0.105333
2 0.762 0.933333 0.153333 0.133333
3 0.616333 0.950333 0.120667 0.099333
2 0.965333 0.555667 0.069333 0.123333
