2 0.717333 0.094 0.196 0.182667
2 0.764333 0.165333 0.156667 0.128
1 0.796333 0.249667 0.134 0.11
1 0.922 0.34 0.152 0.188
1 0.822333 0.346667 0.086 0.092
2 0.714 0.349 0.16 0.174
1 0.684667 0.252 0.073333 0.081333
2 0.525 0.25 0.142 0.14
1 0.45266700000000004 0.108 0.133333 0.108
2 0.41200000000000003 0.190667 0.138667 0.130667
2 0.314333 0.198667 0.094 0.125333
1 0.799667 0.436 0.108667 0.1
1 0.580333 0.351333 0.104667 0.126667
1 0.488333 0.359 0.104667 0.126
2 0.512667 0.445 0.06 0.062
2 0.392667 0.356667 0.104 0.122667
2 0.29033299999999995 0.363333 0.116667 0.153333
2 0.22966699999999995 0.368333 0.047333 0.052667
2 0.249 0.472333 0.072667 0.068667
2 0.338333 0.467667 0.118 0.132667
2 0.43433299999999997 0.453 0.120667 0.111333
2 0.605333 0.439 0.126667 0.112667
2 0.851333 0.528333 0.116 0.112667
1 0.749 0.527 0.114 0.180667
1 0.6533329999999999 0.538 0.116 0.18
2 0.551667 0.542 0.098 0.112
2 0.45199999999999996 0.559333 0.114667 0.112
3 0.370333 0.565333 0.051333 0.06
2 0.289667 0.556 0.104667 0.116
2 0.91 0.607333 0.058667 0.056
1 0.829333 0.620333 0.102667 0.100667
1 0.722333 0.632667 0.107333 0.106667
2 0.79 0.706667 0.129333 0.097333
2 0.916667 0.685 0.129333 0.096667
2 0.9 0.781667 0.194667 0.123333
2 0.930667 0.886 0.12 0.098667
2 0.821667 0.860333 0.100667 0.088667
1 0.873667 0.940333 0.074 0.100667
2 0.745 0.79 0.116667 0.090667
2 0.7090000000000001 0.887333 0.103333 0.104
2 0.6890000000000001 0.958333 0.064667 0.055333
2 0.613667 0.892667 0.104667 0.126667
2 0.551667 0.808 0.11 0.105333
2 0.621667 0.718333 0.179333 0.176667
2 0.528667 0.646333 0.104 0.103333
2 0.337333 0.659 0.089333 0.092667
2 0.29300000000000004 0.738333 0.134 0.094
2 0.42433299999999996 0.662333 0.114 0.112667
2 0.790667 0.953333 0.113333 0.093333
2 0.519333 0.903333 0.108 0.124
2 0.423667 0.900333 0.075333 0.106
2 0.447333 0.800333 0.112 0.142
2 0.36366699999999996 0.803667 0.084667 0.100667
2 0.333333 0.918 0.112 0.136
2 0.22399999999999998 0.928667 0.132 0.130667
2 0.26233300000000004 0.826667 0.102 0.093333
2 0.14800000000000002 0.853667 0.116 0.122
2 0.06133299999999997 0.864 0.08 0.097333
2 0.19733299999999998 0.756 0.074667 0.090667
2 0.10699999999999998 0.735667 0.116667 0.160667
2 0.24266699999999997 0.663 0.101333 0.100667
2 0.18899999999999995 0.554 0.111333 0.142667
2 0.10999999999999999 0.569333 0.068 0.08
2 0.04566700000000001 0.562667 0.055333 0.058667
2 0.11366699999999996 0.488667 0.074 0.065333
2 0.18400000000000005 0.308667 0.054667 0.076
2 0.256667 0.273667 0.125333 0.102
2 0.15700000000000003 0.205 0.078 0.088667
2 0.25133300000000003 0.128 0.112 0.128
2 0.15600000000000003 0.121667 0.092 0.099333
0 0.06899999999999995 0.406 0.138 0.157333
0 0.07499999999999996 0.944 0.15 0.110667
0 0.07799999999999996 0.255667 0.156 0.171333
0 0.06499999999999995 0.084333 0.13 0.167333
0 0.583333 0.122333 0.102667 0.099333
0 0.5409999999999999 0.185667 0.099333 0.064667
0 0.235 0.217333 0.068667 0.058667
1 0.924333 0.209667 0.15 0.184667
1 0.345 0.062 0.139333 0.122667
1 0.937333 0.460333 0.124 0.158
