2 0.807333 0.059333 0.154667 0.116
2 0.758333 0.186333 0.208667 0.139333
2 0.863 0.250333 0.172667 0.15
2 0.836333 0.392667 0.131333 0.141333
2 0.742667 0.295333 0.097333 0.093333
2 0.908 0.462 0.136 0.096
2 0.945333 0.362 0.108 0.122667
2 0.912 0.559667 0.162667 0.116667
2 0.906333 0.681333 0.174 0.136
3 0.760333 0.523667 0.118 0.111333
2 0.746667 0.410667 0.121333 0.125333
2 0.6703330000000001 0.099667 0.138 0.194
3 0.5573330000000001 0.050667 0.073333 0.08
2 0.556667 0.149 0.114667 0.131333
2 0.5640000000000001 0.285667 0.129333 0.140667
3 0.638 0.367667 0.153333 0.128667
2 0.648667 0.493667 0.133333 0.119333
2 0.649667 0.630333 0.163333 0.15
2 0.518667 0.481 0.138667 0.152667
2 0.43700000000000006 0.133 0.116667 0.103333
2 0.42700000000000005 0.261 0.119333 0.147333
2 0.276667 0.286667 0.001333 0.0
2 0.42233299999999996 0.585 0.136667 0.17
2 0.32866700000000004 0.501333 0.130667 0.142667
2 0.331333 0.372333 0.181333 0.158
2 0.31599999999999995 0.216667 0.130667 0.172
3 0.23066699999999996 0.126667 0.162667 0.149333
2 0.19399999999999995 0.249 0.110667 0.100667
2 0.21666700000000005 0.481 0.125333 0.166
2 0.20366700000000004 0.617333 0.144667 0.121333
2 0.31399999999999995 0.645667 0.104 0.132667
3 0.14633300000000005 0.31 0.104667 0.089333
3 0.057667000000000024 0.170333 0.079333 0.100667
2 0.11766699999999997 0.072667 0.099333 0.105333
2 0.10066699999999995 0.385 0.174667 0.144667
2 0.11599999999999999 0.535 0.125333 0.184667
2 0.10199999999999998 0.719333 0.12 0.130667
3 0.09699999999999998 0.952667 0.074 0.076
3 0.19799999999999995 0.963667 0.125333 0.072667
2 0.204333 0.856333 0.200667 0.139333
2 0.22766699999999995 0.732333 0.154 0.13
3 0.37366699999999997 0.804 0.103333 0.116
3 0.37 0.925667 0.110667 0.134
2 0.644333 0.781667 0.163333 0.155333
2 0.623333 0.884667 0.061333 0.06
2 0.49666699999999997 0.706 0.157333 0.169333
3 0.5043329999999999 0.845 0.138 0.112667
2 0.5103329999999999 0.942 0.167333 0.113333
2 0.708 0.877 0.098667 0.083333
3 0.821667 0.913333 0.127333 0.108
2 0.813667 0.782667 0.162 0.156
2 0.916667 0.788333 0.069333 0.067333
0 0.11299999999999999 0.208667 0.094 0.094667
0 0.06566700000000003 0.877 0.067333 0.068667
0 0.9 0.862 0.065333 0.065333
0 0.786333 0.613667 0.092667 0.100667
0 0.03966700000000001 0.945333 0.075333 0.069333
2 0.945 0.122 0.108667 0.145333
2 0.04166700000000001 0.061333 0.083333 0.121333
2 0.685667 0.955333 0.194 0.089333
