3 0.924 0.353333 0.145333 0.098667
3 0.901 0.445333 0.059333 0.070667
2 0.863667 0.193 0.118 0.131333
2 0.762333 0.152667 0.159333 0.136
3 0.692333 0.093333 0.067333 0.078667
3 0.777667 0.268333 0.134 0.111333
2 0.676667 0.245 0.110667 0.131333
2 0.748333 0.371333 0.103333 0.097333
2 0.6493329999999999 0.363667 0.124 0.120667
3 0.626 0.451333 0.058667 0.068
3 0.603667 0.069 0.13 0.119333
2 0.582333 0.219 0.099333 0.102
3 0.6970000000000001 0.539667 0.084667 0.114
2 0.822667 0.554 0.170667 0.137333
2 0.808333 0.68 0.178 0.134667
3 0.867333 0.741667 0.116 0.083333
3 0.759333 0.76 0.062667 0.062667
3 0.697333 0.744667 0.066667 0.076
3 0.608 0.621333 0.096 0.112
2 0.702 0.646333 0.1 0.120667
3 0.544333 0.509333 0.175333 0.125333
3 0.473 0.424333 0.043333 0.042
3 0.44699999999999995 0.487 0.055333 0.063333
3 0.515333 0.086333 0.049333 0.051333
2 0.520667 0.158667 0.164 0.110667
2 0.478333 0.237333 0.098 0.088
2 0.479 0.329333 0.162 0.110667
3 0.558667 0.346 0.037333 0.042667
3 0.49566699999999997 0.371 0.032667 0.026
2 0.43333299999999997 0.568333 0.056 0.062
3 0.426667 0.723 0.076 0.091333
2 0.508667 0.608 0.126667 0.096
2 0.5103329999999999 0.712667 0.112667 0.12
2 0.397667 0.103 0.118 0.13
2 0.394 0.207 0.073333 0.072667
3 0.33766700000000005 0.055 0.035333 0.031333
2 0.30833299999999997 0.114667 0.084667 0.086667
2 0.30233299999999996 0.186667 0.080667 0.084
2 0.34466699999999995 0.324 0.037333 0.029333
3 0.365 0.383333 0.122 0.098667
2 0.34666699999999995 0.463667 0.148 0.084667
3 0.396 0.511667 0.030667 0.026
2 0.34299999999999997 0.566667 0.134 0.125333
2 0.33699999999999997 0.674333 0.124667 0.106
2 0.258667 0.637 0.08 0.086
2 0.24466699999999997 0.541 0.069333 0.063333
2 0.25233300000000003 0.368667 0.107333 0.112
2 0.273667 0.267 0.134 0.136667
2 0.19233299999999998 0.283 0.054 0.043333
2 0.17300000000000004 0.328 0.07 0.076
2 0.19499999999999995 0.120667 0.059333 0.065333
2 0.11366699999999996 0.143667 0.147333 0.135333
2 0.07633299999999998 0.281667 0.146 0.167333
2 0.08566700000000005 0.422667 0.128667 0.113333
3 0.18366700000000002 0.608 0.088667 0.098667
3 0.10333300000000001 0.542667 0.14 0.124
2 0.13033300000000003 0.626667 0.028667 0.041333
2 0.07599999999999996 0.634667 0.1 0.070667
2 0.08599999999999997 0.708667 0.110667 0.089333
2 0.17033299999999996 0.716333 0.102 0.111333
2 0.24966699999999997 0.730667 0.11 0.097333
2 0.24666699999999997 0.815 0.104 0.088667
3 0.08899999999999997 0.787 0.098 0.068667
3 0.07966700000000004 0.869333 0.087333 0.077333
2 0.231333 0.915667 0.129333 0.116667
2 0.31899999999999995 0.919 0.07 0.064667
2 0.41400000000000003 0.892333 0.121333 0.119333
2 0.347 0.834333 0.138 0.119333
2 0.491 0.879667 0.048667 0.052667
3 0.489 0.789333 0.078 0.058667
3 0.6066670000000001 0.736667 0.108 0.118667
2 0.578333 0.841667 0.142 0.132667
2 0.595 0.94 0.148667 0.12
2 0.691333 0.836333 0.096 0.112667
2 0.777333 0.85 0.097333 0.122667
2 0.776667 0.948333 0.105333 0.095333
2 0.884333 0.848667 0.142 0.126667
0 0.863667 0.102667 0.079333 0.086667
0 0.835333 0.431 0.086667 0.084667
0 0.941333 0.647333 0.085333 0.089333
0 0.946 0.730333 0.106667 0.102
0 0.36566699999999996 0.294667 0.080667 0.078667
0 0.17433299999999996 0.42 0.096667 0.088
0 0.956333 0.911 0.086 0.103333
0 0.144667 0.070333 0.085333 0.072667
3 0.939333 0.250667 0.12 0.129333
3 0.950667 0.533333 0.097333 0.128
3 0.22666699999999995 0.039333 0.097333 0.077333
3 0.08366700000000005 0.929 0.167333 0.139333
2 0.371 0.965333 0.098 0.069333
3 0.48466699999999996 0.951667 0.129333 0.096667
2 0.892667 0.974333 0.077333 0.051333
