2 0.831333 0.104 0.118667 0.113333
2 0.927667 0.277333 0.122 0.126667
3 0.865667 0.334 0.099333 0.082667
2 0.8526670000000001 0.434333 0.121333 0.114
3 0.777 0.188333 0.083333 0.118
2 0.7046669999999999 0.085 0.134667 0.104667
2 0.690333 0.189 0.112667 0.116667
2 0.691333 0.299667 0.137333 0.13
2 0.698333 0.428 0.155333 0.125333
2 0.7296670000000001 0.528333 0.114 0.102
2 0.857333 0.564333 0.141333 0.154
2 0.957667 0.526667 0.083333 0.130667
2 0.911667 0.649667 0.167333 0.111333
2 0.6950000000000001 0.645333 0.186 0.129333
2 0.603 0.526 0.138 0.128
2 0.562 0.298667 0.138667 0.156
3 0.556 0.424667 0.098667 0.096
2 0.483 0.599 0.143333 0.104667
3 0.45666700000000005 0.513 0.137333 0.082
2 0.450333 0.403667 0.128667 0.155333
2 0.43033299999999997 0.262667 0.122 0.146667
2 0.497 0.151333 0.143333 0.156
2 0.31299999999999994 0.25 0.098 0.112
2 0.33566700000000005 0.373667 0.131333 0.166
1 0.35366699999999995 0.498 0.060667 0.072
2 0.293667 0.152 0.060667 0.066667
2 0.347 0.058667 0.095333 0.114667
2 0.19599999999999995 0.144 0.128 0.14
2 0.06733299999999998 0.093 0.124 0.148667
2 0.11633300000000002 0.237333 0.19 0.126667
2 0.14933300000000005 0.341 0.177333 0.111333
2 0.24333300000000002 0.339333 0.058667 0.061333
2 0.164667 0.471667 0.204 0.144667
3 0.07799999999999996 0.551333 0.108 0.088
2 0.28200000000000003 0.55 0.185333 0.166667
2 0.155667 0.671667 0.115333 0.139333
2 0.061000000000000054 0.670667 0.114 0.133333
3 0.25333300000000003 0.694 0.098667 0.117333
2 0.356333 0.697333 0.136667 0.168
2 0.15400000000000003 0.829333 0.205333 0.174667
3 0.031333000000000055 0.871333 0.062667 0.104
2 0.30600000000000005 0.922333 0.217333 0.155333
2 0.378667 0.813 0.117333 0.096667
2 0.44966700000000004 0.727667 0.094 0.15
2 0.563333 0.722667 0.14 0.16
2 0.546667 0.849 0.181333 0.119333
2 0.706333 0.780667 0.151333 0.157333
2 0.827 0.750333 0.091333 0.136667
2 0.935667 0.764 0.124667 0.118667
2 0.906 0.895667 0.181333 0.142
0 0.817333 0.242 0.1 0.098667
0 0.119 0.954333 0.098 0.087333
0 0.751667 0.905 0.075333 0.072667
3 0.926667 0.149333 0.145333 0.184
2 0.20666700000000005 0.060667 0.196 0.12
2 0.05233299999999996 0.418333 0.104667 0.162
2 0.5303329999999999 0.949667 0.160667 0.100667
2 0.661667 0.937 0.131333 0.123333
