2 0.851667 0.101 0.214 0.199333
2 0.669 0.059 0.146 0.111333
3 0.7006669999999999 0.139667 0.090667 0.095333
2 0.777667 0.240667 0.191333 0.164
2 0.886 0.329333 0.085333 0.077333
2 0.942333 0.443333 0.114 0.166667
2 0.846333 0.433 0.127333 0.182
2 0.779667 0.346333 0.100667 0.099333
2 0.668667 0.352 0.116 0.1
2 0.718 0.426333 0.130667 0.146
1 0.548 0.353667 0.146667 0.127333
2 0.581 0.242667 0.158 0.16
2 0.5529999999999999 0.146 0.107333 0.088
3 0.506 0.070667 0.141333 0.138667
2 0.31133299999999997 0.133333 0.168 0.134667
2 0.32666700000000004 0.251 0.134667 0.155333
2 0.45999999999999996 0.234333 0.146667 0.214
2 0.427667 0.371667 0.063333 0.063333
2 0.29633299999999996 0.389667 0.17 0.182
2 0.623 0.463 0.114 0.132667
2 0.488333 0.458 0.160667 0.157333
2 0.793667 0.570667 0.168667 0.189333
2 0.663 0.573333 0.114 0.110667
2 0.557667 0.58 0.144667 0.152
2 0.419667 0.595333 0.138 0.136
2 0.936667 0.647 0.124 0.15
2 0.848 0.680333 0.134667 0.148667
2 0.707333 0.694 0.128 0.130667
3 0.5920000000000001 0.691667 0.1 0.088667
2 0.462333 0.717333 0.136667 0.132
2 0.349 0.671 0.128667 0.159333
2 0.767333 0.781667 0.138667 0.135333
2 0.710333 0.878333 0.088667 0.074
2 0.633 0.787667 0.146 0.154
2 0.948 0.873333 0.069333 0.066667
2 0.832667 0.876667 0.18 0.164
3 0.565333 0.889333 0.196 0.16
3 0.344 0.915667 0.161333 0.138
2 0.306667 0.813 0.189333 0.151333
3 0.21266700000000005 0.91 0.101333 0.142667
2 0.231333 0.707667 0.138667 0.120667
2 0.10433300000000001 0.897333 0.132667 0.190667
2 0.09099999999999997 0.711 0.152667 0.223333
2 0.20499999999999996 0.594 0.15 0.138667
2 0.210333 0.482333 0.132667 0.126
2 0.08199999999999996 0.497333 0.132 0.186667
2 0.07966700000000004 0.358333 0.159333 0.146
2 0.20033299999999998 0.226667 0.182 0.222667
2 0.06433299999999997 0.213333 0.128667 0.16
0 0.783 0.067667 0.080667 0.083333
0 0.36466699999999996 0.496 0.141333 0.164
0 0.25333300000000003 0.056 0.084 0.110667
2 0.941333 0.195 0.116 0.183333
2 0.947333 0.779333 0.104 0.136
2 0.6603330000000001 0.954667 0.115333 0.090667
2 0.45899999999999996 0.938333 0.174 0.123333
2 0.368333 0.062 0.167333 0.122667
