2 0.058333 0.100667 0.099333 0.106667
2 0.147667 0.100667 0.07 0.077333
2 0.106333 0.203333 0.163333 0.173333
2 0.103333 0.324 0.070667 0.065333
2 0.268333 0.046333 0.091333 0.09
2 0.252 0.168333 0.137333 0.154
2 0.385667 0.084667 0.159333 0.16
2 0.346667 0.186667 0.064 0.061333
2 0.462333 0.157333 0.128667 0.134667
2 0.637333 0.036333 0.074667 0.066
2 0.719333 0.090333 0.112 0.120667
2 0.617667 0.113667 0.100667 0.096667
3 0.573 0.193333 0.103333 0.12
2 0.7 0.193667 0.094667 0.096667
2 0.204667 0.348333 0.122667 0.160667
2 0.308 0.292 0.142667 0.144
2 0.303667 0.404667 0.084667 0.064
2 0.44 0.273 0.125333 0.134
2 0.648667 0.289 0.158667 0.154
2 0.708 0.389333 0.141333 0.121333
2 0.520333 0.380667 0.147333 0.152
2 0.579333 0.453667 0.122667 0.114
3 0.248333 0.494333 0.106 0.111333
2 0.385333 0.459667 0.153333 0.140667
2 0.682 0.480667 0.132 0.126667
3 0.658667 0.576667 0.118667 0.1
3 0.454333 0.579 0.091333 0.091333
2 0.364333 0.577667 0.075333 0.083333
2 0.226 0.608 0.096 0.096
2 0.119 0.634 0.152667 0.216
2 0.304333 0.669667 0.187333 0.199333
2 0.177 0.761667 0.088667 0.095333
2 0.429667 0.731667 0.118 0.146
2 0.544667 0.641667 0.137333 0.183333
2 0.647333 0.695667 0.084 0.092667
2 0.734667 0.737 0.088 0.094
2 0.728667 0.845667 0.097333 0.122
2 0.626 0.803 0.118667 0.132667
2 0.523667 0.784333 0.098 0.092667
2 0.078333 0.819 0.09 0.088667
2 0.154 0.884333 0.134667 0.135333
2 0.276333 0.914667 0.132667 0.129333
2 0.287 0.799667 0.155333 0.140667
2 0.402333 0.854 0.108667 0.132
2 0.505 0.878667 0.106 0.110667
2 0.603333 0.914333 0.102667 0.095333
3 0.69 0.928667 0.08 0.084
2 0.929667 0.828 0.134 0.124
2 0.815333 0.814 0.092 0.112
2 0.851 0.723 0.120667 0.123333
2 0.761667 0.649 0.135333 0.100667
2 0.784 0.569667 0.134667 0.11
3 0.890667 0.551 0.097333 0.095333
2 0.92 0.449667 0.096 0.095333
2 0.809333 0.464 0.130667 0.108
2 0.825667 0.377 0.064667 0.052667
2 0.925667 0.360333 0.116667 0.102
3 0.793667 0.115 0.023333 0.028667
2 0.918667 0.062667 0.161333 0.121333
2 0.908667 0.172333 0.104 0.088667
2 0.795333 0.177333 0.101333 0.097333
2 0.856 0.262333 0.126667 0.106
0 0.862667 0.338667 0.078667 0.06
0 0.462667 0.942667 0.078667 0.068
2 0.527333 0.064333 0.138667 0.127333
2 0.061333 0.505 0.121333 0.167333
2 0.053667 0.93 0.106 0.134667
2 0.949667 0.712667 0.095333 0.137333
2 0.954667 0.616 0.090667 0.129333
2 0.954 0.279667 0.092 0.103333
