3 0.926 0.05 0.084 0.097333
2 0.694333 0.146667 0.104667 0.117333
2 0.900667 0.216667 0.117333 0.138667
3 0.790667 0.218 0.104 0.156
2 0.688 0.277 0.14 0.15
3 0.8180000000000001 0.352667 0.081333 0.076
3 0.973 0.316667 0.051333 0.06
3 0.901667 0.326 0.102 0.094667
2 0.580333 0.175333 0.128667 0.133333
2 0.5183329999999999 0.077 0.136667 0.142
2 0.39633300000000005 0.125333 0.13 0.149333
3 0.855667 0.435333 0.066 0.061333
2 0.928333 0.517 0.142 0.124667
3 0.849333 0.543 0.088 0.082
3 0.767333 0.453 0.108 0.112667
3 0.685667 0.477333 0.11 0.133333
3 0.6353329999999999 0.383 0.114667 0.118
2 0.508 0.409333 0.145333 0.157333
2 0.44866700000000004 0.339667 0.074667 0.078
2 0.340333 0.332667 0.148667 0.126667
2 0.30233299999999996 0.24 0.143333 0.136
2 0.324333 0.437 0.124667 0.098
2 0.28200000000000003 0.547 0.109333 0.13
3 0.37633300000000003 0.532333 0.102 0.172667
3 0.476333 0.511667 0.124667 0.144667
2 0.586333 0.506333 0.094 0.114
3 0.763333 0.551333 0.088 0.081333
3 0.683333 0.58 0.064 0.073333
2 0.614 0.605667 0.116 0.114
3 0.5083329999999999 0.621 0.126 0.131333
3 0.794333 0.638333 0.139333 0.138
3 0.708333 0.63 0.031333 0.034667
3 0.692333 0.678333 0.094 0.09
3 0.603333 0.691667 0.074667 0.064667
2 0.859 0.725333 0.119333 0.125333
2 0.965 0.884 0.059333 0.057333
2 0.894 0.835 0.121333 0.146
3 0.778 0.831 0.112 0.143333
2 0.815 0.942333 0.127333 0.112667
2 0.681333 0.841333 0.104 0.124
2 0.691667 0.943667 0.122 0.112667
3 0.6006670000000001 0.961 0.052 0.052667
3 0.515 0.908 0.099333 0.093333
2 0.514667 0.792 0.158667 0.192
2 0.374333 0.805333 0.128667 0.189333
3 0.31599999999999995 0.738 0.104 0.126667
3 0.29700000000000004 0.849667 0.063333 0.086
2 0.41200000000000003 0.918667 0.113333 0.094667
3 0.30800000000000005 0.922667 0.070667 0.081333
2 0.22299999999999998 0.939333 0.107333 0.12
2 0.20499999999999996 0.851 0.124667 0.106
2 0.20699999999999996 0.734667 0.126 0.150667
2 0.07999999999999996 0.758667 0.133333 0.14
2 0.10699999999999998 0.867333 0.100667 0.094667
2 0.062000000000000055 0.952 0.12 0.090667
2 0.06566700000000003 0.651333 0.068667 0.074667
3 0.022666999999999993 0.580667 0.045333 0.092
2 0.09866699999999995 0.557 0.130667 0.123333
2 0.18833299999999997 0.37 0.051333 0.054667
2 0.14533300000000005 0.447333 0.185333 0.168
3 0.18333299999999997 0.17 0.069333 0.08
2 0.098333 0.083333 0.060667 0.072
2 0.16633299999999995 0.068667 0.082 0.116
0 0.542667 0.257333 0.097333 0.054667
0 0.525333 0.309 0.086667 0.076667
0 0.45666700000000005 0.244667 0.106667 0.117333
0 0.153667 0.296 0.091333 0.122667
0 0.218333 0.285667 0.091333 0.119333
0 0.08199999999999996 0.184 0.085333 0.121333
0 0.30200000000000005 0.664667 0.109333 0.109333
0 0.401 0.662667 0.080667 0.137333
0 0.618333 0.757667 0.087333 0.080667
0 0.14033300000000004 0.931333 0.068667 0.073333
0 0.5283329999999999 0.968667 0.084667 0.054667
0 0.939667 0.699 0.091333 0.088667
0 0.31033299999999997 0.151333 0.068667 0.105333
0 0.24666699999999997 0.154667 0.066667 0.102667
0 0.028000000000000025 0.362667 0.056 0.114667
0 0.07799999999999996 0.333333 0.081333 0.137333
2 0.745333 0.056333 0.134667 0.111333
2 0.637 0.062667 0.099333 0.124
2 0.267667 0.06 0.139333 0.118667
2 0.032332999999999945 0.472667 0.064667 0.108
3 0.943667 0.414667 0.111333 0.128
2 0.960667 0.115 0.077333 0.084667
2 0.836333 0.055 0.114 0.108667
