2 0.917333 0.097 0.076 0.080667
2 0.845 0.105667 0.07 0.072667
2 0.787667 0.214333 0.122 0.116667
2 0.887667 0.276333 0.106 0.128667
2 0.798667 0.307333 0.077333 0.073333
2 0.897333 0.367333 0.076 0.076
3 0.921 0.441667 0.103333 0.09
0 0.690333 0.279667 0.155333 0.151333
0 0.601667 0.344667 0.075333 0.082667
0 0.578333 0.262667 0.068667 0.048
0 0.521 0.279 0.119333 0.178
0 0.565333 0.588667 0.172 0.196
0 0.7006669999999999 0.835333 0.244 0.22
0 0.707667 0.650333 0.23 0.21
0 0.48266699999999996 0.768667 0.212 0.228
0 0.41600000000000004 0.488 0.184 0.172
0 0.502667 0.448333 0.118667 0.174
0 0.29533299999999996 0.411 0.145333 0.155333
0 0.303667 0.632333 0.182 0.242
0 0.17633299999999996 0.783667 0.206 0.19
0 0.10266699999999995 0.686667 0.090667 0.137333
0 0.054332999999999965 0.458667 0.099333 0.121333
0 0.07633299999999998 0.349667 0.095333 0.092667
0 0.138 0.412333 0.085333 0.072667
0 0.22199999999999998 0.298 0.102667 0.118667
0 0.33699999999999997 0.250333 0.159333 0.178
0 0.11566699999999996 0.236333 0.104667 0.112667
0 0.579 0.056 0.134 0.110667
0 0.33599999999999997 0.101333 0.089333 0.133333
0 0.27933300000000005 0.147667 0.117333 0.088667
0 0.33399999999999996 0.829333 0.145333 0.144
0 0.18333299999999997 0.883667 0.172 0.127333
0 0.502667 0.929333 0.188 0.141333
0 0.889 0.623 0.220667 0.204667
0 0.764333 0.432333 0.218 0.194
0 0.875333 0.861667 0.238667 0.276667
0 0.451333 0.031667 0.081333 0.062
0 0.05700000000000005 0.116667 0.114 0.158667
0 0.030000000000000027 0.243333 0.054667 0.082667
2 0.972667 0.078333 0.053333 0.083333
