2 0.917333 0.053333 0.072 0.078667
2 0.881333 0.136 0.122667 0.108
2 0.776 0.107 0.12 0.114
2 0.865667 0.232667 0.115333 0.109333
2 0.752333 0.206333 0.136667 0.120667
2 0.761 0.339 0.135333 0.136667
2 0.921 0.408 0.138 0.14
2 0.945667 0.269333 0.107333 0.133333
2 0.9339999999999999 0.537667 0.130667 0.146
2 0.7146669999999999 0.511333 0.069333 0.073333
2 0.752 0.617333 0.122667 0.130667
3 0.656 0.286333 0.098667 0.112667
2 0.655667 0.068667 0.104667 0.129333
2 0.558 0.036 0.077333 0.070667
2 0.590667 0.143 0.181333 0.140667
3 0.5796669999999999 0.258333 0.104667 0.122
2 0.6579999999999999 0.398667 0.148 0.125333
3 0.634 0.496 0.088 0.074667
2 0.633667 0.601333 0.118 0.130667
2 0.638667 0.724333 0.124 0.112667
2 0.5593330000000001 0.722667 0.053333 0.076
2 0.525667 0.564333 0.132667 0.136667
2 0.45199999999999996 0.659333 0.134667 0.126667
3 0.552 0.451667 0.088 0.096667
3 0.5393330000000001 0.356 0.094667 0.1
2 0.487 0.223 0.086 0.118
2 0.43600000000000005 0.310667 0.116 0.110667
2 0.43300000000000005 0.423 0.155333 0.111333
2 0.387667 0.523 0.17 0.126
2 0.41100000000000003 0.086667 0.135333 0.102667
2 0.38633300000000004 0.191333 0.115333 0.112
2 0.29600000000000004 0.180333 0.062667 0.087333
2 0.324333 0.280667 0.079333 0.101333
2 0.29233299999999995 0.064 0.107333 0.121333
2 0.17900000000000005 0.142667 0.106 0.104
3 0.22199999999999998 0.244333 0.110667 0.096667
2 0.119 0.228 0.106 0.125333
2 0.05700000000000005 0.180667 0.066 0.082667
2 0.10699999999999998 0.34 0.118 0.117333
2 0.231333 0.358 0.142667 0.141333
3 0.16600000000000004 0.446667 0.133333 0.1
3 0.22699999999999998 0.547667 0.147333 0.112667
2 0.260667 0.641 0.136 0.123333
2 0.14033300000000004 0.65 0.100667 0.134667
2 0.07166700000000004 0.533333 0.132667 0.117333
2 0.046667000000000014 0.653667 0.085333 0.091333
2 0.04833299999999996 0.747333 0.094 0.088
2 0.43400000000000005 0.784667 0.150667 0.124
2 0.32066700000000004 0.750333 0.1 0.099333
2 0.30500000000000005 0.867 0.099333 0.146
2 0.414667 0.884667 0.110667 0.114667
2 0.22666699999999995 0.784333 0.112 0.122
2 0.207333 0.908333 0.118667 0.13
2 0.10699999999999998 0.8 0.13 0.116
2 0.08399999999999996 0.876333 0.133333 0.063333
2 0.07933299999999999 0.952 0.130667 0.096
2 0.536667 0.849 0.089333 0.098
2 0.636667 0.892333 0.113333 0.132667
2 0.750333 0.754 0.131333 0.125333
3 0.752333 0.889667 0.116667 0.135333
2 0.874333 0.724 0.134 0.148
2 0.860333 0.847667 0.119333 0.131333
2 0.897667 0.953667 0.143333 0.092667
0 0.04033299999999995 0.114 0.080667 0.081333
0 0.938667 0.621 0.089333 0.074
2 0.815667 0.047667 0.158 0.094
2 0.19366700000000003 0.046333 0.111333 0.091333
3 0.05400000000000005 0.407667 0.108 0.120667
2 0.518667 0.946 0.157333 0.108
3 0.957 0.870667 0.084667 0.116
