2 0.095333 0.108333 0.136 0.160667
2 0.162333 0.160333 0.096667 0.094
2 0.096667 0.236667 0.082667 0.073333
2 0.476333 0.066 0.11 0.125333
2 0.391667 0.107 0.092667 0.082
2 0.314333 0.152333 0.175333 0.174
2 0.229333 0.223333 0.113333 0.110667
2 0.158667 0.285 0.082667 0.068667
2 0.081333 0.342 0.153333 0.173333
2 0.139333 0.431667 0.101333 0.092667
2 0.222667 0.365667 0.137333 0.154
2 0.313333 0.322333 0.121333 0.140667
2 0.381667 0.264 0.099333 0.122667
2 0.448 0.215667 0.098667 0.123333
2 0.514 0.171333 0.109333 0.132
2 0.600333 0.123333 0.119333 0.141333
2 0.642333 0.050333 0.083333 0.076667
2 0.713333 0.124667 0.112 0.133333
2 0.646 0.180667 0.078667 0.092
2 0.570333 0.248667 0.086 0.110667
2 0.505667 0.316 0.123333 0.133333
2 0.596333 0.425667 0.143333 0.135333
2 0.057667 0.486333 0.111333 0.116667
2 0.217333 0.508667 0.132 0.132
2 0.344667 0.508667 0.113333 0.142667
2 0.446 0.445 0.138667 0.166
3 0.461 0.368333 0.026 0.024667
2 0.425 0.535667 0.05 0.044667
2 0.674 0.526333 0.118667 0.135333
1 0.741667 0.58 0.076667 0.097333
2 0.453667 0.584667 0.076667 0.073333
2 0.289333 0.581 0.064 0.062
2 0.511 0.635 0.07 0.082
2 0.373 0.625667 0.103333 0.131333
2 0.106 0.596333 0.128 0.135333
2 0.211 0.652 0.155333 0.154667
2 0.286 0.709 0.088 0.098
2 0.415667 0.742667 0.134 0.149333
2 0.345333 0.789333 0.082667 0.08
2 0.553667 0.753667 0.154 0.178
2 0.612333 0.671 0.043333 0.05
2 0.684667 0.763667 0.093333 0.128667
2 0.622333 0.842333 0.114 0.092667
2 0.386 0.874 0.094667 0.101333
1 0.303667 0.825 0.067333 0.083333
2 0.116333 0.719 0.11 0.102
2 0.051 0.763667 0.095333 0.122
2 0.181 0.818 0.144667 0.133333
2 0.074 0.899 0.130667 0.142
2 0.263333 0.888667 0.069333 0.066667
2 0.331333 0.947 0.073333 0.098
2 0.514 0.904 0.153333 0.137333
3 0.762 0.891333 0.116 0.1
2 0.755667 0.706333 0.091333 0.134
2 0.857667 0.742 0.11 0.104
2 0.800333 0.813667 0.124667 0.115333
2 0.927 0.893333 0.118 0.161333
2 0.851333 0.607667 0.114667 0.134
2 0.795 0.523333 0.106 0.114667
2 0.868 0.446333 0.14 0.127333
2 0.733 0.363667 0.187333 0.166
2 0.848 0.300333 0.082667 0.119333
2 0.944 0.383 0.112 0.115333
2 0.947 0.283333 0.098 0.089333
2 0.765 0.224 0.094 0.086667
2 0.892333 0.220333 0.079333 0.09
2 0.948 0.188333 0.074667 0.079333
2 0.803667 0.181 0.123333 0.119333
2 0.872667 0.119667 0.106667 0.106
2 0.942667 0.051333 0.098667 0.097333
2 0.784667 0.051667 0.085333 0.098
0 0.593333 0.588667 0.072 0.090667
0 0.667 0.312667 0.154 0.16
2 0.036333 0.163 0.071333 0.162
2 0.159333 0.048 0.134667 0.094667
2 0.588667 0.948667 0.178667 0.102667
2 0.864667 0.937667 0.121333 0.124667
2 0.957333 0.645 0.085333 0.154
2 0.952667 0.494333 0.094667 0.142
