2 0.811667 0.066 0.054 0.066667
2 0.941333 0.168333 0.116 0.103333
2 0.84 0.200667 0.126667 0.12
2 0.749 0.164667 0.123333 0.106667
2 0.650667 0.186667 0.052 0.04
2 0.6353329999999999 0.081 0.104 0.100667
3 0.5900000000000001 0.128 0.065333 0.076
2 0.5243329999999999 0.051333 0.131333 0.101333
2 0.5680000000000001 0.072667 0.041333 0.045333
2 0.359 0.042333 0.080667 0.083333
2 0.27633300000000005 0.071333 0.114 0.118667
2 0.31299999999999994 0.147333 0.122 0.101333
2 0.391667 0.198667 0.134 0.132
2 0.49266699999999997 0.168667 0.101333 0.106667
2 0.584667 0.224 0.113333 0.122667
2 0.756 0.295333 0.112 0.109333
2 0.633667 0.302333 0.143333 0.132667
2 0.7046669999999999 0.352 0.052 0.062667
2 0.46599999999999997 0.267333 0.124 0.122667
2 0.380667 0.318 0.092 0.094667
2 0.457333 0.372 0.12 0.102667
2 0.30933299999999997 0.264 0.108 0.093333
3 0.762 0.389333 0.065333 0.090667
2 0.917 0.399333 0.151333 0.126667
2 0.821333 0.452667 0.144 0.102667
2 0.638333 0.418 0.164667 0.129333
2 0.32666700000000004 0.43 0.149333 0.142667
2 0.701333 0.484667 0.121333 0.090667
3 0.611333 0.503 0.054667 0.043333
2 0.888333 0.517667 0.116667 0.111333
2 0.40433300000000005 0.474667 0.13 0.112
2 0.46766700000000005 0.525333 0.136667 0.150667
2 0.524667 0.594333 0.132 0.158
2 0.762667 0.553 0.137333 0.131333
2 0.825333 0.609667 0.124 0.100667
2 0.907333 0.673667 0.158667 0.146
2 0.603 0.671667 0.100667 0.146
2 0.31266700000000003 0.541 0.064 0.072667
2 0.371 0.588667 0.09 0.104
2 0.43433299999999997 0.648667 0.092667 0.084
2 0.29633299999999996 0.650667 0.086 0.093333
2 0.369333 0.720333 0.102667 0.116667
2 0.48166699999999996 0.721333 0.124667 0.142667
2 0.5736669999999999 0.774667 0.104667 0.130667
2 0.685 0.713333 0.096667 0.110667
2 0.920667 0.786667 0.094667 0.108
2 0.852 0.845 0.101333 0.112667
2 0.7663329999999999 0.784333 0.131333 0.140667
2 0.921667 0.904333 0.076667 0.080667
3 0.438333 0.782667 0.071333 0.066667
2 0.624 0.824333 0.116 0.100667
2 0.704333 0.884667 0.112667 0.116
2 0.582333 0.916 0.099333 0.1
2 0.507667 0.843 0.09 0.100667
2 0.31366700000000003 0.833667 0.088667 0.102
2 0.763 0.942333 0.115333 0.115333
2 0.345 0.946667 0.180667 0.106667
2 0.235 0.887333 0.087333 0.108
2 0.27033300000000005 0.773 0.111333 0.116667
2 0.20666700000000005 0.696333 0.110667 0.142
2 0.24333300000000002 0.585333 0.069333 0.072
2 0.14 0.645 0.102667 0.100667
2 0.09099999999999997 0.595333 0.132667 0.106667
2 0.13366699999999998 0.881667 0.099333 0.102
2 0.05400000000000005 0.837333 0.104 0.148
2 0.13666699999999998 0.786667 0.090667 0.085333
2 0.06266700000000003 0.703333 0.109333 0.106667
3 0.19199999999999995 0.543667 0.054667 0.056667
2 0.126 0.485333 0.122667 0.110667
2 0.20166700000000004 0.434 0.100667 0.121333
2 0.03600000000000003 0.438333 0.072 0.104667
2 0.261 0.344667 0.120667 0.12
3 0.256 0.213333 0.069333 0.053333
2 0.13066699999999998 0.115667 0.069333 0.063333
3 0.18566700000000003 0.166667 0.088667 0.082667
2 0.15000000000000002 0.238667 0.118667 0.090667
2 0.10966699999999996 0.366 0.138 0.136
2 0.04400000000000004 0.311667 0.088 0.100667
2 0.05800000000000005 0.179667 0.116 0.112667
2 0.06133299999999997 0.064667 0.085333 0.093333
0 0.865667 0.087333 0.091333 0.097333
0 0.8316669999999999 0.369 0.091333 0.09
0 0.905 0.281333 0.120667 0.113333
0 0.739333 0.057333 0.102667 0.113333
0 0.6333329999999999 0.572667 0.126667 0.124
0 0.410667 0.907333 0.156 0.130667
0 0.034667 0.534333 0.050667 0.067333
0 0.42000000000000004 0.117333 0.064 0.066667
2 0.954333 0.092667 0.09 0.108
2 0.964333 0.316667 0.07 0.102667
2 0.964333 0.59 0.07 0.110667
2 0.865 0.951667 0.106 0.096667
2 0.129 0.960333 0.139333 0.079333
2 0.19866700000000004 0.030667 0.097333 0.06
