2 0.087667 0.871667 0.132667 0.159333
2 0.1 0.7090000000000001 0.152 0.131333
2 0.235333 0.694 0.128 0.069333
2 0.221333 0.775333 0.146667 0.104
2 0.222667 0.878 0.132 0.117333
2 0.242333 0.488 0.216667 0.170667
2 0.074 0.365333 0.085333 0.144
2 0.176 0.355333 0.152 0.157333
2 0.222667 0.267 0.142667 0.11
2 0.294333 0.358333 0.119333 0.136667
2 0.106 0.5800000000000001 0.097333 0.102667
2 0.360667 0.825667 0.12 0.127333
2 0.480333 0.804667 0.158 0.169333
2 0.494667 0.925 0.086667 0.088667
3 0.412333 0.537667 0.13 0.143333
2 0.522333 0.507667 0.119333 0.122
2 0.535333 0.604 0.118667 0.089333
2 0.602667 0.6206670000000001 0.069333 0.069333
2 0.514667 0.6843330000000001 0.101333 0.083333
2 0.601667 0.806667 0.098 0.146667
2 0.396667 0.36666699999999997 0.136 0.157333
2 0.439667 0.275667 0.080667 0.072667
2 0.491333 0.377 0.114667 0.140667
2 0.532 0.28300000000000003 0.118667 0.102
2 0.599 0.378 0.119333 0.124
3 0.638333 0.28033300000000005 0.122 0.112667
2 0.588 0.926667 0.114667 0.121333
2 0.708333 0.951333 0.132667 0.096
2 0.726333 0.860667 0.160667 0.116
2 0.796333 0.724333 0.082 0.099333
2 0.7 0.754 0.158667 0.108
2 0.7 0.646 0.141333 0.126667
2 0.7 0.532667 0.124 0.126667
2 0.807667 0.5349999999999999 0.119333 0.151333
2 0.886 0.629667 0.153333 0.116667
2 0.871667 0.836333 0.079333 0.071333
2 0.890667 0.751667 0.108 0.127333
2 0.773667 0.390667 0.102 0.112
2 0.867333 0.401 0.113333 0.132667
3 0.958333 0.408667 0.083333 0.110667
2 0.907333 0.522 0.093333 0.116
3 0.823 0.28333299999999995 0.120667 0.12
2 0.938333 0.28833299999999995 0.122 0.131333
2 0.891 0.18566700000000003 0.116667 0.102
3 0.899 0.10233300000000001 0.080667 0.072667
2 0.829 0.10099999999999998 0.059333 0.058
2 0.754 0.09766699999999995 0.093333 0.136667
2 0.665 0.091333 0.118 0.145333
3 0.697333 0.19666700000000004 0.12 0.128
2 0.571 0.19533299999999998 0.156667 0.124
2 0.548 0.090333 0.122667 0.112667
2 0.459667 0.09899999999999998 0.058 0.087333
2 0.382 0.07466700000000004 0.122667 0.125333
2 0.38 0.17633299999999996 0.132 0.116667
2 0.259667 0.153667 0.143333 0.119333
3 0.271333 0.054332999999999965 0.121333 0.108667
2 0.171667 0.061000000000000054 0.111333 0.100667
2 0.089667 0.05033299999999996 0.068667 0.056667
0 0.693 0.373 0.092667 0.112667
0 0.803 0.18899999999999995 0.099333 0.088667
0 0.366667 0.269667 0.090667 0.072667
0 0.143333 0.204333 0.113333 0.103333
0 0.291 0.617333 0.088667 0.117333
0 0.417 0.683 0.123333 0.119333
0 0.087 0.148667 0.100667 0.117333
0 0.197667 0.607333 0.118 0.113333
0 0.612 0.45099999999999996 0.089333 0.087333
0 0.031 0.128 0.060667 0.088
2 0.329667 0.929333 0.103333 0.14
2 0.210667 0.966333 0.114667 0.066
2 0.898333 0.939333 0.120667 0.12
2 0.813333 0.947 0.112 0.103333
2 0.952667 0.698333 0.094667 0.138
3 0.958 0.876333 0.084 0.132667
