2 0.871333 0.078667 0.078667 0.054667
3 0.868667 0.149 0.092 0.088667
2 0.9339999999999999 0.362333 0.129333 0.092667
3 0.931 0.437333 0.091333 0.066667
3 0.835333 0.535333 0.176 0.121333
3 0.909333 0.723 0.122667 0.111333
3 0.823667 0.648667 0.107333 0.1
2 0.927 0.651333 0.051333 0.038667
3 0.7170000000000001 0.621667 0.107333 0.124667
2 0.704333 0.459333 0.072667 0.061333
2 0.703333 0.338 0.105333 0.106667
2 0.801333 0.33 0.096 0.106667
2 0.745333 0.227667 0.134667 0.116667
3 0.773 0.118667 0.106 0.106667
2 0.693333 0.074667 0.108 0.096
3 0.6679999999999999 0.177 0.102667 0.124667
3 0.571333 0.21 0.108 0.132
2 0.5966670000000001 0.059333 0.097333 0.116
3 0.555667 0.319333 0.082 0.08
3 0.564333 0.405333 0.127333 0.093333
3 0.5203329999999999 0.490667 0.059333 0.061333
2 0.631 0.515 0.152667 0.108667
2 0.600333 0.616667 0.111333 0.096
3 0.490333 0.063333 0.123333 0.125333
3 0.482 0.172 0.081333 0.092
2 0.45566700000000004 0.355333 0.120667 0.173333
2 0.38333300000000003 0.292667 0.077333 0.076
2 0.398667 0.201667 0.096 0.11
3 0.339333 0.103667 0.118667 0.115333
2 0.393667 0.69 0.112667 0.130667
3 0.302667 0.718 0.086667 0.105333
2 0.356 0.476667 0.114667 0.074667
1 0.272 0.459 0.038667 0.038
3 0.356 0.380333 0.117333 0.111333
2 0.28200000000000003 0.376333 0.056 0.054
2 0.29200000000000004 0.282 0.094667 0.097333
2 0.23299999999999998 0.086 0.098 0.105333
3 0.23299999999999998 0.173667 0.115333 0.080667
2 0.19899999999999995 0.282667 0.156667 0.145333
2 0.18366700000000002 0.377667 0.144667 0.11
3 0.15500000000000003 0.062 0.058 0.061333
2 0.11566699999999996 0.153333 0.122 0.152
2 0.18266700000000002 0.467 0.086667 0.072667
2 0.18033299999999997 0.557667 0.128667 0.100667
3 0.150667 0.927 0.110667 0.119333
2 0.21399999999999997 0.762 0.053333 0.056
2 0.27833300000000005 0.813 0.104667 0.078
2 0.47466699999999995 0.761 0.117333 0.116667
3 0.45366700000000004 0.858667 0.071333 0.069333
2 0.355 0.877 0.07 0.092667
2 0.775 0.969667 0.051333 0.056667
3 0.739333 0.758 0.128 0.150667
3 0.855 0.776 0.106 0.093333
3 0.838667 0.867333 0.128 0.121333
3 0.928 0.862333 0.053333 0.062
3 0.971 0.917333 0.054 0.052
2 0.963 0.802 0.072667 0.081333
2 0.04633299999999996 0.193667 0.078 0.114
2 0.09899999999999998 0.470333 0.072667 0.075333
2 0.123 0.806667 0.174 0.16
2 0.03966700000000001 0.752 0.060667 0.074667
0 0.85 0.424 0.081333 0.092
0 0.7873330000000001 0.053 0.084 0.072667
0 0.10099999999999998 0.283 0.063333 0.087333
0 0.16300000000000003 0.614333 0.063333 0.056667
0 0.041000000000000036 0.464667 0.042 0.064
0 0.029333000000000053 0.662667 0.058667 0.069333
0 0.08799999999999997 0.678 0.085333 0.076
0 0.261667 0.876333 0.099333 0.075333
0 0.44766700000000004 0.557333 0.076667 0.066667
0 0.599 0.817333 0.116667 0.104
0 0.644333 0.715333 0.059333 0.096
0 0.6719999999999999 0.412667 0.08 0.053333
0 0.08066700000000004 0.523 0.076 0.074
3 0.933667 0.224 0.131333 0.133333
2 0.307667 0.941667 0.182 0.116667
2 0.970667 0.596333 0.057333 0.072667
