2 0.945333 0.956333 0.101333 0.083333
3 0.777 0.914 0.058 0.058667
2 0.6803330000000001 0.944 0.108667 0.098667
2 0.7196670000000001 0.873667 0.079333 0.104667
3 0.951 0.842333 0.096667 0.104667
3 0.871 0.817667 0.080667 0.09
2 0.782667 0.790667 0.106667 0.14
3 0.704 0.758667 0.077333 0.088
2 0.624667 0.824333 0.145333 0.159333
3 0.522 0.828333 0.086667 0.102
2 0.44466700000000003 0.921333 0.061333 0.062667
2 0.354 0.897 0.118667 0.152667
2 0.45766700000000005 0.735 0.087333 0.11
2 0.5183329999999999 0.6966669999999999 0.076667 0.086667
3 0.622333 0.7070000000000001 0.076667 0.076667
3 0.830667 0.7196670000000001 0.032 0.027333
3 0.880667 0.667667 0.030667 0.031333
3 0.806333 0.6453329999999999 0.092667 0.084
3 0.866333 0.5880000000000001 0.094 0.085333
3 0.914 0.538667 0.068 0.057333
3 0.726667 0.5800000000000001 0.112 0.118667
3 0.638 0.575 0.085333 0.082
2 0.578333 0.6353329999999999 0.120667 0.102667
2 0.319333 0.6226670000000001 0.122667 0.133333
3 0.25733300000000003 0.5800000000000001 0.072 0.076
3 0.39133300000000004 0.570667 0.062667 0.069333
2 0.508667 0.562667 0.102667 0.102667
2 0.586667 0.501667 0.096 0.100667
3 0.646333 0.440333 0.056667 0.059333
2 0.33266700000000005 0.525333 0.073333 0.082667
3 0.395667 0.46166700000000005 0.114 0.104667
3 0.275 0.44299999999999995 0.071333 0.067333
3 0.340333 0.384 0.135333 0.142667
3 0.317333 0.283667 0.053333 0.055333
3 0.41333299999999995 0.32566700000000004 0.057333 0.059333
3 0.506667 0.345333 0.038667 0.041333
3 0.689667 0.378667 0.062 0.053333
2 0.7853330000000001 0.39633300000000005 0.044 0.043333
2 0.894667 0.41333299999999995 0.06 0.06
2 0.936667 0.367333 0.06 0.058667
2 0.943 0.252 0.058 0.072
2 0.888333 0.28700000000000003 0.072667 0.071333
2 0.7476670000000001 0.31599999999999995 0.103333 0.1
3 0.813 0.250667 0.047333 0.065333
2 0.608 0.22499999999999998 0.077333 0.066
2 0.497 0.243 0.088667 0.091333
3 0.368 0.228333 0.052 0.063333
3 0.5409999999999999 0.18266700000000002 0.066 0.06
2 0.43899999999999995 0.17266700000000001 0.060667 0.054667
2 0.33066700000000004 0.142667 0.058667 0.06
1 0.28500000000000003 0.06533299999999997 0.03 0.038667
2 0.49166699999999997 0.09499999999999997 0.100667 0.088667
2 0.602333 0.11866699999999997 0.055333 0.056
2 0.44699999999999995 0.031333000000000055 0.019333 0.025333
2 0.783667 0.09866699999999995 0.058 0.054667
2 0.874 0.04933299999999996 0.065333 0.073333
3 0.15533300000000005 0.06766700000000003 0.057333 0.058
3 0.21199999999999997 0.25333300000000003 0.057333 0.078667
2 0.13566699999999998 0.207333 0.088667 0.088
3 0.04466700000000001 0.29133299999999995 0.085333 0.068
3 0.18866700000000003 0.39133300000000004 0.090667 0.096
3 0.11033300000000001 0.349 0.098 0.086
2 0.035667000000000004 0.414667 0.071333 0.08
2 0.12133300000000002 0.462333 0.090667 0.092667
2 0.05166700000000002 0.5123329999999999 0.102 0.107333
2 0.225333 0.508667 0.098667 0.073333
3 0.16633299999999995 0.569333 0.11 0.082667
2 0.092333 0.637 0.132667 0.142
2 0.252667 0.730667 0.170667 0.162667
2 0.19866700000000004 0.782667 0.110667 0.102667
2 0.13433300000000004 0.720667 0.063333 0.058667
2 0.14300000000000002 0.843667 0.104667 0.074
2 0.06966700000000003 0.777333 0.114 0.12
2 0.05266700000000002 0.945 0.096 0.099333
0 0.42233299999999996 0.832667 0.131333 0.118667
0 0.705667 0.679 0.080667 0.09
0 0.569333 0.896 0.108 0.092
0 0.358 0.730333 0.113333 0.106
0 0.51 0.470333 0.090667 0.104667
0 0.714 0.48 0.041333 0.049333
0 0.790333 0.469333 0.091333 0.098667
0 0.844 0.5 0.088 0.084
0 0.956667 0.6553329999999999 0.08 0.092
0 0.932333 0.43866700000000003 0.074 0.084
0 0.5676669999999999 0.33466700000000005 0.051333 0.041333
0 0.838 0.32699999999999996 0.08 0.080667
0 0.8220000000000001 0.16533299999999995 0.112 0.108
0 0.6863330000000001 0.236 0.098 0.105333
0 0.6719999999999999 0.07633299999999998 0.089333 0.114
0 0.725 0.12966699999999998 0.048667 0.058
0 0.39933300000000005 0.134 0.085333 0.085333
0 0.580333 0.038000000000000034 0.072667 0.057333
0 0.747 0.06299999999999994 0.066 0.054
0 0.812 0.05133299999999996 0.066667 0.06
0 0.762333 0.22299999999999998 0.060667 0.084667
0 0.920667 0.165667 0.076 0.072667
0 0.07933299999999999 0.11033300000000001 0.158667 0.175333
0 0.27133300000000005 0.10299999999999998 0.048 0.05
0 0.328333 0.07233299999999998 0.068667 0.054
0 0.42600000000000005 0.04133299999999995 0.084 0.082667
0 0.23533300000000001 0.17466700000000002 0.052 0.044
0 0.30400000000000005 0.21899999999999997 0.072 0.07
0 0.22066699999999995 0.12933300000000003 0.058667 0.057333
0 0.20333299999999999 0.629 0.057333 0.058
3 0.836 0.948667 0.137333 0.101333
2 0.9359999999999999 0.07433299999999998 0.126667 0.148667
2 0.389 0.965667 0.102 0.067333
2 0.528 0.955 0.125333 0.088667
