2 0.159333 0.8506670000000001 0.106667 0.098667
2 0.266 0.864 0.090667 0.1
2 0.205333 0.765667 0.130667 0.159333
2 0.099 0.638 0.132667 0.109333
2 0.11 0.5489999999999999 0.08 0.063333
2 0.041333 0.43966700000000003 0.078667 0.094
2 0.149 0.44866700000000004 0.148667 0.104
2 0.181333 0.5876669999999999 0.061333 0.078
3 0.242333 0.643 0.114 0.126
2 0.046 0.314333 0.090667 0.134
2 0.149667 0.32766700000000004 0.122 0.123333
2 0.251 0.363333 0.080667 0.081333
2 0.304 0.48466699999999996 0.108 0.128
2 0.372333 0.538667 0.071333 0.070667
2 0.402667 0.44799999999999995 0.097333 0.108
2 0.345667 0.37733300000000003 0.047333 0.037333
2 0.344333 0.619 0.086 0.074
2 0.316667 0.757 0.098667 0.116667
2 0.361333 0.816667 0.1 0.097333
2 0.362333 0.911667 0.100667 0.111333
2 0.433667 0.878667 0.095333 0.098667
2 0.404 0.723333 0.097333 0.092
3 0.427 0.614333 0.074 0.092667
2 0.467333 0.524 0.08 0.082667
2 0.479667 0.7953330000000001 0.09 0.085333
2 0.592 0.845667 0.061333 0.051333
2 0.592 0.949667 0.086667 0.099333
2 0.508 0.658667 0.112 0.154667
2 0.556 0.5349999999999999 0.088 0.094
3 0.605333 0.491 0.036 0.024667
2 0.507667 0.43100000000000005 0.103333 0.088667
3 0.542667 0.32299999999999995 0.118667 0.123333
2 0.643667 0.368 0.088667 0.132
2 0.714333 0.39633300000000005 0.060667 0.05
3 0.733333 0.30900000000000005 0.110667 0.13
2 0.711333 0.46799999999999997 0.125333 0.109333
2 0.640333 0.546 0.071333 0.068
3 0.704667 0.621667 0.126667 0.126
2 0.601 0.632 0.108667 0.112
3 0.641333 0.743333 0.129333 0.117333
3 0.700667 0.833333 0.116 0.112
2 0.781667 0.900667 0.087333 0.078667
2 0.676667 0.928667 0.1 0.118667
3 0.467667 0.24233300000000002 0.096667 0.115333
3 0.747 0.742333 0.080667 0.079333
3 0.822 0.808 0.109333 0.106667
3 0.840333 0.736667 0.046 0.041333
3 0.808667 0.663667 0.101333 0.098
2 0.844333 0.570333 0.144667 0.102
3 0.904667 0.663333 0.093333 0.090667
2 0.873333 0.466333 0.134667 0.116667
2 0.810333 0.25533300000000003 0.046 0.045333
3 0.831333 0.16233299999999995 0.114667 0.095333
3 0.760333 0.11299999999999999 0.104667 0.100667
2 0.579667 0.21299999999999997 0.127333 0.120667
2 0.284 0.283667 0.129333 0.115333
3 0.321 0.17500000000000004 0.084667 0.104667
2 0.348 0.019000000000000017 0.050667 0.038
2 0.205333 0.07833299999999999 0.081333 0.066
3 0.081333 0.144667 0.146667 0.137333
3 0.201 0.18766700000000003 0.155333 0.144667
3 0.931333 0.763 0.101333 0.086
2 0.955667 0.854333 0.068667 0.066
2 0.919333 0.923 0.126667 0.108667
3 0.954667 0.572333 0.066667 0.080667
0 0.972667 0.21666700000000005 0.054667 0.062667
0 0.970333 0.15333300000000005 0.059333 0.065333
0 0.807333 0.332333 0.070667 0.115333
0 0.469333 0.328333 0.053333 0.059333
0 0.398333 0.21666700000000005 0.056667 0.061333
0 0.461667 0.15033300000000005 0.075333 0.068667
0 0.340333 0.11733300000000002 0.079333 0.053333
0 0.26 0.949333 0.104 0.096
0 0.599 0.445333 0.075333 0.056
0 0.792333 0.43766700000000003 0.084667 0.068667
0 0.911667 0.28333299999999995 0.044667 0.057333
3 0.130667 0.943333 0.136 0.112
3 0.457667 0.959333 0.088667 0.08
3 0.772333 0.962667 0.095333 0.073333
3 0.966 0.6799999999999999 0.068 0.117333
3 0.967333 0.49066699999999996 0.065333 0.097333
2 0.962667 0.30233299999999996 0.069333 0.122
3 0.427333 0.03633299999999995 0.098667 0.072667
3 0.037333 0.07066700000000004 0.073333 0.110667
