2 0.893667 0.397667 0.063333 0.055333
2 0.895667 0.234 0.108667 0.134667
2 0.921667 0.131 0.083333 0.092667
2 0.86 0.098333 0.085333 0.119333
2 0.772 0.089 0.12 0.13
2 0.8049999999999999 0.206 0.099333 0.117333
2 0.775667 0.3 0.068667 0.074667
2 0.687667 0.278333 0.126 0.103333
2 0.7026669999999999 0.186 0.104 0.082667
2 0.662667 0.078333 0.128 0.140667
2 0.598333 0.284333 0.063333 0.084667
2 0.602 0.176667 0.113333 0.128
2 0.564333 0.062667 0.106 0.121333
2 0.486333 0.04 0.058 0.065333
2 0.512 0.243333 0.094667 0.12
0 0.673667 0.426667 0.179333 0.204
0 0.5513330000000001 0.451 0.133333 0.119333
0 0.30100000000000005 0.669 0.178 0.244667
0 0.27533300000000005 0.912667 0.214667 0.174667
0 0.5609999999999999 0.914667 0.196667 0.170667
0 0.560333 0.807333 0.139333 0.153333
0 0.694 0.646 0.168 0.153333
0 0.521333 0.547667 0.137333 0.119333
0 0.45566700000000004 0.334667 0.123333 0.117333
0 0.31100000000000005 0.443667 0.088667 0.096667
0 0.388 0.537667 0.117333 0.111333
0 0.20699999999999996 0.579 0.175333 0.174
0 0.09499999999999997 0.82 0.19 0.202667
0 0.060667000000000026 0.636667 0.121333 0.148
0 0.15633300000000006 0.375 0.123333 0.158
0 0.795 0.528667 0.151333 0.173333
0 0.907333 0.528667 0.121333 0.125333
0 0.909667 0.664667 0.179333 0.174667
0 0.907667 0.818 0.183333 0.210667
0 0.758 0.889667 0.189333 0.220667
0 0.529333 0.633667 0.113333 0.096667
0 0.41600000000000004 0.865 0.117333 0.127333
0 0.09699999999999998 0.173333 0.146 0.125333
0 0.334333 0.359 0.127333 0.104667
2 0.393667 0.064667 0.146 0.128
2 0.14133300000000004 0.053667 0.117333 0.106
2 0.250667 0.047667 0.101333 0.094
