2 0.835333 0.810333 0.096 0.106
2 0.951 0.719333 0.059333 0.06
2 0.947667 0.894667 0.099333 0.097333
2 0.665667 0.867667 0.119333 0.138
2 0.334333 0.778667 0.134 0.161333
3 0.24866699999999997 0.7130000000000001 0.049333 0.079333
2 0.351 0.642333 0.095333 0.134
3 0.262667 0.6273329999999999 0.069333 0.078667
2 0.451333 0.586667 0.1 0.098667
2 0.905 0.535667 0.148667 0.152667
2 0.751333 0.579333 0.18 0.126667
2 0.7396670000000001 0.478333 0.098 0.082
2 0.634667 0.524 0.066667 0.062667
2 0.35266699999999995 0.511667 0.066667 0.067333
3 0.27933300000000005 0.5143329999999999 0.034667 0.036667
2 0.854 0.359 0.129333 0.151333
2 0.7090000000000001 0.31100000000000005 0.072667 0.062
2 0.6146670000000001 0.35666699999999996 0.078667 0.093333
3 0.487333 0.329333 0.061333 0.072
2 0.375333 0.41433299999999995 0.109333 0.106
3 0.443333 0.28733299999999995 0.052 0.056
3 0.476 0.23366699999999996 0.088 0.087333
2 0.43333299999999997 0.17500000000000004 0.084 0.086
3 0.534333 0.17833299999999996 0.106 0.11
2 0.681667 0.18799999999999994 0.115333 0.133333
2 0.30800000000000005 0.259 0.038667 0.044667
2 0.29733299999999996 0.07399999999999995 0.086667 0.089333
2 0.378667 0.03966700000000001 0.057333 0.064667
2 0.454333 0.089333 0.086 0.081333
2 0.526 0.05900000000000005 0.070667 0.080667
2 0.663 0.09766699999999995 0.066 0.058
3 0.869333 0.143667 0.088 0.112667
2 0.7853330000000001 0.13933300000000004 0.096 0.104
2 0.812 0.04966700000000002 0.04 0.042
3 0.963667 0.04700000000000004 0.071333 0.094
2 0.885667 0.05066700000000002 0.086 0.08
2 0.7396670000000001 0.06033299999999997 0.074 0.098
3 0.649667 0.035667000000000004 0.094 0.071333
2 0.441333 0.026000000000000023 0.058667 0.052
2 0.03533299999999995 0.03500000000000003 0.058667 0.056667
2 0.032667 0.13133300000000003 0.064 0.065333
2 0.226333 0.16000000000000003 0.076667 0.056
2 0.21499999999999997 0.23833300000000002 0.098 0.096667
3 0.208333 0.329333 0.058 0.057333
3 0.11133300000000002 0.39333300000000004 0.08 0.076
3 0.20666700000000005 0.41600000000000004 0.105333 0.090667
3 0.20466700000000004 0.505667 0.094667 0.092667
3 0.18533299999999997 0.615667 0.089333 0.086
2 0.16933299999999996 0.7006669999999999 0.112 0.109333
2 0.212333 0.827333 0.135333 0.154667
2 0.145667 0.875333 0.051333 0.054667
2 0.06299999999999994 0.786667 0.126 0.14
2 0.05466700000000002 0.902 0.109333 0.12
0 0.545667 0.649667 0.123333 0.115333
0 0.631667 0.676667 0.076667 0.093333
0 0.714333 0.656667 0.108667 0.097333
0 0.29433299999999996 0.41600000000000004 0.056667 0.153333
0 0.375333 0.937 0.158667 0.124667
0 0.5780000000000001 0.893 0.062667 0.084667
0 0.45566700000000004 0.8140000000000001 0.108667 0.169333
0 0.511333 0.766667 0.070667 0.098667
0 0.898 0.6373329999999999 0.157333 0.110667
0 0.737333 0.933333 0.066667 0.081333
0 0.8 0.892 0.054667 0.082667
0 0.588667 0.48 0.076 0.084
0 0.617667 0.43033299999999997 0.083333 0.080667
0 0.6823330000000001 0.388 0.062 0.074667
0 0.926 0.266 0.062667 0.061333
0 0.586333 0.10866699999999996 0.080667 0.114667
0 0.04033299999999995 0.28533299999999995 0.080667 0.062667
0 0.46499999999999997 0.395 0.056667 0.063333
0 0.43333299999999997 0.6930000000000001 0.074667 0.086
2 0.13666699999999998 0.950667 0.129333 0.097333
