2 0.185667 0.143667 0.176667 0.172667
2 0.263667 0.065 0.135333 0.128667
2 0.390667 0.077333 0.153333 0.152
3 0.320667 0.186 0.101333 0.094667
2 0.078 0.146 0.082667 0.076
2 0.068 0.261667 0.132 0.184667
2 0.192667 0.283 0.174667 0.166
3 0.293667 0.279333 0.062 0.089333
2 0.370333 0.269 0.104667 0.09
2 0.48 0.168333 0.230667 0.162
2 0.464667 0.272333 0.112 0.143333
2 0.576333 0.255 0.152667 0.156667
3 0.69 0.184 0.137333 0.108
3 0.694667 0.289 0.124 0.114
2 0.599333 0.379667 0.141333 0.156667
2 0.501667 0.389667 0.067333 0.079333
1 0.420333 0.354 0.075333 0.086667
2 0.324333 0.373333 0.135333 0.144
2 0.131333 0.377667 0.096 0.074
2 0.129667 0.472 0.163333 0.149333
2 0.436 0.462 0.162667 0.168
3 0.528 0.484 0.066667 0.058667
2 0.436 0.562333 0.077333 0.066
2 0.415333 0.626333 0.086667 0.079333
2 0.345667 0.508333 0.123333 0.116667
2 0.274 0.551 0.152 0.124667
2 0.165667 0.591 0.075333 0.067333
2 0.064667 0.552667 0.125333 0.098667
3 0.609333 0.521333 0.181333 0.145333
2 0.546 0.617667 0.113333 0.111333
2 0.657667 0.671 0.166 0.186
2 0.498333 0.682 0.127333 0.121333
2 0.457667 0.753667 0.159333 0.138
2 0.336667 0.688 0.110667 0.122667
2 0.234667 0.662 0.142667 0.126667
2 0.068667 0.681667 0.136 0.159333
2 0.141667 0.738 0.123333 0.142667
2 0.082667 0.801333 0.098667 0.08
2 0.057333 0.876 0.092 0.084
2 0.245333 0.784667 0.178667 0.126667
2 0.306 0.888667 0.162667 0.122667
3 0.374 0.802 0.08 0.113333
2 0.16 0.882333 0.126667 0.122
2 0.216667 0.955667 0.130667 0.088667
2 0.464333 0.861333 0.11 0.094667
2 0.588667 0.867 0.144 0.179333
2 0.702333 0.925667 0.123333 0.140667
3 0.749333 0.572667 0.126667 0.154667
2 0.757 0.85 0.103333 0.12
2 0.941333 0.825 0.114667 0.128667
3 0.824333 0.789333 0.164667 0.166667
2 0.868 0.699 0.126667 0.104667
2 0.960667 0.714 0.078667 0.089333
2 0.893667 0.608 0.176667 0.112
2 0.883 0.502 0.207333 0.12
2 0.874667 0.41 0.138667 0.098667
2 0.892333 0.308667 0.123333 0.122667
3 0.793 0.32 0.103333 0.125333
3 0.812667 0.191 0.108 0.142
2 0.928667 0.173333 0.128 0.197333
2 0.733667 0.064667 0.176667 0.122667
0 0.225 0.431333 0.116667 0.110667
0 0.678333 0.752333 0.135333 0.107333
2 0.474667 0.946333 0.150667 0.107333
2 0.898333 0.937333 0.203333 0.125333
