2 0.810333 0.164667 0.106 0.096
2 0.719333 0.049 0.06 0.059333
2 0.894667 0.052333 0.097333 0.099333
2 0.867667 0.334333 0.138 0.119333
2 0.778667 0.665667 0.161333 0.134
3 0.7130000000000001 0.751333 0.079333 0.049333
2 0.642333 0.649 0.134 0.095333
3 0.6273329999999999 0.737333 0.078667 0.069333
2 0.586667 0.548667 0.098667 0.1
2 0.535667 0.095 0.152667 0.148667
2 0.579333 0.248667 0.126667 0.18
2 0.478333 0.260333 0.082 0.098
2 0.524 0.365333 0.062667 0.066667
2 0.511667 0.647333 0.067333 0.066667
3 0.5143329999999999 0.720667 0.036667 0.034667
2 0.359 0.146 0.151333 0.129333
2 0.31100000000000005 0.291 0.062 0.072667
2 0.35666699999999996 0.385333 0.093333 0.078667
3 0.329333 0.512667 0.072 0.061333
2 0.41433299999999995 0.624667 0.106 0.109333
3 0.28733299999999995 0.556667 0.056 0.052
3 0.23366699999999996 0.524 0.087333 0.088
2 0.17500000000000004 0.566667 0.086 0.084
3 0.17833299999999996 0.465667 0.11 0.106
2 0.18799999999999994 0.318333 0.133333 0.115333
2 0.259 0.692 0.044667 0.038667
2 0.07399999999999995 0.702667 0.089333 0.086667
2 0.03966700000000001 0.621333 0.064667 0.057333
2 0.089333 0.545667 0.081333 0.086
2 0.05900000000000005 0.474 0.080667 0.070667
2 0.09766699999999995 0.337 0.058 0.066
3 0.143667 0.130667 0.112667 0.088
2 0.13933300000000004 0.214667 0.104 0.096
2 0.04966700000000002 0.188 0.042 0.04
3 0.04700000000000004 0.036333 0.094 0.071333
2 0.05066700000000002 0.114333 0.08 0.086
2 0.06033299999999997 0.260333 0.098 0.074
3 0.035667000000000004 0.350333 0.071333 0.094
2 0.026000000000000023 0.558667 0.052 0.058667
2 0.03500000000000003 0.964667 0.056667 0.058667
2 0.13133300000000003 0.967333 0.065333 0.064
2 0.16000000000000003 0.773667 0.056 0.076667
2 0.23833300000000002 0.785 0.096667 0.098
3 0.329333 0.791667 0.057333 0.058
3 0.39333300000000004 0.888667 0.076 0.08
3 0.41600000000000004 0.793333 0.090667 0.105333
3 0.505667 0.795333 0.092667 0.094667
3 0.615667 0.814667 0.086 0.089333
2 0.7006669999999999 0.830667 0.109333 0.112
2 0.827333 0.787667 0.154667 0.135333
2 0.875333 0.854333 0.054667 0.051333
2 0.786667 0.937 0.14 0.126
2 0.902 0.945333 0.12 0.109333
0 0.649667 0.454333 0.115333 0.123333
0 0.676667 0.368333 0.093333 0.076667
0 0.656667 0.285667 0.097333 0.108667
0 0.41600000000000004 0.705667 0.153333 0.056667
0 0.937 0.624667 0.124667 0.158667
0 0.893 0.422 0.084667 0.062667
0 0.8140000000000001 0.544333 0.169333 0.108667
0 0.766667 0.488667 0.098667 0.070667
0 0.6373329999999999 0.102 0.110667 0.157333
0 0.933333 0.262667 0.081333 0.066667
0 0.892 0.2 0.082667 0.054667
0 0.48 0.411333 0.084 0.076
0 0.43033299999999997 0.382333 0.080667 0.083333
0 0.388 0.317667 0.074667 0.062
0 0.266 0.074 0.061333 0.062667
0 0.10866699999999996 0.413667 0.114667 0.080667
0 0.28533299999999995 0.959667 0.062667 0.080667
0 0.395 0.535 0.063333 0.056667
0 0.6930000000000001 0.566667 0.086 0.074667
2 0.950667 0.863333 0.097333 0.129333
