2 0.6970000000000001 0.938 0.116667 0.122667
2 0.784667 0.891667 0.166667 0.182
2 0.874333 0.861333 0.147333 0.148
2 0.905667 0.760667 0.151333 0.141333
2 0.842 0.6926669999999999 0.162667 0.162667
3 0.752667 0.669333 0.081333 0.084
2 0.7216670000000001 0.758333 0.076667 0.103333
2 0.627 0.736667 0.116667 0.146667
2 0.675 0.6293329999999999 0.100667 0.121333
3 0.5453330000000001 0.7146669999999999 0.108 0.154667
2 0.776 0.565 0.156 0.13
3 0.567333 0.579333 0.117333 0.12
2 0.45466700000000004 0.655667 0.126667 0.13
2 0.514667 0.9083330000000001 0.105333 0.116667
2 0.407667 0.860667 0.147333 0.130667
2 0.379667 0.951667 0.171333 0.095333
2 0.43100000000000005 0.767 0.144667 0.118
3 0.259 0.745333 0.087333 0.106667
2 0.34299999999999997 0.718 0.152667 0.149333
2 0.36666699999999997 0.608333 0.148 0.09
3 0.891667 0.5243329999999999 0.132667 0.174
2 0.701667 0.433667 0.088667 0.080667
2 0.478 0.48566699999999996 0.133333 0.167333
2 0.368 0.511333 0.097333 0.114667
2 0.269667 0.49066699999999996 0.108667 0.157333
2 0.368 0.406 0.165333 0.108
2 0.570333 0.41733299999999995 0.184667 0.2
3 0.942333 0.31366700000000003 0.096667 0.096667
2 0.846 0.34566699999999995 0.136 0.186
2 0.7256670000000001 0.334333 0.120667 0.148667
2 0.607333 0.268 0.136 0.144
2 0.509333 0.28200000000000003 0.073333 0.090667
2 0.641 0.19866700000000004 0.135333 0.129333
2 0.525667 0.18066700000000002 0.067333 0.081333
2 0.39033300000000004 0.291667 0.199333 0.195333
2 0.41733299999999995 0.18866700000000003 0.121333 0.092
2 0.551667 0.09566699999999995 0.102 0.102
2 0.665667 0.11199999999999999 0.09 0.084
2 0.876333 0.08199999999999996 0.147333 0.164
2 0.42900000000000005 0.08399999999999996 0.154 0.158667
2 0.304667 0.12766699999999997 0.126667 0.139333
2 0.19899999999999995 0.10899999999999999 0.114 0.179333
2 0.07866700000000004 0.06999999999999995 0.125333 0.14
2 0.259 0.24066699999999996 0.103333 0.106667
3 0.17000000000000004 0.24266699999999997 0.058667 0.061333
2 0.07566700000000004 0.18933299999999997 0.099333 0.086667
2 0.03500000000000003 0.267667 0.07 0.116667
2 0.095333 0.33166700000000005 0.12 0.134
2 0.21966699999999995 0.35466699999999995 0.146 0.168
2 0.126 0.512 0.170667 0.141333
3 0.07199999999999995 0.442333 0.128 0.115333
2 0.11033300000000001 0.6066670000000001 0.084667 0.077333
2 0.06633299999999998 0.675 0.064667 0.07
3 0.02533300000000005 0.726 0.037333 0.041333
2 0.126 0.739 0.165333 0.168667
2 0.20999999999999996 0.861333 0.182667 0.164
2 0.142667 0.928 0.064 0.065333
2 0.06233299999999997 0.890667 0.122 0.136
0 0.654333 0.501333 0.079333 0.070667
0 0.750667 0.483333 0.132 0.113333
0 0.751667 0.22866699999999995 0.106 0.116
0 0.855 0.21699999999999997 0.106 0.092667
0 0.27833300000000005 0.636 0.103333 0.1
0 0.31133299999999997 0.864333 0.08 0.084667
2 0.95 0.913 0.098667 0.138
2 0.951333 0.20766700000000005 0.096 0.138
2 0.779333 0.06466700000000003 0.134667 0.129333
