2 0.059333 0.192667 0.116 0.154667
2 0.186333 0.241667 0.139333 0.208667
2 0.250333 0.137 0.15 0.172667
2 0.392667 0.163667 0.141333 0.131333
2 0.295333 0.257333 0.093333 0.097333
2 0.462 0.092 0.096 0.136
2 0.362 0.054667 0.122667 0.108
2 0.559667 0.088 0.116667 0.162667
2 0.681333 0.093667 0.136 0.174
3 0.523667 0.239667 0.111333 0.118
2 0.410667 0.253333 0.125333 0.121333
2 0.099667 0.329667 0.194 0.138
3 0.050667 0.442667 0.08 0.073333
2 0.149 0.443333 0.131333 0.114667
2 0.285667 0.436 0.140667 0.129333
3 0.367667 0.362 0.128667 0.153333
2 0.493667 0.351333 0.119333 0.133333
2 0.630333 0.350333 0.15 0.163333
2 0.481 0.481333 0.152667 0.138667
2 0.133 0.563 0.103333 0.116667
2 0.261 0.573 0.147333 0.119333
2 0.286667 0.723333 0.0 0.001333
2 0.585 0.577667 0.17 0.136667
2 0.501333 0.671333 0.142667 0.130667
2 0.372333 0.668667 0.158 0.181333
2 0.216667 0.684 0.172 0.130667
3 0.126667 0.769333 0.149333 0.162667
2 0.249 0.806 0.100667 0.110667
2 0.481 0.783333 0.166 0.125333
2 0.617333 0.796333 0.121333 0.144667
2 0.645667 0.686 0.132667 0.104
3 0.31 0.853667 0.089333 0.104667
3 0.170333 0.942333 0.100667 0.079333
2 0.072667 0.882333 0.105333 0.099333
2 0.385 0.899333 0.144667 0.174667
2 0.535 0.884 0.184667 0.125333
2 0.719333 0.898 0.130667 0.12
3 0.952667 0.903 0.076 0.074
3 0.963667 0.802 0.072667 0.125333
2 0.856333 0.795667 0.139333 0.200667
2 0.732333 0.772333 0.13 0.154
3 0.804 0.626333 0.116 0.103333
3 0.925667 0.63 0.134 0.110667
2 0.781667 0.355667 0.155333 0.163333
2 0.884667 0.376667 0.06 0.061333
2 0.706 0.503333 0.169333 0.157333
3 0.845 0.495667 0.112667 0.138
2 0.942 0.489667 0.113333 0.167333
2 0.877 0.292 0.083333 0.098667
3 0.913333 0.178333 0.108 0.127333
2 0.782667 0.186333 0.156 0.162
2 0.788333 0.083333 0.067333 0.069333
0 0.208667 0.887 0.094667 0.094
0 0.877 0.934333 0.068667 0.067333
0 0.862 0.1 0.065333 0.065333
0 0.613667 0.213667 0.100667 0.092667
0 0.945333 0.960333 0.069333 0.075333
2 0.122 0.055 0.145333 0.108667
2 0.061333 0.958333 0.121333 0.083333
2 0.955333 0.314333 0.089333 0.194
