2 0.300333 0.473333 0.082 0.090667
3 0.599 0.441 0.058 0.066
2 0.697333 0.376667 0.122667 0.093333
2 0.690333 0.471667 0.124667 0.106
3 0.581 0.526333 0.062 0.054
2 0.502 0.499 0.126667 0.134
2 0.391 0.494333 0.098 0.104667
2 0.221 0.565333 0.064667 0.089333
2 0.296 0.592333 0.094667 0.116667
2 0.052333 0.562333 0.083333 0.079333
2 0.094667 0.633333 0.097333 0.128
2 0.187667 0.642 0.103333 0.134667
2 0.274333 0.678333 0.086 0.072667
2 0.363 0.681667 0.088667 0.072667
2 0.399333 0.605 0.12 0.126
2 0.495 0.620333 0.095333 0.11
2 0.581 0.622667 0.09 0.110667
2 0.656333 0.605333 0.075333 0.072
2 0.622667 0.703667 0.096 0.084667
2 0.551333 0.775667 0.065333 0.094
2 0.456 0.765 0.098667 0.134
2 0.345 0.779333 0.108667 0.12
2 0.258 0.754333 0.070667 0.079333
2 0.177667 0.748 0.102 0.082667
2 0.096667 0.726333 0.062667 0.066
2 0.126 0.8 0.068 0.077333
2 0.201 0.823333 0.078 0.081333
2 0.289667 0.853667 0.088667 0.096667
2 0.372333 0.876 0.079333 0.109333
2 0.469333 0.888 0.112 0.116
2 0.722667 0.804 0.105333 0.109333
2 0.714 0.903333 0.084 0.088
2 0.185667 0.916 0.108667 0.116
2 0.057 0.951667 0.108667 0.096667
2 0.376333 0.955 0.106 0.086
2 0.482 0.970667 0.068 0.058667
2 0.788667 0.746 0.094667 0.084
2 0.814333 0.930667 0.115333 0.109333
3 0.900667 0.935 0.089333 0.086
3 0.961 0.857333 0.074 0.084
3 0.879 0.852667 0.096667 0.092
3 0.88 0.767667 0.089333 0.091333
3 0.962667 0.767333 0.074667 0.090667
2 0.931 0.677667 0.127333 0.11
3 0.834 0.653667 0.046667 0.051333
2 0.747 0.638667 0.132667 0.125333
2 0.912 0.581 0.108 0.083333
3 0.752 0.551333 0.092 0.066667
2 0.805667 0.459667 0.119333 0.131333
2 0.897 0.476 0.075333 0.065333
2 0.921 0.4 0.140667 0.090667
2 0.924667 0.318667 0.129333 0.094667
0 0.073667 0.2 0.146 0.246667
0 0.235 0.169667 0.139333 0.206
0 0.332667 0.095 0.101333 0.100667
0 0.341 0.156667 0.080667 0.066667
0 0.407333 0.219 0.145333 0.127333
0 0.473 0.095667 0.123333 0.139333
0 0.788 0.147667 0.082667 0.076667
0 0.226667 0.288 0.082667 0.078667
0 0.182 0.482 0.054667 0.050667
0 0.137667 0.345667 0.095333 0.080667
0 0.052667 0.371667 0.074667 0.108667
0 0.144 0.546667 0.086667 0.082667
0 0.857667 0.567667 0.076667 0.096667
0 0.796333 0.253667 0.083333 0.119333
2 0.031333 0.638333 0.061333 0.092667
3 0.578333 0.945333 0.115333 0.109333
2 0.967333 0.508 0.065333 0.106667
