2 0.794 0.139 0.16 0.154
2 0.681333 0.133333 0.101333 0.094667
2 0.868667 0.244 0.058667 0.06
2 0.956333 0.235667 0.071333 0.084667
2 0.875333 0.329333 0.066667 0.072
2 0.797667 0.31 0.104667 0.105333
2 0.774 0.249667 0.058667 0.051333
2 0.702333 0.231333 0.120667 0.152
2 0.916 0.420667 0.133333 0.141333
2 0.802333 0.402667 0.163333 0.152
1 0.6930000000000001 0.346 0.103333 0.093333
1 0.6779999999999999 0.411333 0.078667 0.085333
2 0.599 0.196333 0.114 0.158
2 0.5103329999999999 0.174 0.184667 0.190667
2 0.499 0.054 0.162 0.105333
2 0.387 0.102667 0.111333 0.132
1 0.301667 0.142333 0.140667 0.17
2 0.319333 0.254333 0.153333 0.120667
2 0.32966700000000004 0.34 0.091333 0.089333
2 0.442333 0.348333 0.138 0.136667
2 0.580333 0.325 0.159333 0.139333
2 0.574333 0.402 0.104667 0.070667
2 0.302667 0.426667 0.137333 0.138667
1 0.40133300000000005 0.459 0.118667 0.159333
1 0.489 0.510667 0.127333 0.125333
1 0.377 0.566333 0.107333 0.106
1 0.593333 0.468667 0.129333 0.101333
2 0.720333 0.497 0.154 0.154
2 0.778667 0.572 0.074667 0.113333
1 0.946 0.579333 0.104 0.189333
1 0.845333 0.542 0.094667 0.138667
2 0.844333 0.652333 0.126 0.098
2 0.927333 0.717 0.081333 0.068667
1 0.28800000000000003 0.533 0.101333 0.086
1 0.566667 0.588333 0.14 0.144667
1 0.456333 0.627333 0.112667 0.113333
1 0.415667 0.693667 0.103333 0.092667
1 0.332333 0.643667 0.120667 0.146
1 0.6583330000000001 0.618 0.088667 0.101333
1 0.733 0.638333 0.09 0.106
1 0.786667 0.702333 0.086667 0.058
2 0.8586670000000001 0.756 0.08 0.118667
1 0.938333 0.828 0.118 0.126667
2 0.873 0.909667 0.042 0.054
2 0.809333 0.855667 0.121333 0.127333
2 0.7166669999999999 0.772 0.117333 0.110667
1 0.6493329999999999 0.711 0.106667 0.115333
1 0.7046669999999999 0.893333 0.125333 0.134667
1 0.614 0.855 0.146667 0.132667
1 0.5800000000000001 0.794333 0.145333 0.108667
1 0.540667 0.678 0.077333 0.074667
1 0.482 0.737667 0.057333 0.060667
2 0.552333 0.929333 0.146 0.117333
1 0.48 0.859 0.105333 0.142
2 0.386667 0.922 0.14 0.152
2 0.305667 0.955 0.066 0.059333
1 0.39633300000000005 0.801 0.144667 0.168667
2 0.21899999999999997 0.924667 0.079333 0.086667
1 0.30233299999999996 0.759333 0.095333 0.097333
2 0.252667 0.830333 0.118667 0.088667
2 0.12833300000000003 0.859333 0.056667 0.053333
2 0.138 0.798 0.082667 0.064
1 0.18866700000000003 0.722 0.148 0.145333
1 0.224333 0.616333 0.132667 0.136667
1 0.091333 0.648 0.144 0.104
1 0.133 0.557 0.118 0.108667
1 0.20499999999999996 0.486667 0.096667 0.114667
1 0.155667 0.456333 0.087333 0.100667
1 0.06333299999999997 0.498 0.088 0.106667
1 0.030000000000000027 0.465 0.06 0.078
1 0.06166700000000003 0.392333 0.123333 0.112667
2 0.20466700000000004 0.308667 0.141333 0.138667
2 0.18566700000000003 0.150333 0.092667 0.142
2 0.12566699999999997 0.240667 0.055333 0.068
2 0.08866700000000005 0.141667 0.113333 0.135333
0 0.848 0.202333 0.078667 0.068667
0 0.7933330000000001 0.764667 0.074667 0.066667
0 0.05366700000000002 0.053 0.107333 0.104667
0 0.058667000000000025 0.317667 0.117333 0.106
2 0.949 0.109333 0.099333 0.141333
2 0.753667 0.047667 0.194 0.094
2 0.953667 0.32 0.091333 0.112
2 0.774 0.958 0.101333 0.066667
2 0.05900000000000005 0.769 0.118 0.167333
2 0.05166700000000002 0.217333 0.103333 0.176
