2 0.231 0.060667 0.142 0.113333
2 0.260667 0.150667 0.085333 0.082667
2 0.421 0.109333 0.115333 0.109333
3 0.380667 0.170333 0.141333 0.119333
2 0.194333 0.237333 0.068667 0.106667
2 0.103333 0.222333 0.121333 0.122
3 0.095667 0.319667 0.100667 0.098
2 0.278333 0.246667 0.115333 0.145333
2 0.39 0.285333 0.145333 0.124
2 0.293667 0.373 0.178 0.118
3 0.107333 0.408333 0.096 0.084667
2 0.198 0.446667 0.105333 0.137333
3 0.450667 0.393333 0.085333 0.096
2 0.562 0.035333 0.109333 0.069333
3 0.557 0.125333 0.139333 0.117333
2 0.668333 0.056333 0.094 0.091333
3 0.672333 0.150667 0.084667 0.102667
2 0.577 0.300667 0.168667 0.149333
3 0.669333 0.242333 0.070667 0.075333
2 0.690333 0.324667 0.094 0.094667
2 0.541 0.44 0.147333 0.161333
3 0.655333 0.438667 0.096 0.102667
2 0.636333 0.529333 0.072667 0.057333
2 0.556667 0.535667 0.033333 0.048667
2 0.497667 0.512333 0.112667 0.115333
2 0.412667 0.467667 0.093333 0.107333
2 0.304333 0.483333 0.122 0.125333
2 0.089667 0.52 0.164667 0.16
2 0.223333 0.567667 0.128 0.134
2 0.364 0.570667 0.141333 0.137333
3 0.457333 0.588667 0.066667 0.085333
2 0.546667 0.614667 0.108 0.118667
2 0.672667 0.620667 0.173333 0.169333
2 0.227667 0.649667 0.044667 0.052667
2 0.155667 0.639667 0.106 0.11
2 0.269667 0.682333 0.084667 0.114
2 0.378 0.701667 0.129333 0.132667
2 0.491 0.703333 0.115333 0.141333
2 0.595 0.736667 0.11 0.126667
2 0.717333 0.766667 0.133333 0.12
2 0.622667 0.851 0.164 0.160667
2 0.485667 0.826 0.114 0.105333
2 0.375333 0.822667 0.110667 0.128
2 0.405 0.910667 0.067333 0.072
2 0.179 0.754333 0.09 0.139333
2 0.275333 0.812667 0.122667 0.165333
2 0.205667 0.865667 0.071333 0.079333
2 0.109333 0.856667 0.113333 0.168
2 0.045333 0.946667 0.089333 0.105333
2 0.779333 0.884333 0.177333 0.154
2 0.935333 0.903333 0.129333 0.152
2 0.874333 0.791667 0.114 0.102
2 0.761 0.492667 0.162 0.156
2 0.850333 0.591667 0.144667 0.132667
2 0.897667 0.691333 0.188667 0.188
2 0.943333 0.500333 0.113333 0.102
3 0.952 0.55 0.052 0.042667
2 0.861333 0.395333 0.084 0.096
2 0.783 0.350333 0.11 0.126
3 0.767667 0.248667 0.11 0.078667
3 0.752333 0.099 0.072667 0.084667
3 0.846333 0.103667 0.119333 0.108667
3 0.932333 0.120333 0.056667 0.059333
3 0.862333 0.213333 0.116667 0.121333
2 0.940667 0.319667 0.118667 0.124667
2 0.951333 0.216 0.097333 0.090667
0 0.168 0.136333 0.110667 0.107333
0 0.846667 0.329 0.074667 0.064667
0 0.843667 0.033667 0.182 0.066
0 0.966333 0.834667 0.067333 0.085333
0 0.173 0.305 0.096667 0.092667
0 0.925667 0.402 0.095333 0.081333
2 0.051667 0.611 0.102 0.139333
3 0.152333 0.949333 0.143333 0.101333
2 0.539 0.933333 0.21 0.133333
2 0.732333 0.961667 0.148667 0.076667
3 0.058667 0.043667 0.116 0.086
