2 0.084667 0.928333 0.166667 0.140667
2 0.106667 0.7933330000000001 0.205333 0.196
2 0.115333 0.6599999999999999 0.122667 0.101333
2 0.251 0.8069999999999999 0.11 0.086
2 0.253 0.718667 0.134 0.134667
2 0.283 0.596333 0.187333 0.131333
2 0.134 0.546667 0.186667 0.162667
2 0.143667 0.426667 0.166 0.1
2 0.144667 0.29933299999999996 0.198667 0.181333
2 0.292667 0.377667 0.126667 0.120667
2 0.274667 0.48366699999999996 0.149333 0.111333
2 0.354 0.842 0.104 0.14
2 0.371667 0.711333 0.119333 0.122667
2 0.464 0.724667 0.073333 0.078667
2 0.376 0.459333 0.064 0.097333
2 0.4 0.31799999999999995 0.118667 0.124
2 0.314667 0.267 0.104 0.092667
2 0.465333 0.856 0.154667 0.190667
2 0.467667 0.605333 0.195333 0.142667
2 0.491667 0.49166699999999997 0.236667 0.183333
2 0.502 0.34466699999999995 0.190667 0.152
2 0.605667 0.657333 0.09 0.094667
2 0.597667 0.792333 0.136667 0.143333
2 0.684333 0.923667 0.115333 0.140667
2 0.780333 0.9103330000000001 0.091333 0.096667
2 0.689333 0.709333 0.166667 0.157333
2 0.766 0.777667 0.150667 0.168667
2 0.888333 0.743 0.156667 0.167333
2 0.905667 0.608333 0.134 0.119333
2 0.814333 0.576333 0.174 0.151333
2 0.698667 0.540333 0.174667 0.158
2 0.713333 0.410667 0.157333 0.16
2 0.743333 0.30533299999999997 0.094667 0.096
2 0.862 0.41133299999999995 0.172 0.228
2 0.941667 0.37933300000000003 0.116667 0.152
2 0.857667 0.19666700000000004 0.182 0.158667
2 0.905 0.07466700000000004 0.13 0.149333
2 0.798667 0.08699999999999997 0.129333 0.162
2 0.644 0.251667 0.154667 0.158
2 0.663 0.10733300000000001 0.154 0.173333
2 0.522333 0.241 0.09 0.071333
2 0.514333 0.12733300000000003 0.187333 0.176
2 0.432667 0.07933299999999999 0.118667 0.125333
2 0.267667 0.041000000000000036 0.138 0.082
2 0.291667 0.14700000000000002 0.226 0.172667
2 0.074333 0.16233299999999995 0.146 0.154
0 0.282667 0.872333 0.101333 0.111333
0 0.868667 0.303667 0.133333 0.100667
2 0.571333 0.928333 0.169333 0.142
2 0.930333 0.890333 0.139333 0.191333
2 0.040667 0.31466700000000003 0.08 0.144
