1 0.896667 0.056 0.098667 0.106667
1 0.768667 0.059333 0.158667 0.116
1 0.836333 0.159667 0.11 0.126
1 0.720333 0.171 0.134 0.154
1 0.955333 0.247667 0.086667 0.119333
1 0.859667 0.262 0.112667 0.118667
2 0.7703329999999999 0.285 0.075333 0.072667
1 0.511 0.117333 0.174 0.165333
1 0.528 0.213667 0.08 0.068667
2 0.45266700000000004 0.239667 0.089333 0.092667
2 0.40633300000000006 0.165333 0.067333 0.069333
2 0.354 0.088 0.112 0.108
1 0.6619999999999999 0.277667 0.128 0.144667
2 0.544 0.325333 0.218667 0.22
2 0.883 0.38 0.138 0.142667
2 0.7106669999999999 0.407667 0.201333 0.194
2 0.5776669999999999 0.478333 0.091333 0.088667
2 0.9123330000000001 0.490667 0.095333 0.104
2 0.826333 0.523667 0.087333 0.096667
2 0.734333 0.562667 0.096667 0.112
2 0.603667 0.563 0.122 0.09
2 0.27633300000000005 0.582333 0.11 0.102
1 0.654333 0.617667 0.138 0.140667
2 0.6679999999999999 0.736667 0.114667 0.121333
2 0.738333 0.703 0.091333 0.114
2 0.860667 0.702 0.134667 0.121333
2 0.940667 0.662333 0.116 0.126
2 0.936667 0.747333 0.06 0.049333
2 0.955667 0.813667 0.086 0.087333
2 0.8526670000000001 0.793667 0.082667 0.074
2 0.879 0.853333 0.07 0.061333
2 0.690333 0.829667 0.118 0.115333
2 0.721 0.915333 0.088667 0.090667
2 0.813 0.889333 0.126 0.154667
2 0.165667 0.890333 0.211333 0.218
2 0.090333 0.802333 0.152667 0.143333
3 0.13366699999999998 0.584 0.143333 0.121333
2 0.07433299999999998 0.485667 0.148667 0.120667
0 0.19266700000000003 0.668 0.110667 0.138667
0 0.293667 0.697 0.136667 0.126
0 0.308667 0.918667 0.084 0.092
0 0.24533300000000002 0.956667 0.070667 0.074667
0 0.17233299999999996 0.415 0.092667 0.103333
0 0.787 0.627 0.076667 0.082
0 0.244 0.451333 0.078667 0.090667
2 0.579333 0.052 0.166667 0.102667
2 0.959 0.137 0.079333 0.123333
