2 0.126333 0.906333 0.080667 0.080667
2 0.131333 0.802333 0.126667 0.136667
2 0.11 0.7006669999999999 0.064 0.074667
2 0.039 0.7050000000000001 0.074 0.094
2 0.181 0.7090000000000001 0.091333 0.124667
2 0.220333 0.896667 0.107333 0.093333
2 0.285667 0.814667 0.132667 0.148
2 0.265667 0.712 0.083333 0.08
2 0.081333 0.41933299999999996 0.098667 0.073333
2 0.113333 0.493333 0.057333 0.065333
2 0.192 0.43633299999999997 0.125333 0.098
2 0.17 0.529333 0.084 0.116
2 0.397 0.851333 0.099333 0.094667
2 0.382333 0.740667 0.13 0.12
2 0.361667 0.625667 0.104667 0.124667
2 0.443 0.6599999999999999 0.100667 0.12
3 0.481667 0.843667 0.067333 0.067333
2 0.256333 0.523667 0.11 0.103333
2 0.329 0.531667 0.064667 0.066
2 0.287 0.347 0.039333 0.044667
3 0.205333 0.334333 0.045333 0.034
2 0.385667 0.491 0.068667 0.086
2 0.487 0.557667 0.09 0.064667
2 0.524667 0.488 0.08 0.084
2 0.456667 0.48966699999999996 0.06 0.066
2 0.410333 0.376667 0.140667 0.117333
2 0.508333 0.30433299999999996 0.096667 0.079333
2 0.534667 0.39333300000000004 0.109333 0.106667
2 0.481333 0.757667 0.078667 0.096667
2 0.533333 0.6739999999999999 0.1 0.130667
2 0.565333 0.763667 0.082667 0.079333
2 0.520667 0.945667 0.098667 0.098
2 0.630333 0.887667 0.163333 0.146
2 0.616 0.580667 0.130667 0.138667
2 0.658667 0.34266700000000005 0.037333 0.036
2 0.689333 0.794 0.158667 0.101333
2 0.699667 0.693667 0.140667 0.151333
2 0.711 0.574667 0.088667 0.097333
2 0.760333 0.524 0.126 0.084
2 0.758 0.412667 0.148 0.133333
2 0.84 0.35366699999999995 0.085333 0.076667
3 0.857333 0.435667 0.073333 0.080667
2 0.811333 0.599 0.084 0.071333
2 0.865667 0.5529999999999999 0.095333 0.134
2 0.802 0.821667 0.088 0.076667
2 0.821667 0.722 0.108667 0.153333
1 0.807333 0.965333 0.045333 0.044
2 0.88 0.926 0.125333 0.114667
2 0.910667 0.834 0.113333 0.093333
1 0.896667 0.728 0.069333 0.122667
2 0.936667 0.548333 0.056 0.074
2 0.949667 0.24 0.096667 0.102667
2 0.828 0.22899999999999998 0.078667 0.088667
2 0.930333 0.157667 0.128667 0.119333
3 0.819667 0.145667 0.080667 0.074
2 0.767333 0.20133299999999998 0.062667 0.088
3 0.627333 0.21999999999999997 0.046667 0.06
3 0.695 0.23299999999999998 0.095333 0.132667
3 0.711 0.030333000000000054 0.064667 0.060667
2 0.621 0.029667 0.056667 0.059333
3 0.546333 0.11599999999999999 0.058 0.048
3 0.462667 0.09666699999999995 0.057333 0.056
2 0.472333 0.19366700000000003 0.179333 0.172667
2 0.349333 0.17800000000000005 0.068 0.064
2 0.287333 0.07833299999999999 0.121333 0.156667
2 0.206333 0.13766699999999998 0.100667 0.11
2 0.132667 0.06033299999999997 0.050667 0.055333
3 0.187333 0.04300000000000004 0.08 0.086
2 0.076667 0.11233300000000002 0.086667 0.107333
2 0.221667 0.260667 0.126 0.136
2 0.102 0.23166699999999996 0.138667 0.164667
0 0.383 0.06833299999999998 0.111333 0.107333
0 0.602 0.295667 0.085333 0.100667
0 0.621333 0.475333 0.094667 0.097333
0 0.762667 0.880333 0.074667 0.091333
0 0.943333 0.631667 0.069333 0.07
0 0.356667 0.359333 0.094667 0.062667
0 0.714333 0.10466699999999995 0.123333 0.082667
0 0.459333 0.906667 0.054667 0.066667
0 0.264667 0.626 0.101333 0.090667
0 0.279 0.42600000000000005 0.056667 0.070667
0 0.067 0.592333 0.132667 0.098
2 0.864333 0.05366700000000002 0.152667 0.107333
3 0.953667 0.365 0.092667 0.131333
2 0.042667 0.8029999999999999 0.084 0.116667
2 0.734667 0.962667 0.112 0.073333
2 0.971667 0.933 0.056667 0.104667
2 0.960667 0.736 0.078667 0.141333
