2 0.911667 0.178 0.174 0.169333
2 0.767667 0.218 0.152667 0.192
2 0.714 0.316 0.092 0.105333
2 0.6739999999999999 0.08 0.136 0.154667
2 0.464333 0.095667 0.11 0.127333
2 0.33599999999999997 0.110667 0.152 0.190667
2 0.520667 0.257333 0.177333 0.213333
2 0.372 0.272333 0.130667 0.179333
2 0.939333 0.401333 0.114667 0.141333
2 0.797667 0.394333 0.180667 0.166
2 0.5696669999999999 0.427667 0.206 0.218
2 0.6990000000000001 0.527667 0.183333 0.180667
2 0.8316669999999999 0.517667 0.108667 0.124667
2 0.44799999999999995 0.558 0.224 0.224
2 0.30000000000000004 0.615667 0.069333 0.062
2 0.848 0.694333 0.142667 0.144667
2 0.679 0.675333 0.200667 0.173333
2 0.639 0.758667 0.123333 0.124
2 0.522 0.664 0.149333 0.109333
2 0.5063329999999999 0.774 0.155333 0.14
2 0.365 0.758333 0.186 0.182
2 0.843 0.862333 0.194 0.220667
2 0.718333 0.863 0.103333 0.160667
2 0.598333 0.903667 0.158 0.184667
2 0.481333 0.899 0.097333 0.13
2 0.351 0.907 0.175333 0.180667
2 0.16133299999999995 0.892 0.065333 0.057333
2 0.22299999999999998 0.791 0.160667 0.195333
2 0.17933299999999996 0.711667 0.117333 0.102
2 0.286667 0.468333 0.202667 0.226
2 0.10566699999999996 0.409667 0.166 0.151333
2 0.256 0.267 0.149333 0.171333
2 0.12033300000000002 0.279333 0.147333 0.137333
0 0.408667 0.39 0.129333 0.129333
0 0.21066700000000005 0.197 0.101333 0.095333
0 0.12666699999999997 0.168667 0.078667 0.110667
0 0.15933299999999995 0.518333 0.086667 0.107333
0 0.09466699999999995 0.473667 0.106667 0.087333
0 0.767333 0.736333 0.078667 0.091333
0 0.5776669999999999 0.126333 0.127333 0.115333
0 0.9359999999999999 0.971667 0.089333 0.056667
2 0.944333 0.834667 0.11 0.202667
2 0.06699999999999995 0.777667 0.134 0.267333
2 0.826667 0.074 0.197333 0.146667
