3 0.726 0.100667 0.097333 0.073333
2 0.74 0.125667 0.04 0.028667
2 0.734 0.185 0.141333 0.119333
2 0.854333 0.179 0.094 0.095333
2 0.896333 0.272333 0.132667 0.151333
3 0.952667 0.352333 0.041333 0.043333
2 0.892333 0.377333 0.086 0.062667
2 0.782333 0.290667 0.115333 0.133333
2 0.699333 0.35 0.166667 0.169333
3 0.625333 0.150333 0.077333 0.083333
2 0.546667 0.288667 0.092 0.069333
3 0.42100000000000004 0.212 0.058 0.062667
2 0.30900000000000005 0.057 0.039333 0.043333
1 0.646333 0.229 0.07 0.072667
2 0.34466699999999995 0.312 0.144 0.150667
2 0.36066699999999996 0.44 0.093333 0.124
2 0.463333 0.410667 0.12 0.166667
2 0.567333 0.379 0.112 0.112667
3 0.820667 0.445 0.116 0.094
2 0.286667 0.464 0.098667 0.096
2 0.503667 0.502667 0.071333 0.070667
2 0.597667 0.485667 0.171333 0.152667
2 0.739 0.524 0.168667 0.161333
2 0.762333 0.621 0.072667 0.062
2 0.928 0.485333 0.142667 0.094667
2 0.868333 0.613667 0.095333 0.091333
2 0.909333 0.690667 0.128 0.104
2 0.31599999999999995 0.572 0.149333 0.130667
2 0.32966700000000004 0.663333 0.103333 0.08
2 0.42533299999999996 0.620667 0.085333 0.102667
2 0.5409999999999999 0.611 0.164667 0.139333
2 0.806333 0.717 0.108667 0.100667
2 0.700333 0.752667 0.171333 0.194667
2 0.5549999999999999 0.729 0.136667 0.13
2 0.44166700000000003 0.706333 0.087333 0.083333
2 0.36466699999999996 0.760667 0.12 0.122667
2 0.28233299999999995 0.742 0.044667 0.046667
2 0.37733300000000003 0.857333 0.1 0.085333
3 0.28333299999999995 0.833333 0.094667 0.105333
3 0.516667 0.844333 0.12 0.111333
2 0.46366700000000005 0.782667 0.11 0.097333
2 0.627667 0.840333 0.100667 0.112667
2 0.828667 0.84 0.148 0.150667
2 0.734667 0.861667 0.064 0.060667
2 0.933 0.784667 0.088667 0.086667
2 0.6473329999999999 0.933333 0.124 0.110667
2 0.223333 0.919333 0.117333 0.098667
2 0.11166699999999996 0.940333 0.11 0.098
2 0.17866700000000002 0.838 0.106667 0.108
2 0.07099999999999995 0.848 0.120667 0.110667
2 0.164667 0.72 0.164 0.156
2 0.217333 0.605667 0.093333 0.087333
2 0.17200000000000004 0.509333 0.146667 0.128
2 0.08266700000000005 0.550667 0.154667 0.134667
2 0.05900000000000005 0.424667 0.115333 0.121333
2 0.16433299999999995 0.397667 0.178 0.131333
2 0.16400000000000003 0.312667 0.156 0.093333
3 0.06033299999999997 0.341333 0.058 0.061333
3 0.04600000000000004 0.241 0.092 0.095333
2 0.14533300000000005 0.221667 0.132 0.094
2 0.23466699999999996 0.198 0.113333 0.1
2 0.10499999999999998 0.076 0.115333 0.082667
0 0.347333 0.186 0.098667 0.093333
0 0.435667 0.294667 0.106 0.077333
0 0.642 0.069667 0.058667 0.080667
0 0.371333 0.053667 0.078667 0.100667
0 0.474333 0.204667 0.062 0.08
0 0.44866700000000004 0.094667 0.066667 0.084
0 0.43600000000000005 0.507667 0.086667 0.068667
0 0.5740000000000001 0.063667 0.038667 0.034
0 0.945333 0.139667 0.073333 0.044667
0 0.961667 0.26 0.075333 0.134667
0 0.784667 0.047667 0.058667 0.044667
0 0.498 0.333333 0.049333 0.069333
0 0.239 0.089667 0.084667 0.100667
2 0.879333 0.055667 0.125333 0.11
3 0.963667 0.042 0.071333 0.082667
2 0.946333 0.896 0.106 0.149333
2 0.773 0.944 0.154 0.112
2 0.42633299999999996 0.937667 0.171333 0.124667
2 0.04833299999999996 0.756333 0.096667 0.131333
2 0.04533299999999996 0.147667 0.090667 0.116667
