2 0.098 0.962667 0.046667 0.045333
2 0.093333 0.902 0.118667 0.090667
2 0.063667 0.8336669999999999 0.123333 0.120667
2 0.176 0.945333 0.046667 0.048
2 0.180333 0.8376669999999999 0.119333 0.168667
2 0.258667 0.896333 0.086667 0.096667
2 0.321667 0.9359999999999999 0.094 0.126667
2 0.387333 0.876667 0.129333 0.109333
2 0.397333 0.7703329999999999 0.142667 0.126
2 0.468333 0.843333 0.058 0.073333
2 0.232667 0.765 0.144 0.140667
2 0.186 0.6743330000000001 0.08 0.082
2 0.132667 0.626333 0.084 0.096667
2 0.076667 0.6863330000000001 0.152 0.143333
2 0.079 0.545667 0.151333 0.127333
2 0.037333 0.40733299999999995 0.073333 0.078667
2 0.067333 0.340333 0.076 0.088667
2 0.129333 0.430667 0.098667 0.118667
2 0.157667 0.33066700000000004 0.11 0.086667
2 0.212667 0.39 0.102667 0.148
2 0.285667 0.47366699999999995 0.124667 0.102
2 0.234333 0.572333 0.15 0.120667
2 0.286 0.645667 0.117333 0.104667
2 0.334333 0.531 0.080667 0.087333
2 0.323 0.370333 0.15 0.118
2 0.429333 0.48866699999999996 0.128 0.153333
2 0.396667 0.6779999999999999 0.070667 0.068
2 0.462667 0.6663330000000001 0.096 0.107333
2 0.490333 0.571333 0.059333 0.069333
2 0.528667 0.745 0.12 0.114
2 0.528667 0.929333 0.082667 0.093333
2 0.591333 0.896667 0.078667 0.092
2 0.5 0.31499999999999995 0.065333 0.052667
2 0.532 0.28400000000000003 0.070667 0.066667
2 0.506667 0.43433299999999997 0.052 0.047333
2 0.554667 0.364 0.101333 0.1
2 0.566333 0.492333 0.103333 0.099333
2 0.582667 0.628333 0.177333 0.176667
2 0.635 0.549667 0.114 0.131333
2 0.697333 0.626333 0.049333 0.051333
2 0.661333 0.781 0.086667 0.076667
2 0.649 0.695667 0.088667 0.09
2 0.745 0.675333 0.076667 0.061333
2 0.723 0.752667 0.059333 0.061333
2 0.636667 0.8546670000000001 0.093333 0.081333
2 0.703667 0.946 0.114 0.094667
2 0.718667 0.863 0.076 0.095333
2 0.785667 0.825333 0.074 0.068
2 0.809667 0.743333 0.144667 0.142667
2 0.829 0.626333 0.083333 0.074
2 0.761333 0.5529999999999999 0.164 0.163333
2 0.628667 0.422667 0.110667 0.118667
2 0.74 0.252 0.084 0.069333
2 0.770333 0.33666700000000005 0.163333 0.165333
2 0.855 0.265 0.058 0.054
2 0.882 0.356 0.08 0.118667
2 0.962 0.30733299999999997 0.074667 0.054667
3 0.950667 0.515667 0.085333 0.07
2 0.879667 0.5609999999999999 0.071333 0.074
2 0.897 0.678667 0.102 0.1
2 0.923333 0.755667 0.064 0.063333
2 0.856333 0.877333 0.091333 0.109333
2 0.884667 0.962333 0.092 0.072667
2 0.919 0.833 0.108667 0.135333
2 0.654 0.23866699999999996 0.086667 0.096
2 0.898667 0.20233299999999999 0.108 0.107333
2 0.843667 0.15233300000000005 0.048667 0.052667
2 0.798333 0.10166699999999995 0.112667 0.119333
2 0.725667 0.163667 0.066 0.075333
2 0.642 0.13766699999999998 0.073333 0.096667
2 0.532667 0.10799999999999998 0.102667 0.093333
2 0.492333 0.19466700000000003 0.115333 0.118667
2 0.437 0.10333300000000001 0.059333 0.065333
2 0.405667 0.25733300000000003 0.092667 0.150667
2 0.311667 0.25933300000000004 0.104667 0.113333
3 0.439333 0.031333000000000055 0.052 0.050667
2 0.335667 0.06866700000000003 0.128667 0.124
2 0.301667 0.16033299999999995 0.092667 0.091333
2 0.216667 0.049000000000000044 0.105333 0.088667
2 0.196 0.14033300000000004 0.112 0.104667
2 0.213667 0.23633300000000002 0.103333 0.112667
2 0.121333 0.22066699999999995 0.121333 0.124
2 0.105 0.11233300000000002 0.094 0.107333
2 0.044 0.22966699999999995 0.077333 0.103333
0 0.043667 0.033332999999999946 0.086 0.065333
0 0.735333 0.44466700000000003 0.121333 0.106667
0 0.750667 0.06399999999999995 0.098667 0.113333
0 0.356667 0.616333 0.065333 0.087333
0 0.414 0.579333 0.072 0.074667
0 0.314333 0.821333 0.078 0.086667
0 0.805333 0.960667 0.065333 0.077333
0 0.906333 0.245 0.072667 0.060667
0 0.59 0.26833300000000004 0.06 0.054
0 0.599667 0.20766700000000005 0.054 0.064667
2 0.963667 0.903 0.072667 0.112667
2 0.939667 0.41033299999999995 0.120667 0.168667
2 0.651667 0.04833299999999996 0.098 0.094
2 0.040667 0.09666699999999995 0.08 0.142667
