2 0.769 0.939333 0.142 0.113333
2 0.739333 0.849333 0.085333 0.082667
2 0.579 0.890667 0.115333 0.109333
3 0.619333 0.8296669999999999 0.141333 0.119333
2 0.805667 0.762667 0.068667 0.106667
2 0.896667 0.777667 0.121333 0.122
3 0.904333 0.6803330000000001 0.100667 0.098
2 0.7216670000000001 0.753333 0.115333 0.145333
2 0.61 0.7146669999999999 0.145333 0.124
2 0.706333 0.627 0.178 0.118
3 0.892667 0.5916669999999999 0.096 0.084667
2 0.802 0.5533330000000001 0.105333 0.137333
3 0.5493330000000001 0.6066670000000001 0.085333 0.096
2 0.43799999999999994 0.9646669999999999 0.109333 0.069333
3 0.44299999999999995 0.874667 0.139333 0.117333
2 0.33166700000000005 0.943667 0.094 0.091333
3 0.32766700000000004 0.849333 0.084667 0.102667
2 0.42300000000000004 0.699333 0.168667 0.149333
3 0.33066700000000004 0.757667 0.070667 0.075333
2 0.309667 0.675333 0.094 0.094667
2 0.45899999999999996 0.56 0.147333 0.161333
3 0.34466699999999995 0.5613330000000001 0.096 0.102667
2 0.36366699999999996 0.47066699999999995 0.072667 0.057333
2 0.443333 0.464333 0.033333 0.048667
2 0.5023329999999999 0.48766699999999996 0.112667 0.115333
2 0.587333 0.532333 0.093333 0.107333
2 0.695667 0.516667 0.122 0.125333
2 0.9103330000000001 0.48 0.164667 0.16
2 0.776667 0.43233299999999997 0.128 0.134
2 0.636 0.42933299999999996 0.141333 0.137333
3 0.542667 0.41133299999999995 0.066667 0.085333
2 0.453333 0.38533300000000004 0.108 0.118667
2 0.327333 0.37933300000000003 0.173333 0.169333
2 0.7723329999999999 0.350333 0.044667 0.052667
2 0.844333 0.360333 0.106 0.11
2 0.730333 0.31766700000000003 0.084667 0.114
2 0.622 0.29833299999999996 0.129333 0.132667
2 0.509 0.296667 0.115333 0.141333
2 0.405 0.26333300000000004 0.11 0.126667
2 0.282667 0.233333 0.133333 0.12
2 0.37733300000000003 0.14900000000000002 0.164 0.160667
2 0.5143329999999999 0.17400000000000004 0.114 0.105333
2 0.624667 0.17733299999999996 0.110667 0.128
2 0.595 0.089333 0.067333 0.072
2 0.821 0.24566699999999997 0.09 0.139333
2 0.724667 0.18733299999999997 0.122667 0.165333
2 0.794333 0.13433300000000004 0.071333 0.079333
2 0.890667 0.14333300000000004 0.113333 0.168
2 0.954667 0.053332999999999964 0.089333 0.105333
2 0.22066699999999995 0.11566699999999996 0.177333 0.154
2 0.06466700000000003 0.09666699999999995 0.129333 0.152
2 0.12566699999999997 0.208333 0.114 0.102
2 0.239 0.507333 0.162 0.156
2 0.149667 0.40833299999999995 0.144667 0.132667
2 0.10233300000000001 0.308667 0.188667 0.188
2 0.05666700000000002 0.499667 0.113333 0.102
3 0.04800000000000004 0.44999999999999996 0.052 0.042667
2 0.13866699999999998 0.6046670000000001 0.084 0.096
2 0.21699999999999997 0.649667 0.11 0.126
3 0.232333 0.751333 0.11 0.078667
3 0.24766699999999997 0.901 0.072667 0.084667
3 0.153667 0.896333 0.119333 0.108667
3 0.06766700000000003 0.879667 0.056667 0.059333
3 0.13766699999999998 0.786667 0.116667 0.121333
2 0.05933299999999997 0.6803330000000001 0.118667 0.124667
2 0.048667000000000016 0.784 0.097333 0.090667
0 0.832 0.863667 0.110667 0.107333
0 0.15333300000000005 0.671 0.074667 0.064667
0 0.15633300000000006 0.966333 0.182 0.066
0 0.033667 0.16533299999999995 0.067333 0.085333
0 0.827 0.6950000000000001 0.096667 0.092667
0 0.07433299999999998 0.598 0.095333 0.081333
2 0.948333 0.389 0.102 0.139333
3 0.847667 0.05066700000000002 0.143333 0.101333
2 0.46099999999999997 0.06666700000000003 0.21 0.133333
2 0.267667 0.03833299999999995 0.148667 0.076667
3 0.941333 0.956333 0.116 0.086
