3 0.948333 0.096333 0.096667 0.083333
2 0.927 0.188 0.144667 0.108
2 0.895333 0.282 0.134667 0.124
2 0.948667 0.373667 0.1 0.092667
2 0.925 0.474 0.128667 0.117333
2 0.909667 0.57 0.091333 0.089333
2 0.896 0.664333 0.154667 0.122
2 0.831 0.520667 0.100667 0.113333
2 0.847333 0.393 0.096 0.107333
3 0.6583330000000001 0.144667 0.068667 0.081333
3 0.760667 0.387 0.108 0.13
3 0.743333 0.485 0.078667 0.068667
3 0.746333 0.576667 0.11 0.112
3 0.719333 0.656667 0.050667 0.048
3 0.6226670000000001 0.603667 0.141333 0.164667
3 0.567 0.493667 0.114 0.098
2 0.669333 0.437667 0.094667 0.098
2 0.6886669999999999 0.323333 0.130667 0.152
2 0.599667 0.282333 0.051333 0.051333
3 0.578333 0.38 0.126 0.142667
3 0.617 0.217667 0.063333 0.062
2 0.5816669999999999 0.128667 0.103333 0.108
2 0.5353330000000001 0.216 0.078667 0.094667
3 0.507333 0.283333 0.098667 0.090667
3 0.487 0.360667 0.076667 0.072
3 0.47666699999999995 0.452333 0.098667 0.115333
2 0.515 0.592 0.116667 0.12
2 0.510667 0.74 0.061333 0.076
3 0.456333 0.139667 0.154 0.192667
3 0.41033299999999995 0.343667 0.09 0.104667
2 0.380667 0.439 0.092 0.099333
2 0.336333 0.246 0.100667 0.117333
2 0.325333 0.335667 0.064 0.064667
2 0.37066699999999997 0.559667 0.126667 0.142
2 0.26233300000000004 0.553 0.112667 0.140667
2 0.284667 0.426333 0.106667 0.116667
3 0.25133300000000003 0.296 0.078667 0.073333
2 0.17933299999999996 0.518667 0.069333 0.077333
3 0.22366699999999995 0.695333 0.143333 0.14
3 0.11666699999999997 0.707667 0.085333 0.092667
2 0.14100000000000001 0.605333 0.122 0.124
2 0.11599999999999999 0.508667 0.053333 0.044
2 0.13266699999999998 0.403333 0.118667 0.132
3 0.17366700000000002 0.236333 0.144667 0.13
2 0.18766700000000003 0.113667 0.154 0.128667
2 0.06166700000000003 0.348 0.095333 0.066667
3 0.07799999999999996 0.270333 0.096 0.079333
2 0.06899999999999995 0.127667 0.134 0.119333
2 0.11966699999999997 0.869667 0.051333 0.058
2 0.24766699999999997 0.806 0.082 0.070667
3 0.34099999999999997 0.733667 0.163333 0.15
3 0.405667 0.804333 0.128667 0.128667
3 0.37633300000000003 0.897333 0.118 0.086667
2 0.47266699999999995 0.920333 0.076 0.078
3 0.36066699999999996 0.966667 0.102667 0.066667
2 0.492333 0.837333 0.095333 0.116
2 0.566667 0.919333 0.114667 0.089333
2 0.599 0.793667 0.123333 0.17
3 0.711667 0.741667 0.135333 0.131333
2 0.6970000000000001 0.87 0.135333 0.152
2 0.812 0.802667 0.124 0.146667
2 0.901 0.828333 0.054 0.086
2 0.874333 0.927333 0.124667 0.12
2 0.9390000000000001 0.901667 0.042 0.051333
3 0.967667 0.939333 0.062 0.085333
0 0.804333 0.232333 0.054 0.078
0 0.764333 0.278 0.042 0.052
0 0.797333 0.309667 0.053333 0.042
0 0.812667 0.463333 0.065333 0.049333
0 0.43333299999999997 0.232 0.081333 0.070667
0 0.04833299999999996 0.670667 0.072667 0.070667
0 0.10866699999999996 0.771333 0.082667 0.052
0 0.24066699999999996 0.94 0.1 0.090667
0 0.441333 0.662667 0.081333 0.085333
0 0.436667 0.584 0.053333 0.053333
0 0.41233299999999995 0.503333 0.048667 0.045333
0 0.574667 0.691333 0.054667 0.045333
0 0.812 0.466333 0.064 0.054
0 0.789 0.880667 0.051333 0.056
0 0.06433299999999997 0.962667 0.094 0.074667
3 0.608 0.04 0.154667 0.078667
2 0.22366699999999995 0.038 0.100667 0.074667
3 0.04533299999999996 0.047333 0.090667 0.089333
3 0.041000000000000036 0.444333 0.082 0.098
3 0.04400000000000004 0.868 0.088 0.098667
3 0.965667 0.838333 0.067333 0.11
