2 0.939333 0.231 0.113333 0.142
2 0.849333 0.260667 0.082667 0.085333
2 0.890667 0.421 0.109333 0.115333
3 0.8296669999999999 0.380667 0.119333 0.141333
2 0.762667 0.194333 0.106667 0.068667
2 0.777667 0.103333 0.122 0.121333
3 0.6803330000000001 0.095667 0.098 0.100667
2 0.753333 0.278333 0.145333 0.115333
2 0.7146669999999999 0.39 0.124 0.145333
2 0.627 0.293667 0.118 0.178
3 0.5916669999999999 0.107333 0.084667 0.096
2 0.5533330000000001 0.198 0.137333 0.105333
3 0.6066670000000001 0.450667 0.096 0.085333
2 0.9646669999999999 0.562 0.069333 0.109333
3 0.874667 0.557 0.117333 0.139333
2 0.943667 0.668333 0.091333 0.094
3 0.849333 0.672333 0.102667 0.084667
2 0.699333 0.577 0.149333 0.168667
3 0.757667 0.669333 0.075333 0.070667
2 0.675333 0.690333 0.094667 0.094
2 0.56 0.541 0.161333 0.147333
3 0.5613330000000001 0.655333 0.102667 0.096
2 0.47066699999999995 0.636333 0.057333 0.072667
2 0.464333 0.556667 0.048667 0.033333
2 0.48766699999999996 0.497667 0.115333 0.112667
2 0.532333 0.412667 0.107333 0.093333
2 0.516667 0.304333 0.125333 0.122
2 0.48 0.089667 0.16 0.164667
2 0.43233299999999997 0.223333 0.134 0.128
2 0.42933299999999996 0.364 0.137333 0.141333
3 0.41133299999999995 0.457333 0.085333 0.066667
2 0.38533300000000004 0.546667 0.118667 0.108
2 0.37933300000000003 0.672667 0.169333 0.173333
2 0.350333 0.227667 0.052667 0.044667
2 0.360333 0.155667 0.11 0.106
2 0.31766700000000003 0.269667 0.114 0.084667
2 0.29833299999999996 0.378 0.132667 0.129333
2 0.296667 0.491 0.141333 0.115333
2 0.26333300000000004 0.595 0.126667 0.11
2 0.233333 0.717333 0.12 0.133333
2 0.14900000000000002 0.622667 0.160667 0.164
2 0.17400000000000004 0.485667 0.105333 0.114
2 0.17733299999999996 0.375333 0.128 0.110667
2 0.089333 0.405 0.072 0.067333
2 0.24566699999999997 0.179 0.139333 0.09
2 0.18733299999999997 0.275333 0.165333 0.122667
2 0.13433300000000004 0.205667 0.079333 0.071333
2 0.14333300000000004 0.109333 0.168 0.113333
2 0.053332999999999964 0.045333 0.105333 0.089333
2 0.11566699999999996 0.779333 0.154 0.177333
2 0.09666699999999995 0.935333 0.152 0.129333
2 0.208333 0.874333 0.102 0.114
2 0.507333 0.761 0.156 0.162
2 0.40833299999999995 0.850333 0.132667 0.144667
2 0.308667 0.897667 0.188 0.188667
2 0.499667 0.943333 0.102 0.113333
3 0.44999999999999996 0.952 0.042667 0.052
2 0.6046670000000001 0.861333 0.096 0.084
2 0.649667 0.783 0.126 0.11
3 0.751333 0.767667 0.078667 0.11
3 0.901 0.752333 0.084667 0.072667
3 0.896333 0.846333 0.108667 0.119333
3 0.879667 0.932333 0.059333 0.056667
3 0.786667 0.862333 0.121333 0.116667
2 0.6803330000000001 0.940667 0.124667 0.118667
2 0.784 0.951333 0.090667 0.097333
0 0.863667 0.168 0.107333 0.110667
0 0.671 0.846667 0.064667 0.074667
0 0.966333 0.843667 0.066 0.182
0 0.16533299999999995 0.966333 0.085333 0.067333
0 0.6950000000000001 0.173 0.092667 0.096667
0 0.598 0.925667 0.081333 0.095333
2 0.389 0.051667 0.139333 0.102
3 0.05066700000000002 0.152333 0.101333 0.143333
2 0.06666700000000003 0.539 0.133333 0.21
2 0.03833299999999995 0.732333 0.076667 0.148667
3 0.956333 0.058667 0.086 0.116
