2 0.250667 0.102667 0.102667 0.085333
1 0.312333 0.184667 0.055333 0.046667
2 0.226333 0.173333 0.063333 0.054667
2 0.171667 0.202333 0.100667 0.088667
2 0.309 0.068333 0.022 0.024667
1 0.255667 0.240667 0.09 0.084
2 0.226667 0.368333 0.068 0.059333
2 0.315333 0.338667 0.125333 0.116
1 0.267 0.450333 0.03 0.03
2 0.431667 0.482333 0.058 0.046
2 0.628667 0.076333 0.116 0.116667
2 0.438667 0.154333 0.116 0.15
2 0.4 0.126 0.048 0.028
2 0.505333 0.114667 0.129333 0.148
2 0.353333 0.249 0.074667 0.076667
2 0.555 0.261667 0.084667 0.086
2 0.658 0.190333 0.166667 0.179333
2 0.563 0.334667 0.067333 0.058667
2 0.676 0.298667 0.162667 0.149333
2 0.606 0.437333 0.062667 0.074667
2 0.689333 0.425667 0.142667 0.139333
2 0.486 0.428 0.098667 0.105333
2 0.717333 0.494 0.065333 0.050667
2 0.317333 0.59 0.092 0.070667
2 0.286667 0.537333 0.046667 0.030667
2 0.330667 0.655333 0.053333 0.06
2 0.947333 0.928 0.093333 0.122667
2 0.771333 0.546333 0.108 0.099333
2 0.798333 0.33 0.103333 0.108
2 0.789667 0.216333 0.124667 0.118
2 0.915667 0.256 0.128667 0.142667
2 0.749667 0.094 0.126 0.113333
0 0.489333 0.604333 0.098667 0.072667
0 0.745 0.663667 0.19 0.175333
0 0.565333 0.659667 0.097333 0.111333
0 0.449 0.69 0.131333 0.098667
0 0.317667 0.743333 0.095333 0.101333
0 0.395333 0.939667 0.098667 0.083333
0 0.389333 0.856667 0.058667 0.050667
0 0.698667 0.838667 0.24 0.322667
0 0.497667 0.827 0.139333 0.194
0 0.345667 0.428 0.071333 0.056
0 0.356 0.513333 0.076 0.077333
2 0.122333 0.050667 0.163333 0.1
2 0.830667 0.074 0.194667 0.146667
2 0.955667 0.132667 0.088667 0.177333
2 0.938667 0.702333 0.122667 0.138
