2 0.129667 0.811667 0.166 0.160667
2 0.029 0.6553329999999999 0.056667 0.08
2 0.086333 0.667667 0.112667 0.124667
2 0.168 0.6950000000000001 0.094667 0.098
3 0.223 0.741 0.079333 0.068667
2 0.249 0.8396669999999999 0.139333 0.138
2 0.286667 0.944667 0.186667 0.109333
2 0.372667 0.862333 0.117333 0.108667
2 0.347667 0.762333 0.098 0.107333
2 0.441 0.743333 0.099333 0.132
2 0.293667 0.536 0.107333 0.126667
2 0.090333 0.503 0.144667 0.142
2 0.148333 0.411667 0.17 0.151333
2 0.209667 0.32266700000000004 0.094 0.094667
2 0.095333 0.29600000000000004 0.122667 0.112
2 0.297 0.32499999999999996 0.062 0.058
2 0.393333 0.5696669999999999 0.088 0.094
2 0.398333 0.45866700000000005 0.122 0.138667
2 0.533333 0.802 0.101333 0.102667
2 0.554 0.689667 0.12 0.114
2 0.561333 0.5900000000000001 0.109333 0.105333
3 0.485 0.554667 0.108667 0.116
2 0.497667 0.44899999999999995 0.108667 0.132667
2 0.484667 0.33899999999999997 0.154667 0.108667
2 0.612333 0.396 0.156667 0.144
2 0.685333 0.42933299999999996 0.089333 0.081333
2 0.706333 0.351 0.143333 0.200667
2 0.682 0.5243329999999999 0.182667 0.15
2 0.623333 0.946 0.124 0.105333
2 0.65 0.848 0.188 0.134667
2 0.671667 0.742333 0.167333 0.124667
2 0.678333 0.644 0.144667 0.102667
2 0.760333 0.765333 0.07 0.090667
2 0.748333 0.89 0.100667 0.125333
2 0.803 0.566333 0.099333 0.139333
2 0.857333 0.758667 0.084 0.061333
2 0.730333 0.213333 0.115333 0.117333
3 0.746 0.12933300000000003 0.109333 0.08
2 0.845667 0.32899999999999996 0.183333 0.207333
2 0.768333 0.05566700000000002 0.060667 0.078
2 0.638 0.08466700000000005 0.110667 0.097333
2 0.633333 0.17533299999999996 0.141333 0.122667
2 0.616333 0.27333300000000005 0.132667 0.118667
2 0.475 0.252667 0.098 0.114667
2 0.536667 0.21899999999999997 0.054667 0.056667
2 0.513667 0.14533300000000005 0.124667 0.102667
3 0.422 0.149667 0.061333 0.071333
2 0.359333 0.238 0.16 0.162667
2 0.358333 0.126 0.088667 0.108
2 0.254 0.23266699999999996 0.086667 0.086667
2 0.265333 0.12766699999999997 0.102667 0.134
2 0.335667 0.03933299999999995 0.094 0.078667
2 0.163333 0.09166700000000005 0.116 0.131333
2 0.160333 0.215333 0.108667 0.124
2 0.057333 0.19666700000000004 0.113333 0.122667
2 0.084667 0.09566699999999995 0.102667 0.116667
2 0.919 0.44399999999999995 0.162 0.137333
2 0.956333 0.33699999999999997 0.087333 0.112667
2 0.904 0.554 0.109333 0.104
3 0.862 0.6619999999999999 0.137333 0.124
2 0.87 0.871333 0.16 0.185333
0 0.412 0.651667 0.093333 0.100667
0 0.314 0.389 0.094667 0.100667
0 0.226333 0.507333 0.108667 0.098667
0 0.198 0.608333 0.145333 0.143333
0 0.310333 0.701333 0.115333 0.082667
0 0.825333 0.45166700000000004 0.090667 0.068667
3 0.414 0.952333 0.113333 0.094
3 0.520333 0.931667 0.124667 0.135333
2 0.954 0.934333 0.092 0.13
2 0.944333 0.779667 0.111333 0.162
2 0.939 0.21466700000000005 0.122 0.165333
2 0.899 0.04833299999999996 0.187333 0.096667
2 0.475 0.06233299999999997 0.147333 0.124667
