2 0.9339999999999999 0.188333 0.066667 0.054
2 0.8316669999999999 0.058667 0.103333 0.116
2 0.799333 0.16 0.12 0.126667
2 0.835333 0.251 0.106667 0.123333
2 0.813333 0.349333 0.04 0.052
2 0.919 0.364667 0.100667 0.104
3 0.872 0.41 0.076 0.065333
2 0.948667 0.475667 0.101333 0.131333
2 0.927333 0.432 0.045333 0.041333
2 0.957667 0.641 0.083333 0.080667
2 0.928667 0.723667 0.118667 0.114
2 0.8526670000000001 0.687 0.101333 0.122
2 0.801333 0.608333 0.132 0.134
2 0.831333 0.507333 0.106667 0.101333
2 0.776 0.415333 0.122667 0.113333
2 0.7046669999999999 0.244 0.109333 0.112
2 0.697667 0.366333 0.132667 0.143333
2 0.648 0.295333 0.062667 0.052
2 0.732667 0.534 0.122667 0.124
2 0.6819999999999999 0.619333 0.094667 0.092
2 0.628 0.542667 0.102667 0.12
2 0.736 0.690667 0.093333 0.108
3 0.6106670000000001 0.238 0.090667 0.065333
2 0.6006670000000001 0.083 0.126667 0.151333
2 0.5473330000000001 0.178667 0.102667 0.144
2 0.5820000000000001 0.361667 0.129333 0.164667
2 0.5700000000000001 0.673333 0.142667 0.149333
2 0.515333 0.298667 0.090667 0.121333
3 0.497 0.388667 0.043333 0.054667
2 0.482333 0.111667 0.111333 0.116667
2 0.525333 0.595667 0.112 0.13
2 0.47466699999999995 0.532333 0.150667 0.136667
2 0.405667 0.475333 0.158 0.132
2 0.44699999999999995 0.237333 0.131333 0.137333
2 0.39033300000000004 0.174667 0.100667 0.124
2 0.326333 0.092667 0.146 0.158667
2 0.328333 0.397 0.146 0.100667
2 0.45899999999999996 0.687333 0.072667 0.064
2 0.41133299999999995 0.629 0.104 0.09
2 0.351333 0.565667 0.084 0.092667
2 0.349333 0.703667 0.093333 0.086
2 0.279667 0.630667 0.116667 0.102667
2 0.278667 0.518333 0.142667 0.124667
2 0.225333 0.426333 0.130667 0.104667
2 0.286667 0.315 0.110667 0.096667
2 0.213333 0.079333 0.108 0.094667
2 0.15500000000000003 0.148 0.112667 0.101333
2 0.21566700000000005 0.233667 0.140667 0.131333
2 0.09566699999999995 0.078333 0.080667 0.076667
3 0.217333 0.561667 0.066667 0.071333
2 0.17566700000000002 0.376 0.100667 0.116
2 0.11533300000000002 0.295667 0.116 0.112667
2 0.08399999999999996 0.417667 0.1 0.099333
2 0.15700000000000003 0.492333 0.100667 0.09
2 0.16633299999999995 0.686333 0.102 0.088667
2 0.057667000000000024 0.237 0.115333 0.115333
2 0.053332999999999964 0.655 0.106667 0.180667
2 0.11266699999999996 0.765 0.108 0.087333
2 0.22699999999999998 0.729667 0.116667 0.111333
2 0.303667 0.793333 0.142 0.110667
2 0.414667 0.756667 0.072 0.069333
2 0.355 0.86 0.100667 0.102667
2 0.404667 0.909 0.106667 0.132667
2 0.11833300000000002 0.866333 0.102 0.099333
2 0.162667 0.946 0.148 0.104
2 0.213333 0.863333 0.085333 0.090667
2 0.296667 0.937333 0.106667 0.109333
3 0.456333 0.808 0.056667 0.054667
2 0.514667 0.874 0.110667 0.122667
2 0.5660000000000001 0.798333 0.121333 0.100667
2 0.561667 0.964 0.104667 0.072
2 0.6553329999999999 0.739 0.12 0.120667
3 0.786667 0.744 0.053333 0.069333
2 0.884333 0.869333 0.063333 0.069333
3 0.833333 0.814333 0.082667 0.088667
2 0.761333 0.85 0.090667 0.118667
2 0.634 0.890333 0.136 0.138
2 0.688333 0.956 0.100667 0.088
2 0.820333 0.942 0.112667 0.116
2 0.935333 0.938667 0.093333 0.085333
0 0.912667 0.134333 0.097333 0.091333
0 0.631 0.168333 0.09 0.091333
0 0.718667 0.095 0.113333 0.120667
0 0.942667 0.260667 0.113333 0.102667
0 0.42733299999999996 0.366667 0.124 0.126667
0 0.09266700000000005 0.589333 0.130667 0.156
0 0.46566700000000005 0.965333 0.067333 0.050667
0 0.882667 0.58 0.066667 0.064
2 0.907333 0.045667 0.108 0.09
2 0.683333 0.035667 0.102667 0.07
2 0.41000000000000003 0.035667 0.110667 0.07
2 0.04833299999999996 0.135 0.096667 0.106
2 0.03966700000000001 0.871 0.079333 0.139333
2 0.969333 0.801333 0.06 0.097333
