3 0.186 0.054667 0.084 0.088
3 0.342667 0.126667 0.098667 0.121333
3 0.448 0.092333 0.070667 0.071333
3 0.437333 0.157 0.08 0.09
3 0.515333 0.120333 0.056 0.064667
3 0.417667 0.227333 0.067333 0.072
3 0.494 0.206667 0.092 0.098667
3 0.461667 0.300333 0.058 0.07
3 0.665333 0.258 0.070667 0.064
3 0.531667 0.066333 0.032667 0.034
2 0.629333 0.057667 0.108 0.112667
3 0.889333 0.057 0.072 0.099333
3 0.803 0.056 0.102 0.110667
2 0.921 0.144 0.079333 0.082667
0 0.454333 0.416 0.163333 0.157333
0 0.606 0.382667 0.2 0.188
0 0.753333 0.460667 0.164 0.161333
0 0.688667 0.544333 0.16 0.123333
0 0.573667 0.618 0.308667 0.254667
0 0.726 0.756667 0.169333 0.204
0 0.613 0.814333 0.154 0.186
0 0.202667 0.283667 0.384 0.378
3 0.359 0.038667 0.084667 0.076
