2 0.865333 0.140667 0.129333 0.14
2 0.785667 0.129333 0.088667 0.084
2 0.765333 0.232667 0.146667 0.141333
2 0.635667 0.137667 0.192667 0.146
2 0.635667 0.219 0.060667 0.060667
2 0.935667 0.262333 0.124667 0.142
3 0.952667 0.39 0.092 0.101333
2 0.895667 0.628667 0.104667 0.153333
2 0.7969999999999999 0.620667 0.124667 0.182667
2 0.813333 0.494667 0.089333 0.096
2 0.876 0.389667 0.088 0.11
2 0.778 0.377 0.133333 0.15
2 0.6823330000000001 0.286333 0.126 0.11
2 0.664667 0.378333 0.133333 0.096667
2 0.699333 0.497 0.130667 0.135333
2 0.6739999999999999 0.611 0.152 0.095333
2 0.607667 0.499667 0.091333 0.144667
2 0.575333 0.286667 0.090667 0.134667
1 0.525 0.199333 0.106 0.078667
2 0.506 0.130667 0.105333 0.078667
2 0.44466700000000003 0.169 0.049333 0.078
2 0.48766699999999996 0.275333 0.096667 0.121333
2 0.543667 0.723333 0.083333 0.096
3 0.5103329999999999 0.627 0.144667 0.127333
2 0.512 0.503667 0.126667 0.124667
2 0.479333 0.388333 0.193333 0.118
2 0.399 0.294667 0.111333 0.145333
2 0.288667 0.095333 0.124 0.117333
2 0.32499999999999996 0.194667 0.163333 0.105333
2 0.29100000000000004 0.311 0.106 0.134
2 0.30733299999999997 0.486667 0.148 0.153333
2 0.30800000000000005 0.612333 0.109333 0.088667
2 0.273667 0.691 0.135333 0.106
2 0.41100000000000003 0.525 0.078 0.134
2 0.16833299999999995 0.122333 0.102 0.104667
2 0.18733299999999997 0.261 0.152 0.164667
2 0.12 0.194667 0.085333 0.082667
2 0.07899999999999996 0.094667 0.11 0.121333
2 0.08799999999999997 0.377333 0.113333 0.1
2 0.22866699999999995 0.405667 0.154667 0.116667
2 0.19266700000000003 0.592667 0.116 0.122667
2 0.17000000000000004 0.701333 0.098667 0.104
2 0.07433299999999998 0.687667 0.103333 0.086
2 0.07966700000000004 0.591 0.123333 0.108667
2 0.10499999999999998 0.489667 0.147333 0.124667
2 0.07833299999999999 0.791 0.106 0.123333
2 0.04133299999999995 0.901667 0.082667 0.092667
3 0.12333300000000003 0.899 0.073333 0.075333
2 0.206333 0.914667 0.086 0.1
2 0.19966700000000004 0.777333 0.075333 0.072
2 0.279 0.803 0.126 0.13
2 0.299667 0.906 0.108667 0.102667
2 0.380667 0.928667 0.090667 0.092
2 0.36766699999999997 0.821667 0.062 0.086
2 0.646333 0.733333 0.120667 0.114667
3 0.6639999999999999 0.827333 0.078667 0.078667
2 0.5760000000000001 0.827 0.092 0.098
2 0.456333 0.811667 0.147333 0.158
2 0.486333 0.933 0.119333 0.104667
2 0.683 0.92 0.036667 0.064
2 0.606 0.938333 0.129333 0.123333
2 0.864333 0.747 0.094 0.076667
2 0.883333 0.857333 0.157333 0.168
2 0.813333 0.943 0.158667 0.114
2 0.923333 0.966333 0.072 0.067333
0 0.768667 0.789667 0.110667 0.143333
0 0.855333 0.737333 0.074667 0.102667
0 0.4 0.674667 0.077333 0.078667
0 0.868333 0.519333 0.052667 0.066667
2 0.948 0.506 0.102667 0.141333
2 0.965667 0.646 0.067333 0.132
2 0.690333 0.033667 0.120667 0.066
2 0.494333 0.040667 0.098 0.08
2 0.04600000000000004 0.193333 0.092 0.116
2 0.13333300000000003 0.968667 0.113333 0.062667
2 0.774667 0.045333 0.118667 0.089333
2 0.5916669999999999 0.050333 0.115333 0.099333
