3 0.886667 0.162333 0.186667 0.172667
3 0.7703329999999999 0.106667 0.060667 0.048
2 0.921333 0.286 0.145333 0.121333
3 0.809667 0.274333 0.063333 0.063333
3 0.911667 0.373 0.075333 0.059333
3 0.829 0.369667 0.075333 0.079333
3 0.5640000000000001 0.221333 0.078667 0.082667
2 0.48066699999999996 0.233 0.093333 0.120667
3 0.44099999999999995 0.098667 0.056667 0.064
2 0.36566699999999996 0.16 0.172667 0.145333
2 0.364333 0.263 0.13 0.100667
2 0.40833299999999995 0.343 0.119333 0.096667
2 0.5880000000000001 0.316667 0.173333 0.168
2 0.721333 0.357 0.096 0.088667
3 0.853 0.441 0.082 0.064667
2 0.654333 0.441667 0.116667 0.107333
2 0.534667 0.453 0.138667 0.168667
2 0.41833299999999995 0.450333 0.103333 0.111333
2 0.304667 0.383333 0.114667 0.126667
3 0.458333 0.548667 0.087333 0.068
3 0.897 0.540333 0.082 0.09
2 0.784667 0.543333 0.145333 0.142667
2 0.6393329999999999 0.564 0.132 0.122667
2 0.323333 0.489667 0.132 0.092667
2 0.373 0.564 0.084667 0.066667
2 0.407667 0.728333 0.103333 0.087333
2 0.28700000000000003 0.695333 0.135333 0.1
2 0.301667 0.777667 0.146 0.098
2 0.31499999999999995 0.855667 0.140667 0.082
2 0.5 0.757333 0.053333 0.053333
2 0.5780000000000001 0.755333 0.106667 0.146667
2 0.697667 0.764 0.126 0.156
2 0.926 0.642 0.097333 0.08
2 0.802667 0.668333 0.144 0.111333
3 0.46666700000000005 0.626 0.098667 0.077333
2 0.37166699999999997 0.64 0.114 0.090667
3 0.41600000000000004 0.802333 0.06 0.056667
2 0.8180000000000001 0.772 0.145333 0.104
2 0.941333 0.742333 0.112 0.102
3 0.951 0.909667 0.066 0.047333
2 0.843 0.897 0.120667 0.159333
2 0.708333 0.906 0.144667 0.145333
2 0.5143329999999999 0.882 0.114 0.116
2 0.346 0.94 0.129333 0.110667
2 0.225333 0.914333 0.105333 0.132667
2 0.128 0.890333 0.112 0.115333
2 0.037667000000000006 0.946 0.075333 0.08
2 0.25333300000000003 0.588 0.148 0.138667
2 0.132 0.622333 0.154667 0.134
2 0.23066699999999996 0.494 0.078667 0.085333
2 0.13466699999999998 0.514 0.125333 0.113333
2 0.265 0.203667 0.07 0.083333
2 0.11266699999999996 0.128667 0.122667 0.082667
2 0.04700000000000004 0.190667 0.076667 0.101333
2 0.163667 0.221667 0.162 0.108667
2 0.06566700000000003 0.297 0.119333 0.138
1 0.208333 0.317667 0.15 0.098
2 0.19999999999999996 0.403667 0.126667 0.095333
2 0.096333 0.405 0.114 0.118
0 0.732667 0.254667 0.108 0.086667
0 0.781 0.455 0.071333 0.063333
0 0.845667 0.305667 0.051333 0.062
0 0.6373329999999999 0.176667 0.068 0.086667
0 0.656 0.131667 0.085333 0.067333
0 0.737333 0.049667 0.084 0.098
0 0.662667 0.046 0.076 0.090667
0 0.968667 0.353667 0.053333 0.05
0 0.17600000000000005 0.815667 0.052 0.055333
0 0.13 0.734333 0.117333 0.124667
0 0.28733299999999995 0.077667 0.094667 0.111333
0 0.29800000000000004 0.317667 0.053333 0.051333
0 0.5573330000000001 0.913333 0.033333 0.048
0 0.518667 0.811333 0.068 0.049333
