2 0.940667 0.086333 0.116 0.148667
3 0.800333 0.124667 0.142 0.144
2 0.911333 0.269 0.138667 0.135333
2 0.785667 0.268667 0.098 0.101333
2 0.720667 0.225 0.106667 0.119333
2 0.688 0.294667 0.054667 0.052
2 0.667 0.168667 0.138 0.153333
2 0.561667 0.201333 0.092667 0.108
2 0.605667 0.303 0.107333 0.122
2 0.675 0.374 0.112667 0.105333
2 0.761667 0.350333 0.111333 0.096667
3 0.863 0.360333 0.091333 0.082
2 0.808667 0.413333 0.08 0.077333
3 0.935 0.415 0.127333 0.112667
2 0.851 0.205 0.080667 0.063333
3 0.254667 0.083667 0.08 0.098
2 0.31599999999999995 0.163333 0.114667 0.133333
2 0.393667 0.235 0.116667 0.152667
3 0.26833300000000004 0.275667 0.092667 0.095333
2 0.33499999999999996 0.335667 0.127333 0.139333
2 0.470333 0.277 0.102 0.092667
2 0.500333 0.354667 0.126 0.126667
2 0.417667 0.404 0.118 0.16
2 0.28900000000000003 0.442667 0.131333 0.116
2 0.284667 0.535 0.109333 0.09
3 0.49566699999999997 0.488333 0.148667 0.127333
3 0.43799999999999994 0.572333 0.038667 0.044667
2 0.565333 0.426333 0.148 0.115333
2 0.640333 0.488333 0.158 0.114
2 0.771333 0.491 0.090667 0.083333
2 0.886 0.491333 0.118667 0.116
3 0.8280000000000001 0.569 0.109333 0.108667
2 0.768667 0.62 0.08 0.096
2 0.708333 0.558667 0.102 0.093333
2 0.588667 0.579667 0.116 0.114
3 0.465333 0.632333 0.049333 0.052667
2 0.344 0.604333 0.193333 0.180667
2 0.271667 0.7 0.114 0.121333
2 0.391 0.749 0.136667 0.152667
3 0.48466699999999996 0.700333 0.048 0.043333
3 0.532333 0.665667 0.063333 0.064667
2 0.6643330000000001 0.656667 0.152667 0.137333
2 0.925667 0.687667 0.134 0.119333
3 0.755 0.753667 0.048667 0.05
3 0.7146669999999999 0.836667 0.069333 0.08
3 0.822667 0.801667 0.108 0.138
3 0.886 0.88 0.112 0.117333
3 0.931 0.803 0.05 0.044667
2 0.657 0.922 0.128667 0.156
2 0.591333 0.843 0.065333 0.071333
2 0.542 0.782 0.110667 0.156
3 0.493333 0.884333 0.088 0.095333
3 0.534667 0.958333 0.038667 0.039333
2 0.44199999999999995 0.821667 0.105333 0.126
2 0.374667 0.892333 0.093333 0.120667
2 0.29900000000000004 0.821667 0.084667 0.100667
2 0.22466699999999995 0.894 0.088 0.113333
2 0.152667 0.856 0.097333 0.094667
2 0.15500000000000003 0.952667 0.108667 0.094667
2 0.09266700000000005 0.896333 0.077333 0.078
2 0.12566699999999997 0.793667 0.114 0.118
2 0.164667 0.696667 0.112 0.124
2 0.13866699999999998 0.600667 0.086667 0.074667
2 0.06733299999999998 0.535333 0.106667 0.137333
3 0.118 0.449667 0.06 0.048667
2 0.17566700000000002 0.507333 0.118 0.106667
2 0.18866700000000003 0.370333 0.145333 0.155333
2 0.07199999999999995 0.283 0.101333 0.09
2 0.06266700000000003 0.353 0.125333 0.099333
3 0.17733299999999996 0.034333 0.076 0.067333
2 0.19433299999999998 0.207333 0.17 0.174667
3 0.11199999999999999 0.116 0.182667 0.197333
0 0.48766699999999996 0.571333 0.120667 0.097333
0 0.548 0.923 0.090667 0.115333
0 0.724 0.921667 0.118667 0.099333
0 0.669 0.746333 0.074 0.058
0 0.956333 0.902 0.084667 0.092
0 0.826667 0.945 0.129333 0.11
0 0.21399999999999997 0.599667 0.082667 0.100667
2 0.683 0.052667 0.115333 0.104
3 0.45166700000000004 0.055667 0.126 0.11
2 0.28533299999999995 0.952333 0.133333 0.095333
2 0.04266700000000001 0.954667 0.085333 0.088
2 0.04033299999999995 0.834667 0.080667 0.172
3 0.044332999999999956 0.069 0.087333 0.136667
