2 0.65 0.873 0.148 0.134
1 0.521 0.901667 0.051333 0.05
2 0.42500000000000004 0.897333 0.128667 0.182667
2 0.30400000000000005 0.881333 0.124 0.137333
2 0.909 0.728 0.100667 0.110667
2 0.813 0.730667 0.144667 0.158667
2 0.677333 0.754667 0.134667 0.105333
2 0.5349999999999999 0.805667 0.134 0.13
2 0.365333 0.756 0.133333 0.125333
2 0.511 0.695667 0.064667 0.087333
2 0.578333 0.698 0.082 0.088
2 0.814333 0.5780000000000001 0.126 0.138667
2 0.939667 0.6066670000000001 0.114 0.133333
2 0.7030000000000001 0.632333 0.155333 0.154
2 0.629 0.5776669999999999 0.112667 0.127333
2 0.513333 0.5676669999999999 0.129333 0.132667
2 0.386 0.639667 0.129333 0.143333
2 0.30133299999999996 0.608333 0.102667 0.103333
2 0.860667 0.48066699999999996 0.104 0.118667
2 0.758667 0.45399999999999996 0.126667 0.112
2 0.65 0.46766700000000005 0.125333 0.116667
2 0.783667 0.36166699999999996 0.131333 0.100667
2 0.922333 0.31766700000000003 0.154 0.182
2 0.811333 0.269 0.105333 0.111333
2 0.323333 0.509 0.118667 0.106
2 0.359333 0.40633300000000006 0.124 0.124667
2 0.479333 0.47 0.124 0.092
2 0.577 0.39033300000000004 0.103333 0.11
3 0.47 0.364333 0.130667 0.126
2 0.389 0.292667 0.080667 0.081333
2 0.691333 0.33399999999999996 0.109333 0.128
2 0.94 0.19566700000000004 0.108 0.072667
2 0.831333 0.17400000000000004 0.110667 0.082667
2 0.712 0.21866699999999994 0.116 0.1
2 0.5780000000000001 0.28633299999999995 0.137333 0.111333
2 0.489 0.255667 0.076667 0.079333
2 0.27933300000000005 0.28200000000000003 0.129333 0.122667
2 0.41433299999999995 0.19366700000000003 0.151333 0.112667
2 0.599 0.17166700000000001 0.136667 0.151333
2 0.642667 0.10499999999999998 0.061333 0.063333
2 0.7456670000000001 0.13033300000000003 0.115333 0.128667
2 0.558667 0.057667000000000024 0.089333 0.115333
2 0.46066700000000005 0.09999999999999998 0.125333 0.117333
2 0.328333 0.09566699999999995 0.116667 0.118
2 0.20566700000000004 0.06333299999999997 0.099333 0.089333
2 0.21499999999999997 0.16500000000000004 0.09 0.100667
2 0.17000000000000004 0.27433300000000005 0.082667 0.075333
2 0.119 0.10333300000000001 0.074 0.076
2 0.07899999999999996 0.18100000000000005 0.156667 0.118
2 0.249 0.405667 0.092667 0.118
2 0.152667 0.371333 0.109333 0.121333
2 0.19266700000000003 0.593333 0.121333 0.124
2 0.13466699999999998 0.479 0.106667 0.094
2 0.08166700000000005 0.5736669999999999 0.123333 0.136667
3 0.11599999999999999 0.7090000000000001 0.124 0.144667
3 0.22999999999999998 0.738333 0.136 0.139333
2 0.09966699999999995 0.833333 0.134 0.122667
0 0.939667 0.468333 0.092667 0.092667
0 0.776667 0.825333 0.134667 0.093333
2 0.732667 0.929 0.18 0.136667
2 0.937333 0.884 0.124 0.161333
2 0.780667 0.05466700000000002 0.14 0.109333
3 0.659667 0.03966700000000001 0.114 0.079333
2 0.05466700000000002 0.393 0.109333 0.144667
2 0.06366700000000003 0.279 0.127333 0.107333
2 0.168667 0.930333 0.141333 0.138
2 0.07033299999999998 0.939333 0.136667 0.12
3 0.04400000000000004 0.675333 0.088 0.124
3 0.04033299999999995 0.780667 0.080667 0.112
