2 0.259 0.165667 0.139333 0.155333
2 0.389333 0.197333 0.154667 0.144
2 0.434333 0.092 0.219333 0.18
2 0.622667 0.225 0.141333 0.136667
2 0.606333 0.351667 0.126 0.123333
2 0.498333 0.343 0.103333 0.172667
2 0.400333 0.325667 0.126 0.138
2 0.289667 0.295333 0.103333 0.129333
2 0.160667 0.399333 0.096 0.082667
2 0.191667 0.475333 0.082 0.072
2 0.111 0.455 0.084667 0.079333
2 0.305667 0.416333 0.116667 0.126
2 0.06 0.331333 0.118667 0.172
2 0.401667 0.438333 0.103333 0.106
2 0.541667 0.461667 0.104667 0.13
2 0.632667 0.472333 0.090667 0.131333
2 0.705667 0.472333 0.084667 0.112667
3 0.190333 0.549667 0.07 0.071333
2 0.34 0.506667 0.097333 0.077333
2 0.329667 0.584667 0.099333 0.094667
2 0.417 0.549667 0.098 0.135333
2 0.492667 0.553667 0.094667 0.112667
2 0.505 0.619 0.11 0.120667
3 0.587667 0.659667 0.076667 0.075333
2 0.65 0.590333 0.153333 0.126
2 0.669333 0.685333 0.090667 0.090667
2 0.639667 0.756333 0.084667 0.095333
2 0.556667 0.743333 0.101333 0.132
2 0.457667 0.733333 0.106 0.12
3 0.379333 0.703667 0.032 0.043333
3 0.052 0.636333 0.089333 0.071333
2 0.126667 0.662667 0.077333 0.08
2 0.228 0.681333 0.154667 0.157333
2 0.316 0.779 0.106667 0.123333
2 0.32 0.877333 0.108 0.090667
3 0.138333 0.836667 0.122 0.149333
3 0.150667 0.940667 0.092 0.112
2 0.457 0.883333 0.09 0.122667
2 0.56 0.899 0.130667 0.154
2 0.642667 0.926667 0.069333 0.078667
2 0.606 0.838 0.106667 0.113333
3 0.713667 0.936 0.075333 0.08
2 0.741667 0.799333 0.139333 0.148
3 0.806 0.781333 0.048 0.048
3 0.874 0.775 0.138667 0.116667
2 0.828333 0.692 0.071333 0.073333
2 0.81 0.625333 0.078667 0.085333
2 0.744333 0.592 0.079333 0.128
3 0.752667 0.693 0.078667 0.087333
3 0.793 0.873 0.082 0.067333
3 0.797 0.948 0.102 0.104
2 0.827667 0.311333 0.176667 0.204
2 0.922333 0.418667 0.046 0.058667
2 0.970667 0.410333 0.058667 0.078
2 0.931333 0.195333 0.078667 0.068
2 0.956 0.089 0.088 0.154
0 0.927667 0.510333 0.144667 0.135333
0 0.894667 0.872 0.086667 0.074667
0 0.886667 0.950667 0.074667 0.086667
0 0.947 0.959667 0.063333 0.080667
0 0.054333 0.719667 0.107333 0.11
0 0.388 0.829333 0.070667 0.110667
0 0.165333 0.280667 0.094667 0.105333
0 0.11 0.126333 0.157333 0.171333
0 0.756667 0.243667 0.141333 0.147333
0 0.239 0.587 0.088667 0.119333
0 0.096 0.508 0.125333 0.110667
0 0.554333 0.208 0.120667 0.125333
0 0.204 0.348333 0.090667 0.099333
2 0.030667 0.111 0.06 0.123333
2 0.047667 0.833333 0.094 0.137333
3 0.334 0.945333 0.126667 0.109333
2 0.224333 0.936 0.104667 0.128
3 0.968667 0.896333 0.062667 0.088667
2 0.952667 0.289 0.094667 0.159333
