2 0.048333 0.063333 0.094 0.106667
2 0.135667 0.127333 0.123333 0.129333
3 0.251 0.151667 0.106 0.139333
2 0.112667 0.229 0.133333 0.119333
2 0.078667 0.326333 0.134667 0.124667
2 0.167333 0.422 0.188 0.186667
2 0.294333 0.38 0.052667 0.054667
2 0.300333 0.293 0.112667 0.100667
3 0.352667 0.102333 0.1 0.112667
2 0.341 0.198667 0.102 0.133333
2 0.468 0.078333 0.137333 0.134
2 0.447667 0.225 0.104667 0.160667
3 0.555 0.152 0.116667 0.138667
2 0.651333 0.101667 0.116 0.155333
2 0.643667 0.240333 0.134 0.111333
2 0.511 0.3 0.116667 0.116
2 0.385 0.397333 0.103333 0.124
2 0.484 0.398 0.104 0.117333
2 0.616667 0.348 0.146667 0.128
2 0.593333 0.464667 0.148 0.132
2 0.469 0.519667 0.132667 0.116667
2 0.581 0.574333 0.128667 0.104667
2 0.363333 0.502 0.084 0.077333
2 0.102667 0.609 0.088 0.088667
2 0.231667 0.551667 0.106 0.127333
2 0.324667 0.596667 0.129333 0.141333
2 0.453333 0.611667 0.132 0.116667
2 0.399333 0.72 0.188 0.128
2 0.182 0.677333 0.181333 0.188
2 0.065333 0.755333 0.094667 0.110667
2 0.134 0.860667 0.06 0.081333
2 0.226 0.821667 0.14 0.164667
2 0.338333 0.848667 0.13 0.129333
2 0.313333 0.942667 0.065333 0.072
2 0.462333 0.834667 0.124667 0.109333
2 0.519333 0.931 0.094667 0.092667
2 0.623333 0.921 0.102667 0.106
2 0.719333 0.811 0.105333 0.108667
2 0.922 0.930333 0.084 0.111333
2 0.893 0.731333 0.122 0.072
2 0.716333 0.689 0.174 0.139333
2 0.734 0.602667 0.142667 0.104
2 0.900333 0.529667 0.139333 0.120667
2 0.962333 0.649 0.063333 0.094
2 0.868 0.635 0.164 0.152667
2 0.942333 0.421667 0.064667 0.083333
2 0.746333 0.504333 0.156667 0.108667
2 0.753667 0.386667 0.143333 0.141333
2 0.859667 0.415667 0.103333 0.152667
2 0.866 0.302333 0.117333 0.088667
2 0.757667 0.280667 0.092667 0.073333
2 0.755 0.181 0.148667 0.11
2 0.755667 0.068333 0.116667 0.134
2 0.882667 0.088333 0.149333 0.140667
2 0.399 0.948333 0.102 0.103333
2 0.732333 0.932667 0.126 0.124
2 0.832667 0.928667 0.097333 0.142667
0 0.584667 0.776667 0.181333 0.196
0 0.085667 0.539333 0.108667 0.117333
0 0.218 0.330333 0.110667 0.099333
2 0.052667 0.852333 0.104 0.116667
2 0.925 0.221 0.15 0.21
