2 0.938 0.303 0.122667 0.116667
2 0.891667 0.215333 0.182 0.166667
2 0.861333 0.125667 0.148 0.147333
2 0.760667 0.094333 0.141333 0.151333
2 0.6926669999999999 0.158 0.162667 0.162667
3 0.669333 0.247333 0.084 0.081333
2 0.758333 0.278333 0.103333 0.076667
2 0.736667 0.373 0.146667 0.116667
2 0.6293329999999999 0.325 0.121333 0.100667
3 0.7146669999999999 0.454667 0.154667 0.108
2 0.565 0.224 0.13 0.156
3 0.579333 0.432667 0.12 0.117333
2 0.655667 0.545333 0.13 0.126667
2 0.9083330000000001 0.485333 0.116667 0.105333
2 0.860667 0.592333 0.130667 0.147333
2 0.951667 0.620333 0.095333 0.171333
2 0.767 0.569 0.118 0.144667
3 0.745333 0.741 0.106667 0.087333
2 0.718 0.657 0.149333 0.152667
2 0.608333 0.633333 0.09 0.148
3 0.5243329999999999 0.108333 0.174 0.132667
2 0.433667 0.298333 0.080667 0.088667
2 0.48566699999999996 0.522 0.167333 0.133333
2 0.511333 0.632 0.114667 0.097333
2 0.49066699999999996 0.730333 0.157333 0.108667
2 0.406 0.632 0.108 0.165333
2 0.41733299999999995 0.429667 0.2 0.184667
3 0.31366700000000003 0.057667 0.096667 0.096667
2 0.34566699999999995 0.154 0.186 0.136
2 0.334333 0.274333 0.148667 0.120667
2 0.268 0.392667 0.144 0.136
2 0.28200000000000003 0.490667 0.090667 0.073333
2 0.19866700000000004 0.359 0.129333 0.135333
2 0.18066700000000002 0.474333 0.081333 0.067333
2 0.291667 0.609667 0.195333 0.199333
2 0.18866700000000003 0.582667 0.092 0.121333
2 0.09566699999999995 0.448333 0.102 0.102
2 0.11199999999999999 0.334333 0.084 0.09
2 0.08199999999999996 0.123667 0.164 0.147333
2 0.08399999999999996 0.571 0.158667 0.154
2 0.12766699999999997 0.695333 0.139333 0.126667
2 0.10899999999999999 0.801 0.179333 0.114
2 0.06999999999999995 0.921333 0.14 0.125333
2 0.24066699999999996 0.741 0.106667 0.103333
3 0.24266699999999997 0.83 0.061333 0.058667
2 0.18933299999999997 0.924333 0.086667 0.099333
2 0.267667 0.965 0.116667 0.07
2 0.33166700000000005 0.904667 0.134 0.12
2 0.35466699999999995 0.780333 0.168 0.146
2 0.512 0.874 0.141333 0.170667
3 0.442333 0.928 0.115333 0.128
2 0.6066670000000001 0.889667 0.077333 0.084667
2 0.675 0.933667 0.07 0.064667
3 0.726 0.974667 0.041333 0.037333
2 0.739 0.874 0.168667 0.165333
2 0.861333 0.79 0.164 0.182667
2 0.928 0.857333 0.065333 0.064
2 0.890667 0.937667 0.136 0.122
0 0.501333 0.345667 0.070667 0.079333
0 0.483333 0.249333 0.113333 0.132
0 0.22866699999999995 0.248333 0.116 0.106
0 0.21699999999999997 0.145 0.092667 0.106
0 0.636 0.721667 0.1 0.103333
0 0.864333 0.688667 0.084667 0.08
2 0.913 0.05 0.138 0.098667
2 0.20766700000000005 0.048667 0.138 0.096
2 0.06466700000000003 0.220667 0.129333 0.134667
