2 0.886667 0.180333 0.125333 0.138
2 0.868667 0.311667 0.154667 0.127333
2 0.8416669999999999 0.4 0.140667 0.096
2 0.779667 0.105667 0.147333 0.13
2 0.753 0.217 0.155333 0.120667
2 0.738667 0.343333 0.112 0.138667
2 0.657 0.353333 0.147333 0.150667
2 0.652333 0.465333 0.119333 0.096
2 0.5966670000000001 0.115667 0.172 0.212667
2 0.568667 0.316 0.117333 0.128
2 0.558 0.424667 0.092 0.082667
2 0.5509999999999999 0.525667 0.127333 0.120667
2 0.727333 0.494667 0.092 0.109333
2 0.6639999999999999 0.580333 0.136 0.156667
2 0.8466670000000001 0.695333 0.150667 0.145333
2 0.855667 0.558667 0.214 0.154667
2 0.7050000000000001 0.713 0.152667 0.142
2 0.546667 0.646667 0.189333 0.128
2 0.45266700000000004 0.498 0.104 0.105333
2 0.45299999999999996 0.396 0.138 0.116
2 0.45099999999999996 0.290667 0.126 0.110667
2 0.493333 0.200333 0.124 0.136667
2 0.40233300000000005 0.093 0.151333 0.122
2 0.365333 0.211333 0.136 0.149333
2 0.352 0.514667 0.134667 0.146667
2 0.42033299999999996 0.707 0.111333 0.163333
2 0.27333300000000005 0.235667 0.08 0.091333
2 0.33299999999999996 0.628333 0.104667 0.096667
2 0.31666700000000003 0.728333 0.104 0.119333
2 0.21366700000000005 0.678 0.139333 0.113333
2 0.136 0.706333 0.065333 0.079333
2 0.22999999999999998 0.564 0.118667 0.129333
2 0.23933300000000002 0.437 0.136 0.124667
2 0.147667 0.490333 0.104667 0.104667
2 0.19233299999999998 0.359333 0.094 0.104
3 0.211333 0.29 0.077333 0.089333
3 0.26533300000000004 0.356 0.033333 0.030667
2 0.224333 0.163667 0.136667 0.148667
2 0.10499999999999998 0.135 0.095333 0.102
2 0.089333 0.248667 0.170667 0.161333
2 0.07933299999999999 0.369333 0.130667 0.097333
2 0.06733299999999998 0.571333 0.133333 0.126667
3 0.05800000000000005 0.757 0.085333 0.064667
2 0.125 0.919 0.171333 0.151333
3 0.044332999999999956 0.860667 0.086 0.106667
2 0.19599999999999995 0.788 0.164 0.116
2 0.31466700000000003 0.840333 0.116 0.114
2 0.52 0.873 0.156 0.11
2 0.530667 0.759 0.168 0.112667
2 0.6623330000000001 0.831667 0.140667 0.156667
2 0.623 0.942333 0.104667 0.114
2 0.401667 0.851667 0.054 0.048667
2 0.37066699999999997 0.939 0.134667 0.122
2 0.809333 0.898 0.144 0.14
2 0.908 0.786 0.182667 0.132
0 0.891 0.052667 0.092667 0.104
0 0.7090000000000001 0.909333 0.080667 0.098667
0 0.28300000000000003 0.307333 0.064667 0.074667
0 0.748667 0.455 0.078667 0.107333
0 0.834333 0.468333 0.088667 0.072667
0 0.224333 0.851667 0.060667 0.056667
0 0.170667 0.064 0.114667 0.101333
2 0.27233300000000005 0.049667 0.120667 0.098
2 0.894 0.946333 0.16 0.107333
2 0.05566700000000002 0.673 0.111333 0.111333
2 0.05400000000000005 0.047667 0.108 0.094
