2 0.127 0.65 0.134 0.148
1 0.098333 0.521 0.05 0.051333
2 0.102667 0.42500000000000004 0.182667 0.128667
2 0.118667 0.30400000000000005 0.137333 0.124
2 0.272 0.909 0.110667 0.100667
2 0.269333 0.813 0.158667 0.144667
2 0.245333 0.677333 0.105333 0.134667
2 0.194333 0.5349999999999999 0.13 0.134
2 0.244 0.365333 0.125333 0.133333
2 0.304333 0.511 0.087333 0.064667
2 0.302 0.578333 0.088 0.082
2 0.422 0.814333 0.138667 0.126
2 0.393333 0.939667 0.133333 0.114
2 0.367667 0.7030000000000001 0.154 0.155333
2 0.422333 0.629 0.127333 0.112667
2 0.432333 0.513333 0.132667 0.129333
2 0.360333 0.386 0.143333 0.129333
2 0.391667 0.30133299999999996 0.103333 0.102667
2 0.519333 0.860667 0.118667 0.104
2 0.546 0.758667 0.112 0.126667
2 0.532333 0.65 0.116667 0.125333
2 0.638333 0.783667 0.100667 0.131333
2 0.682333 0.922333 0.182 0.154
2 0.731 0.811333 0.111333 0.105333
2 0.491 0.323333 0.106 0.118667
2 0.593667 0.359333 0.124667 0.124
2 0.53 0.479333 0.092 0.124
2 0.609667 0.577 0.11 0.103333
3 0.635667 0.47 0.126 0.130667
2 0.707333 0.389 0.081333 0.080667
2 0.666 0.691333 0.128 0.109333
2 0.804333 0.94 0.072667 0.108
2 0.826 0.831333 0.082667 0.110667
2 0.781333 0.712 0.1 0.116
2 0.713667 0.5780000000000001 0.111333 0.137333
2 0.744333 0.489 0.079333 0.076667
2 0.718 0.27933300000000005 0.122667 0.129333
2 0.806333 0.41433299999999995 0.112667 0.151333
2 0.828333 0.599 0.151333 0.136667
2 0.895 0.642667 0.063333 0.061333
2 0.869667 0.7456670000000001 0.128667 0.115333
2 0.942333 0.558667 0.115333 0.089333
2 0.9 0.46066700000000005 0.117333 0.125333
2 0.904333 0.328333 0.118 0.116667
2 0.936667 0.20566700000000004 0.089333 0.099333
2 0.835 0.21499999999999997 0.100667 0.09
2 0.725667 0.17000000000000004 0.075333 0.082667
2 0.896667 0.119 0.076 0.074
2 0.819 0.07899999999999996 0.118 0.156667
2 0.594333 0.249 0.118 0.092667
2 0.628667 0.152667 0.121333 0.109333
2 0.406667 0.19266700000000003 0.124 0.121333
2 0.521 0.13466699999999998 0.094 0.106667
2 0.426333 0.08166700000000005 0.136667 0.123333
3 0.291 0.11599999999999999 0.144667 0.124
3 0.261667 0.22999999999999998 0.139333 0.136
2 0.166667 0.09966699999999995 0.122667 0.134
0 0.531667 0.939667 0.092667 0.092667
0 0.174667 0.776667 0.093333 0.134667
2 0.071 0.732667 0.136667 0.18
2 0.116 0.937333 0.161333 0.124
2 0.945333 0.780667 0.109333 0.14
3 0.960333 0.659667 0.079333 0.114
2 0.607 0.05466700000000002 0.144667 0.109333
2 0.721 0.06366700000000003 0.107333 0.127333
2 0.069667 0.168667 0.138 0.141333
2 0.060667 0.07033299999999998 0.12 0.136667
3 0.324667 0.04400000000000004 0.124 0.088
3 0.219333 0.04033299999999995 0.112 0.080667
