3 0.928333 0.870667 0.083333 0.082667
3 0.808333 0.934667 0.126 0.128
3 0.586667 0.916667 0.090667 0.124
3 0.661333 0.9013329999999999 0.094667 0.098667
3 0.941333 0.784 0.102667 0.101333
3 0.858333 0.759667 0.071333 0.074
3 0.7913330000000001 0.792667 0.084 0.076
3 0.795667 0.7150000000000001 0.071333 0.072667
3 0.864 0.671333 0.096 0.108
3 0.937333 0.712333 0.065333 0.063333
3 0.977667 0.6763330000000001 0.042 0.064667
3 0.933 0.641667 0.079333 0.072667
2 0.977667 0.590333 0.032667 0.028667
3 0.851667 0.544 0.082 0.076
3 0.762667 0.556 0.105333 0.109333
3 0.711333 0.815 0.097333 0.088667
3 0.665667 0.765333 0.086 0.096
3 0.577333 0.6779999999999999 0.074667 0.068
3 0.544 0.755 0.093333 0.091333
3 0.45466700000000004 0.742 0.096 0.101333
3 0.522 0.835 0.106667 0.115333
3 0.44099999999999995 0.843 0.079333 0.108667
3 0.42300000000000004 0.902 0.155333 0.097333
3 0.40133300000000005 0.963333 0.128 0.06
3 0.29233299999999995 0.913667 0.063333 0.075333
3 0.28033300000000005 0.8336669999999999 0.074 0.082
2 0.25333300000000003 0.74 0.058667 0.070667
3 0.33266700000000005 0.7396670000000001 0.093333 0.084667
3 0.345 0.671333 0.11 0.084
3 0.525 0.575 0.151333 0.119333
3 0.384667 0.601333 0.105333 0.1
2 0.29433299999999996 0.588333 0.096667 0.096667
3 0.31566700000000003 0.49266699999999997 0.092667 0.098667
3 0.412667 0.498 0.104 0.104
3 0.777 0.464333 0.082 0.083333
3 0.687 0.486333 0.128667 0.120667
3 0.718667 0.363 0.032 0.03
3 0.705667 0.28333299999999995 0.059333 0.061333
3 0.635667 0.36766699999999997 0.108667 0.11
2 0.511333 0.390667 0.112 0.122667
3 0.505667 0.32366700000000004 0.047333 0.040667
3 0.42533299999999996 0.39433300000000004 0.078667 0.106
3 0.353333 0.39733300000000005 0.08 0.090667
3 0.27 0.38833300000000004 0.085333 0.094
3 0.313333 0.29800000000000004 0.069333 0.08
3 0.397667 0.309667 0.098 0.084667
3 0.520667 0.278667 0.084 0.1
3 0.597667 0.257 0.087333 0.114
2 0.755667 0.212333 0.039333 0.039333
3 0.862 0.18633299999999997 0.042667 0.05
3 0.819 0.07733299999999999 0.024667 0.028
3 0.5283329999999999 0.17800000000000005 0.087333 0.088
2 0.44599999999999995 0.22599999999999998 0.105333 0.1
3 0.34266700000000005 0.226333 0.102667 0.087333
3 0.5063329999999999 0.086333 0.083333 0.095333
2 0.42400000000000004 0.091333 0.096 0.122667
3 0.32966700000000004 0.10866699999999996 0.106 0.112
3 0.22966699999999995 0.11699999999999999 0.096667 0.100667
3 0.23833300000000002 0.285667 0.080667 0.094
3 0.18733299999999997 0.36966699999999997 0.078667 0.087333
3 0.10433300000000001 0.35566699999999996 0.095333 0.11
3 0.15533300000000005 0.47866699999999995 0.074667 0.090667
3 0.22799999999999998 0.478333 0.08 0.111333
3 0.18933299999999997 0.5896669999999999 0.108 0.106
3 0.09466699999999995 0.5736669999999999 0.092 0.100667
3 0.22266699999999995 0.907667 0.078667 0.102
2 0.12 0.885333 0.130667 0.193333
0 0.12433300000000003 0.12033300000000002 0.202 0.167333
0 0.07099999999999995 0.23166699999999996 0.095333 0.11
0 0.03200000000000003 0.7783329999999999 0.064 0.066
0 0.383 0.8 0.092667 0.085333
0 0.212333 0.787 0.083333 0.107333
0 0.482 0.478 0.064 0.070667
0 0.500333 0.648333 0.076667 0.064667
0 0.700333 0.624 0.095333 0.092
0 0.69 0.6890000000000001 0.072 0.07
0 0.6659999999999999 0.17533299999999996 0.106667 0.124
0 0.833 0.41933299999999996 0.074 0.122667
0 0.61 0.45299999999999996 0.1 0.066
0 0.840667 0.259667 0.130667 0.098
0 0.765667 0.29633299999999996 0.083333 0.120667
0 0.8260000000000001 0.318333 0.056 0.052667
0 0.876333 0.32799999999999996 0.052667 0.053333
0 0.08099999999999996 0.46666700000000005 0.039333 0.046667
0 0.08999999999999997 0.43133299999999997 0.044 0.041333
0 0.03933299999999995 0.917333 0.072 0.061333
3 0.30733299999999997 0.03966700000000001 0.114667 0.079333
3 0.03833299999999995 0.637667 0.076667 0.083333
3 0.04033299999999995 0.713333 0.078 0.090667
0 0.17033299999999996 0.20099999999999996 0.126 0.155333
0 0.030667 0.25433300000000003 0.061333 0.112667
