3 0.366333 0.085667 0.107333 0.072667
2 0.42333299999999996 0.176667 0.084 0.094667
2 0.34866699999999995 0.170333 0.081333 0.11
3 0.499 0.259 0.09 0.098
2 0.38533300000000004 0.293 0.172 0.156667
1 0.43766700000000003 0.336333 0.060667 0.040667
2 0.538667 0.364333 0.090667 0.092667
2 0.427667 0.381 0.134 0.103333
2 0.290667 0.353667 0.065333 0.080667
2 0.483 0.474667 0.102 0.076
2 0.329333 0.457333 0.165333 0.145333
2 0.501 0.581667 0.168667 0.160667
2 0.350333 0.6 0.155333 0.193333
2 0.614333 0.689 0.098 0.138
2 0.511333 0.717667 0.126667 0.154
2 0.390667 0.737667 0.126667 0.122
2 0.28933299999999995 0.777333 0.136 0.2
2 0.41600000000000004 0.843667 0.137333 0.140667
2 0.5469999999999999 0.820667 0.122 0.098667
2 0.669333 0.920667 0.086667 0.112
2 0.668667 0.984333 0.034667 0.028667
2 0.566667 0.919667 0.134667 0.152667
2 0.445333 0.936 0.097333 0.116
2 0.343333 0.945667 0.101333 0.108667
3 0.24333300000000002 0.922333 0.101333 0.096667
2 0.13933300000000004 0.9 0.130667 0.113333
2 0.06966700000000003 0.824 0.13 0.129333
2 0.15600000000000003 0.753 0.170667 0.159333
3 0.150667 0.635667 0.081333 0.084667
2 0.20699999999999996 0.560667 0.148667 0.14
2 0.10166699999999995 0.476333 0.126 0.128667
2 0.207333 0.442667 0.078667 0.074667
2 0.18633299999999997 0.349 0.139333 0.147333
2 0.06266700000000003 0.355 0.110667 0.099333
3 0.06533299999999997 0.242 0.130667 0.118667
2 0.126 0.166333 0.114667 0.142
2 0.225333 0.121333 0.153333 0.206667
2 0.10999999999999999 0.059333 0.121333 0.113333
0 0.619667 0.545333 0.131333 0.133333
0 0.049000000000000044 0.597 0.096667 0.123333
0 0.967333 0.636333 0.054667 0.068667
0 0.970667 0.537667 0.057333 0.108667
0 0.926 0.293333 0.146667 0.189333
0 0.922333 0.059667 0.102 0.088667
0 0.948667 0.157333 0.101333 0.128
0 0.961 0.747333 0.076667 0.105333
0 0.968667 0.394667 0.061333 0.069333
