2 0.915333 0.163667 0.157333 0.166
2 0.740333 0.118667 0.216667 0.210667
2 0.61 0.203667 0.105333 0.094
2 0.519 0.202333 0.083333 0.058
1 0.6206670000000001 0.079333 0.085333 0.109333
2 0.5283329999999999 0.109333 0.15 0.165333
2 0.412667 0.111 0.077333 0.067333
1 0.29100000000000004 0.074333 0.098 0.140667
2 0.41033299999999995 0.471333 0.062 0.084
2 0.852333 0.532333 0.138 0.174
2 0.741333 0.523333 0.1 0.116
2 0.637 0.515333 0.122 0.130667
2 0.5043329999999999 0.483 0.159333 0.199333
2 0.40633300000000006 0.476333 0.07 0.087333
2 0.307667 0.448667 0.163333 0.178667
1 0.929667 0.687 0.138 0.186
1 0.83 0.672 0.108 0.129333
1 0.7316670000000001 0.649333 0.152667 0.146667
1 0.5816669999999999 0.609333 0.183333 0.152
1 0.771333 0.766667 0.097333 0.116
1 0.6619999999999999 0.743667 0.108 0.103333
1 0.556667 0.728 0.125333 0.130667
1 0.445333 0.678333 0.109333 0.144667
2 0.390667 0.575 0.14 0.124667
1 0.348 0.679667 0.121333 0.114
1 0.340333 0.788667 0.115333 0.14
1 0.27 0.853 0.105333 0.102
1 0.35466699999999995 0.879 0.078667 0.059333
1 0.42300000000000004 0.797667 0.108667 0.115333
1 0.36066699999999996 0.935 0.12 0.115333
2 0.511333 0.809 0.072 0.052667
2 0.625667 0.845667 0.178 0.131333
2 0.5569999999999999 0.931 0.092667 0.092667
2 0.6679999999999999 0.944 0.096 0.112
2 0.774667 0.934 0.114667 0.129333
2 0.895333 0.868333 0.133333 0.142
1 0.20333299999999999 0.912667 0.104 0.096
1 0.06966700000000003 0.915333 0.139333 0.124
2 0.06666700000000003 0.811333 0.104 0.122667
1 0.166667 0.829333 0.106667 0.106667
2 0.23533300000000001 0.767333 0.125333 0.12
1 0.12666699999999997 0.712 0.144 0.112
2 0.256 0.626 0.126667 0.161333
1 0.150667 0.608 0.125333 0.122667
1 0.042332999999999954 0.714 0.084667 0.113333
1 0.21499999999999997 0.527333 0.134 0.106667
1 0.08466700000000005 0.500333 0.166667 0.126
1 0.044332999999999956 0.597333 0.088667 0.109333
2 0.20766700000000005 0.418333 0.076667 0.075333
2 0.11133300000000002 0.398667 0.12 0.121333
2 0.19966700000000004 0.071333 0.075333 0.092
2 0.08966700000000005 0.072333 0.146 0.142
1 0.475333 0.900667 0.126667 0.130667
0 0.911333 0.035667 0.073333 0.07
0 0.7893330000000001 0.842333 0.144 0.096667
2 0.952333 0.537 0.094 0.174
2 0.24366699999999997 0.956667 0.123333 0.086667
2 0.03400000000000003 0.397 0.065333 0.119333
2 0.37733300000000003 0.042 0.125333 0.082667
