2 0.897333 0.250667 0.085333 0.102667
1 0.815333 0.312333 0.046667 0.055333
2 0.826667 0.226333 0.054667 0.063333
2 0.797667 0.171667 0.088667 0.100667
2 0.931667 0.309 0.024667 0.022
1 0.759333 0.255667 0.084 0.09
2 0.631667 0.226667 0.059333 0.068
2 0.661333 0.315333 0.116 0.125333
1 0.549667 0.267 0.03 0.03
2 0.517667 0.431667 0.046 0.058
2 0.923667 0.628667 0.116667 0.116
2 0.845667 0.438667 0.15 0.116
2 0.874 0.4 0.028 0.048
2 0.885333 0.505333 0.148 0.129333
2 0.751 0.353333 0.076667 0.074667
2 0.738333 0.555 0.086 0.084667
2 0.809667 0.658 0.179333 0.166667
2 0.665333 0.563 0.058667 0.067333
2 0.701333 0.676 0.149333 0.162667
2 0.562667 0.606 0.074667 0.062667
2 0.574333 0.689333 0.139333 0.142667
2 0.5720000000000001 0.486 0.105333 0.098667
2 0.506 0.717333 0.050667 0.065333
2 0.41000000000000003 0.317333 0.070667 0.092
2 0.46266700000000005 0.286667 0.030667 0.046667
2 0.34466699999999995 0.330667 0.06 0.053333
2 0.07199999999999995 0.947333 0.122667 0.093333
2 0.45366700000000004 0.771333 0.099333 0.108
2 0.6699999999999999 0.798333 0.108 0.103333
2 0.783667 0.789667 0.118 0.124667
2 0.744 0.915667 0.142667 0.128667
2 0.906 0.749667 0.113333 0.126
0 0.395667 0.489333 0.072667 0.098667
0 0.336333 0.745 0.175333 0.19
0 0.340333 0.565333 0.111333 0.097333
0 0.31000000000000005 0.449 0.098667 0.131333
0 0.256667 0.317667 0.101333 0.095333
0 0.06033299999999997 0.395333 0.083333 0.098667
0 0.14333300000000004 0.389333 0.050667 0.058667
0 0.16133299999999995 0.698667 0.322667 0.24
0 0.17300000000000004 0.497667 0.194 0.139333
0 0.5720000000000001 0.345667 0.056 0.071333
0 0.48666699999999996 0.356 0.077333 0.076
2 0.949333 0.122333 0.1 0.163333
2 0.926 0.830667 0.146667 0.194667
2 0.867333 0.955667 0.177333 0.088667
2 0.297667 0.938667 0.138 0.122667
