2 0.848 0.18 0.148 0.122667
2 0.889 0.266667 0.103333 0.1
3 0.821667 0.314333 0.083333 0.082
2 0.886667 0.467333 0.14 0.117333
2 0.804333 0.396333 0.099333 0.079333
2 0.790667 0.523333 0.132 0.114667
2 0.887667 0.592667 0.138 0.134667
2 0.7803329999999999 0.619333 0.051333 0.065333
2 0.862333 0.708 0.135333 0.121333
2 0.758333 0.721667 0.100667 0.112667
2 0.6739999999999999 0.712667 0.125333 0.104
3 0.698 0.596333 0.142667 0.140667
2 0.699333 0.392333 0.136 0.11
2 0.726667 0.278333 0.170667 0.167333
2 0.724667 0.165333 0.102667 0.109333
2 0.652667 0.055333 0.136 0.109333
2 0.629667 0.166333 0.107333 0.131333
2 0.6146670000000001 0.295 0.102667 0.159333
2 0.604 0.471333 0.12 0.109333
2 0.582333 0.581667 0.108667 0.118
3 0.567 0.681333 0.096667 0.092
2 0.522667 0.247667 0.106667 0.128667
2 0.5103329999999999 0.377333 0.147333 0.128
2 0.5 0.475667 0.096 0.082
2 0.49 0.568333 0.093333 0.100667
2 0.471 0.676667 0.099333 0.112
3 0.412667 0.446333 0.070667 0.07
2 0.40333300000000005 0.349667 0.093333 0.100667
2 0.332333 0.386333 0.078 0.078
2 0.44066700000000003 0.120667 0.106667 0.094667
3 0.41033299999999995 0.233667 0.138 0.138
3 0.393 0.548333 0.106 0.099333
2 0.375 0.655667 0.114 0.115333
2 0.289667 0.569 0.088667 0.078
3 0.30100000000000005 0.675667 0.067333 0.082
2 0.32766700000000004 0.478 0.127333 0.113333
2 0.271667 0.290667 0.136667 0.104
2 0.252667 0.398333 0.101333 0.124667
3 0.23466699999999996 0.666667 0.082667 0.102667
3 0.17333299999999996 0.120333 0.069333 0.075333
2 0.16500000000000004 0.211333 0.107333 0.109333
2 0.09166700000000005 0.051667 0.103333 0.083333
2 0.07399999999999995 0.107667 0.093333 0.063333
2 0.06633299999999998 0.183 0.094 0.086
2 0.07033299999999998 0.274667 0.127333 0.106667
2 0.04833299999999996 0.366667 0.096667 0.090667
2 0.147667 0.355 0.116667 0.111333
2 0.14933300000000005 0.464 0.125333 0.108
3 0.163667 0.531 0.052667 0.043333
2 0.142667 0.599 0.109333 0.087333
2 0.06766700000000003 0.520667 0.135333 0.116
2 0.06399999999999995 0.62 0.069333 0.070667
2 0.12766699999999997 0.684333 0.135333 0.100667
3 0.048667000000000016 0.698667 0.045333 0.058667
2 0.128 0.765 0.092 0.079333
3 0.04633299999999996 0.77 0.091333 0.090667
2 0.12366699999999997 0.834333 0.099333 0.09
3 0.054332999999999965 0.847 0.052667 0.060667
3 0.11466699999999996 0.919667 0.104 0.098
3 0.03500000000000003 0.93 0.068667 0.069333
3 0.22199999999999998 0.833 0.081333 0.072667
3 0.306667 0.766667 0.126667 0.104
3 0.29433299999999996 0.843333 0.063333 0.058667
3 0.269667 0.931667 0.100667 0.111333
3 0.372333 0.818333 0.082 0.075333
2 0.364 0.925333 0.118667 0.149333
2 0.5333330000000001 0.881667 0.134667 0.123333
2 0.546333 0.776667 0.171333 0.118667
2 0.6683330000000001 0.784 0.088667 0.070667
3 0.649 0.886333 0.095333 0.111333
2 0.755 0.827 0.078 0.09
2 0.769333 0.924667 0.164 0.150667
2 0.857333 0.815667 0.134667 0.108667
2 0.934667 0.873333 0.126667 0.106667
0 0.816333 0.873333 0.080667 0.062667
0 0.869 0.354 0.068667 0.110667
0 0.685 0.466 0.076667 0.073333
0 0.532333 0.126667 0.087333 0.105333
0 0.35266699999999995 0.074 0.082667 0.101333
0 0.31999999999999995 0.211667 0.086667 0.072667
0 0.25333300000000003 0.125667 0.082667 0.107333
0 0.924 0.339667 0.078667 0.091333
0 0.208333 0.746 0.080667 0.078667
0 0.19399999999999995 0.941667 0.093333 0.091333
0 0.754667 0.088333 0.082667 0.068667
2 0.922667 0.064667 0.152 0.128
3 0.46399999999999997 0.043333 0.130667 0.085333
2 0.45799999999999996 0.944 0.118667 0.112
2 0.954333 0.755667 0.09 0.126
