2 0.803333 0.940667 0.118667 0.114667
2 0.777667 0.813667 0.178 0.183333
2 0.665667 0.804 0.058 0.084
2 0.909333 0.836333 0.102667 0.123333
2 0.864333 0.720333 0.166 0.158
2 0.690333 0.709667 0.152667 0.123333
3 0.5696669999999999 0.812 0.128667 0.133333
2 0.474333 0.874667 0.140667 0.117333
2 0.47 0.775667 0.093333 0.100667
2 0.45199999999999996 0.663 0.113333 0.114
2 0.354 0.740667 0.157333 0.201333
2 0.561667 0.666667 0.140667 0.177333
2 0.6659999999999999 0.590333 0.14 0.152667
2 0.786 0.595333 0.113333 0.209333
2 0.899667 0.493333 0.103333 0.089333
2 0.671 0.466333 0.139333 0.119333
2 0.571333 0.432667 0.092 0.136
2 0.35866699999999996 0.5529999999999999 0.158667 0.171333
2 0.32799999999999996 0.41000000000000003 0.149333 0.136
3 0.444333 0.348 0.099333 0.096
2 0.831333 0.407667 0.072 0.054
2 0.31233299999999997 0.30700000000000005 0.107333 0.082
2 0.806333 0.282667 0.140667 0.174667
2 0.6950000000000001 0.278 0.118 0.152
2 0.595 0.251 0.128667 0.171333
2 0.848 0.15133300000000005 0.129333 0.149333
2 0.862333 0.06000000000000005 0.108667 0.090667
2 0.938333 0.16233299999999995 0.122 0.139333
2 0.738333 0.13766699999999998 0.131333 0.152667
2 0.638667 0.134 0.104 0.112
2 0.671 0.04566700000000001 0.086 0.091333
2 0.525667 0.14100000000000001 0.114 0.11
2 0.41300000000000003 0.18899999999999995 0.212667 0.215333
2 0.35566699999999996 0.10599999999999998 0.123333 0.133333
2 0.11066699999999996 0.29600000000000004 0.08 0.070667
3 0.058667000000000025 0.377 0.036 0.042
2 0.22666699999999995 0.394667 0.068 0.068
2 0.19999999999999996 0.511667 0.176 0.183333
3 0.07666700000000004 0.5740000000000001 0.064 0.08
2 0.23566699999999996 0.7170000000000001 0.11 0.140667
2 0.128 0.7130000000000001 0.181333 0.174
2 0.23833300000000002 0.847333 0.204667 0.161333
3 0.040000000000000036 0.92 0.068 0.093333
2 0.13166699999999998 0.945667 0.132667 0.106
2 0.35466699999999995 0.959333 0.062667 0.072
2 0.27 0.951667 0.181333 0.095333
2 0.19199999999999995 0.29533299999999996 0.133333 0.154667
0 0.892 0.5900000000000001 0.129333 0.133333
0 0.766667 0.44266700000000003 0.113333 0.129333
0 0.757333 0.04933299999999996 0.084 0.098667
0 0.51 0.534333 0.141333 0.131333
0 0.18000000000000005 0.12533300000000003 0.144 0.145333
0 0.059667000000000026 0.29000000000000004 0.084667 0.090667
0 0.17300000000000004 0.593333 0.128667 0.102667
0 0.368333 0.853667 0.074 0.11
0 0.18999999999999995 0.046667000000000014 0.090667 0.093333
2 0.924667 0.948 0.128 0.102667
2 0.670667 0.889 0.106667 0.106
2 0.957667 0.629667 0.083333 0.164667
2 0.930333 0.40433300000000005 0.138 0.17
2 0.950667 0.06399999999999995 0.097333 0.128
2 0.07799999999999996 0.15100000000000002 0.156 0.231333
2 0.03200000000000003 0.673667 0.064 0.107333
