2 0.859333 0.134667 0.14 0.129333
2 0.870667 0.214333 0.084 0.088667
2 0.767333 0.234667 0.141333 0.146667
2 0.862333 0.364333 0.146 0.192667
2 0.781 0.364333 0.060667 0.060667
2 0.7376670000000001 0.064333 0.142 0.124667
3 0.61 0.047333 0.101333 0.092
2 0.371333 0.104333 0.153333 0.104667
2 0.37933300000000003 0.203 0.182667 0.124667
2 0.505333 0.186667 0.096 0.089333
2 0.610333 0.124 0.11 0.088
2 0.623 0.222 0.15 0.133333
2 0.713667 0.317667 0.11 0.126
2 0.621667 0.335333 0.096667 0.133333
2 0.503 0.300667 0.135333 0.130667
2 0.389 0.326 0.095333 0.152
2 0.500333 0.392333 0.144667 0.091333
2 0.713333 0.424667 0.134667 0.090667
1 0.800667 0.475 0.078667 0.106
2 0.869333 0.494 0.078667 0.105333
2 0.831 0.555333 0.078 0.049333
2 0.724667 0.512333 0.121333 0.096667
2 0.276667 0.456333 0.096 0.083333
3 0.373 0.489667 0.127333 0.144667
2 0.496333 0.488 0.124667 0.126667
2 0.611667 0.520667 0.118 0.193333
2 0.705333 0.601 0.145333 0.111333
2 0.904667 0.711333 0.117333 0.124
2 0.805333 0.675 0.105333 0.163333
2 0.6890000000000001 0.709 0.134 0.106
2 0.513333 0.692667 0.153333 0.148
2 0.387667 0.692 0.088667 0.109333
2 0.30900000000000005 0.726333 0.106 0.135333
2 0.475 0.589 0.134 0.078
2 0.877667 0.831667 0.104667 0.102
2 0.739 0.812667 0.164667 0.152
2 0.805333 0.88 0.082667 0.085333
2 0.9053329999999999 0.921 0.121333 0.11
2 0.6226670000000001 0.912 0.1 0.113333
2 0.594333 0.771333 0.116667 0.154667
2 0.40733299999999995 0.807333 0.122667 0.116
2 0.298667 0.83 0.104 0.098667
2 0.31233299999999997 0.925667 0.086 0.103333
2 0.40900000000000003 0.920333 0.108667 0.123333
2 0.5103329999999999 0.895 0.124667 0.147333
2 0.20899999999999996 0.921667 0.123333 0.106
2 0.098333 0.958667 0.092667 0.082667
3 0.10099999999999998 0.876667 0.075333 0.073333
2 0.08533299999999999 0.793667 0.1 0.086
2 0.22266699999999995 0.800333 0.072 0.075333
2 0.19699999999999995 0.721 0.13 0.126
2 0.09399999999999997 0.700333 0.102667 0.108667
2 0.07133299999999998 0.619333 0.092 0.090667
2 0.17833299999999996 0.632333 0.086 0.062
2 0.266667 0.353667 0.114667 0.120667
3 0.17266700000000001 0.336 0.078667 0.078667
2 0.17300000000000004 0.424 0.098 0.092
2 0.18833299999999997 0.543667 0.158 0.147333
2 0.06699999999999995 0.513667 0.104667 0.119333
2 0.07999999999999996 0.317 0.064 0.036667
2 0.06166700000000003 0.394 0.123333 0.129333
2 0.253 0.135667 0.076667 0.094
2 0.142667 0.116667 0.168 0.157333
2 0.05700000000000005 0.186667 0.114 0.158667
2 0.033667 0.076667 0.067333 0.072
0 0.210333 0.231333 0.143333 0.110667
0 0.262667 0.144667 0.102667 0.074667
0 0.325333 0.6 0.078667 0.077333
0 0.48066699999999996 0.131667 0.066667 0.052667
2 0.494 0.052 0.141333 0.102667
2 0.354 0.034333 0.132 0.067333
2 0.966333 0.309667 0.066 0.120667
2 0.959333 0.505667 0.08 0.098
2 0.806667 0.954 0.116 0.092
2 0.031333000000000055 0.866667 0.062667 0.113333
2 0.954667 0.225333 0.089333 0.118667
2 0.949667 0.408333 0.099333 0.115333
