3 0.943667 0.112 0.11 0.096
3 0.885 0.188 0.116667 0.136
3 0.8260000000000001 0.123667 0.098667 0.084667
2 0.947 0.237 0.104667 0.128667
2 0.5433330000000001 0.076333 0.078667 0.094
3 0.603667 0.138667 0.066 0.066667
2 0.651 0.208333 0.131333 0.112667
3 0.775333 0.318667 0.065333 0.074667
3 0.844 0.375667 0.061333 0.062
3 0.878333 0.424667 0.066 0.070667
2 0.944 0.469667 0.052 0.043333
3 0.739 0.385667 0.067333 0.079333
2 0.815333 0.458333 0.053333 0.059333
2 0.6493329999999999 0.333 0.038667 0.048667
2 0.35066699999999995 0.093333 0.084 0.097333
2 0.278 0.155 0.105333 0.118
3 0.254667 0.06 0.074667 0.085333
2 0.518 0.238 0.136 0.141333
3 0.377 0.268667 0.13 0.108
2 0.31033299999999997 0.317667 0.068667 0.075333
2 0.31666700000000003 0.414 0.108 0.106667
2 0.40333300000000005 0.474 0.109333 0.153333
3 0.499667 0.411333 0.084667 0.08
3 0.469333 0.390667 0.022667 0.024
3 0.5756669999999999 0.409 0.075333 0.092667
3 0.6599999999999999 0.425333 0.093333 0.093333
2 0.892333 0.510667 0.051333 0.046667
2 0.673333 0.503667 0.069333 0.067333
2 0.593333 0.501667 0.096 0.086
2 0.484333 0.523333 0.142 0.148
3 0.421667 0.559333 0.067333 0.069333
3 0.33166700000000005 0.504667 0.07 0.070667
3 0.25633300000000003 0.499 0.075333 0.076667
3 0.27733300000000005 0.586333 0.061333 0.084667
2 0.348333 0.589333 0.084667 0.093333
2 0.420667 0.637333 0.090667 0.085333
2 0.609 0.6 0.176667 0.125333
2 0.5333330000000001 0.674333 0.169333 0.166
2 0.852333 0.606333 0.087333 0.099333
2 0.932333 0.681667 0.108667 0.099333
2 0.28233299999999995 0.679 0.099333 0.108667
3 0.633667 0.788333 0.067333 0.071333
2 0.548333 0.795 0.13 0.120667
2 0.44699999999999995 0.784 0.131333 0.145333
3 0.361333 0.760333 0.065333 0.066
3 0.288667 0.779333 0.090667 0.101333
2 0.286667 0.895667 0.097333 0.116667
2 0.384 0.882333 0.102667 0.120667
2 0.489 0.884 0.108667 0.090667
2 0.721 0.757333 0.126 0.134667
3 0.897 0.745 0.082 0.096667
2 0.8240000000000001 0.731333 0.088 0.117333
2 0.812333 0.806667 0.064667 0.053333
2 0.922 0.898333 0.132 0.147333
2 0.834333 0.924333 0.079333 0.095333
2 0.745 0.888 0.13 0.136
3 0.311667 0.851667 0.040667 0.038
2 0.18233299999999997 0.787667 0.139333 0.164667
2 0.20466700000000004 0.878333 0.110667 0.103333
2 0.07533299999999998 0.927667 0.112 0.096667
2 0.061000000000000054 0.837 0.111333 0.114
2 0.08699999999999997 0.723333 0.126 0.096
2 0.18766700000000003 0.601333 0.132667 0.134667
2 0.06733299999999998 0.634333 0.125333 0.095333
2 0.05366700000000002 0.545667 0.107333 0.094
3 0.05166700000000002 0.452333 0.103333 0.094
3 0.18166700000000002 0.494667 0.086 0.074667
2 0.17900000000000005 0.408667 0.098 0.1
3 0.24666699999999997 0.406667 0.048 0.070667
3 0.22466699999999995 0.302 0.102667 0.128
3 0.20699999999999996 0.139667 0.054 0.07
2 0.11399999999999999 0.108333 0.133333 0.127333
3 0.135 0.219667 0.108667 0.100667
0 0.41633299999999995 0.358333 0.143333 0.135333
0 0.650667 0.884667 0.106667 0.149333
3 0.694333 0.057667 0.143333 0.114
2 0.45366700000000004 0.042 0.102 0.082667
2 0.32066700000000004 0.038667 0.108 0.076
2 0.948667 0.590333 0.101333 0.131333
2 0.5800000000000001 0.940333 0.117333 0.119333
3 0.474333 0.954667 0.100667 0.090667
2 0.20799999999999996 0.960333 0.132 0.079333
2 0.043332999999999955 0.305667 0.086667 0.103333
2 0.04466700000000001 0.208 0.089333 0.102667
