2 0.941667 0.100667 0.099333 0.106667
2 0.852333 0.100667 0.07 0.077333
2 0.893667 0.203333 0.163333 0.173333
2 0.896667 0.324 0.070667 0.065333
2 0.7316670000000001 0.046333 0.091333 0.09
2 0.748 0.168333 0.137333 0.154
2 0.614333 0.084667 0.159333 0.16
2 0.6533329999999999 0.186667 0.064 0.061333
2 0.537667 0.157333 0.128667 0.134667
2 0.36266699999999996 0.036333 0.074667 0.066
2 0.280667 0.090333 0.112 0.120667
2 0.38233300000000003 0.113667 0.100667 0.096667
3 0.42700000000000005 0.193333 0.103333 0.12
2 0.30000000000000004 0.193667 0.094667 0.096667
2 0.7953330000000001 0.348333 0.122667 0.160667
2 0.692 0.292 0.142667 0.144
2 0.696333 0.404667 0.084667 0.064
2 0.56 0.273 0.125333 0.134
2 0.351333 0.289 0.158667 0.154
2 0.29200000000000004 0.389333 0.141333 0.121333
2 0.47966699999999995 0.380667 0.147333 0.152
2 0.420667 0.453667 0.122667 0.114
3 0.751667 0.494333 0.106 0.111333
2 0.6146670000000001 0.459667 0.153333 0.140667
2 0.31799999999999995 0.480667 0.132 0.126667
3 0.341333 0.576667 0.118667 0.1
3 0.545667 0.579 0.091333 0.091333
2 0.635667 0.577667 0.075333 0.083333
2 0.774 0.608 0.096 0.096
2 0.881 0.634 0.152667 0.216
2 0.695667 0.669667 0.187333 0.199333
2 0.823 0.761667 0.088667 0.095333
2 0.570333 0.731667 0.118 0.146
2 0.455333 0.641667 0.137333 0.183333
2 0.35266699999999995 0.695667 0.084 0.092667
2 0.26533300000000004 0.737 0.088 0.094
2 0.27133300000000005 0.845667 0.097333 0.122
2 0.374 0.803 0.118667 0.132667
2 0.476333 0.784333 0.098 0.092667
2 0.921667 0.819 0.09 0.088667
2 0.846 0.884333 0.134667 0.135333
2 0.7236670000000001 0.914667 0.132667 0.129333
2 0.7130000000000001 0.799667 0.155333 0.140667
2 0.597667 0.854 0.108667 0.132
2 0.495 0.878667 0.106 0.110667
2 0.396667 0.914333 0.102667 0.095333
3 0.31000000000000005 0.928667 0.08 0.084
2 0.07033299999999998 0.828 0.134 0.124
2 0.18466700000000003 0.814 0.092 0.112
2 0.14900000000000002 0.723 0.120667 0.123333
2 0.23833300000000002 0.649 0.135333 0.100667
2 0.21599999999999997 0.569667 0.134667 0.11
3 0.10933300000000001 0.551 0.097333 0.095333
2 0.07999999999999996 0.449667 0.096 0.095333
2 0.19066700000000003 0.464 0.130667 0.108
2 0.17433299999999996 0.377 0.064667 0.052667
2 0.07433299999999998 0.360333 0.116667 0.102
3 0.206333 0.115 0.023333 0.028667
2 0.08133299999999999 0.062667 0.161333 0.121333
2 0.091333 0.172333 0.104 0.088667
2 0.20466700000000004 0.177333 0.101333 0.097333
2 0.14400000000000002 0.262333 0.126667 0.106
0 0.13733300000000004 0.338667 0.078667 0.06
0 0.5373330000000001 0.942667 0.078667 0.068
2 0.47266699999999995 0.064333 0.138667 0.127333
2 0.938667 0.505 0.121333 0.167333
2 0.946333 0.93 0.106 0.134667
2 0.05033299999999996 0.712667 0.095333 0.137333
2 0.04533299999999996 0.616 0.090667 0.129333
2 0.04600000000000004 0.279667 0.092 0.103333
