2 0.061333 0.745333 0.121333 0.101333
2 0.103333 0.832 0.101333 0.101333
2 0.146 0.896667 0.096 0.110667
1 0.217667 0.836 0.116667 0.144
1 0.263333 0.916667 0.112 0.116
2 0.367333 0.854 0.114667 0.153333
2 0.303333 0.781 0.149333 0.152667
2 0.425667 0.924667 0.058 0.057333
2 0.377667 0.712 0.131333 0.125333
1 0.318 0.659333 0.137333 0.108
2 0.275333 0.6026670000000001 0.048 0.044
2 0.142667 0.5920000000000001 0.094667 0.072
2 0.045333 0.352333 0.089333 0.091333
2 0.138333 0.302667 0.148667 0.137333
2 0.275 0.44566700000000004 0.112667 0.103333
2 0.328667 0.509 0.093333 0.086
2 0.441333 0.32099999999999995 0.086667 0.108667
2 0.427 0.519667 0.091333 0.091333
2 0.483333 0.584667 0.149333 0.165333
2 0.53 0.507333 0.058667 0.062667
2 0.562667 0.696 0.092 0.102667
2 0.593333 0.5573330000000001 0.093333 0.125333
2 0.473667 0.842 0.115333 0.110667
2 0.586667 0.827333 0.137333 0.133333
1 0.637 0.888333 0.059333 0.074
1 0.656333 0.771 0.107333 0.114
2 0.646667 0.6146670000000001 0.072 0.070667
2 0.626667 0.471333 0.093333 0.089333
2 0.812333 0.42700000000000005 0.082 0.068667
1 0.877333 0.624667 0.058667 0.065333
2 0.817 0.6513329999999999 0.103333 0.092
2 0.790667 0.722 0.137333 0.118667
2 0.762 0.8089999999999999 0.149333 0.11
2 0.746667 0.960667 0.065333 0.069333
2 0.743 0.89 0.176667 0.105333
2 0.878 0.882 0.109333 0.098667
2 0.947333 0.933667 0.089333 0.088667
2 0.887667 0.7743329999999999 0.088667 0.074
2 0.942333 0.696333 0.059333 0.051333
2 0.947667 0.839 0.104667 0.114
2 0.943333 0.445333 0.077333 0.068
2 0.887667 0.22566699999999995 0.052667 0.075333
2 0.823667 0.20399999999999996 0.096667 0.086667
2 0.854333 0.07999999999999996 0.147333 0.16
2 0.467333 0.19533299999999998 0.096 0.116
2 0.304667 0.25633300000000003 0.110667 0.123333
2 0.032667 0.44966700000000004 0.064 0.059333
0 0.494 0.45666700000000005 0.090667 0.090667
0 0.533333 0.337333 0.069333 0.062667
0 0.52 0.278 0.074667 0.052
0 0.548333 0.141667 0.103333 0.099333
0 0.726333 0.13466699999999998 0.111333 0.109333
0 0.693 0.5263329999999999 0.056667 0.064667
0 0.499 0.934333 0.072667 0.084667
0 0.573667 0.926333 0.080667 0.080667
0 0.454333 0.689333 0.084667 0.070667
0 0.486 0.756 0.070667 0.058667
0 0.127333 0.44166700000000003 0.097333 0.088667
0 0.204 0.39 0.081333 0.078667
0 0.758667 0.379 0.082667 0.096667
0 0.948333 0.32866700000000004 0.103333 0.113333
0 0.805333 0.493333 0.070667 0.054667
0 0.862333 0.498333 0.068667 0.060667
0 0.873667 0.56 0.087333 0.066667
0 0.935667 0.606 0.068667 0.062667
0 0.941667 0.5303329999999999 0.064667 0.052667
0 0.741667 0.618333 0.060667 0.058
0 0.053667 0.519 0.106 0.114
0 0.856333 0.363333 0.094 0.084
0 0.613667 0.26133300000000004 0.07 0.064
0 0.622 0.399 0.065333 0.062
0 0.259 0.11566699999999996 0.099333 0.108667
0 0.495667 0.04566700000000001 0.088667 0.091333
0 0.081333 0.04833299999999996 0.108 0.086
0 0.195667 0.170667 0.086 0.089333
0 0.117333 0.20366700000000004 0.096 0.076667
0 0.349333 0.32466700000000004 0.070667 0.066667
0 0.323333 0.08199999999999996 0.082667 0.108
2 0.035 0.878 0.068667 0.113333
2 0.333667 0.963667 0.144667 0.071333
2 0.767667 0.051000000000000045 0.134 0.102
