2 0.916 0.096333 0.116 0.120667
3 0.7416670000000001 0.181667 0.042 0.042
2 0.798 0.231 0.118667 0.108667
2 0.865333 0.305 0.118667 0.131333
2 0.7030000000000001 0.260667 0.075333 0.064
3 0.526 0.078 0.061333 0.076
2 0.45466700000000004 0.062667 0.044 0.042667
2 0.376667 0.149667 0.138667 0.144667
2 0.421667 0.211667 0.096667 0.114
2 0.28500000000000003 0.234667 0.078 0.08
2 0.360333 0.293667 0.092667 0.107333
2 0.5243329999999999 0.176667 0.108667 0.126667
2 0.576667 0.250667 0.068 0.066667
3 0.471333 0.291667 0.093333 0.103333
2 0.643 0.347 0.126 0.156667
3 0.519667 0.385667 0.046 0.052667
2 0.42533299999999996 0.393333 0.109333 0.101333
2 0.348333 0.425667 0.119333 0.103333
2 0.277 0.364 0.127333 0.142667
2 0.27 0.469 0.076 0.078
2 0.487 0.481667 0.134 0.131333
3 0.45299999999999996 0.552333 0.051333 0.051333
2 0.633667 0.492 0.135333 0.126667
3 0.971 0.482333 0.052667 0.055333
3 0.841333 0.477333 0.149333 0.112
3 0.9083330000000001 0.535667 0.072667 0.066
2 0.340333 0.535 0.107333 0.088667
2 0.38333300000000003 0.585667 0.098667 0.126
2 0.363 0.697 0.138 0.142
2 0.301667 0.62 0.036667 0.038667
2 0.453333 0.649667 0.064 0.063333
2 0.531333 0.618333 0.125333 0.111333
2 0.834667 0.586333 0.142667 0.138
2 0.951 0.594667 0.092667 0.092
2 0.954 0.716667 0.090667 0.121333
2 0.876667 0.739333 0.072 0.08
2 0.721 0.712 0.083333 0.086667
3 0.765667 0.656333 0.067333 0.080667
2 0.683333 0.639333 0.108 0.097333
2 0.648333 0.737667 0.15 0.140667
2 0.708 0.802 0.064 0.073333
2 0.796333 0.773333 0.106 0.145333
2 0.813667 0.903 0.088667 0.091333
3 0.629 0.85 0.080667 0.082667
3 0.525667 0.736 0.084667 0.094667
3 0.46599999999999997 0.818333 0.077333 0.079333
2 0.5263329999999999 0.871 0.071333 0.096667
2 0.583333 0.935333 0.1 0.113333
3 0.880333 0.963333 0.075333 0.073333
2 0.318333 0.944 0.111333 0.112
2 0.253 0.865667 0.152667 0.17
2 0.205333 0.808333 0.113333 0.124667
2 0.13933300000000004 0.850667 0.054667 0.06
2 0.097333 0.938 0.136 0.124
2 0.14533300000000005 0.733 0.109333 0.098
2 0.08166700000000005 0.798 0.122 0.102667
2 0.059667000000000026 0.631 0.11 0.09
2 0.09666699999999995 0.558 0.108 0.089333
2 0.16233299999999995 0.489 0.087333 0.083333
2 0.11433300000000002 0.432333 0.046 0.036667
2 0.221333 0.583667 0.137333 0.167333
2 0.20066700000000004 0.42 0.072 0.066667
2 0.20999999999999996 0.283667 0.082667 0.091333
2 0.145667 0.359667 0.122 0.135333
2 0.07666700000000004 0.295 0.066667 0.079333
2 0.03533299999999995 0.370667 0.070667 0.116
2 0.142667 0.248667 0.108 0.085333
2 0.256 0.098667 0.106667 0.148
2 0.15933299999999995 0.110667 0.085333 0.116
2 0.10499999999999998 0.192 0.102 0.096
0 0.718 0.337667 0.113333 0.103333
0 0.935333 0.341 0.104 0.11
0 0.554 0.336667 0.102667 0.118667
0 0.806333 0.412 0.118 0.092
0 0.517667 0.551333 0.095333 0.090667
0 0.6639999999999999 0.577333 0.113333 0.102667
0 0.601667 0.615667 0.072667 0.115333
0 0.560667 0.677333 0.061333 0.053333
0 0.421667 0.741667 0.136667 0.120667
0 0.71 0.883 0.078667 0.075333
0 0.94 0.883667 0.118667 0.120667
0 0.362 0.818 0.114667 0.118667
0 0.057667000000000024 0.878333 0.068667 0.074
2 0.656667 0.072 0.142667 0.142667
3 0.955667 0.171333 0.087333 0.098667
3 0.745333 0.952667 0.106667 0.094667
2 0.03833299999999995 0.73 0.071333 0.114667
3 0.037667000000000006 0.223667 0.075333 0.168667
