2 0.906333 0.026 0.064667 0.050667
2 0.929 0.078333 0.088667 0.091333
2 0.978333 0.171667 0.042 0.07
2 0.928 0.166 0.077333 0.096
2 0.839333 0.076667 0.109333 0.1
2 0.734333 0.082333 0.091333 0.092667
2 0.832 0.155 0.108 0.107333
2 0.788333 0.178667 0.035333 0.038667
2 0.727 0.164 0.100667 0.130667
2 0.644 0.163333 0.074667 0.081333
2 0.560667 0.156667 0.089333 0.110667
2 0.507667 0.203333 0.080667 0.090667
2 0.40833299999999995 0.218333 0.098 0.106
2 0.381 0.128667 0.144667 0.097333
2 0.31366700000000003 0.203667 0.098 0.108667
2 0.280667 0.293333 0.121333 0.110667
2 0.28200000000000003 0.375667 0.077333 0.062
2 0.383 0.346667 0.132667 0.156
2 0.43533299999999997 0.432333 0.112 0.107333
2 0.5303329999999999 0.425 0.075333 0.082
2 0.496 0.338667 0.12 0.161333
2 0.607333 0.32 0.124 0.112
2 0.610333 0.235333 0.13 0.098667
2 0.757 0.246667 0.13 0.108
2 0.847333 0.27 0.093333 0.125333
2 0.814667 0.289667 0.033333 0.042
2 0.907333 0.335333 0.133333 0.106667
2 0.734667 0.364667 0.130667 0.129333
3 0.634667 0.389 0.073333 0.063333
2 0.892333 0.433 0.106 0.126
2 0.801333 0.442667 0.085333 0.129333
2 0.7066669999999999 0.477333 0.122667 0.112
2 0.625 0.497 0.107333 0.152667
2 0.525 0.527667 0.108667 0.132667
2 0.430667 0.548333 0.092 0.13
2 0.348 0.556 0.073333 0.085333
2 0.333333 0.671 0.130667 0.144667
2 0.25733300000000003 0.597 0.113333 0.139333
2 0.884333 0.51 0.047333 0.038667
2 0.904667 0.553667 0.102667 0.106
2 0.8069999999999999 0.546 0.120667 0.102667
2 0.720333 0.575 0.086 0.080667
2 0.551667 0.626333 0.13 0.119333
2 0.593667 0.717 0.142 0.128667
2 0.699667 0.665333 0.119333 0.117333
2 0.817667 0.663333 0.135333 0.133333
2 0.9123330000000001 0.654 0.098 0.114667
2 0.782333 0.762667 0.123333 0.1
2 0.655667 0.794667 0.142 0.124
3 0.870667 0.828667 0.108 0.133333
2 0.778667 0.877333 0.122667 0.133333
3 0.896667 0.932667 0.081333 0.072
3 0.5283329999999999 0.939333 0.079333 0.082667
2 0.374667 0.881 0.144 0.162
3 0.261 0.787333 0.067333 0.085333
2 0.46666700000000005 0.748 0.125333 0.154667
2 0.23733300000000002 0.693667 0.084 0.095333
2 0.164667 0.7 0.061333 0.072
3 0.07433299999999998 0.606333 0.148667 0.112667
2 0.15000000000000002 0.509 0.110667 0.100667
3 0.253 0.476 0.083333 0.086667
2 0.04700000000000004 0.503667 0.094 0.088667
2 0.256 0.149667 0.109333 0.103333
2 0.21499999999999997 0.222 0.087333 0.101333
2 0.10999999999999999 0.196 0.16 0.145333
2 0.14733300000000005 0.296 0.148 0.145333
2 0.05833299999999997 0.399667 0.116667 0.119333
2 0.17533299999999996 0.417 0.124 0.108667
2 0.22699999999999998 0.026333 0.066 0.051333
2 0.6473329999999999 0.074 0.077333 0.084
2 0.532 0.059 0.152 0.116667
0 0.337333 0.470667 0.082667 0.117333
0 0.612333 0.864333 0.083333 0.064667
0 0.533667 0.841667 0.099333 0.135333
0 0.599 0.918 0.080667 0.086667
0 0.05466700000000002 0.798 0.098667 0.101333
0 0.227333 0.927333 0.101333 0.109333
0 0.29800000000000004 0.915333 0.105333 0.133333
0 0.159667 0.945333 0.083333 0.109333
0 0.15600000000000003 0.792 0.078667 0.113333
0 0.375 0.778667 0.104667 0.078667
0 0.251667 0.077 0.112667 0.068667
0 0.792667 0.038 0.104 0.074667
0 0.440333 0.648333 0.098 0.076667
2 0.957 0.255 0.084667 0.096667
2 0.973333 0.426667 0.052 0.088
2 0.955667 0.829667 0.087333 0.127333
2 0.43500000000000005 0.942667 0.116667 0.114667
