2 0.906 0.282667 0.182667 0.196
2 0.834667 0.235667 0.128 0.156667
1 0.750333 0.203667 0.11 0.134
1 0.6599999999999999 0.078 0.188 0.152
1 0.6533329999999999 0.177667 0.092 0.086
2 0.651 0.286 0.174 0.16
1 0.748 0.315333 0.081333 0.073333
2 0.75 0.475 0.14 0.142
1 0.892 0.547333 0.108 0.133333
2 0.809333 0.588 0.130667 0.138667
2 0.801333 0.685667 0.125333 0.094
1 0.5640000000000001 0.200333 0.1 0.108667
1 0.648667 0.419667 0.126667 0.104667
1 0.641 0.511667 0.126 0.104667
2 0.5549999999999999 0.487333 0.062 0.06
2 0.6433329999999999 0.607333 0.122667 0.104
2 0.636667 0.709667 0.153333 0.116667
2 0.631667 0.770333 0.052667 0.047333
2 0.527667 0.751 0.068667 0.072667
2 0.532333 0.661667 0.132667 0.118
2 0.5469999999999999 0.565667 0.111333 0.120667
2 0.5609999999999999 0.394667 0.112667 0.126667
2 0.47166699999999995 0.148667 0.112667 0.116
1 0.473 0.251 0.180667 0.114
1 0.46199999999999997 0.346667 0.18 0.116
2 0.45799999999999996 0.448333 0.112 0.098
2 0.44066700000000003 0.548 0.112 0.114667
3 0.434667 0.629667 0.06 0.051333
2 0.44399999999999995 0.710333 0.116 0.104667
2 0.392667 0.09 0.056 0.058667
1 0.379667 0.170667 0.100667 0.102667
1 0.367333 0.277667 0.106667 0.107333
2 0.29333299999999995 0.21 0.097333 0.129333
2 0.31499999999999995 0.083333 0.096667 0.129333
2 0.218333 0.1 0.123333 0.194667
2 0.11399999999999999 0.069333 0.098667 0.12
2 0.13966699999999999 0.178333 0.088667 0.100667
1 0.059667000000000026 0.126333 0.100667 0.074
2 0.20999999999999996 0.255 0.090667 0.116667
2 0.11266699999999996 0.291 0.104 0.103333
2 0.04166700000000001 0.311 0.055333 0.064667
2 0.10733300000000001 0.386333 0.126667 0.104667
2 0.19199999999999995 0.448333 0.105333 0.11
2 0.281667 0.378333 0.176667 0.179333
2 0.35366699999999995 0.471333 0.103333 0.104
2 0.34099999999999997 0.662667 0.092667 0.089333
2 0.261667 0.707 0.094 0.134
2 0.33766700000000005 0.575667 0.112667 0.114
2 0.046667000000000014 0.209333 0.093333 0.113333
2 0.09666699999999995 0.480667 0.124 0.108
2 0.09966699999999995 0.576333 0.106 0.075333
2 0.19966700000000004 0.552667 0.142 0.112
2 0.19633299999999998 0.636333 0.100667 0.084667
2 0.08199999999999996 0.666667 0.136 0.112
2 0.07133299999999998 0.776 0.130667 0.132
2 0.17333299999999996 0.737667 0.093333 0.102
2 0.14633300000000005 0.852 0.122 0.116
2 0.136 0.938667 0.097333 0.08
2 0.244 0.802667 0.090667 0.074667
2 0.26433300000000004 0.893 0.160667 0.116667
2 0.33699999999999997 0.757333 0.100667 0.101333
2 0.44599999999999995 0.811 0.142667 0.111333
2 0.430667 0.89 0.08 0.068
2 0.43733299999999997 0.954333 0.058667 0.055333
2 0.511333 0.886333 0.065333 0.074
2 0.691333 0.816 0.076 0.054667
2 0.726333 0.743333 0.102 0.125333
2 0.795 0.843 0.088667 0.078
2 0.872 0.748667 0.128 0.112
2 0.878333 0.844 0.099333 0.092
0 0.594 0.931 0.157333 0.138
0 0.05600000000000005 0.925 0.110667 0.15
0 0.744333 0.922 0.171333 0.156
0 0.915667 0.935 0.167333 0.13
0 0.877667 0.416667 0.099333 0.102667
0 0.814333 0.459 0.064667 0.099333
0 0.782667 0.765 0.058667 0.068667
1 0.790333 0.075667 0.184667 0.15
1 0.938 0.655 0.122667 0.139333
1 0.539667 0.062667 0.158 0.124
