2 0.124333 0.881667 0.114 0.119333
2 0.192 0.916333 0.08 0.123333
2 0.264 0.900333 0.102667 0.112667
2 0.220667 0.788333 0.12 0.102
2 0.15 0.673 0.196 0.163333
2 0.167667 0.5700000000000001 0.094 0.069333
2 0.088 0.476333 0.158667 0.15
2 0.096333 0.35 0.152667 0.113333
2 0.243333 0.291667 0.146667 0.127333
2 0.267667 0.394667 0.167333 0.104
1 0.255667 0.613667 0.058 0.060667
2 0.273 0.515667 0.17 0.144667
2 0.344 0.640667 0.161333 0.124
2 0.457333 0.656 0.06 0.048
2 0.344 0.7396670000000001 0.1 0.104667
2 0.363667 0.882333 0.096667 0.107333
2 0.466 0.907667 0.081333 0.168667
2 0.447 0.7476670000000001 0.103333 0.126
2 0.416667 0.544 0.121333 0.141333
2 0.372 0.427667 0.056 0.056667
2 0.394 0.328333 0.157333 0.134
2 0.261 0.714333 0.071333 0.075333
2 0.464333 0.433667 0.159333 0.114
2 0.525333 0.555667 0.092 0.140667
2 0.588667 0.950333 0.133333 0.098
3 0.545 0.856 0.084667 0.048
2 0.552 0.77 0.113333 0.109333
2 0.583 0.665333 0.116667 0.102667
2 0.605667 0.5569999999999999 0.107333 0.111333
2 0.597333 0.371 0.16 0.136667
2 0.705 0.372 0.07 0.058667
2 0.778333 0.495333 0.076667 0.098667
2 0.773 0.599 0.122 0.076667
2 0.697333 0.681 0.124 0.17
2 0.802333 0.7006669999999999 0.108667 0.126667
2 0.737667 0.81 0.155333 0.110667
2 0.834667 0.807667 0.038667 0.043333
3 0.879667 0.716 0.078 0.082667
2 0.762 0.925667 0.174667 0.126
2 0.872 0.23733300000000002 0.134667 0.114667
2 0.777333 0.11033300000000001 0.070667 0.074
2 0.763 0.21166700000000005 0.059333 0.062
2 0.677667 0.18100000000000005 0.127333 0.139333
2 0.684 0.06766700000000003 0.074667 0.080667
2 0.604 0.05266700000000002 0.073333 0.084
2 0.576333 0.19999999999999996 0.042 0.048
2 0.469 0.138 0.139333 0.122667
2 0.506333 0.039000000000000035 0.082 0.078
2 0.393333 0.20033299999999998 0.142667 0.120667
2 0.256667 0.089333 0.154667 0.178667
3 0.143 0.05933299999999997 0.083333 0.110667
2 0.075333 0.159667 0.146667 0.15
2 0.928667 0.926333 0.122667 0.146
2 0.874667 0.533667 0.101333 0.126
2 0.887667 0.440333 0.055333 0.059333
3 0.919 0.36766699999999997 0.162 0.164667
2 0.875333 0.11566699999999996 0.144 0.144667
0 0.704 0.472 0.094667 0.090667
0 0.582667 0.13666699999999998 0.098667 0.070667
0 0.205333 0.20133299999999998 0.074667 0.082667
0 0.625 0.816333 0.075333 0.07
0 0.907667 0.798667 0.074 0.108
2 0.052 0.768667 0.102667 0.156
2 0.382667 0.945667 0.110667 0.107333
2 0.938333 0.632667 0.123333 0.136
