2 0.942 0.873333 0.092 0.106667
2 0.858 0.863667 0.097333 0.091333
2 0.853 0.928333 0.09 0.067333
2 0.781 0.918 0.07 0.078667
2 0.757 0.860667 0.068667 0.065333
2 0.6906669999999999 0.933333 0.109333 0.129333
2 0.620333 0.887 0.044667 0.052667
2 0.5513330000000001 0.95 0.12 0.098667
2 0.41333299999999995 0.949 0.12 0.100667
2 0.29700000000000004 0.940667 0.040667 0.041333
2 0.667333 0.838 0.056 0.056
2 0.5493330000000001 0.825333 0.170667 0.174667
2 0.558333 0.6930000000000001 0.071333 0.07
2 0.619667 0.771667 0.078 0.092667
2 0.824667 0.797333 0.069333 0.073333
2 0.729333 0.786667 0.136 0.144
2 0.667667 0.7010000000000001 0.144667 0.107333
2 0.661333 0.626 0.08 0.077333
3 0.755667 0.644 0.066 0.053333
2 0.962667 0.689333 0.073333 0.108
2 0.881667 0.720333 0.111333 0.099333
2 0.848 0.658667 0.101333 0.093333
2 0.9033329999999999 0.588333 0.110667 0.119333
2 0.8140000000000001 0.5736669999999999 0.086667 0.102
2 0.711333 0.568667 0.142667 0.132
2 0.614333 0.5429999999999999 0.060667 0.056667
2 0.5333330000000001 0.5393330000000001 0.082667 0.064
2 0.24433300000000002 0.845333 0.062 0.078667
2 0.331333 0.807667 0.164 0.143333
2 0.26633300000000004 0.719333 0.063333 0.073333
2 0.351333 0.709333 0.112 0.072
2 0.516 0.617333 0.062667 0.06
2 0.42533299999999996 0.509333 0.066667 0.06
2 0.41200000000000003 0.6186670000000001 0.176 0.166667
2 0.30333299999999996 0.626667 0.058667 0.062667
2 0.295667 0.540667 0.13 0.161333
2 0.638667 0.497333 0.062667 0.046667
2 0.841 0.487 0.067333 0.07
2 0.919333 0.46299999999999997 0.093333 0.079333
2 0.749 0.470333 0.118 0.104667
1 0.798667 0.39133300000000004 0.113333 0.108
2 0.376 0.408667 0.061333 0.061333
2 0.540333 0.474333 0.088667 0.075333
2 0.557667 0.423667 0.111333 0.092667
2 0.47766699999999995 0.38633300000000004 0.120667 0.138
1 0.421667 0.32399999999999995 0.104667 0.12
2 0.677333 0.40833299999999995 0.084 0.084667
2 0.897333 0.338333 0.169333 0.167333
2 0.955667 0.257 0.083333 0.075333
2 0.26333300000000004 0.373 0.086667 0.114
1 0.32166700000000004 0.32466700000000004 0.11 0.110667
1 0.534667 0.29400000000000004 0.124 0.146667
2 0.614333 0.342333 0.098 0.100667
2 0.708 0.33999999999999997 0.106667 0.112
1 0.7436670000000001 0.24866699999999997 0.135333 0.172
2 0.642667 0.25433300000000003 0.077333 0.079333
2 0.5716669999999999 0.20299999999999996 0.046 0.048667
1 0.613333 0.10799999999999998 0.164 0.190667
2 0.6970000000000001 0.05266700000000002 0.072667 0.097333
2 0.759 0.090333 0.103333 0.099333
2 0.825667 0.16500000000000004 0.152667 0.179333
2 0.958 0.02100000000000002 0.046667 0.038
2 0.46499999999999997 0.21666700000000005 0.103333 0.096
2 0.390667 0.21499999999999997 0.064 0.104667
2 0.416667 0.245 0.046667 0.047333
2 0.32399999999999995 0.23266699999999996 0.104 0.1
2 0.24333300000000002 0.24 0.073333 0.097333
2 0.306667 0.151667 0.114667 0.078
2 0.518 0.08599999999999997 0.049333 0.052
2 0.49166699999999997 0.14100000000000001 0.108667 0.120667
2 0.397 0.09466699999999995 0.122 0.145333
1 0.29800000000000004 0.07066700000000004 0.116 0.104
2 0.21366700000000005 0.123 0.098 0.102
2 0.158667 0.20899999999999996 0.161333 0.174
2 0.17033299999999996 0.058667000000000025 0.114 0.116
2 0.10066699999999995 0.032332999999999945 0.045333 0.064667
2 0.03966700000000001 0.09299999999999997 0.063333 0.086
2 0.08366700000000005 0.11433300000000002 0.075333 0.058
2 0.09766699999999995 0.14900000000000002 0.052667 0.067333
2 0.19299999999999995 0.30733299999999997 0.063333 0.058667
2 0.09066700000000005 0.283667 0.072 0.055333
2 0.053332999999999964 0.231333 0.078667 0.088
2 0.169667 0.40033300000000005 0.13 0.135333
2 0.10533300000000001 0.36766699999999997 0.098667 0.111333
2 0.05566700000000002 0.42700000000000005 0.066 0.063333
2 0.216333 0.522667 0.043333 0.058667
2 0.221333 0.603667 0.074667 0.11
2 0.10466699999999995 0.511 0.165333 0.120667
2 0.04966700000000002 0.588667 0.052667 0.045333
2 0.032332999999999945 0.548 0.048667 0.041333
2 0.12133300000000002 0.618333 0.14 0.138
2 0.19199999999999995 0.6779999999999999 0.084 0.08
2 0.14500000000000002 0.725 0.043333 0.038
2 0.09966699999999995 0.786333 0.111333 0.118
2 0.16133299999999995 0.8526670000000001 0.088 0.078667
2 0.23399999999999999 0.925 0.098667 0.087333
2 0.13166699999999998 0.937667 0.091333 0.086
0 0.886 0.07166700000000004 0.133333 0.119333
0 0.44266700000000003 0.8376669999999999 0.102667 0.131333
0 0.05400000000000005 0.834 0.108 0.121333
0 0.7763329999999999 0.973667 0.084667 0.051333
0 0.494333 0.6739999999999999 0.064667 0.058667
0 0.252667 0.980333 0.056 0.038
0 0.632667 0.436667 0.066667 0.073333
2 0.946333 0.15033300000000005 0.106 0.155333
2 0.030667 0.33699999999999997 0.061333 0.112667
2 0.04166700000000001 0.944 0.083333 0.110667
