3 0.926667 0.287 0.142667 0.139333
2 0.943 0.474333 0.111333 0.118
3 0.942 0.58 0.104 0.086667
2 0.936333 0.700667 0.123333 0.134667
2 0.827667 0.671333 0.104667 0.126667
2 0.847667 0.553333 0.096667 0.096
2 0.833333 0.433333 0.149333 0.129333
2 0.778667 0.332 0.116 0.125333
2 0.8160000000000001 0.231333 0.102667 0.108
3 0.789667 0.115 0.114 0.116667
2 0.673 0.098 0.116667 0.168
2 0.7030000000000001 0.200333 0.072667 0.066
2 0.6823330000000001 0.29 0.120667 0.116
2 0.7336670000000001 0.53 0.111333 0.126667
2 0.742333 0.640667 0.076667 0.097333
2 0.639 0.617667 0.108667 0.103333
2 0.6313329999999999 0.717 0.088 0.086
2 0.6226670000000001 0.491333 0.113333 0.12
2 0.569 0.261333 0.095333 0.129333
2 0.597 0.073 0.064667 0.088667
2 0.533667 0.686333 0.088667 0.099333
2 0.47566699999999995 0.227333 0.09 0.086667
2 0.519667 0.058 0.080667 0.113333
2 0.473333 0.133667 0.092 0.083333
2 0.34299999999999997 0.103667 0.116667 0.108667
2 0.402667 0.316333 0.129333 0.11
2 0.39333300000000004 0.514667 0.206667 0.218667
2 0.396 0.66 0.169333 0.12
2 0.42000000000000004 0.742667 0.086667 0.072
2 0.21399999999999997 0.070667 0.16 0.121333
2 0.24133300000000002 0.175 0.126667 0.106
2 0.10799999999999998 0.042667 0.090667 0.084
2 0.147667 0.249667 0.138 0.175333
2 0.263667 0.304333 0.162 0.122
2 0.259667 0.406667 0.168667 0.090667
2 0.252 0.516 0.117333 0.128
2 0.20466700000000004 0.608667 0.114667 0.113333
2 0.11666699999999997 0.569333 0.134667 0.173333
2 0.15400000000000003 0.451 0.109333 0.127333
2 0.08366700000000005 0.755 0.132667 0.122
2 0.07699999999999996 0.879 0.144667 0.126
2 0.21166700000000005 0.802333 0.132667 0.17
2 0.32466700000000004 0.845 0.121333 0.155333
2 0.272 0.957667 0.084 0.064667
2 0.518 0.786 0.090667 0.098667
2 0.447333 0.868333 0.126667 0.142
2 0.593 0.813333 0.079333 0.092
2 0.579 0.910333 0.098 0.106
2 0.9299999999999999 0.812667 0.084 0.086667
2 0.808 0.787 0.144 0.118
2 0.889 0.906333 0.160667 0.144667
2 0.6950000000000001 0.948667 0.135333 0.094667
2 0.683333 0.837333 0.110667 0.126667
2 0.352333 0.751333 0.05 0.056
0 0.495333 0.320333 0.092 0.072667
0 0.468333 0.468333 0.083333 0.071333
0 0.5493330000000001 0.584333 0.085333 0.099333
0 0.089333 0.304667 0.076 0.064
0 0.13266699999999998 0.382333 0.057333 0.07
0 0.09199999999999997 0.192333 0.113333 0.108667
0 0.04266700000000001 0.633333 0.085333 0.073333
0 0.169667 0.729667 0.082 0.07
0 0.374333 0.396 0.079333 0.065333
0 0.269667 0.680667 0.079333 0.070667
0 0.548 0.145333 0.069333 0.089333
2 0.937333 0.159 0.124 0.162
2 0.820333 0.042 0.138 0.082667
2 0.424667 0.052 0.118667 0.102667
2 0.440333 0.957333 0.183333 0.085333
