2 0.9123330000000001 0.128333 0.132667 0.159333
2 0.9 0.291 0.152 0.131333
2 0.764667 0.306 0.128 0.069333
2 0.778667 0.224667 0.146667 0.104
2 0.777333 0.122 0.132 0.117333
2 0.757667 0.512 0.216667 0.170667
2 0.926 0.634667 0.085333 0.144
2 0.8240000000000001 0.644667 0.152 0.157333
2 0.777333 0.733 0.142667 0.11
2 0.705667 0.641667 0.119333 0.136667
2 0.894 0.42 0.097333 0.102667
2 0.6393329999999999 0.174333 0.12 0.127333
2 0.519667 0.195333 0.158 0.169333
2 0.505333 0.075 0.086667 0.088667
3 0.5876669999999999 0.462333 0.13 0.143333
2 0.47766699999999995 0.492333 0.119333 0.122
2 0.46466700000000005 0.396 0.118667 0.089333
2 0.39733300000000005 0.379333 0.069333 0.069333
2 0.485333 0.315667 0.101333 0.083333
2 0.39833300000000005 0.193333 0.098 0.146667
2 0.603333 0.633333 0.136 0.157333
2 0.560333 0.724333 0.080667 0.072667
2 0.508667 0.623 0.114667 0.140667
2 0.46799999999999997 0.717 0.118667 0.102
2 0.401 0.622 0.119333 0.124
3 0.36166699999999996 0.719667 0.122 0.112667
2 0.41200000000000003 0.073333 0.114667 0.121333
2 0.291667 0.048667 0.132667 0.096
2 0.273667 0.139333 0.160667 0.116
2 0.20366700000000004 0.275667 0.082 0.099333
2 0.30000000000000004 0.246 0.158667 0.108
2 0.30000000000000004 0.354 0.141333 0.126667
2 0.30000000000000004 0.467333 0.124 0.126667
2 0.19233299999999998 0.465 0.119333 0.151333
2 0.11399999999999999 0.370333 0.153333 0.116667
2 0.12833300000000003 0.163667 0.079333 0.071333
2 0.10933300000000001 0.248333 0.108 0.127333
2 0.226333 0.609333 0.102 0.112
2 0.13266699999999998 0.599 0.113333 0.132667
3 0.04166700000000001 0.591333 0.083333 0.110667
2 0.09266700000000005 0.478 0.093333 0.116
3 0.17700000000000005 0.716667 0.120667 0.12
2 0.06166700000000003 0.711667 0.122 0.131333
2 0.10899999999999999 0.814333 0.116667 0.102
3 0.10099999999999998 0.897667 0.080667 0.072667
2 0.17100000000000004 0.899 0.059333 0.058
2 0.246 0.902333 0.093333 0.136667
2 0.33499999999999996 0.908667 0.118 0.145333
3 0.302667 0.803333 0.12 0.128
2 0.42900000000000005 0.804667 0.156667 0.124
2 0.45199999999999996 0.909667 0.122667 0.112667
2 0.540333 0.901 0.058 0.087333
2 0.618 0.925333 0.122667 0.125333
2 0.62 0.823667 0.132 0.116667
2 0.740333 0.846333 0.143333 0.119333
3 0.728667 0.945667 0.121333 0.108667
2 0.828333 0.939 0.111333 0.100667
2 0.9103330000000001 0.949667 0.068667 0.056667
0 0.30700000000000005 0.627 0.092667 0.112667
0 0.19699999999999995 0.811 0.099333 0.088667
0 0.6333329999999999 0.730333 0.090667 0.072667
0 0.8566670000000001 0.795667 0.113333 0.103333
0 0.7090000000000001 0.382667 0.088667 0.117333
0 0.583 0.317 0.123333 0.119333
0 0.913 0.851333 0.100667 0.117333
0 0.802333 0.392667 0.118 0.113333
0 0.388 0.549 0.089333 0.087333
0 0.969 0.872 0.060667 0.088
2 0.6703330000000001 0.070667 0.103333 0.14
2 0.7893330000000001 0.033667 0.114667 0.066
2 0.10166699999999995 0.060667 0.120667 0.12
2 0.18666700000000003 0.053 0.112 0.103333
2 0.04733299999999996 0.301667 0.094667 0.138
3 0.04200000000000004 0.123667 0.084 0.132667
