2 0.066667 0.8586670000000001 0.112 0.136
2 0.158667 0.948333 0.085333 0.088667
2 0.157 0.847333 0.123333 0.169333
2 0.104667 0.720333 0.114667 0.132667
2 0.114667 0.560667 0.169333 0.174667
2 0.046 0.460333 0.088 0.103333
2 0.065333 0.362 0.125333 0.117333
2 0.135333 0.361 0.054667 0.054
2 0.087667 0.272667 0.096667 0.092
2 0.227333 0.29800000000000004 0.086667 0.085333
2 0.226 0.38233300000000003 0.121333 0.116667
2 0.201667 0.495 0.123333 0.116667
2 0.195667 0.69 0.091333 0.098667
2 0.246333 0.958333 0.107333 0.080667
2 0.257333 0.859333 0.116 0.137333
2 0.263 0.760667 0.083333 0.102667
2 0.283333 0.652667 0.1 0.092
2 0.290333 0.558 0.112667 0.1
2 0.295 0.45799999999999996 0.115333 0.110667
2 0.306 0.262667 0.085333 0.108
2 0.374333 0.632 0.056667 0.046667
2 0.380667 0.538667 0.094667 0.112
2 0.451333 0.6639999999999999 0.068 0.069333
2 0.347 0.909333 0.076667 0.089333
1 0.367 0.821667 0.114 0.083333
2 0.355333 0.728333 0.142667 0.132667
2 0.442 0.919667 0.122667 0.148667
2 0.445 0.839 0.039333 0.05
2 0.444333 0.756667 0.083333 0.112
2 0.467333 0.5549999999999999 0.106667 0.164667
2 0.596333 0.5489999999999999 0.160667 0.140667
2 0.556333 0.662667 0.11 0.110667
2 0.531 0.866667 0.056667 0.061333
2 0.528 0.767667 0.124 0.158
2 0.596667 0.933667 0.116 0.128667
2 0.662667 0.645667 0.134667 0.156667
2 0.661333 0.781 0.176 0.135333
2 0.748667 0.6743330000000001 0.126667 0.163333
2 0.727333 0.830667 0.044 0.057333
2 0.728 0.914667 0.156 0.169333
2 0.823333 0.954333 0.084 0.088667
2 0.904667 0.938 0.094667 0.121333
2 0.837333 0.797667 0.153333 0.139333
2 0.845333 0.690333 0.081333 0.107333
2 0.766667 0.583 0.142667 0.107333
2 0.748 0.465333 0.201333 0.164
2 0.772 0.38433300000000004 0.073333 0.052667
2 0.886333 0.45899999999999996 0.106 0.111333
2 0.872667 0.573 0.116 0.148667
1 0.928667 0.626333 0.101333 0.131333
2 0.802667 0.29500000000000004 0.133333 0.120667
2 0.885 0.364 0.112667 0.101333
2 0.908 0.269667 0.092 0.091333
2 0.918 0.18533299999999997 0.089333 0.082667
3 0.918 0.08866700000000005 0.089333 0.097333
2 0.839 0.124 0.102 0.088
2 0.814333 0.20166700000000004 0.111333 0.088667
2 0.731667 0.20299999999999996 0.055333 0.056667
2 0.733 0.14500000000000002 0.054 0.047333
2 0.318667 0.165667 0.084 0.088667
2 0.236 0.19433299999999998 0.077333 0.083333
2 0.266333 0.08499999999999996 0.124667 0.116667
2 0.077667 0.170667 0.076667 0.086667
2 0.149 0.22966699999999995 0.104667 0.135333
2 0.161667 0.13366699999999998 0.096667 0.080667
2 0.152 0.05800000000000005 0.116 0.116
0 0.39 0.04966700000000002 0.153333 0.099333
0 0.754333 0.062000000000000055 0.151333 0.124
0 0.833333 0.03866700000000001 0.082667 0.077333
0 0.951667 0.521667 0.072667 0.068667
0 0.966667 0.851 0.066667 0.080667
0 0.641333 0.467333 0.094667 0.097333
2 0.965667 0.428667 0.068667 0.121333
1 0.049667 0.661333 0.098 0.113333
