2 0.72 0.128 0.130667 0.129333
3 0.586333 0.042 0.119333 0.082667
2 0.606333 0.124 0.144667 0.129333
2 0.633 0.215333 0.118 0.105333
3 0.752667 0.216667 0.12 0.097333
2 0.847 0.314667 0.088667 0.117333
2 0.790333 0.321667 0.043333 0.062
3 0.912 0.282 0.074667 0.088
2 0.729 0.307333 0.103333 0.112
2 0.6313329999999999 0.308667 0.104 0.105333
2 0.756667 0.395667 0.061333 0.062
2 0.846333 0.405333 0.067333 0.062667
2 0.667 0.402 0.132667 0.126667
2 0.532667 0.293333 0.101333 0.118667
2 0.475333 0.228333 0.149333 0.122
3 0.44199999999999995 0.138667 0.124 0.130667
2 0.34866699999999995 0.154 0.069333 0.08
2 0.29533299999999996 0.060667 0.093333 0.113333
3 0.332333 0.270667 0.128667 0.141333
2 0.239 0.292 0.055333 0.069333
3 0.426667 0.327667 0.089333 0.083333
2 0.5389999999999999 0.398 0.127333 0.110667
2 0.794333 0.474 0.140667 0.141333
2 0.6946669999999999 0.485 0.088 0.084667
2 0.639667 0.565 0.080667 0.083333
3 0.6066670000000001 0.489 0.072 0.075333
2 0.51 0.507667 0.118667 0.148667
2 0.417667 0.502333 0.086 0.114
2 0.33999999999999997 0.517667 0.073333 0.076667
3 0.278 0.444667 0.088 0.102667
2 0.548333 0.591 0.091333 0.107333
2 0.909667 0.553667 0.060667 0.059333
2 0.8109999999999999 0.573 0.135333 0.108667
2 0.944667 0.628 0.029333 0.033333
2 0.8009999999999999 0.655667 0.074 0.079333
3 0.881 0.644 0.091333 0.085333
3 0.951 0.706667 0.092667 0.112
3 0.830667 0.714667 0.061333 0.057333
2 0.703333 0.659 0.114667 0.140667
2 0.640333 0.765667 0.143333 0.156667
3 0.538667 0.769333 0.044 0.049333
3 0.452333 0.676333 0.168667 0.179333
3 0.456333 0.787667 0.07 0.074
2 0.35366699999999995 0.74 0.104667 0.124
2 0.26733300000000004 0.715333 0.089333 0.096
2 0.291667 0.814333 0.096667 0.099333
3 0.35566699999999996 0.891333 0.163333 0.149333
2 0.46866699999999994 0.892333 0.056 0.058
3 0.5333330000000001 0.895667 0.084 0.156667
3 0.616333 0.893333 0.083333 0.136
2 0.7110000000000001 0.903333 0.106 0.106667
2 0.816333 0.819667 0.116667 0.182
2 0.927667 0.842 0.104667 0.141333
3 0.882667 0.804667 0.04 0.048
3 0.238 0.566667 0.148 0.146667
2 0.07799999999999996 0.657667 0.081333 0.068667
3 0.145667 0.937333 0.128667 0.121333
2 0.08599999999999997 0.843667 0.129333 0.120667
3 0.04566700000000001 0.949 0.080667 0.102
3 0.18633299999999997 0.482333 0.098 0.096667
3 0.122 0.384667 0.138667 0.136
3 0.12566699999999997 0.286333 0.114 0.080667
3 0.08333299999999999 0.186333 0.130667 0.13
3 0.05800000000000005 0.093333 0.085333 0.090667
3 0.16533299999999995 0.077667 0.148 0.152667
0 0.23866699999999996 0.903 0.074667 0.064667
0 0.834667 0.141333 0.094667 0.089333
0 0.585 0.664667 0.096667 0.113333
0 0.046667000000000014 0.752667 0.086667 0.102667
0 0.35366699999999995 0.62 0.095333 0.113333
0 0.369 0.440333 0.096667 0.076667
0 0.722333 0.803667 0.086 0.087333
0 0.06033299999999997 0.581 0.102 0.087333
0 0.38 0.225333 0.08 0.069333
0 0.28200000000000003 0.160667 0.058667 0.086667
2 0.941333 0.447333 0.116 0.130667
2 0.931333 0.065 0.136 0.128667
2 0.695667 0.042667 0.100667 0.084
3 0.03966700000000001 0.340333 0.079333 0.163333
2 0.810333 0.044667 0.108667 0.088
