2 0.059333 0.086333 0.116 0.148667
3 0.199667 0.124667 0.142 0.144
2 0.088667 0.269 0.138667 0.135333
2 0.214333 0.268667 0.098 0.101333
2 0.279333 0.225 0.106667 0.119333
2 0.312 0.294667 0.054667 0.052
2 0.333 0.168667 0.138 0.153333
2 0.438333 0.201333 0.092667 0.108
2 0.394333 0.303 0.107333 0.122
2 0.325 0.374 0.112667 0.105333
2 0.238333 0.350333 0.111333 0.096667
3 0.137 0.360333 0.091333 0.082
2 0.191333 0.413333 0.08 0.077333
3 0.065 0.415 0.127333 0.112667
2 0.149 0.205 0.080667 0.063333
3 0.745333 0.083667 0.08 0.098
2 0.684 0.163333 0.114667 0.133333
2 0.606333 0.235 0.116667 0.152667
3 0.731667 0.275667 0.092667 0.095333
2 0.665 0.335667 0.127333 0.139333
2 0.529667 0.277 0.102 0.092667
2 0.499667 0.354667 0.126 0.126667
2 0.582333 0.404 0.118 0.16
2 0.711 0.442667 0.131333 0.116
2 0.715333 0.535 0.109333 0.09
3 0.504333 0.488333 0.148667 0.127333
3 0.562 0.572333 0.038667 0.044667
2 0.434667 0.426333 0.148 0.115333
2 0.359667 0.488333 0.158 0.114
2 0.228667 0.491 0.090667 0.083333
2 0.114 0.491333 0.118667 0.116
3 0.172 0.569 0.109333 0.108667
2 0.231333 0.62 0.08 0.096
2 0.291667 0.558667 0.102 0.093333
2 0.411333 0.579667 0.116 0.114
3 0.534667 0.632333 0.049333 0.052667
2 0.656 0.604333 0.193333 0.180667
2 0.728333 0.7 0.114 0.121333
2 0.609 0.749 0.136667 0.152667
3 0.515333 0.700333 0.048 0.043333
3 0.467667 0.665667 0.063333 0.064667
2 0.335667 0.656667 0.152667 0.137333
2 0.074333 0.687667 0.134 0.119333
3 0.245 0.753667 0.048667 0.05
3 0.285333 0.836667 0.069333 0.08
3 0.177333 0.801667 0.108 0.138
3 0.114 0.88 0.112 0.117333
3 0.069 0.803 0.05 0.044667
2 0.343 0.922 0.128667 0.156
2 0.408667 0.843 0.065333 0.071333
2 0.458 0.782 0.110667 0.156
3 0.506667 0.884333 0.088 0.095333
3 0.465333 0.958333 0.038667 0.039333
2 0.558 0.821667 0.105333 0.126
2 0.625333 0.892333 0.093333 0.120667
2 0.701 0.821667 0.084667 0.100667
2 0.775333 0.894 0.088 0.113333
2 0.847333 0.856 0.097333 0.094667
2 0.845 0.952667 0.108667 0.094667
2 0.907333 0.896333 0.077333 0.078
2 0.874333 0.793667 0.114 0.118
2 0.835333 0.696667 0.112 0.124
2 0.861333 0.600667 0.086667 0.074667
2 0.932667 0.535333 0.106667 0.137333
3 0.882 0.449667 0.06 0.048667
2 0.824333 0.507333 0.118 0.106667
2 0.811333 0.370333 0.145333 0.155333
2 0.928 0.283 0.101333 0.09
2 0.937333 0.353 0.125333 0.099333
3 0.822667 0.034333 0.076 0.067333
2 0.805667 0.207333 0.17 0.174667
3 0.888 0.116 0.182667 0.197333
0 0.512333 0.571333 0.120667 0.097333
0 0.452 0.923 0.090667 0.115333
0 0.276 0.921667 0.118667 0.099333
0 0.331 0.746333 0.074 0.058
0 0.043667 0.902 0.084667 0.092
0 0.173333 0.945 0.129333 0.11
0 0.786 0.599667 0.082667 0.100667
2 0.317 0.052667 0.115333 0.104
3 0.548333 0.055667 0.126 0.11
2 0.714667 0.952333 0.133333 0.095333
2 0.957333 0.954667 0.085333 0.088
2 0.959667 0.834667 0.080667 0.172
3 0.955667 0.069 0.087333 0.136667
