2 0.35566699999999996 0.267667 0.155333 0.151333
2 0.025000000000000022 0.412 0.046 0.046667
3 0.165667 0.295 0.075333 0.064667
2 0.255 0.192 0.116667 0.129333
2 0.13866699999999998 0.201667 0.108 0.120667
3 0.04833299999999996 0.208667 0.087333 0.117333
0 0.694333 0.568667 0.460667 0.462667
0 0.220333 0.870667 0.362 0.230667
0 0.23566699999999996 0.603 0.226 0.175333
0 0.320333 0.670667 0.271333 0.189333
0 0.10633300000000001 0.498 0.182 0.196
0 0.264 0.420333 0.262667 0.23
0 0.35166699999999995 0.159667 0.083333 0.076667
0 0.35066699999999995 0.076 0.06 0.066667
0 0.573 0.093 0.060667 0.060667
0 0.486 0.163667 0.06 0.056667
0 0.473 0.28 0.111333 0.090667
0 0.683 0.251667 0.143333 0.135333
0 0.554667 0.218 0.089333 0.125333
0 0.661 0.129 0.076667 0.099333
0 0.790667 0.215 0.081333 0.078
0 0.45566700000000004 0.404333 0.055333 0.071333
0 0.914 0.113667 0.114667 0.119333
0 0.852333 0.064333 0.082 0.095333
0 0.764333 0.112667 0.079333 0.092
0 0.564667 0.319 0.06 0.071333
0 0.883 0.209333 0.083333 0.064
0 0.965 0.206 0.068667 0.068
0 0.10633300000000001 0.119 0.119333 0.082
