3 0.154333 0.872 0.058 0.042667
2 0.158 0.725333 0.124 0.125333
2 0.132667 0.589 0.122667 0.139333
2 0.12 0.477 0.085333 0.088667
2 0.213 0.5 0.112667 0.110667
2 0.242667 0.6206670000000001 0.133333 0.153333
2 0.349667 0.655 0.120667 0.120667
3 0.219333 0.822667 0.070667 0.084
2 0.31 0.852 0.134667 0.192
2 0.436667 0.89 0.125333 0.110667
2 0.405 0.560333 0.171333 0.155333
2 0.126 0.310667 0.08 0.072
2 0.240333 0.32599999999999996 0.174 0.189333
2 0.330333 0.33066700000000004 0.067333 0.078667
2 0.302667 0.42600000000000005 0.072 0.084
2 0.445 0.37733300000000003 0.052667 0.032
2 0.430333 0.33199999999999996 0.091333 0.088
2 0.388333 0.42333299999999996 0.107333 0.12
2 0.487333 0.676667 0.122667 0.081333
2 0.509 0.587 0.087333 0.088667
2 0.524667 0.45366700000000004 0.149333 0.111333
2 0.544667 0.352 0.134667 0.104
2 0.549667 0.29000000000000004 0.044667 0.037333
2 0.488 0.800667 0.192 0.162667
2 0.633333 0.808 0.129333 0.154667
2 0.660333 0.9410000000000001 0.128667 0.112667
2 0.622 0.503333 0.128 0.130667
2 0.684 0.625667 0.137333 0.140667
2 0.727333 0.398667 0.142667 0.150667
2 0.837667 0.429667 0.098 0.094
2 0.812667 0.874 0.116 0.089333
2 0.791 0.958 0.135333 0.082667
2 0.835333 0.784667 0.190667 0.134667
2 0.838 0.671 0.2 0.128667
2 0.802667 0.538667 0.177333 0.114667
2 0.845667 0.27 0.172667 0.190667
2 0.816667 0.136 0.181333 0.170667
2 0.667667 0.12566699999999997 0.114 0.108667
2 0.642 0.23533300000000001 0.158667 0.114667
2 0.585 0.17633299999999996 0.112667 0.122
2 0.485333 0.17200000000000004 0.110667 0.148
2 0.469333 0.06566700000000003 0.090667 0.071333
2 0.367667 0.242 0.146 0.117333
2 0.364 0.13533300000000004 0.14 0.106667
2 0.290667 0.226333 0.053333 0.063333
2 0.224333 0.20466700000000004 0.082 0.076
2 0.202667 0.10266699999999995 0.16 0.118667
2 0.280667 0.131 0.061333 0.066
2 0.048333 0.301667 0.09 0.13
2 0.105 0.17300000000000004 0.123333 0.136667
2 0.063 0.057667000000000024 0.099333 0.099333
2 0.925 0.9033329999999999 0.11 0.101333
2 0.951 0.7953330000000001 0.062 0.06
2 0.934333 0.562667 0.095333 0.094667
2 0.937 0.463333 0.120667 0.137333
2 0.939333 0.157667 0.084 0.079333
3 0.898667 0.06599999999999995 0.134667 0.098667
0 0.288333 0.728333 0.100667 0.064667
0 0.067 0.891 0.054 0.040667
0 0.878333 0.384 0.087333 0.082667
0 0.656667 0.33166700000000005 0.113333 0.143333
0 0.621333 0.05233299999999996 0.124 0.104667
0 0.481 0.274 0.087333 0.076
2 0.057 0.687 0.112667 0.226
2 0.956667 0.688 0.086667 0.173333
2 0.944 0.273667 0.112 0.15
2 0.361 0.05033299999999996 0.135333 0.100667
2 0.196 0.037667000000000006 0.178667 0.075333
