2 0.164667 0.189667 0.096 0.106
2 0.049 0.280667 0.059333 0.06
2 0.052333 0.105333 0.099333 0.097333
2 0.334333 0.132333 0.119333 0.138
2 0.665667 0.221333 0.134 0.161333
3 0.751333 0.287 0.049333 0.079333
2 0.649 0.357667 0.095333 0.134
3 0.737333 0.372667 0.069333 0.078667
2 0.548667 0.413333 0.1 0.098667
2 0.095 0.464333 0.148667 0.152667
2 0.248667 0.420667 0.18 0.126667
2 0.260333 0.521667 0.098 0.082
2 0.365333 0.476 0.066667 0.062667
2 0.647333 0.488333 0.066667 0.067333
3 0.720667 0.485667 0.034667 0.036667
2 0.146 0.641 0.129333 0.151333
2 0.291 0.689 0.072667 0.062
2 0.385333 0.643333 0.078667 0.093333
3 0.512667 0.670667 0.061333 0.072
2 0.624667 0.585667 0.109333 0.106
3 0.556667 0.712667 0.052 0.056
3 0.524 0.766333 0.088 0.087333
2 0.566667 0.825 0.084 0.086
3 0.465667 0.821667 0.106 0.11
2 0.318333 0.812 0.115333 0.133333
2 0.692 0.741 0.038667 0.044667
2 0.702667 0.926 0.086667 0.089333
2 0.621333 0.960333 0.057333 0.064667
2 0.545667 0.910667 0.086 0.081333
2 0.474 0.941 0.070667 0.080667
2 0.337 0.902333 0.066 0.058
3 0.130667 0.856333 0.088 0.112667
2 0.214667 0.860667 0.096 0.104
2 0.188 0.950333 0.04 0.042
3 0.036333 0.953 0.071333 0.094
2 0.114333 0.949333 0.086 0.08
2 0.260333 0.939667 0.074 0.098
3 0.350333 0.964333 0.094 0.071333
2 0.558667 0.974 0.058667 0.052
2 0.964667 0.965 0.058667 0.056667
2 0.967333 0.868667 0.064 0.065333
2 0.773667 0.84 0.076667 0.056
2 0.785 0.761667 0.098 0.096667
3 0.791667 0.670667 0.058 0.057333
3 0.888667 0.606667 0.08 0.076
3 0.793333 0.584 0.105333 0.090667
3 0.795333 0.494333 0.094667 0.092667
3 0.814667 0.384333 0.089333 0.086
2 0.830667 0.299333 0.112 0.109333
2 0.787667 0.172667 0.135333 0.154667
2 0.854333 0.124667 0.051333 0.054667
2 0.937 0.213333 0.126 0.14
2 0.945333 0.098 0.109333 0.12
0 0.454333 0.350333 0.123333 0.115333
0 0.368333 0.323333 0.076667 0.093333
0 0.285667 0.343333 0.108667 0.097333
0 0.705667 0.584 0.056667 0.153333
0 0.624667 0.063 0.158667 0.124667
0 0.422 0.107 0.062667 0.084667
0 0.544333 0.186 0.108667 0.169333
0 0.488667 0.233333 0.070667 0.098667
0 0.102 0.362667 0.157333 0.110667
0 0.262667 0.066667 0.066667 0.081333
0 0.2 0.108 0.054667 0.082667
0 0.411333 0.52 0.076 0.084
0 0.382333 0.569667 0.083333 0.080667
0 0.317667 0.612 0.062 0.074667
0 0.074 0.734 0.062667 0.061333
0 0.413667 0.891333 0.080667 0.114667
0 0.959667 0.714667 0.080667 0.062667
0 0.535 0.605 0.056667 0.063333
0 0.566667 0.307 0.074667 0.086
2 0.863333 0.049333 0.129333 0.097333
