2 0.8200000000000001 0.152 0.122667 0.148
2 0.733333 0.111 0.1 0.103333
3 0.685667 0.178333 0.082 0.083333
2 0.532667 0.113333 0.117333 0.14
2 0.603667 0.195667 0.079333 0.099333
2 0.47666699999999995 0.209333 0.114667 0.132
2 0.40733299999999995 0.112333 0.134667 0.138
2 0.380667 0.219667 0.065333 0.051333
2 0.29200000000000004 0.137667 0.121333 0.135333
2 0.27833300000000005 0.241667 0.112667 0.100667
2 0.28733299999999995 0.326 0.104 0.125333
3 0.403667 0.302 0.140667 0.142667
2 0.607667 0.300667 0.11 0.136
2 0.7216670000000001 0.273333 0.167333 0.170667
2 0.834667 0.275333 0.109333 0.102667
2 0.944667 0.347333 0.109333 0.136
2 0.8336669999999999 0.370333 0.131333 0.107333
2 0.7050000000000001 0.385333 0.159333 0.102667
2 0.528667 0.396 0.109333 0.12
2 0.41833299999999995 0.417667 0.118 0.108667
3 0.31866700000000003 0.433 0.092 0.096667
2 0.752333 0.477333 0.128667 0.106667
2 0.6226670000000001 0.489667 0.128 0.147333
2 0.5243329999999999 0.5 0.082 0.096
2 0.431667 0.51 0.100667 0.093333
2 0.323333 0.529 0.112 0.099333
3 0.553667 0.587333 0.07 0.070667
2 0.650333 0.596667 0.100667 0.093333
2 0.613667 0.667667 0.078 0.078
2 0.879333 0.559333 0.094667 0.106667
3 0.7663329999999999 0.589667 0.138 0.138
3 0.45166700000000004 0.607 0.099333 0.106
2 0.344333 0.625 0.115333 0.114
2 0.43100000000000005 0.710333 0.078 0.088667
3 0.324333 0.699 0.082 0.067333
2 0.522 0.672333 0.113333 0.127333
2 0.709333 0.728333 0.104 0.136667
2 0.601667 0.747333 0.124667 0.101333
3 0.333333 0.765333 0.102667 0.082667
3 0.879667 0.826667 0.075333 0.069333
2 0.788667 0.835 0.109333 0.107333
2 0.948333 0.908333 0.083333 0.103333
2 0.892333 0.926 0.063333 0.093333
2 0.817 0.933667 0.086 0.094
2 0.725333 0.929667 0.106667 0.127333
2 0.6333329999999999 0.951667 0.090667 0.096667
2 0.645 0.852333 0.111333 0.116667
2 0.536 0.850667 0.108 0.125333
3 0.469 0.836333 0.043333 0.052667
2 0.401 0.857333 0.087333 0.109333
2 0.479333 0.932333 0.116 0.135333
2 0.38 0.936 0.070667 0.069333
2 0.31566700000000003 0.872333 0.100667 0.135333
3 0.30133299999999996 0.951333 0.058667 0.045333
2 0.235 0.872 0.079333 0.092
3 0.22999999999999998 0.953667 0.090667 0.091333
2 0.165667 0.876333 0.09 0.099333
3 0.15300000000000002 0.945667 0.060667 0.052667
3 0.08033299999999999 0.885333 0.098 0.104
3 0.06999999999999995 0.965 0.069333 0.068667
3 0.16700000000000004 0.778 0.072667 0.081333
3 0.233333 0.693333 0.104 0.126667
3 0.156667 0.705667 0.058667 0.063333
3 0.06833299999999998 0.730333 0.111333 0.100667
3 0.18166700000000002 0.627667 0.075333 0.082
2 0.07466700000000004 0.636 0.149333 0.118667
2 0.11833300000000002 0.466667 0.123333 0.134667
2 0.223333 0.453667 0.118667 0.171333
2 0.21599999999999997 0.331667 0.070667 0.088667
3 0.11366699999999996 0.351 0.111333 0.095333
2 0.17300000000000004 0.245 0.09 0.078
2 0.07533299999999998 0.230667 0.150667 0.164
2 0.18433299999999997 0.142667 0.108667 0.134667
2 0.12666699999999997 0.065333 0.106667 0.126667
0 0.12666699999999997 0.183667 0.062667 0.080667
0 0.646 0.131 0.110667 0.068667
0 0.534 0.315 0.073333 0.076667
0 0.873333 0.467667 0.105333 0.087333
0 0.926 0.647333 0.101333 0.082667
0 0.788333 0.68 0.072667 0.086667
0 0.874333 0.746667 0.107333 0.082667
0 0.6603330000000001 0.076 0.091333 0.078667
0 0.254 0.791667 0.078667 0.080667
0 0.05833299999999997 0.806 0.091333 0.093333
0 0.911667 0.245333 0.068667 0.082667
2 0.935333 0.077333 0.128 0.152
3 0.956667 0.536 0.085333 0.130667
2 0.05600000000000005 0.542 0.112 0.118667
2 0.24433300000000002 0.045667 0.126 0.09
