2 0.572333 0.032 0.103333 0.058667
2 0.506667 0.144667 0.162667 0.109333
2 0.379 0.160667 0.132667 0.144
2 0.613333 0.293333 0.090667 0.097333
2 0.5533330000000001 0.351333 0.092 0.073333
2 0.625667 0.372333 0.063333 0.060667
2 0.5163329999999999 0.257 0.138 0.171333
2 0.398 0.280333 0.112 0.119333
2 0.29133299999999995 0.300333 0.116 0.114
2 0.43233299999999997 0.376333 0.095333 0.083333
2 0.5696669999999999 0.089667 0.092667 0.074
2 0.6926669999999999 0.471667 0.108 0.135333
2 0.61 0.526333 0.088 0.072667
2 0.580333 0.45 0.136667 0.125333
2 0.313333 0.413667 0.144 0.11
2 0.45466700000000004 0.477 0.182667 0.172667
2 0.659667 0.605 0.139333 0.126
2 0.285667 0.587 0.122 0.112667
3 0.393667 0.611 0.091333 0.084667
2 0.507667 0.627667 0.148667 0.174
2 0.587333 0.717333 0.084 0.089333
2 0.638 0.77 0.057333 0.068
2 0.700333 0.761 0.074 0.102
1 0.566667 0.797 0.049333 0.059333
2 0.46566700000000005 0.819333 0.046 0.045333
2 0.647667 0.839667 0.084667 0.083333
2 0.7336670000000001 0.935333 0.064667 0.061333
2 0.639667 0.950333 0.114 0.098
2 0.5613330000000001 0.901 0.065333 0.091333
2 0.5453330000000001 0.975667 0.034667 0.03
2 0.478333 0.926 0.106 0.148
2 0.251 0.936 0.146 0.110667
2 0.218333 0.838 0.142 0.113333
2 0.092333 0.825 0.146 0.187333
2 0.304667 0.728333 0.181333 0.194
2 0.16800000000000004 0.724333 0.126667 0.142
2 0.374667 0.916667 0.134667 0.166667
3 0.168667 0.615 0.074667 0.07
2 0.252667 0.478667 0.113333 0.106667
2 0.16700000000000004 0.518 0.060667 0.050667
2 0.07366700000000004 0.545 0.120667 0.082
2 0.12966699999999998 0.406667 0.186 0.190667
3 0.19166700000000003 0.279 0.098 0.108667
2 0.08699999999999997 0.246333 0.128667 0.11
2 0.23933300000000002 0.107667 0.138667 0.212667
2 0.11166699999999996 0.091 0.131333 0.163333
0 0.927667 0.157667 0.104667 0.096667
0 0.9319999999999999 0.043333 0.058667 0.069333
0 0.04600000000000004 0.694 0.090667 0.077333
0 0.24333300000000002 0.103667 0.128 0.167333
0 0.517667 0.816667 0.052667 0.06
0 0.7090000000000001 0.893667 0.083333 0.067333
2 0.05233299999999996 0.130333 0.104667 0.147333
2 0.344 0.050667 0.132 0.1
2 0.47 0.052 0.145333 0.102667
