2 0.913667 0.059333 0.148667 0.116
3 0.875333 0.199667 0.144 0.142
2 0.731 0.088667 0.135333 0.138667
2 0.731333 0.214333 0.101333 0.098
2 0.775 0.279333 0.119333 0.106667
2 0.705333 0.312 0.052 0.054667
2 0.831333 0.333 0.153333 0.138
2 0.798667 0.438333 0.108 0.092667
2 0.6970000000000001 0.394333 0.122 0.107333
2 0.626 0.325 0.105333 0.112667
2 0.649667 0.238333 0.096667 0.111333
3 0.639667 0.137 0.082 0.091333
2 0.586667 0.191333 0.077333 0.08
3 0.585 0.065 0.112667 0.127333
2 0.795 0.149 0.063333 0.080667
3 0.916333 0.745333 0.098 0.08
2 0.836667 0.684 0.133333 0.114667
2 0.765 0.606333 0.152667 0.116667
3 0.724333 0.731667 0.095333 0.092667
2 0.6643330000000001 0.665 0.139333 0.127333
2 0.723 0.529667 0.092667 0.102
2 0.6453329999999999 0.499667 0.126667 0.126
2 0.596 0.582333 0.16 0.118
2 0.5573330000000001 0.711 0.116 0.131333
2 0.46499999999999997 0.715333 0.09 0.109333
3 0.511667 0.504333 0.127333 0.148667
3 0.427667 0.562 0.044667 0.038667
2 0.5736669999999999 0.434667 0.115333 0.148
2 0.511667 0.359667 0.114 0.158
2 0.509 0.228667 0.083333 0.090667
2 0.508667 0.114 0.116 0.118667
3 0.43100000000000005 0.172 0.108667 0.109333
2 0.38 0.231333 0.096 0.08
2 0.441333 0.291667 0.093333 0.102
2 0.42033299999999996 0.411333 0.114 0.116
3 0.36766699999999997 0.534667 0.052667 0.049333
2 0.395667 0.656 0.180667 0.193333
2 0.30000000000000004 0.728333 0.121333 0.114
2 0.251 0.609 0.152667 0.136667
3 0.299667 0.515333 0.043333 0.048
3 0.334333 0.467667 0.064667 0.063333
2 0.343333 0.335667 0.137333 0.152667
2 0.31233299999999997 0.074333 0.119333 0.134
3 0.24633300000000002 0.245 0.05 0.048667
3 0.16333299999999995 0.285333 0.08 0.069333
3 0.19833299999999998 0.177333 0.138 0.108
3 0.12 0.114 0.117333 0.112
3 0.19699999999999995 0.069 0.044667 0.05
2 0.07799999999999996 0.343 0.156 0.128667
2 0.15700000000000003 0.408667 0.071333 0.065333
2 0.21799999999999997 0.458 0.156 0.110667
3 0.11566699999999996 0.506667 0.095333 0.088
3 0.04166700000000001 0.465333 0.039333 0.038667
2 0.17833299999999996 0.558 0.126 0.105333
2 0.10766699999999996 0.625333 0.120667 0.093333
2 0.17833299999999996 0.701 0.100667 0.084667
2 0.10599999999999998 0.775333 0.113333 0.088
2 0.14400000000000002 0.847333 0.094667 0.097333
2 0.04733299999999996 0.845 0.094667 0.108667
2 0.10366699999999995 0.907333 0.078 0.077333
2 0.206333 0.874333 0.118 0.114
2 0.30333299999999996 0.835333 0.124 0.112
2 0.39933300000000005 0.861333 0.074667 0.086667
2 0.46466700000000005 0.932667 0.137333 0.106667
3 0.550333 0.882 0.048667 0.06
2 0.49266699999999997 0.824333 0.106667 0.118
2 0.629667 0.811333 0.155333 0.145333
2 0.7170000000000001 0.928 0.09 0.101333
2 0.647 0.937333 0.099333 0.125333
3 0.965667 0.822667 0.067333 0.076
2 0.792667 0.805667 0.174667 0.17
3 0.884 0.888 0.197333 0.182667
0 0.428667 0.512333 0.097333 0.120667
0 0.07699999999999996 0.452 0.115333 0.090667
0 0.07833299999999999 0.276 0.099333 0.118667
0 0.253667 0.331 0.058 0.074
0 0.09799999999999998 0.043667 0.092 0.084667
0 0.05500000000000005 0.173333 0.11 0.129333
0 0.40033300000000005 0.786 0.100667 0.082667
2 0.947333 0.317 0.104 0.115333
3 0.944333 0.548333 0.11 0.126
2 0.047667000000000015 0.714667 0.095333 0.133333
2 0.04533299999999996 0.957333 0.088 0.085333
2 0.16533299999999995 0.959667 0.172 0.080667
3 0.931 0.955667 0.136667 0.087333
