2 0.811667 0.870333 0.160667 0.166
2 0.6553329999999999 0.971 0.08 0.056667
2 0.667667 0.913667 0.124667 0.112667
2 0.6950000000000001 0.832 0.098 0.094667
3 0.741 0.777 0.068667 0.079333
2 0.8396669999999999 0.751 0.138 0.139333
2 0.944667 0.713333 0.109333 0.186667
2 0.862333 0.6273329999999999 0.108667 0.117333
2 0.762333 0.652333 0.107333 0.098
2 0.743333 0.5589999999999999 0.132 0.099333
2 0.536 0.706333 0.126667 0.107333
2 0.503 0.909667 0.142 0.144667
2 0.411667 0.851667 0.151333 0.17
2 0.32266700000000004 0.790333 0.094667 0.094
2 0.29600000000000004 0.904667 0.112 0.122667
2 0.32499999999999996 0.7030000000000001 0.058 0.062
2 0.5696669999999999 0.6066670000000001 0.094 0.088
2 0.45866700000000005 0.601667 0.138667 0.122
2 0.802 0.46666700000000005 0.102667 0.101333
2 0.689667 0.44599999999999995 0.114 0.12
2 0.5900000000000001 0.43866700000000003 0.105333 0.109333
3 0.554667 0.515 0.116 0.108667
2 0.44899999999999995 0.5023329999999999 0.132667 0.108667
2 0.33899999999999997 0.515333 0.108667 0.154667
2 0.396 0.387667 0.144 0.156667
2 0.42933299999999996 0.31466700000000003 0.081333 0.089333
2 0.351 0.293667 0.200667 0.143333
2 0.5243329999999999 0.31799999999999995 0.15 0.182667
2 0.946 0.376667 0.105333 0.124
2 0.848 0.35 0.134667 0.188
2 0.742333 0.328333 0.124667 0.167333
2 0.644 0.32166700000000004 0.102667 0.144667
2 0.765333 0.23966699999999996 0.090667 0.07
2 0.89 0.251667 0.125333 0.100667
2 0.566333 0.19699999999999995 0.139333 0.099333
2 0.758667 0.142667 0.061333 0.084
2 0.213333 0.269667 0.117333 0.115333
3 0.12933300000000003 0.254 0.08 0.109333
2 0.32899999999999996 0.15433300000000005 0.207333 0.183333
2 0.05566700000000002 0.23166699999999996 0.078 0.060667
2 0.08466700000000005 0.362 0.097333 0.110667
2 0.17533299999999996 0.36666699999999997 0.122667 0.141333
2 0.27333300000000005 0.383667 0.118667 0.132667
2 0.252667 0.525 0.114667 0.098
2 0.21899999999999997 0.463333 0.056667 0.054667
2 0.14533300000000005 0.486333 0.102667 0.124667
3 0.149667 0.5780000000000001 0.071333 0.061333
2 0.238 0.640667 0.162667 0.16
2 0.126 0.641667 0.108 0.088667
2 0.23266699999999996 0.746 0.086667 0.086667
2 0.12766699999999997 0.734667 0.134 0.102667
2 0.03933299999999995 0.6643330000000001 0.078667 0.094
2 0.09166700000000005 0.836667 0.131333 0.116
2 0.215333 0.8396669999999999 0.124 0.108667
2 0.19666700000000004 0.942667 0.122667 0.113333
2 0.09566699999999995 0.915333 0.116667 0.102667
2 0.44399999999999995 0.08099999999999996 0.137333 0.162
2 0.33699999999999997 0.04366700000000001 0.112667 0.087333
2 0.554 0.09599999999999997 0.104 0.109333
3 0.6619999999999999 0.138 0.124 0.137333
2 0.871333 0.13 0.185333 0.16
0 0.651667 0.5880000000000001 0.100667 0.093333
0 0.389 0.6859999999999999 0.100667 0.094667
0 0.507333 0.773667 0.098667 0.108667
0 0.608333 0.802 0.143333 0.145333
0 0.701333 0.689667 0.082667 0.115333
0 0.45166700000000004 0.17466700000000002 0.068667 0.090667
3 0.952333 0.5860000000000001 0.094 0.113333
3 0.931667 0.47966699999999995 0.135333 0.124667
2 0.934333 0.04600000000000004 0.13 0.092
2 0.779667 0.05566700000000002 0.162 0.111333
2 0.21466700000000005 0.061000000000000054 0.165333 0.122
2 0.04833299999999996 0.10099999999999998 0.096667 0.187333
2 0.06233299999999997 0.525 0.124667 0.147333
