3 0.937667 0.198667 0.115333 0.078667
2 0.849667 0.19 0.059333 0.065333
2 0.746333 0.131 0.059333 0.060667
2 0.925333 0.121 0.146667 0.09
2 0.846333 0.037667 0.056667 0.052667
2 0.710333 0.271333 0.03 0.026667
2 0.613667 0.309667 0.072667 0.054
2 0.621333 0.384333 0.057333 0.052667
3 0.621 0.453667 0.064667 0.062
3 0.629667 0.516333 0.067333 0.067333
2 0.738333 0.59 0.039333 0.036
2 0.742 0.671 0.06 0.052667
3 0.751667 0.730667 0.066 0.062667
3 0.648 0.645333 0.096 0.086667
2 0.507333 0.681 0.073333 0.071333
3 0.506667 0.599667 0.074667 0.086
3 0.515667 0.373667 0.088667 0.083333
2 0.508667 0.303333 0.066667 0.061333
2 0.45099999999999996 0.199333 0.052667 0.057333
2 0.504 0.236667 0.076 0.074667
2 0.33366700000000005 0.063 0.115333 0.119333
2 0.415667 0.261333 0.11 0.133333
2 0.417667 0.378 0.104667 0.142667
2 0.411667 0.514667 0.114 0.092
2 0.41433299999999995 0.609333 0.106 0.097333
2 0.379 0.682667 0.066 0.061333
2 0.33499999999999996 0.168667 0.094 0.093333
2 0.31799999999999995 0.256 0.1 0.084
2 0.324333 0.372667 0.099333 0.153333
2 0.274667 0.522 0.145333 0.14
2 0.251 0.647333 0.099333 0.109333
2 0.18266700000000002 0.587 0.114667 0.102
2 0.16000000000000003 0.682 0.088 0.090667
2 0.21166700000000005 0.401667 0.107333 0.084667
2 0.238 0.336667 0.082667 0.084
2 0.239 0.252333 0.066 0.068667
2 0.24133300000000002 0.166667 0.108 0.108
2 0.23266699999999996 0.066 0.086667 0.113333
2 0.142667 0.043333 0.084 0.082667
2 0.14633300000000005 0.128333 0.100667 0.088667
3 0.131 0.183 0.038 0.047333
2 0.167667 0.286667 0.092667 0.133333
2 0.17433299999999996 0.485667 0.086 0.099333
2 0.09799999999999998 0.614333 0.098667 0.120667
3 0.088333 0.284667 0.098 0.114667
2 0.07166700000000004 0.390333 0.143333 0.13
2 0.02300000000000002 0.618 0.044667 0.061333
2 0.20166700000000004 0.801 0.13 0.132667
2 0.07166700000000004 0.746333 0.143333 0.154
2 0.51 0.775667 0.109333 0.11
2 0.691667 0.862333 0.039333 0.038
2 0.635 0.852333 0.067333 0.062
2 0.638333 0.788 0.060667 0.062667
0 0.491333 0.042 0.076 0.082667
0 0.565333 0.052333 0.1 0.103333
0 0.791667 0.204 0.072667 0.086667
0 0.812333 0.128 0.088667 0.097333
0 0.775333 0.04 0.088 0.078667
0 0.943667 0.275667 0.076667 0.088667
0 0.5656669999999999 0.863667 0.092667 0.088667
0 0.31799999999999995 0.661333 0.070667 0.097333
0 0.12333300000000003 0.96 0.068 0.08
0 0.519333 0.510667 0.105333 0.074667
0 0.871667 0.705 0.107333 0.115333
0 0.824333 0.618 0.076667 0.082667
0 0.752667 0.523 0.164 0.119333
0 0.935333 0.383667 0.081333 0.091333
0 0.8 0.869667 0.101333 0.076667
0 0.780667 0.334 0.102667 0.106667
0 0.824333 0.391 0.098 0.071333
0 0.865333 0.444 0.077333 0.073333
0 0.706333 0.425 0.083333 0.075333
0 0.546 0.447667 0.08 0.07
0 0.43333299999999997 0.125 0.096 0.099333
0 0.448333 0.819667 0.083333 0.086
0 0.599667 0.937 0.064667 0.058
0 0.574333 0.649333 0.074 0.084
0 0.925 0.831 0.042 0.043333
0 0.63 0.219 0.092 0.078
0 0.51 0.155 0.069333 0.092667
2 0.05066700000000002 0.153667 0.101333 0.139333
2 0.06566700000000003 0.513667 0.131333 0.135333
3 0.41500000000000004 0.947 0.115333 0.100667
3 0.942667 0.925 0.112 0.15
3 0.947 0.040333 0.104667 0.079333
