1 0.944 0.103333 0.106667 0.098667
1 0.940667 0.231333 0.116 0.158667
1 0.840333 0.163667 0.126 0.11
1 0.829 0.279667 0.154 0.134
1 0.752333 0.044667 0.119333 0.086667
1 0.738 0.140333 0.118667 0.112667
2 0.7150000000000001 0.229667 0.072667 0.075333
1 0.882667 0.489 0.165333 0.174
1 0.786333 0.472 0.068667 0.08
2 0.760333 0.547333 0.092667 0.089333
2 0.834667 0.593667 0.069333 0.067333
2 0.912 0.646 0.108 0.112
1 0.722333 0.338 0.144667 0.128
2 0.674667 0.456 0.22 0.218667
2 0.62 0.117 0.142667 0.138
2 0.592333 0.289333 0.194 0.201333
2 0.521667 0.422333 0.088667 0.091333
2 0.509333 0.087667 0.104 0.095333
2 0.476333 0.173667 0.096667 0.087333
2 0.43733299999999997 0.265667 0.112 0.096667
2 0.43700000000000006 0.396333 0.09 0.122
2 0.417667 0.723667 0.102 0.11
1 0.38233300000000003 0.345667 0.140667 0.138
2 0.26333300000000004 0.332 0.121333 0.114667
2 0.29700000000000004 0.261667 0.114 0.091333
2 0.29800000000000004 0.139333 0.121333 0.134667
2 0.33766700000000005 0.059333 0.126 0.116
2 0.252667 0.063333 0.049333 0.06
2 0.18633299999999997 0.044333 0.087333 0.086
2 0.206333 0.147333 0.074 0.082667
2 0.146667 0.121 0.061333 0.07
2 0.17033299999999996 0.309667 0.115333 0.118
2 0.08466700000000005 0.279 0.090667 0.088667
2 0.11066699999999996 0.187 0.154667 0.126
2 0.10966699999999996 0.834333 0.218 0.211333
2 0.19766700000000004 0.909667 0.143333 0.152667
3 0.41600000000000004 0.866333 0.121333 0.143333
2 0.5143329999999999 0.925667 0.120667 0.148667
0 0.33199999999999996 0.807333 0.138667 0.110667
0 0.30300000000000005 0.706333 0.126 0.136667
0 0.08133299999999999 0.691333 0.092 0.084
0 0.043332999999999955 0.754667 0.074667 0.070667
0 0.585 0.827667 0.103333 0.092667
0 0.373 0.213 0.082 0.076667
0 0.548667 0.756 0.090667 0.078667
2 0.948 0.420667 0.102667 0.166667
2 0.863 0.041 0.123333 0.079333
