2 0.175667 0.103 0.15 0.147333
3 0.289333 0.118 0.036 0.053333
2 0.374 0.098 0.122667 0.121333
2 0.134667 0.211667 0.090667 0.118
2 0.249333 0.203667 0.149333 0.144667
2 0.381667 0.198 0.135333 0.110667
2 0.5 0.031 0.082667 0.060667
2 0.538667 0.102 0.188 0.181333
2 0.723667 0.219 0.091333 0.071333
3 0.707 0.293333 0.087333 0.077333
2 0.612667 0.224667 0.094667 0.082667
2 0.510667 0.250667 0.102667 0.112
2 0.219 0.331667 0.128667 0.112667
2 0.13 0.389333 0.076 0.078667
3 0.235 0.420333 0.058 0.058
3 0.317 0.392667 0.063333 0.068
2 0.346667 0.296333 0.124 0.122
2 0.423667 0.316333 0.122 0.108667
2 0.585 0.318 0.124667 0.098667
2 0.702333 0.380333 0.122 0.084667
2 0.391 0.43 0.123333 0.124
2 0.214333 0.495667 0.147333 0.106
2 0.214 0.587667 0.109333 0.079333
2 0.078333 0.567333 0.144667 0.130667
2 0.37 0.621 0.084 0.102
2 0.439667 0.540333 0.035333 0.039333
2 0.541667 0.584 0.114 0.14
2 0.583 0.462667 0.191333 0.178667
2 0.703 0.494 0.148667 0.124
2 0.664333 0.616667 0.152667 0.125333
2 0.647 0.710667 0.120667 0.097333
2 0.648333 0.808333 0.138 0.106
2 0.639333 0.893333 0.048 0.058667
2 0.064667 0.696 0.12 0.101333
2 0.193 0.673333 0.158 0.109333
2 0.070667 0.795667 0.133333 0.104667
2 0.185333 0.762 0.109333 0.073333
2 0.26 0.834 0.118667 0.129333
2 0.42 0.744667 0.130667 0.138667
2 0.500667 0.794 0.14 0.190667
2 0.357333 0.897 0.074667 0.122
2 0.147333 0.932 0.082667 0.08
2 0.247667 0.942333 0.120667 0.115333
2 0.845333 0.937333 0.065333 0.057333
2 0.934333 0.934333 0.058 0.058
2 0.955333 0.845333 0.068 0.12
2 0.879 0.758333 0.086 0.092667
2 0.748333 0.848333 0.119333 0.139333
3 0.725667 0.924667 0.056667 0.046667
2 0.862 0.856 0.116 0.128
2 0.785333 0.700333 0.113333 0.118
2 0.860667 0.679333 0.038667 0.045333
2 0.953667 0.664 0.092667 0.082667
2 0.806667 0.576 0.126667 0.128
2 0.893667 0.598667 0.055333 0.062667
2 0.824333 0.461667 0.087333 0.096667
2 0.93 0.513333 0.137333 0.162667
2 0.916667 0.415 0.066667 0.059333
3 0.837667 0.197667 0.104667 0.111333
2 0.922 0.321 0.156 0.100667
2 0.73 0.107 0.190667 0.175333
0 0.780333 0.327 0.079333 0.112667
0 0.840667 0.385 0.092 0.07
0 0.749 0.470333 0.087333 0.072667
0 0.475 0.632667 0.139333 0.125333
0 0.573667 0.901667 0.060667 0.100667
0 0.742667 0.750667 0.072 0.068
2 0.058333 0.192667 0.115333 0.153333
2 0.053 0.080333 0.104667 0.132667
2 0.059333 0.328667 0.117333 0.144
2 0.068 0.950333 0.125333 0.099333
2 0.490667 0.960333 0.105333 0.079333
2 0.738333 0.959667 0.140667 0.080667
2 0.953333 0.152667 0.093333 0.132
