2 0.11 0.085333 0.061333 0.068
2 0.230333 0.113 0.116667 0.114
2 0.229 0.206667 0.083333 0.073333
3 0.055 0.261333 0.095333 0.093333
2 0.538667 0.059667 0.128 0.108667
2 0.586667 0.171333 0.113333 0.109333
2 0.478333 0.138667 0.084667 0.085333
2 0.721333 0.282333 0.105333 0.114
2 0.612 0.278333 0.110667 0.107333
2 0.717333 0.372667 0.086667 0.08
2 0.625667 0.357667 0.058 0.056667
2 0.536667 0.343667 0.106667 0.118
2 0.513333 0.242333 0.077333 0.100667
2 0.429333 0.230667 0.084 0.092
3 0.340667 0.220667 0.094667 0.097333
3 0.085667 0.327667 0.087333 0.09
2 0.169 0.344333 0.123333 0.138
2 0.256 0.381 0.109333 0.107333
2 0.318667 0.314 0.104 0.118667
2 0.424667 0.336667 0.122667 0.133333
2 0.348 0.407333 0.078667 0.078667
2 0.528333 0.436333 0.107333 0.079333
2 0.290333 0.468333 0.076667 0.080667
3 0.199333 0.463 0.1 0.099333
2 0.061667 0.416333 0.118 0.095333
2 0.066 0.513667 0.113333 0.095333
2 0.227667 0.556333 0.086 0.094
2 0.131 0.612333 0.09 0.088667
2 0.048333 0.719 0.095333 0.131333
2 0.158333 0.701667 0.115333 0.134
2 0.255333 0.728667 0.12 0.121333
2 0.313 0.563333 0.102 0.130667
2 0.417333 0.577 0.121333 0.136667
2 0.498333 0.584 0.05 0.042667
2 0.467667 0.507 0.118 0.112667
3 0.54 0.517333 0.044 0.052
2 0.680333 0.478333 0.151333 0.134
2 0.633667 0.562333 0.126 0.120667
3 0.59 0.698667 0.061333 0.061333
2 0.492333 0.674667 0.055333 0.048
2 0.366667 0.687333 0.172 0.128
2 0.168 0.816 0.108 0.112
2 0.311667 0.82 0.071333 0.074667
2 0.428333 0.765333 0.15 0.128
2 0.548667 0.778333 0.1 0.131333
2 0.64 0.778 0.093333 0.114667
3 0.599 0.879667 0.116667 0.098
2 0.493 0.872667 0.120667 0.116
3 0.392667 0.848667 0.084 0.072
2 0.058 0.882 0.109333 0.12
2 0.236667 0.917333 0.150667 0.149333
2 0.379 0.943333 0.134 0.113333
3 0.822667 0.034667 0.076 0.066667
3 0.779333 0.122667 0.134667 0.14
0 0.938 0.127667 0.124 0.164667
0 0.912333 0.278 0.064667 0.054667
0 0.828667 0.364333 0.122667 0.135333
0 0.927 0.441667 0.146 0.135333
0 0.900333 0.59 0.17 0.165333
0 0.881333 0.707333 0.172 0.137333
0 0.855667 0.777667 0.064667 0.080667
0 0.751667 0.768 0.127333 0.133333
0 0.864 0.902 0.210667 0.196
0 0.742667 0.619 0.097333 0.147333
0 0.671333 0.212333 0.066667 0.080667
0 0.705667 0.867667 0.119333 0.127333
2 0.045667 0.067 0.09 0.132667
2 0.390333 0.062 0.135333 0.122667
2 0.103 0.947333 0.128667 0.105333
2 0.045667 0.608 0.09 0.101333
