1 0.892667 0.882667 0.070667 0.084
1 0.8200000000000001 0.876333 0.076 0.102
2 0.713667 0.885333 0.11 0.116
2 0.636 0.911333 0.094667 0.114667
2 0.909 0.788333 0.160667 0.119333
2 0.9123330000000001 0.683667 0.128667 0.107333
2 0.71 0.771667 0.116 0.104667
2 0.728667 0.6839999999999999 0.12 0.096
2 0.952667 0.604333 0.073333 0.059333
2 0.866 0.599667 0.094667 0.100667
2 0.7476670000000001 0.5776669999999999 0.222 0.155333
2 0.92 0.509 0.104 0.100667
3 0.7026669999999999 0.5 0.092 0.077333
3 0.73 0.414667 0.08 0.085333
3 0.812 0.442333 0.089333 0.079333
3 0.772667 0.20366700000000004 0.053333 0.05
3 0.376 0.131 0.096 0.115333
2 0.27833300000000005 0.10266699999999995 0.103333 0.114667
3 0.14633300000000005 0.09299999999999997 0.127333 0.119333
2 0.04833299999999996 0.06166700000000003 0.064667 0.066
3 0.352333 0.229333 0.082 0.081333
3 0.248 0.23166699999999996 0.108 0.108667
2 0.32666700000000004 0.32566700000000004 0.125333 0.11
3 0.214333 0.34966699999999995 0.07 0.080667
2 0.08866700000000005 0.24366699999999997 0.168 0.131333
2 0.08033299999999999 0.382 0.158 0.157333
2 0.32399999999999995 0.49166699999999997 0.089333 0.096667
2 0.23566699999999996 0.49166699999999997 0.124667 0.124667
3 0.27833300000000005 0.671667 0.120667 0.127333
2 0.20599999999999996 0.607667 0.213333 0.168667
1 0.06466700000000003 0.6393329999999999 0.109333 0.090667
2 0.14433300000000004 0.7683329999999999 0.103333 0.127333
2 0.25833300000000003 0.798333 0.140667 0.131333
3 0.12 0.872333 0.061333 0.078
0 0.05666700000000002 0.14500000000000002 0.094667 0.098
0 0.19533299999999998 0.16033299999999995 0.105333 0.079333
0 0.793667 0.32099999999999995 0.120667 0.118
0 0.14033300000000004 0.947 0.192667 0.103333
0 0.04833299999999996 0.7146669999999999 0.096667 0.1
0 0.269667 0.383667 0.099333 0.067333
2 0.884667 0.953667 0.161333 0.091333
