2 0.053333 0.082667 0.078667 0.072
2 0.136 0.118667 0.108 0.122667
2 0.107 0.224 0.114 0.12
2 0.232667 0.134333 0.109333 0.115333
2 0.206333 0.247667 0.120667 0.136667
2 0.339 0.239 0.136667 0.135333
2 0.408 0.079 0.14 0.138
2 0.269333 0.054333 0.133333 0.107333
2 0.537667 0.066 0.146 0.130667
2 0.511333 0.285333 0.073333 0.069333
2 0.617333 0.248 0.130667 0.122667
3 0.286333 0.344 0.112667 0.098667
2 0.068667 0.344333 0.129333 0.104667
2 0.036 0.442 0.070667 0.077333
2 0.143 0.409333 0.140667 0.181333
3 0.258333 0.420333 0.122 0.104667
2 0.398667 0.342 0.125333 0.148
3 0.496 0.366 0.074667 0.088
2 0.601333 0.366333 0.130667 0.118
2 0.724333 0.361333 0.112667 0.124
2 0.722667 0.440667 0.076 0.053333
2 0.564333 0.474333 0.136667 0.132667
2 0.659333 0.548 0.126667 0.134667
3 0.451667 0.448 0.096667 0.088
3 0.356 0.460667 0.1 0.094667
2 0.223 0.513 0.118 0.086
2 0.310667 0.564 0.110667 0.116
2 0.423 0.567 0.111333 0.155333
2 0.523 0.612333 0.126 0.17
2 0.086667 0.589 0.102667 0.135333
2 0.191333 0.613667 0.112 0.115333
2 0.180333 0.704 0.087333 0.062667
2 0.280667 0.675667 0.101333 0.079333
2 0.064 0.707667 0.121333 0.107333
2 0.142667 0.821 0.104 0.106
3 0.244333 0.778 0.096667 0.110667
2 0.228 0.881 0.125333 0.106
2 0.180667 0.943 0.082667 0.066
2 0.34 0.893 0.117333 0.118
2 0.358 0.768667 0.141333 0.142667
3 0.446667 0.834 0.1 0.133333
3 0.547667 0.773 0.112667 0.147333
2 0.641 0.739333 0.123333 0.136
2 0.65 0.859667 0.134667 0.100667
2 0.533333 0.928333 0.117333 0.132667
2 0.653667 0.953333 0.091333 0.085333
2 0.747333 0.951667 0.088 0.094
2 0.784667 0.566 0.124 0.150667
2 0.750333 0.679333 0.099333 0.1
2 0.867 0.695 0.146 0.099333
2 0.884667 0.585333 0.114667 0.110667
2 0.784333 0.773333 0.122 0.112
2 0.908333 0.792667 0.13 0.118667
2 0.8 0.893 0.116 0.13
2 0.876333 0.916 0.063333 0.133333
2 0.952 0.920667 0.096 0.130667
2 0.849 0.463333 0.098 0.089333
2 0.892333 0.363333 0.132667 0.113333
2 0.754 0.249667 0.125333 0.131333
3 0.889667 0.247667 0.135333 0.116667
2 0.724 0.125667 0.148 0.134
2 0.847667 0.139667 0.131333 0.119333
2 0.953667 0.102333 0.092667 0.143333
0 0.114 0.959667 0.081333 0.080667
0 0.621 0.061333 0.074 0.089333
2 0.047667 0.184333 0.094 0.158
2 0.046333 0.806333 0.091333 0.111333
3 0.407667 0.946 0.120667 0.108
2 0.946 0.481333 0.108 0.157333
3 0.870667 0.043 0.116 0.084667
