2 0.026 0.906333 0.050667 0.064667
2 0.078333 0.929 0.091333 0.088667
2 0.171667 0.978333 0.07 0.042
2 0.166 0.928 0.096 0.077333
2 0.076667 0.839333 0.1 0.109333
2 0.082333 0.734333 0.092667 0.091333
2 0.155 0.832 0.107333 0.108
2 0.178667 0.788333 0.038667 0.035333
2 0.164 0.727 0.130667 0.100667
2 0.163333 0.644 0.081333 0.074667
2 0.156667 0.560667 0.110667 0.089333
2 0.203333 0.507667 0.090667 0.080667
2 0.218333 0.40833299999999995 0.106 0.098
2 0.128667 0.381 0.097333 0.144667
2 0.203667 0.31366700000000003 0.108667 0.098
2 0.293333 0.280667 0.110667 0.121333
2 0.375667 0.28200000000000003 0.062 0.077333
2 0.346667 0.383 0.156 0.132667
2 0.432333 0.43533299999999997 0.107333 0.112
2 0.425 0.5303329999999999 0.082 0.075333
2 0.338667 0.496 0.161333 0.12
2 0.32 0.607333 0.112 0.124
2 0.235333 0.610333 0.098667 0.13
2 0.246667 0.757 0.108 0.13
2 0.27 0.847333 0.125333 0.093333
2 0.289667 0.814667 0.042 0.033333
2 0.335333 0.907333 0.106667 0.133333
2 0.364667 0.734667 0.129333 0.130667
3 0.389 0.634667 0.063333 0.073333
2 0.433 0.892333 0.126 0.106
2 0.442667 0.801333 0.129333 0.085333
2 0.477333 0.7066669999999999 0.112 0.122667
2 0.497 0.625 0.152667 0.107333
2 0.527667 0.525 0.132667 0.108667
2 0.548333 0.430667 0.13 0.092
2 0.556 0.348 0.085333 0.073333
2 0.671 0.333333 0.144667 0.130667
2 0.597 0.25733300000000003 0.139333 0.113333
2 0.51 0.884333 0.038667 0.047333
2 0.553667 0.904667 0.106 0.102667
2 0.546 0.8069999999999999 0.102667 0.120667
2 0.575 0.720333 0.080667 0.086
2 0.626333 0.551667 0.119333 0.13
2 0.717 0.593667 0.128667 0.142
2 0.665333 0.699667 0.117333 0.119333
2 0.663333 0.817667 0.133333 0.135333
2 0.654 0.9123330000000001 0.114667 0.098
2 0.762667 0.782333 0.1 0.123333
2 0.794667 0.655667 0.124 0.142
3 0.828667 0.870667 0.133333 0.108
2 0.877333 0.778667 0.133333 0.122667
3 0.932667 0.896667 0.072 0.081333
3 0.939333 0.5283329999999999 0.082667 0.079333
2 0.881 0.374667 0.162 0.144
3 0.787333 0.261 0.085333 0.067333
2 0.748 0.46666700000000005 0.154667 0.125333
2 0.693667 0.23733300000000002 0.095333 0.084
2 0.7 0.164667 0.072 0.061333
3 0.606333 0.07433299999999998 0.112667 0.148667
2 0.509 0.15000000000000002 0.100667 0.110667
3 0.476 0.253 0.086667 0.083333
2 0.503667 0.04700000000000004 0.088667 0.094
2 0.149667 0.256 0.103333 0.109333
2 0.222 0.21499999999999997 0.101333 0.087333
2 0.196 0.10999999999999999 0.145333 0.16
2 0.296 0.14733300000000005 0.145333 0.148
2 0.399667 0.05833299999999997 0.119333 0.116667
2 0.417 0.17533299999999996 0.108667 0.124
2 0.026333 0.22699999999999998 0.051333 0.066
2 0.074 0.6473329999999999 0.084 0.077333
2 0.059 0.532 0.116667 0.152
0 0.470667 0.337333 0.117333 0.082667
0 0.864333 0.612333 0.064667 0.083333
0 0.841667 0.533667 0.135333 0.099333
0 0.918 0.599 0.086667 0.080667
0 0.798 0.05466700000000002 0.101333 0.098667
0 0.927333 0.227333 0.109333 0.101333
0 0.915333 0.29800000000000004 0.133333 0.105333
0 0.945333 0.159667 0.109333 0.083333
0 0.792 0.15600000000000003 0.113333 0.078667
0 0.778667 0.375 0.078667 0.104667
0 0.077 0.251667 0.068667 0.112667
0 0.038 0.792667 0.074667 0.104
0 0.648333 0.440333 0.076667 0.098
2 0.255 0.957 0.096667 0.084667
2 0.426667 0.973333 0.088 0.052
2 0.829667 0.955667 0.127333 0.087333
2 0.942667 0.43500000000000005 0.114667 0.116667
