1 0.8993329999999999 0.936667 0.105333 0.109333
1 0.755 0.9013329999999999 0.09 0.089333
1 0.856 0.84 0.113333 0.117333
2 0.925 0.782 0.074 0.081333
2 0.928 0.676667 0.094667 0.096
1 0.848333 0.7316670000000001 0.127333 0.102
1 0.817333 0.639667 0.138667 0.11
2 0.7126669999999999 0.739 0.137333 0.136667
1 0.769 0.809667 0.088667 0.079333
1 0.659 0.873333 0.123333 0.142667
2 0.648333 0.800667 0.039333 0.057333
2 0.571333 0.951333 0.104 0.094667
1 0.524667 0.889 0.082667 0.095333
1 0.45199999999999996 0.943 0.124 0.112667
1 0.36266699999999996 0.901667 0.116 0.100667
1 0.273 0.854333 0.088667 0.09
1 0.338333 0.822333 0.102 0.099333
2 0.464333 0.826333 0.122 0.131333
2 0.42133299999999996 0.771333 0.1 0.089333
2 0.576333 0.786333 0.13 0.142
2 0.707333 0.612 0.084 0.082667
2 0.650333 0.671667 0.058 0.068667
2 0.616 0.713667 0.069333 0.055333
2 0.522667 0.704333 0.093333 0.078
2 0.590667 0.6313329999999999 0.133333 0.116
2 0.485 0.636667 0.102 0.106667
2 0.380667 0.711667 0.130667 0.088667
2 0.28400000000000003 0.751 0.096 0.107333
2 0.234333 0.693667 0.038 0.047333
2 0.38 0.646667 0.097333 0.086667
2 0.319333 0.617667 0.089333 0.092667
2 0.803667 0.506667 0.156667 0.161333
3 0.913667 0.33799999999999997 0.063333 0.049333
2 0.683333 0.529 0.081333 0.078
2 0.586667 0.498 0.146667 0.168
2 0.46366700000000005 0.487333 0.143333 0.181333
2 0.35866699999999996 0.45266700000000004 0.069333 0.06
2 0.36 0.521333 0.072 0.086667
2 0.521 0.365 0.052667 0.062
2 0.531 0.29233299999999995 0.044667 0.046
2 0.822333 0.249 0.05 0.058
2 0.705333 0.29733299999999996 0.190667 0.253333
2 0.638667 0.10666699999999996 0.136 0.152
3 0.534667 0.126 0.068 0.096
2 0.45499999999999996 0.20599999999999996 0.147333 0.124
2 0.431667 0.31999999999999995 0.131333 0.133333
2 0.44366700000000003 0.08566700000000005 0.122 0.13
2 0.341333 0.098333 0.086667 0.103333
2 0.332333 0.18733299999999997 0.07 0.065333
2 0.30800000000000005 0.30033299999999996 0.129333 0.148667
2 0.252 0.097333 0.066667 0.065333
2 0.13733300000000004 0.13 0.122667 0.105333
2 0.04366700000000001 0.11933300000000002 0.087333 0.113333
2 0.02733300000000005 0.23866699999999996 0.054667 0.084
2 0.19899999999999995 0.29333299999999995 0.091333 0.145333
2 0.236 0.17666700000000002 0.126667 0.094667
2 0.122 0.234333 0.121333 0.152667
2 0.04466700000000001 0.386 0.089333 0.106667
2 0.132 0.452333 0.172 0.131333
2 0.04800000000000004 0.523333 0.096 0.089333
2 0.269 0.5303329999999999 0.148667 0.174
2 0.17966700000000002 0.525 0.115333 0.138
2 0.07766700000000004 0.6333329999999999 0.154 0.145333
1 0.17866700000000002 0.741333 0.036 0.041333
2 0.20599999999999996 0.778667 0.081333 0.104
2 0.18899999999999995 0.846333 0.088667 0.078
2 0.08333299999999999 0.7953330000000001 0.14 0.142667
2 0.10599999999999998 0.875 0.117333 0.114
2 0.05500000000000005 0.946333 0.092667 0.103333
1 0.20266700000000004 0.928333 0.084 0.082
3 0.747333 0.10233300000000001 0.102667 0.13
0 0.143667 0.688 0.091333 0.074667
0 0.19533299999999998 0.640333 0.125333 0.096667
0 0.884 0.6046670000000001 0.073333 0.058667
0 0.6926669999999999 0.45499999999999996 0.074667 0.067333
0 0.9 0.42433299999999996 0.113333 0.112667
0 0.812667 0.40700000000000003 0.089333 0.083333
0 0.917333 0.12666699999999997 0.114667 0.097333
0 0.819 0.12 0.095333 0.121333
0 0.581 0.21666700000000005 0.082 0.077333
0 0.636 0.393 0.061333 0.068667
0 0.9083330000000001 0.211333 0.079333 0.066667
1 0.6863330000000001 0.964333 0.136667 0.07
1 0.8 0.952333 0.096 0.094
2 0.957667 0.848333 0.083333 0.127333
2 0.955667 0.6126670000000001 0.087333 0.118667
2 0.914667 0.05400000000000005 0.169333 0.108
2 0.17366700000000002 0.04966700000000002 0.171333 0.099333
2 0.05600000000000005 0.038000000000000034 0.112 0.074667
1 0.04600000000000004 0.7216670000000001 0.089333 0.122
1 0.284667 0.955667 0.152 0.087333
