3 0.7130000000000001 0.926667 0.139333 0.142667
2 0.525667 0.943 0.118 0.111333
3 0.42000000000000004 0.942 0.086667 0.104
2 0.29933299999999996 0.936333 0.134667 0.123333
2 0.32866700000000004 0.827667 0.126667 0.104667
2 0.44666700000000004 0.847667 0.096 0.096667
2 0.566667 0.833333 0.129333 0.149333
2 0.6679999999999999 0.778667 0.125333 0.116
2 0.768667 0.8160000000000001 0.108 0.102667
3 0.885 0.789667 0.116667 0.114
2 0.902 0.673 0.168 0.116667
2 0.799667 0.7030000000000001 0.066 0.072667
2 0.71 0.6823330000000001 0.116 0.120667
2 0.47 0.7336670000000001 0.126667 0.111333
2 0.359333 0.742333 0.097333 0.076667
2 0.38233300000000003 0.639 0.103333 0.108667
2 0.28300000000000003 0.6313329999999999 0.086 0.088
2 0.508667 0.6226670000000001 0.12 0.113333
2 0.738667 0.569 0.129333 0.095333
2 0.927 0.597 0.088667 0.064667
2 0.31366700000000003 0.533667 0.099333 0.088667
2 0.772667 0.47566699999999995 0.086667 0.09
2 0.942 0.519667 0.113333 0.080667
2 0.866333 0.473333 0.083333 0.092
2 0.896333 0.34299999999999997 0.108667 0.116667
2 0.683667 0.402667 0.11 0.129333
2 0.485333 0.39333300000000004 0.218667 0.206667
2 0.33999999999999997 0.396 0.12 0.169333
2 0.25733300000000003 0.42000000000000004 0.072 0.086667
2 0.929333 0.21399999999999997 0.121333 0.16
2 0.825 0.24133300000000002 0.106 0.126667
2 0.957333 0.10799999999999998 0.084 0.090667
2 0.750333 0.147667 0.175333 0.138
2 0.695667 0.263667 0.122 0.162
2 0.593333 0.259667 0.090667 0.168667
2 0.484 0.252 0.128 0.117333
2 0.39133300000000004 0.20466700000000004 0.113333 0.114667
2 0.430667 0.11666699999999997 0.173333 0.134667
2 0.5489999999999999 0.15400000000000003 0.127333 0.109333
2 0.245 0.08366700000000005 0.122 0.132667
2 0.121 0.07699999999999996 0.126 0.144667
2 0.19766700000000004 0.21166700000000005 0.17 0.132667
2 0.15500000000000003 0.32466700000000004 0.155333 0.121333
2 0.042332999999999954 0.272 0.064667 0.084
2 0.21399999999999997 0.518 0.098667 0.090667
2 0.13166699999999998 0.447333 0.142 0.126667
2 0.18666700000000003 0.593 0.092 0.079333
2 0.08966700000000005 0.579 0.106 0.098
2 0.18733299999999997 0.9299999999999999 0.086667 0.084
2 0.21299999999999997 0.808 0.118 0.144
2 0.09366699999999994 0.889 0.144667 0.160667
2 0.05133299999999996 0.6950000000000001 0.094667 0.135333
2 0.162667 0.683333 0.126667 0.110667
2 0.24866699999999997 0.352333 0.056 0.05
0 0.679667 0.495333 0.072667 0.092
0 0.531667 0.468333 0.071333 0.083333
0 0.415667 0.5493330000000001 0.099333 0.085333
0 0.695333 0.089333 0.064 0.076
0 0.617667 0.13266699999999998 0.07 0.057333
0 0.807667 0.09199999999999997 0.108667 0.113333
0 0.36666699999999997 0.04266700000000001 0.073333 0.085333
0 0.27033300000000005 0.169667 0.07 0.082
0 0.604 0.374333 0.065333 0.079333
0 0.319333 0.269667 0.070667 0.079333
0 0.8546670000000001 0.548 0.089333 0.069333
2 0.841 0.937333 0.162 0.124
2 0.958 0.820333 0.082667 0.138
2 0.948 0.424667 0.102667 0.118667
2 0.04266700000000001 0.440333 0.085333 0.183333
