3 0.945 0.136333 0.083333 0.087333
3 0.851333 0.140667 0.1 0.094667
3 0.8200000000000001 0.195 0.048 0.042
3 0.838 0.251 0.114667 0.098
2 0.9143330000000001 0.308333 0.106 0.123333
2 0.826333 0.350333 0.102 0.118
2 0.732667 0.281667 0.101333 0.100667
2 0.752333 0.165 0.119333 0.142
2 0.654667 0.146 0.109333 0.118667
3 0.627667 0.237 0.05 0.054
3 0.6353329999999999 0.042333 0.086667 0.080667
2 0.548 0.067 0.106667 0.111333
3 0.54 0.169667 0.108 0.095333
2 0.616 0.322 0.116 0.152
2 0.719333 0.370667 0.113333 0.089333
3 0.81 0.440667 0.088 0.094667
3 0.904333 0.499333 0.114 0.141333
2 0.882667 0.711 0.116 0.124667
2 0.834 0.640667 0.112 0.116
3 0.8089999999999999 0.531 0.091333 0.091333
2 0.721 0.643333 0.142 0.157333
2 0.623667 0.687333 0.160667 0.124
2 0.598333 0.592667 0.074 0.070667
3 0.6863330000000001 0.552667 0.119333 0.077333
2 0.708333 0.462333 0.126 0.102
2 0.589 0.502 0.106 0.132
2 0.516 0.251667 0.109333 0.092667
2 0.489 0.355 0.152667 0.143333
2 0.489333 0.446333 0.066667 0.067333
3 0.494 0.558333 0.117333 0.162
3 0.41500000000000004 0.605 0.166 0.154
2 0.38033300000000003 0.474667 0.126 0.110667
2 0.370333 0.369333 0.079333 0.113333
2 0.297667 0.380667 0.132667 0.134667
3 0.30900000000000005 0.130667 0.114 0.114667
2 0.41700000000000004 0.12 0.100667 0.112
2 0.306667 0.241667 0.133333 0.140667
2 0.27333300000000005 0.512667 0.125333 0.128
2 0.28 0.632667 0.106667 0.117333
2 0.17866700000000002 0.585 0.086667 0.091333
2 0.14533300000000005 0.486667 0.142667 0.133333
2 0.17733299999999996 0.391667 0.085333 0.076667
2 0.213333 0.305 0.137333 0.108667
2 0.18566700000000003 0.182667 0.107333 0.122667
2 0.13966699999999999 0.081667 0.17 0.152667
2 0.07066700000000004 0.173667 0.101333 0.098
2 0.089333 0.273 0.108 0.108667
2 0.06633299999999998 0.375333 0.132667 0.154667
2 0.123 0.679667 0.156667 0.151333
2 0.134 0.81 0.166667 0.134667
2 0.061000000000000054 0.929 0.108667 0.108667
2 0.18266700000000002 0.909 0.106667 0.138
2 0.29100000000000004 0.929333 0.115333 0.14
2 0.32899999999999996 0.838 0.115333 0.089333
2 0.314333 0.724667 0.17 0.146667
2 0.23966699999999996 0.809 0.048667 0.047333
2 0.212333 0.709333 0.043333 0.042667
2 0.42600000000000005 0.745333 0.064 0.085333
3 0.40733299999999995 0.948333 0.098667 0.092667
2 0.458333 0.864 0.144667 0.129333
2 0.514667 0.756333 0.122667 0.143333
2 0.625667 0.784333 0.100667 0.09
2 0.645667 0.858 0.120667 0.125333
3 0.734 0.882 0.056 0.061333
2 0.834667 0.824667 0.165333 0.106667
3 0.828333 0.914333 0.122 0.080667
3 0.958667 0.841333 0.08 0.121333
2 0.945 0.944333 0.099333 0.11
0 0.712 0.059667 0.070667 0.116667
0 0.559667 0.869333 0.05 0.113333
0 0.10366699999999995 0.584333 0.062 0.079333
0 0.39633300000000005 0.270333 0.075333 0.123333
0 0.43733299999999997 0.398333 0.069333 0.056667
0 0.7723329999999999 0.065333 0.066 0.06
2 0.43533299999999997 0.039 0.148 0.075333
3 0.617 0.952667 0.142 0.089333
