3 0.097333 0.602 0.108 0.090667
2 0.145333 0.35866699999999996 0.078667 0.073333
2 0.193667 0.29900000000000004 0.078 0.062
2 0.264 0.250333 0.046667 0.05
2 0.285333 0.31799999999999995 0.066667 0.062667
2 0.248667 0.379 0.068 0.055333
3 0.088667 0.26933300000000004 0.077333 0.056
3 0.055 0.31466700000000003 0.099333 0.08
3 0.418 0.092333 0.088 0.076667
3 0.379 0.17133299999999996 0.088667 0.086667
2 0.307 0.145667 0.074 0.106
3 0.34 0.05900000000000005 0.069333 0.094
3 0.238667 0.118 0.033333 0.030667
3 0.171 0.15100000000000002 0.075333 0.087333
3 0.126667 0.20466700000000004 0.106667 0.085333
2 0.098667 0.06833299999999998 0.093333 0.084667
2 0.029 0.14400000000000002 0.043333 0.062667
3 0.069333 0.503333 0.098667 0.084
0 0.292667 0.753667 0.392 0.378
0 0.701 0.794 0.367333 0.341333
0 0.735333 0.563 0.238667 0.21
0 0.475667 0.474 0.284667 0.282667
0 0.548333 0.20799999999999996 0.248667 0.270667
0 0.747333 0.32066700000000004 0.225333 0.266667
0 0.811333 0.11599999999999999 0.312 0.232
0 0.172 0.41933299999999996 0.074667 0.052
0 0.291667 0.45666700000000005 0.05 0.06
3 0.488 0.041000000000000036 0.102667 0.082
