2 0.861 0.206 0.154 0.16
2 0.866667 0.318667 0.094667 0.101333
2 0.756 0.131333 0.06 0.058667
2 0.764333 0.043667 0.084667 0.071333
2 0.670667 0.124667 0.072 0.066667
2 0.69 0.202333 0.105333 0.104667
2 0.750333 0.226 0.051333 0.058667
2 0.768667 0.297667 0.152 0.120667
2 0.579333 0.084 0.141333 0.133333
2 0.597333 0.197667 0.152 0.163333
1 0.654 0.307 0.093333 0.103333
1 0.588667 0.322 0.085333 0.078667
2 0.803667 0.401 0.158 0.114
2 0.8260000000000001 0.489667 0.190667 0.184667
2 0.946 0.501 0.105333 0.162
2 0.897333 0.613 0.132 0.111333
1 0.857667 0.698333 0.17 0.140667
2 0.7456670000000001 0.680667 0.120667 0.153333
2 0.6599999999999999 0.670333 0.089333 0.091333
2 0.651667 0.557667 0.136667 0.138
2 0.675 0.419667 0.139333 0.159333
2 0.598 0.425667 0.070667 0.104667
2 0.573333 0.697333 0.138667 0.137333
1 0.5409999999999999 0.598667 0.159333 0.118667
1 0.489333 0.511 0.125333 0.127333
1 0.433667 0.623 0.106 0.107333
1 0.531333 0.406667 0.101333 0.129333
2 0.503 0.279667 0.154 0.154
2 0.42800000000000005 0.221333 0.113333 0.074667
1 0.420667 0.054 0.189333 0.104
1 0.45799999999999996 0.154667 0.138667 0.094667
2 0.34766699999999995 0.155667 0.098 0.126
2 0.28300000000000003 0.072667 0.068667 0.081333
1 0.46699999999999997 0.712 0.086 0.101333
1 0.411667 0.433333 0.144667 0.14
1 0.37266699999999997 0.543667 0.113333 0.112667
1 0.30633299999999997 0.584333 0.092667 0.103333
1 0.356333 0.667667 0.146 0.120667
1 0.382 0.341667 0.101333 0.088667
1 0.36166699999999996 0.267 0.106 0.09
1 0.297667 0.213333 0.058 0.086667
2 0.244 0.141333 0.118667 0.08
1 0.17200000000000004 0.061667 0.126667 0.118
2 0.090333 0.127 0.054 0.042
2 0.14433300000000004 0.190667 0.127333 0.121333
2 0.22799999999999998 0.283333 0.110667 0.117333
1 0.28900000000000003 0.350667 0.115333 0.106667
1 0.10666699999999996 0.295333 0.134667 0.125333
1 0.14500000000000002 0.386 0.132667 0.146667
1 0.20566700000000004 0.42 0.108667 0.145333
1 0.32199999999999995 0.459333 0.074667 0.077333
1 0.26233300000000004 0.518 0.060667 0.057333
2 0.07066700000000004 0.447667 0.117333 0.146
1 0.14100000000000001 0.52 0.142 0.105333
2 0.07799999999999996 0.613333 0.152 0.14
2 0.04500000000000004 0.694333 0.059333 0.066
1 0.19899999999999995 0.603667 0.168667 0.144667
2 0.07533299999999998 0.781 0.086667 0.079333
1 0.24066699999999996 0.697667 0.097333 0.095333
2 0.169667 0.747333 0.088667 0.118667
2 0.140667 0.871667 0.053333 0.056667
2 0.20199999999999996 0.862 0.064 0.082667
1 0.278 0.811333 0.145333 0.148
1 0.383667 0.775667 0.136667 0.132667
1 0.352 0.908667 0.104 0.144
1 0.44299999999999995 0.867 0.108667 0.118
1 0.513333 0.795 0.114667 0.096667
1 0.543667 0.844333 0.100667 0.087333
1 0.502 0.936667 0.106667 0.088
1 0.5349999999999999 0.97 0.078 0.06
1 0.607667 0.938333 0.112667 0.123333
2 0.691333 0.795333 0.138667 0.141333
2 0.849667 0.814333 0.142 0.092667
2 0.759333 0.874333 0.068 0.055333
2 0.858333 0.911333 0.135333 0.113333
0 0.797667 0.152 0.068667 0.078667
0 0.23533300000000001 0.206667 0.066667 0.074667
0 0.947 0.946333 0.104667 0.107333
0 0.6823330000000001 0.941333 0.106 0.117333
2 0.890667 0.051 0.141333 0.099333
2 0.952333 0.246333 0.094 0.194
2 0.6799999999999999 0.046333 0.112 0.091333
2 0.04200000000000004 0.226 0.066667 0.101333
2 0.23099999999999998 0.941 0.167333 0.118
2 0.782667 0.948333 0.176 0.103333
