2 0.840333 0.933667 0.164667 0.13
2 0.745333 0.884667 0.070667 0.085333
2 0.6553329999999999 0.901 0.118667 0.139333
2 0.689333 0.812333 0.136 0.106
2 0.871333 0.7989999999999999 0.18 0.163333
2 0.925333 0.6779999999999999 0.121333 0.126667
3 0.802 0.672667 0.116 0.141333
2 0.660667 0.6946669999999999 0.170667 0.128
2 0.567 0.806 0.095333 0.093333
2 0.544667 0.907667 0.088 0.100667
2 0.43333299999999997 0.953667 0.117333 0.088667
2 0.458333 0.8526670000000001 0.100667 0.121333
2 0.35966699999999996 0.849333 0.102 0.146667
2 0.476333 0.749667 0.136667 0.087333
2 0.499333 0.654333 0.14 0.131333
2 0.936667 0.562333 0.117333 0.104667
2 0.84 0.544333 0.074667 0.096667
3 0.711333 0.593333 0.150667 0.132
2 0.761 0.481333 0.120667 0.108
3 0.6393329999999999 0.538 0.117333 0.122667
2 0.543667 0.504667 0.102 0.122667
2 0.43100000000000005 0.564667 0.119333 0.113333
2 0.352333 0.479 0.140667 0.104667
2 0.31233299999999997 0.5796669999999999 0.111333 0.144667
2 0.45799999999999996 0.381 0.096 0.099333
2 0.551667 0.397667 0.095333 0.095333
2 0.645667 0.41800000000000004 0.102 0.106667
2 0.33799999999999997 0.36366699999999996 0.141333 0.131333
2 0.758333 0.364333 0.132667 0.122
3 0.879667 0.391667 0.103333 0.135333
2 0.886 0.27633300000000005 0.093333 0.084667
2 0.779333 0.27233300000000005 0.078667 0.086
2 0.903 0.16533299999999995 0.183333 0.124
2 0.73 0.14200000000000002 0.130667 0.125333
2 0.619667 0.11633300000000002 0.07 0.063333
2 0.599667 0.247 0.119333 0.174
2 0.49766699999999997 0.16600000000000004 0.15 0.149333
2 0.526667 0.05900000000000005 0.1 0.098
2 0.471 0.26833300000000004 0.132667 0.119333
2 0.27933300000000005 0.10099999999999998 0.173333 0.142
2 0.19333299999999998 0.05500000000000005 0.114667 0.11
2 0.09766699999999995 0.07999999999999996 0.115333 0.145333
2 0.263667 0.20466700000000004 0.139333 0.114667
2 0.133 0.258667 0.123333 0.137333
2 0.09899999999999998 0.18466700000000003 0.078 0.064
2 0.04300000000000004 0.31799999999999995 0.086 0.105333
2 0.126 0.411667 0.122667 0.146
2 0.24766699999999997 0.317333 0.116667 0.12
2 0.20099999999999996 0.528 0.131333 0.113333
2 0.233333 0.42033299999999996 0.093333 0.083333
2 0.205333 0.627 0.128 0.104667
2 0.19399999999999995 0.728 0.054667 0.084
2 0.08466700000000005 0.727 0.122667 0.115333
2 0.26433300000000004 0.918667 0.098 0.132
2 0.15033300000000005 0.921333 0.123333 0.153333
2 0.05600000000000005 0.9 0.101333 0.145333
0 0.266667 0.761333 0.074667 0.086667
0 0.43133299999999997 0.06233299999999997 0.093333 0.084667
0 0.705667 0.958 0.115333 0.082667
0 0.576667 0.730333 0.064 0.056667
0 0.391667 0.13333300000000003 0.056667 0.050667
2 0.954333 0.384667 0.09 0.192
2 0.943667 0.05733299999999997 0.108667 0.114667
2 0.757 0.04466700000000001 0.128667 0.089333
2 0.637667 0.04033299999999995 0.100667 0.080667
2 0.05733299999999997 0.46699999999999997 0.114667 0.167333
