2 0.051 0.159333 0.099333 0.118667
2 0.332 0.118333 0.068 0.067333
2 0.422667 0.140667 0.117333 0.128
2 0.307667 0.207333 0.091333 0.086667
2 0.207 0.225 0.114 0.103333
1 0.144667 0.126 0.089333 0.066667
2 0.076 0.285667 0.112 0.132667
2 0.190667 0.298333 0.122667 0.086
2 0.063667 0.398333 0.072667 0.064667
2 0.17 0.391333 0.142667 0.109333
2 0.267667 0.407 0.083333 0.115333
3 0.283333 0.294667 0.054667 0.082667
2 0.401333 0.231333 0.065333 0.053333
2 0.381 0.319667 0.174 0.139333
2 0.366333 0.438667 0.132667 0.125333
2 0.489 0.415667 0.099333 0.15
2 0.503 0.241667 0.108667 0.094
2 0.523333 0.16 0.105333 0.109333
2 0.612667 0.098 0.093333 0.069333
2 0.619 0.170333 0.067333 0.063333
3 0.713 0.180667 0.100667 0.104
2 0.603 0.280667 0.122 0.136
2 0.706333 0.289 0.080667 0.088667
2 0.690333 0.371667 0.112667 0.092667
3 0.596667 0.399667 0.086667 0.107333
2 0.163667 0.487333 0.120667 0.1
2 0.142333 0.582667 0.124667 0.113333
2 0.123667 0.67 0.074 0.056
3 0.239667 0.608333 0.07 0.074
2 0.254667 0.510667 0.094667 0.089333
2 0.340667 0.530667 0.1 0.073333
2 0.471667 0.532667 0.134 0.108
2 0.578 0.502667 0.086667 0.088
2 0.665333 0.466 0.114667 0.102667
3 0.624333 0.593333 0.111333 0.134667
3 0.549333 0.643333 0.098667 0.1
2 0.343333 0.620333 0.128 0.107333
3 0.228 0.694667 0.102667 0.082667
2 0.707667 0.680667 0.118 0.085333
2 0.617 0.768 0.126 0.117333
3 0.530333 0.727 0.066 0.079333
2 0.434667 0.731333 0.112 0.148
2 0.333667 0.742333 0.091333 0.103333
2 0.116333 0.775333 0.058 0.049333
2 0.211333 0.894 0.088 0.090667
2 0.412667 0.868667 0.12 0.174667
2 0.511667 0.911333 0.074 0.092
2 0.593667 0.928 0.095333 0.144
2 0.795333 0.913333 0.061333 0.06
2 0.787 0.808 0.140667 0.145333
2 0.796 0.727333 0.082667 0.069333
3 0.819 0.655667 0.088667 0.072667
2 0.763667 0.585333 0.159333 0.144
2 0.915333 0.865667 0.134667 0.120667
2 0.915 0.752333 0.132667 0.111333
2 0.942 0.665667 0.116 0.115333
2 0.866667 0.548 0.082667 0.098667
3 0.958 0.556667 0.084 0.088
2 0.788667 0.392667 0.098667 0.097333
2 0.765333 0.478333 0.101333 0.082
2 0.882 0.449333 0.096 0.1
3 0.822 0.182667 0.105333 0.073333
2 0.802 0.287 0.117333 0.115333
2 0.898333 0.344 0.103333 0.1
2 0.922667 0.234 0.110667 0.129333
3 0.729667 0.068667 0.118 0.121333
3 0.830333 0.065667 0.082 0.126
2 0.925333 0.089667 0.148 0.15
0 0.313333 0.903 0.110667 0.194
0 0.510667 0.813333 0.097333 0.090667
0 0.950333 0.939333 0.099333 0.072
2 0.055 0.494333 0.108667 0.140667
2 0.230333 0.049333 0.098 0.097333
3 0.697 0.934 0.120667 0.132
