2 0.066333 0.840333 0.13 0.164667
2 0.115333 0.745333 0.085333 0.070667
2 0.099 0.6553329999999999 0.139333 0.118667
2 0.187667 0.689333 0.106 0.136
2 0.201 0.871333 0.163333 0.18
2 0.322 0.925333 0.126667 0.121333
3 0.327333 0.802 0.141333 0.116
2 0.305333 0.660667 0.128 0.170667
2 0.194 0.567 0.093333 0.095333
2 0.092333 0.544667 0.100667 0.088
2 0.046333 0.43333299999999997 0.088667 0.117333
2 0.147333 0.458333 0.121333 0.100667
2 0.150667 0.35966699999999996 0.146667 0.102
2 0.250333 0.476333 0.087333 0.136667
2 0.345667 0.499333 0.131333 0.14
2 0.437667 0.936667 0.104667 0.117333
2 0.455667 0.84 0.096667 0.074667
3 0.406667 0.711333 0.132 0.150667
2 0.518667 0.761 0.108 0.120667
3 0.462 0.6393329999999999 0.122667 0.117333
2 0.495333 0.543667 0.122667 0.102
2 0.435333 0.43100000000000005 0.113333 0.119333
2 0.521 0.352333 0.104667 0.140667
2 0.420333 0.31233299999999997 0.144667 0.111333
2 0.619 0.45799999999999996 0.099333 0.096
2 0.602333 0.551667 0.095333 0.095333
2 0.582 0.645667 0.106667 0.102
2 0.636333 0.33799999999999997 0.131333 0.141333
2 0.635667 0.758333 0.122 0.132667
3 0.608333 0.879667 0.135333 0.103333
2 0.723667 0.886 0.084667 0.093333
2 0.727667 0.779333 0.086 0.078667
2 0.834667 0.903 0.124 0.183333
2 0.858 0.73 0.125333 0.130667
2 0.883667 0.619667 0.063333 0.07
2 0.753 0.599667 0.174 0.119333
2 0.834 0.49766699999999997 0.149333 0.15
2 0.941 0.526667 0.098 0.1
2 0.731667 0.471 0.119333 0.132667
2 0.899 0.27933300000000005 0.142 0.173333
2 0.945 0.19333299999999998 0.11 0.114667
2 0.92 0.09766699999999995 0.145333 0.115333
2 0.795333 0.263667 0.114667 0.139333
2 0.741333 0.133 0.137333 0.123333
2 0.815333 0.09899999999999998 0.064 0.078
2 0.682 0.04300000000000004 0.105333 0.086
2 0.588333 0.126 0.146 0.122667
2 0.682667 0.24766699999999997 0.12 0.116667
2 0.472 0.20099999999999996 0.113333 0.131333
2 0.579667 0.233333 0.083333 0.093333
2 0.373 0.205333 0.104667 0.128
2 0.272 0.19399999999999995 0.084 0.054667
2 0.273 0.08466700000000005 0.115333 0.122667
2 0.081333 0.26433300000000004 0.132 0.098
2 0.078667 0.15033300000000005 0.153333 0.123333
2 0.1 0.05600000000000005 0.145333 0.101333
0 0.238667 0.266667 0.086667 0.074667
0 0.937667 0.43133299999999997 0.084667 0.093333
0 0.042 0.705667 0.082667 0.115333
0 0.269667 0.576667 0.056667 0.064
0 0.866667 0.391667 0.050667 0.056667
2 0.615333 0.954333 0.192 0.09
2 0.942667 0.943667 0.114667 0.108667
2 0.955333 0.757 0.089333 0.128667
2 0.959667 0.637667 0.080667 0.100667
2 0.533 0.05733299999999997 0.167333 0.114667
