2 0.847333 0.9319999999999999 0.124 0.117333
2 0.758 0.878333 0.088 0.09
2 0.9339999999999999 0.718333 0.130667 0.15
2 0.6513329999999999 0.847 0.094667 0.099333
2 0.7090000000000001 0.777333 0.112667 0.112
2 0.5986670000000001 0.771 0.126667 0.108667
2 0.744667 0.677 0.152 0.142
2 0.891 0.635667 0.139333 0.123333
2 0.479333 0.876333 0.14 0.134
3 0.492333 0.777 0.102 0.103333
3 0.347333 0.87 0.104 0.094667
3 0.263 0.862667 0.078 0.085333
2 0.271 0.779667 0.104667 0.120667
3 0.38133300000000003 0.771 0.114667 0.119333
3 0.28633299999999995 0.677 0.123333 0.103333
3 0.405 0.671667 0.108667 0.104667
3 0.424667 0.5776669999999999 0.12 0.143333
3 0.30800000000000005 0.562 0.117333 0.134667
2 0.625667 0.687333 0.080667 0.082667
3 0.548 0.647 0.126667 0.13
2 0.895333 0.509 0.129333 0.13
2 0.767 0.54 0.144667 0.141333
2 0.679333 0.5453330000000001 0.054667 0.073333
3 0.577 0.518667 0.183333 0.149333
2 0.664667 0.470333 0.069333 0.067333
2 0.794667 0.44366700000000003 0.117333 0.095333
2 0.921667 0.36266699999999996 0.124667 0.168
2 0.811333 0.32899999999999996 0.121333 0.140667
3 0.34266700000000005 0.472333 0.078667 0.071333
3 0.484 0.31100000000000005 0.148 0.148667
2 0.681 0.353 0.138 0.183333
2 0.833 0.22266699999999995 0.168667 0.118667
2 0.950333 0.16300000000000003 0.096667 0.146
3 0.849 0.11066699999999996 0.114 0.124
2 0.7276670000000001 0.18000000000000005 0.111333 0.121333
2 0.739333 0.07333299999999998 0.124 0.102667
2 0.625333 0.11633300000000002 0.090667 0.075333
2 0.614333 0.20566700000000004 0.119333 0.13
3 0.439333 0.06233299999999997 0.056 0.076667
2 0.32766700000000004 0.16733299999999995 0.176667 0.202667
2 0.10633300000000001 0.12 0.147333 0.134667
2 0.277667 0.270667 0.134 0.129333
2 0.288667 0.40533300000000005 0.213333 0.146667
3 0.13433300000000004 0.32566700000000004 0.13 0.112667
3 0.15033300000000005 0.24966699999999997 0.075333 0.067333
3 0.129 0.46599999999999997 0.123333 0.124
3 0.20599999999999996 0.5840000000000001 0.108 0.114667
3 0.10166699999999995 0.645667 0.055333 0.058
3 0.10333300000000001 0.560333 0.08 0.107333
2 0.037667000000000006 0.546667 0.05 0.065333
2 0.09899999999999998 0.738 0.047333 0.06
3 0.17233299999999996 0.849667 0.088667 0.072667
3 0.17933299999999996 0.769 0.08 0.09
0 0.8200000000000001 0.778667 0.1 0.08
0 0.488 0.673667 0.076 0.082
0 0.479333 0.484 0.097333 0.090667
0 0.483 0.165667 0.158 0.106
0 0.907 0.276 0.056667 0.072
0 0.667 0.03833299999999995 0.076667 0.076667
0 0.366 0.056332999999999966 0.088 0.112667
0 0.542667 0.398667 0.106667 0.074667
0 0.15600000000000003 0.663667 0.069333 0.082
3 0.95 0.956333 0.098667 0.086
3 0.055332999999999966 0.29833299999999996 0.110667 0.136667
3 0.059667000000000026 0.19599999999999995 0.116667 0.124
3 0.03700000000000003 0.6679999999999999 0.074 0.108
