2 0.130667 0.917333 0.116 0.112
1 0.066667 0.849333 0.076 0.088
1 0.146667 0.788333 0.181333 0.163333
1 0.166667 0.7026669999999999 0.142667 0.112
2 0.085 0.668667 0.066 0.064
2 0.037667 0.773333 0.074 0.101333
2 0.232333 0.856333 0.128667 0.146
1 0.258667 0.6643330000000001 0.124 0.154
2 0.177333 0.612333 0.085333 0.079333
2 0.069667 0.594 0.138 0.129333
2 0.104333 0.531667 0.123333 0.119333
2 0.06 0.45766700000000005 0.08 0.079333
1 0.101333 0.394667 0.081333 0.066667
2 0.100333 0.32199999999999995 0.115333 0.129333
1 0.169667 0.45699999999999996 0.151333 0.104667
2 0.209 0.373333 0.144667 0.113333
1 0.25 0.521333 0.149333 0.114667
2 0.298 0.585 0.096 0.114
2 0.373667 0.653667 0.138 0.108667
2 0.366667 0.572333 0.084 0.072667
2 0.356333 0.521667 0.060667 0.047333
2 0.364667 0.783667 0.14 0.152667
2 0.430667 0.7010000000000001 0.141333 0.115333
2 0.338667 0.366333 0.101333 0.112667
2 0.389667 0.43300000000000005 0.080667 0.088667
2 0.389667 0.295667 0.104667 0.098
2 0.481333 0.271 0.102667 0.095333
1 0.478 0.36066699999999996 0.150667 0.134667
2 0.486 0.466333 0.130667 0.123333
2 0.457 0.582667 0.114 0.124
2 0.502667 0.757667 0.142667 0.191333
2 0.501667 0.903667 0.148667 0.146
2 0.577 0.943 0.106 0.112667
2 0.591333 0.415667 0.113333 0.135333
2 0.678667 0.370333 0.1 0.108667
2 0.639333 0.301667 0.074667 0.064667
2 0.686667 0.47766699999999995 0.128 0.136667
2 0.773 0.412667 0.092667 0.092
2 0.835 0.451333 0.096667 0.106667
2 0.849333 0.33299999999999996 0.106667 0.102
2 0.917667 0.24566699999999997 0.111333 0.124667
2 0.831 0.19499999999999995 0.134 0.11
2 0.769333 0.27533300000000005 0.145333 0.154667
2 0.893333 0.06999999999999995 0.14 0.14
2 0.968333 0.10399999999999998 0.063333 0.084
2 0.613 0.139 0.144667 0.108667
2 0.569333 0.24 0.14 0.152
2 0.505667 0.08666700000000005 0.136667 0.138667
2 0.461333 0.150667 0.094667 0.092
2 0.412333 0.21566700000000005 0.128667 0.103333
2 0.361333 0.153667 0.086667 0.076667
2 0.382667 0.07199999999999995 0.118667 0.104
2 0.298333 0.236 0.115333 0.116
2 0.247667 0.30400000000000005 0.107333 0.094667
2 0.235 0.17533299999999996 0.159333 0.157333
2 0.125667 0.19233299999999998 0.074 0.084667
2 0.146667 0.09766699999999995 0.141333 0.106
2 0.053667 0.12966699999999998 0.078 0.091333
2 0.072333 0.057667000000000024 0.074 0.059333
0 0.087 0.24966699999999997 0.088667 0.100667
0 0.148667 0.258667 0.058667 0.054667
0 0.603333 0.5283329999999999 0.062667 0.064667
0 0.561667 0.616333 0.084667 0.103333
0 0.718 0.731333 0.090667 0.082667
0 0.682 0.8296669999999999 0.078667 0.084667
0 0.731667 0.942667 0.102 0.113333
0 0.771667 0.8546670000000001 0.088667 0.114667
0 0.804 0.5353330000000001 0.101333 0.094667
0 0.881 0.575 0.068667 0.072667
0 0.928333 0.476 0.083333 0.097333
0 0.957667 0.37933300000000003 0.084667 0.108
0 0.925333 0.6839999999999999 0.089333 0.101333
0 0.836333 0.6679999999999999 0.108667 0.109333
0 0.760667 0.6273329999999999 0.082667 0.085333
0 0.821333 0.942333 0.050667 0.052667
0 0.860667 0.875 0.093333 0.107333
0 0.882 0.788 0.086667 0.082667
0 0.797667 0.767 0.068667 0.064667
0 0.933333 0.926667 0.117333 0.125333
0 0.968667 0.824333 0.062667 0.087333
0 0.965667 0.540667 0.068667 0.088
2 0.099 0.954333 0.122 0.09
2 0.330667 0.934333 0.136 0.13
2 0.433 0.938 0.134 0.122667
2 0.812333 0.05166700000000002 0.162 0.103333
2 0.605333 0.049000000000000044 0.134667 0.098
2 0.254667 0.05233299999999996 0.14 0.104667
2 0.030667 0.389667 0.06 0.11
