2 0.819667 0.886667 0.138 0.125333
2 0.688333 0.868667 0.127333 0.154667
2 0.6 0.8416669999999999 0.096 0.140667
2 0.894333 0.779667 0.13 0.147333
2 0.783 0.753 0.120667 0.155333
2 0.656667 0.738667 0.138667 0.112
2 0.646667 0.657 0.150667 0.147333
2 0.534667 0.652333 0.096 0.119333
2 0.884333 0.5966670000000001 0.212667 0.172
2 0.6839999999999999 0.568667 0.128 0.117333
2 0.575333 0.558 0.082667 0.092
2 0.474333 0.5509999999999999 0.120667 0.127333
2 0.505333 0.727333 0.109333 0.092
2 0.419667 0.6639999999999999 0.156667 0.136
2 0.304667 0.8466670000000001 0.145333 0.150667
2 0.441333 0.855667 0.154667 0.214
2 0.28700000000000003 0.7050000000000001 0.142 0.152667
2 0.353333 0.546667 0.128 0.189333
2 0.502 0.45266700000000004 0.105333 0.104
2 0.604 0.45299999999999996 0.116 0.138
2 0.709333 0.45099999999999996 0.110667 0.126
2 0.799667 0.493333 0.136667 0.124
2 0.907 0.40233300000000005 0.122 0.151333
2 0.788667 0.365333 0.149333 0.136
2 0.485333 0.352 0.146667 0.134667
2 0.29300000000000004 0.42033299999999996 0.163333 0.111333
2 0.764333 0.27333300000000005 0.091333 0.08
2 0.37166699999999997 0.33299999999999996 0.096667 0.104667
2 0.271667 0.31666700000000003 0.119333 0.104
2 0.32199999999999995 0.21366700000000005 0.113333 0.139333
2 0.293667 0.136 0.079333 0.065333
2 0.43600000000000005 0.22999999999999998 0.129333 0.118667
2 0.563 0.23933300000000002 0.124667 0.136
2 0.509667 0.147667 0.104667 0.104667
2 0.640667 0.19233299999999998 0.104 0.094
3 0.71 0.211333 0.089333 0.077333
3 0.644 0.26533300000000004 0.030667 0.033333
2 0.836333 0.224333 0.148667 0.136667
2 0.865 0.10499999999999998 0.102 0.095333
2 0.751333 0.089333 0.161333 0.170667
2 0.630667 0.07933299999999999 0.097333 0.130667
2 0.428667 0.06733299999999998 0.126667 0.133333
3 0.243 0.05800000000000005 0.064667 0.085333
2 0.08099999999999996 0.125 0.151333 0.171333
3 0.13933300000000004 0.044332999999999956 0.106667 0.086
2 0.21199999999999997 0.19599999999999995 0.116 0.164
2 0.159667 0.31466700000000003 0.114 0.116
2 0.127 0.52 0.11 0.156
2 0.241 0.530667 0.112667 0.168
2 0.16833299999999995 0.6623330000000001 0.156667 0.140667
2 0.057667000000000024 0.623 0.114 0.104667
2 0.14833300000000005 0.401667 0.048667 0.054
2 0.061000000000000054 0.37066699999999997 0.122 0.134667
2 0.10199999999999998 0.809333 0.14 0.144
2 0.21399999999999997 0.908 0.132 0.182667
0 0.947333 0.891 0.104 0.092667
0 0.09066700000000005 0.7090000000000001 0.098667 0.080667
0 0.6926669999999999 0.28300000000000003 0.074667 0.064667
0 0.5449999999999999 0.748667 0.107333 0.078667
0 0.531667 0.834333 0.072667 0.088667
0 0.14833300000000005 0.224333 0.056667 0.060667
0 0.9359999999999999 0.170667 0.101333 0.114667
2 0.950333 0.27233300000000005 0.098 0.120667
2 0.05366700000000002 0.894 0.107333 0.16
2 0.32699999999999996 0.05566700000000002 0.111333 0.111333
2 0.952333 0.05400000000000005 0.094 0.108
