2 0.208 0.079667 0.136 0.134
2 0.071333 0.131667 0.112 0.091333
2 0.115333 0.209333 0.194667 0.16
2 0.085667 0.342 0.168667 0.169333
1 0.185333 0.352 0.044 0.041333
2 0.287 0.333667 0.144667 0.135333
2 0.215667 0.431 0.114 0.122
2 0.287333 0.195 0.089333 0.091333
2 0.369 0.108 0.143333 0.125333
2 0.391333 0.229 0.126667 0.136667
2 0.406 0.359667 0.109333 0.11
2 0.513 0.289333 0.106 0.138667
2 0.517 0.076 0.099333 0.116
2 0.567667 0.141333 0.122 0.146667
2 0.634667 0.064 0.1 0.096
2 0.658333 0.141333 0.074 0.070667
3 0.731667 0.072667 0.083333 0.072
2 0.646 0.282667 0.142667 0.174667
2 0.666667 0.395333 0.126667 0.126667
2 0.305333 0.480667 0.133333 0.146667
2 0.443 0.496 0.148667 0.116
2 0.636 0.527 0.178667 0.167333
2 0.115667 0.621 0.138 0.17
2 0.26 0.586 0.168 0.150667
2 0.437333 0.625333 0.173333 0.145333
2 0.414333 0.719 0.184667 0.123333
2 0.051333 0.790667 0.101333 0.170667
1 0.153333 0.785 0.117333 0.203333
2 0.238 0.802333 0.122667 0.23
2 0.285 0.937667 0.134 0.116667
2 0.339333 0.817 0.113333 0.195333
2 0.429333 0.833 0.077333 0.114
2 0.525667 0.816 0.124667 0.188
2 0.617667 0.891333 0.142 0.201333
2 0.745667 0.923333 0.159333 0.150667
2 0.74 0.789 0.226667 0.158
2 0.683 0.666 0.226 0.16
2 0.851667 0.698667 0.123333 0.124
2 0.762 0.430333 0.112 0.124667
2 0.823333 0.507 0.137333 0.15
2 0.924667 0.524667 0.090667 0.104
2 0.843333 0.348333 0.050667 0.066
2 0.945667 0.382 0.108667 0.108
2 0.759 0.313667 0.116667 0.114
2 0.758667 0.243667 0.08 0.055333
2 0.753333 0.143667 0.110667 0.107333
2 0.846 0.160333 0.086667 0.086
2 0.929 0.180333 0.082 0.082
2 0.855333 0.259333 0.090667 0.098667
2 0.908 0.082333 0.125333 0.108667
2 0.769 0.026 0.047333 0.048
0 0.396333 0.562667 0.123333 0.106667
0 0.902667 0.617 0.133333 0.119333
0 0.867 0.793 0.099333 0.099333
0 0.421333 0.928333 0.121333 0.083333
0 0.935667 0.283667 0.119333 0.107333
0 0.323667 0.651333 0.05 0.046667
2 0.948333 0.785 0.103333 0.244667
2 0.437667 0.039667 0.124667 0.078
