2 0.927667 0.179667 0.063333 0.071333
1 0.904667 0.295 0.114667 0.116667
2 0.828667 0.096667 0.089333 0.061333
2 0.833333 0.174667 0.173333 0.104
2 0.804333 0.26 0.144667 0.102667
2 0.788333 0.337 0.118 0.108667
2 0.9123330000000001 0.451333 0.075333 0.064
1 0.924333 0.592667 0.095333 0.086667
2 0.7396670000000001 0.408333 0.111333 0.114
2 0.734 0.637 0.065333 0.060667
2 0.6699999999999999 0.435667 0.056 0.068667
2 0.5946670000000001 0.606333 0.081333 0.086
2 0.532 0.553333 0.089333 0.089333
2 0.515667 0.662667 0.064667 0.074667
3 0.482 0.755667 0.062667 0.051333
2 0.700333 0.188333 0.094 0.118
2 0.6783330000000001 0.288333 0.080667 0.078
2 0.618 0.223 0.134667 0.115333
2 0.634667 0.123333 0.084 0.088
2 0.612333 0.363333 0.054 0.048
2 0.5700000000000001 0.309667 0.148 0.154
2 0.48866699999999996 0.287 0.052 0.059333
2 0.512 0.222667 0.076 0.081333
2 0.52 0.110333 0.085333 0.086
2 0.46266700000000005 0.049333 0.112 0.096
2 0.367 0.065 0.071333 0.107333
2 0.40533300000000005 0.302667 0.132 0.114667
2 0.40233300000000005 0.424333 0.148667 0.139333
3 0.34966699999999995 0.468333 0.044667 0.05
2 0.384667 0.634333 0.077333 0.064667
2 0.34566699999999995 0.585667 0.083333 0.092667
3 0.30100000000000005 0.527333 0.043333 0.042667
2 0.24933300000000003 0.466333 0.113333 0.074
3 0.305667 0.293 0.063333 0.062
2 0.245 0.225333 0.064667 0.073333
2 0.20666700000000005 0.176667 0.052 0.045333
2 0.29800000000000004 0.171667 0.166667 0.15
2 0.23933300000000002 0.358 0.146667 0.138667
2 0.18466700000000003 0.274333 0.058667 0.052667
2 0.19099999999999995 0.064333 0.103333 0.124667
2 0.140667 0.097667 0.069333 0.075333
2 0.16800000000000004 0.417333 0.090667 0.101333
2 0.17100000000000004 0.523333 0.118 0.1
3 0.22199999999999998 0.725 0.081333 0.074
3 0.16300000000000003 0.675333 0.048667 0.066667
2 0.267667 0.794 0.108667 0.097333
2 0.22266699999999995 0.890333 0.117333 0.127333
2 0.08766700000000005 0.041667 0.056667 0.05
2 0.08366700000000005 0.139333 0.167333 0.156
2 0.05133299999999996 0.268333 0.1 0.095333
2 0.11233300000000002 0.343 0.116667 0.091333
3 0.05666700000000002 0.408333 0.046667 0.040667
2 0.10999999999999999 0.45 0.105333 0.090667
2 0.10666699999999996 0.605 0.092 0.074
2 0.10299999999999998 0.763 0.136667 0.119333
2 0.06033299999999997 0.842333 0.107333 0.091333
2 0.292667 0.955667 0.122667 0.088667
2 0.33199999999999996 0.873 0.093333 0.094
2 0.370333 0.787333 0.100667 0.101333
2 0.431667 0.833333 0.051333 0.049333
2 0.5409999999999999 0.872 0.055333 0.066667
3 0.652 0.832 0.058667 0.08
2 0.717333 0.859 0.089333 0.091333
0 0.966333 0.139667 0.066 0.098
0 0.918333 0.385333 0.074 0.073333
0 0.845333 0.538 0.070667 0.073333
0 0.737 0.063 0.119333 0.124667
0 0.609667 0.454 0.063333 0.065333
0 0.432667 0.201667 0.124 0.116667
0 0.43866700000000003 0.561 0.072 0.076667
0 0.47166699999999995 0.474 0.080667 0.068
0 0.495333 0.398333 0.076 0.094
0 0.546 0.498333 0.058667 0.074
0 0.739333 0.568 0.082667 0.078667
0 0.6643330000000001 0.565667 0.07 0.063333
0 0.77 0.478667 0.08 0.064
0 0.677 0.492333 0.084667 0.052667
0 0.7783329999999999 0.676667 0.083333 0.08
0 0.687 0.677333 0.062 0.066667
0 0.5776669999999999 0.731333 0.114 0.109333
0 0.250667 0.63 0.097333 0.109333
0 0.29600000000000004 0.697 0.08 0.074
0 0.10199999999999998 0.530667 0.066667 0.06
0 0.05466700000000002 0.904 0.109333 0.094667
0 0.15700000000000003 0.825667 0.087333 0.082
0 0.44066700000000003 0.895333 0.077333 0.077333
0 0.483333 0.957667 0.089333 0.084667
0 0.805333 0.917667 0.098667 0.100667
0 0.9143330000000001 0.802333 0.086 0.063333
0 0.924667 0.666 0.08 0.061333
0 0.730333 0.742667 0.054 0.058667
0 0.711333 0.788667 0.053333 0.052
0 0.12166699999999997 0.229333 0.111333 0.093333
0 0.28133300000000006 0.091333 0.109333 0.069333
0 0.566333 0.053667 0.092667 0.106
2 0.962 0.238667 0.074667 0.113333
2 0.958667 0.505333 0.081333 0.12
2 0.864333 0.038667 0.143333 0.076
2 0.293667 0.034333 0.127333 0.067333
2 0.16000000000000003 0.968667 0.101333 0.062667
