2 0.296 0.073667 0.144 0.138
2 0.175667 0.237 0.163333 0.147333
2 0.381667 0.141 0.122 0.112667
2 0.482 0.211667 0.138667 0.159333
2 0.349 0.245333 0.146 0.138667
2 0.352667 0.357667 0.133333 0.095333
2 0.320667 0.445667 0.094667 0.087333
3 0.167333 0.358 0.054667 0.045333
2 0.703333 0.131 0.076 0.079333
2 0.532333 0.368667 0.120667 0.101333
2 0.645333 0.284333 0.08 0.040667
2 0.657333 0.384667 0.204 0.201333
2 0.621 0.489333 0.05 0.041333
2 0.094 0.552667 0.109333 0.125333
2 0.200667 0.54 0.096 0.102667
2 0.306 0.538667 0.069333 0.064
2 0.406667 0.475333 0.124 0.125333
2 0.518667 0.463 0.112 0.132667
2 0.385667 0.595667 0.138 0.120667
2 0.496333 0.578333 0.094 0.094
2 0.592 0.573333 0.137333 0.137333
2 0.708333 0.6 0.15 0.149333
2 0.721333 0.495667 0.097333 0.071333
3 0.162 0.735333 0.050667 0.044
2 0.372667 0.708667 0.113333 0.093333
2 0.480667 0.687333 0.096 0.102667
2 0.667333 0.705667 0.136 0.106
1 0.676333 0.814 0.100667 0.105333
2 0.570667 0.828 0.137333 0.137333
2 0.445 0.81 0.118 0.130667
2 0.304333 0.825 0.136667 0.13
2 0.120667 0.834 0.105333 0.104
2 0.095333 0.939333 0.089333 0.102667
2 0.203667 0.924 0.122 0.133333
2 0.397 0.932333 0.122 0.108667
2 0.531333 0.913667 0.102667 0.106
2 0.733333 0.904 0.152 0.128
1 0.853333 0.853 0.108 0.159333
1 0.762333 0.796333 0.114 0.092667
2 0.858667 0.763667 0.070667 0.067333
1 0.943333 0.888 0.113333 0.188
2 0.890333 0.676 0.139333 0.112
2 0.781 0.695667 0.099333 0.112667
2 0.89 0.555667 0.172 0.139333
2 0.917 0.451 0.135333 0.09
2 0.949667 0.354667 0.100667 0.096
2 0.831 0.372667 0.134 0.156
2 0.747333 0.282 0.133333 0.134667
2 0.759 0.196667 0.103333 0.069333
2 0.789667 0.091667 0.112667 0.132667
2 0.904 0.076333 0.105333 0.120667
1 0.948667 0.777667 0.102667 0.086
0 0.651 0.114667 0.079333 0.085333
0 0.578667 0.153 0.082667 0.102
0 0.239667 0.425667 0.082 0.159333
0 0.260333 0.678 0.106 0.098667
0 0.554 0.707 0.104 0.120667
0 0.382333 0.778 0.078 0.072
0 0.256 0.573 0.072 0.084667
0 0.796 0.598333 0.065333 0.079333
0 0.776 0.486667 0.062667 0.093333
0 0.903667 0.298333 0.074 0.052667
0 0.072 0.136333 0.052 0.063333
0 0.251333 0.224667 0.057333 0.097333
0 0.279 0.753333 0.068667 0.056
0 0.869667 0.254 0.074 0.056
0 0.482667 0.129333 0.077333 0.061333
2 0.192333 0.040667 0.155333 0.08
2 0.488667 0.053 0.172 0.103333
2 0.047 0.838333 0.092667 0.132667
2 0.636333 0.950333 0.138 0.099333
2 0.825333 0.956667 0.194667 0.086667
