2 0.070667 0.887333 0.136 0.121333
2 0.195667 0.876 0.088667 0.086667
2 0.286667 0.902667 0.108 0.14
2 0.236667 0.7873330000000001 0.082667 0.092
2 0.151333 0.7296670000000001 0.165333 0.17
2 0.121667 0.590667 0.15 0.12
2 0.34 0.786333 0.145333 0.144667
2 0.408 0.915333 0.166667 0.148
2 0.243333 0.6166670000000001 0.112 0.124
2 0.049333 0.39133300000000004 0.096 0.096
2 0.074667 0.30733299999999997 0.098667 0.088
2 0.145333 0.394667 0.108 0.105333
1 0.149667 0.489333 0.056667 0.045333
2 0.23 0.511 0.112 0.107333
2 0.254 0.40800000000000003 0.126667 0.102667
2 0.263667 0.30400000000000005 0.099333 0.086667
2 0.157667 0.29700000000000004 0.108667 0.108667
2 0.351 0.400667 0.087333 0.102667
2 0.336333 0.515 0.11 0.124667
2 0.366 0.638 0.157333 0.142667
2 0.433667 0.738333 0.132667 0.155333
2 0.473 0.544333 0.095333 0.094
2 0.456 0.42900000000000005 0.12 0.136667
2 0.435667 0.31999999999999995 0.104667 0.109333
2 0.566333 0.927333 0.084667 0.089333
2 0.564 0.8466670000000001 0.149333 0.102667
2 0.646 0.879 0.058667 0.058
2 0.66 0.810667 0.081333 0.068
2 0.551667 0.7476670000000001 0.136667 0.147333
2 0.534333 0.6313329999999999 0.102 0.093333
2 0.548 0.32766700000000004 0.132 0.15
2 0.56 0.44199999999999995 0.097333 0.098667
2 0.572 0.546667 0.110667 0.085333
2 0.646667 0.734667 0.086667 0.077333
2 0.644 0.648667 0.122667 0.128
2 0.663333 0.46966699999999995 0.113333 0.151333
2 0.677667 0.351 0.126 0.106
2 0.761667 0.865 0.183333 0.152667
2 0.762 0.741333 0.124 0.112
1 0.735 0.657667 0.092667 0.118
2 0.860333 0.7853330000000001 0.128667 0.124
2 0.892667 0.852 0.072 0.081333
2 0.757333 0.472333 0.14 0.156667
2 0.832667 0.647 0.138667 0.146
2 0.955 0.937 0.087333 0.094
2 0.838333 0.961333 0.087333 0.076
2 0.854333 0.484 0.084667 0.08
2 0.898667 0.538333 0.052 0.040667
2 0.951 0.5043329999999999 0.098 0.156667
2 0.934667 0.37066699999999997 0.106667 0.117333
2 0.831333 0.370333 0.113333 0.088667
2 0.841333 0.28700000000000003 0.108 0.116667
2 0.875667 0.156667 0.154 0.126667
2 0.916667 0.061000000000000054 0.138667 0.115333
2 0.799333 0.06366700000000003 0.104 0.092667
2 0.748333 0.15133300000000005 0.096667 0.101333
2 0.748 0.26733300000000004 0.1 0.134667
2 0.677333 0.04566700000000001 0.136 0.087333
2 0.653667 0.133 0.095333 0.11
2 0.638333 0.241 0.120667 0.120667
3 0.558333 0.17533299999999996 0.134 0.149333
2 0.458 0.224333 0.090667 0.094
2 0.354333 0.23099999999999998 0.136667 0.159333
2 0.408667 0.12166699999999997 0.125333 0.115333
2 0.308667 0.097333 0.096 0.106667
2 0.243667 0.20666700000000005 0.099333 0.117333
2 0.151333 0.21966699999999995 0.072 0.058
2 0.228333 0.10299999999999998 0.075333 0.086
2 0.129667 0.08366700000000005 0.108667 0.102
2 0.057667 0.19399999999999995 0.112667 0.125333
2 0.046667 0.093333 0.090667 0.088
0 0.482 0.845667 0.086667 0.088667
0 0.510333 0.964 0.071333 0.070667
0 0.576333 0.07033299999999998 0.062 0.063333
2 0.06 0.504 0.118667 0.157333
2 0.045667 0.683333 0.09 0.138667
2 0.035 0.8 0.068667 0.113333
2 0.17 0.962667 0.156 0.073333
2 0.946667 0.6619999999999999 0.106667 0.173333
2 0.378333 0.029667 0.094 0.059333
