2 0.921667 0.112667 0.142 0.137333
2 0.805667 0.087333 0.135333 0.158667
2 0.927 0.209 0.082 0.059333
2 0.882667 0.283667 0.128 0.111333
2 0.898333 0.390333 0.084667 0.107333
2 0.802667 0.377333 0.130667 0.144
2 0.931667 0.578667 0.102 0.117333
2 0.836333 0.633667 0.147333 0.111333
2 0.812667 0.534333 0.154667 0.131333
3 0.730333 0.713333 0.112667 0.122667
3 0.631 0.677667 0.086 0.079333
3 0.567 0.590667 0.060667 0.06
2 0.685333 0.427 0.112 0.160667
2 0.5856669999999999 0.394 0.108667 0.136
3 0.550333 0.123 0.054 0.068667
3 0.580333 0.049 0.115333 0.096667
3 0.5353330000000001 0.673333 0.108 0.112
2 0.45099999999999996 0.095667 0.128667 0.158
2 0.348333 0.056333 0.095333 0.111333
3 0.46766700000000005 0.265333 0.091333 0.097333
2 0.374 0.230333 0.090667 0.100667
2 0.409667 0.451 0.15 0.154
2 0.31366700000000003 0.618667 0.051333 0.033333
3 0.24166699999999997 0.308667 0.082 0.088
3 0.283667 0.202 0.091333 0.089333
1 0.17133299999999996 0.283333 0.058667 0.062667
3 0.18366700000000002 0.687333 0.114 0.101333
3 0.18700000000000006 0.500333 0.080667 0.058
2 0.21999999999999997 0.071333 0.126667 0.094667
2 0.18700000000000006 0.188667 0.120667 0.137333
2 0.091333 0.144333 0.122667 0.119333
2 0.08966700000000005 0.375 0.108667 0.080667
2 0.058667000000000025 0.578 0.117333 0.134667
2 0.06299999999999994 0.213 0.126 0.171333
3 0.23299999999999998 0.769667 0.051333 0.047333
2 0.12966699999999998 0.769333 0.132667 0.128
3 0.11466699999999996 0.875 0.124 0.103333
2 0.215333 0.902333 0.136 0.128667
2 0.29233299999999995 0.819 0.094 0.106
2 0.372 0.837333 0.121333 0.145333
3 0.42300000000000004 0.924 0.062 0.066667
2 0.46799999999999997 0.843 0.076 0.11
3 0.7146669999999999 0.805 0.084 0.086
3 0.601 0.789667 0.15 0.147333
2 0.553667 0.867667 0.115333 0.127333
2 0.723 0.925333 0.11 0.141333
2 0.827333 0.941667 0.098667 0.114
0 0.685667 0.073333 0.111333 0.098667
0 0.19999999999999996 0.579333 0.117333 0.101333
0 0.8486670000000001 0.735667 0.109333 0.119333
0 0.8220000000000001 0.845 0.113333 0.115333
0 0.907 0.884333 0.084667 0.116667
0 0.529333 0.532667 0.129333 0.117333
0 0.625667 0.893333 0.116667 0.090667
0 0.637 0.546667 0.079333 0.086667
0 0.343333 0.576 0.110667 0.088
0 0.303667 0.473 0.079333 0.100667
0 0.32066700000000004 0.298667 0.065333 0.081333
0 0.10999999999999999 0.486667 0.072 0.088
0 0.21766700000000005 0.458667 0.078 0.069333
0 0.397 0.732667 0.104667 0.097333
0 0.31000000000000005 0.681667 0.109333 0.103333
0 0.495333 0.336333 0.088 0.071333
2 0.940667 0.478 0.117333 0.145333
2 0.097333 0.05 0.16 0.098667
2 0.04466700000000001 0.770333 0.089333 0.119333
2 0.513333 0.958333 0.108 0.083333
