2 0.135333 0.113667 0.185333 0.179333
2 0.228 0.139333 0.053333 0.042667
2 0.107333 0.206667 0.122667 0.105333
2 0.099333 0.292667 0.094667 0.08
2 0.261 0.227333 0.138 0.148
2 0.369333 0.235667 0.112 0.118
2 0.372 0.124 0.150667 0.125333
2 0.477667 0.141667 0.102 0.102
2 0.601667 0.117333 0.166 0.166667
2 0.602333 0.263667 0.107333 0.128667
2 0.701 0.274667 0.099333 0.105333
2 0.486 0.254 0.145333 0.16
2 0.437333 0.318333 0.144 0.111333
2 0.134667 0.371 0.122667 0.094
2 0.043667 0.361667 0.086 0.088667
2 0.324333 0.386 0.152667 0.158667
2 0.440667 0.411667 0.093333 0.080667
2 0.518 0.427333 0.069333 0.073333
2 0.634 0.369 0.154667 0.095333
2 0.697333 0.451667 0.12 0.136667
2 0.639667 0.545333 0.091333 0.104
2 0.554667 0.522 0.102667 0.132
2 0.469667 0.510667 0.079333 0.105333
2 0.391667 0.498667 0.139333 0.145333
2 0.276667 0.48 0.094667 0.088
2 0.16 0.468667 0.154667 0.118667
2 0.112667 0.568667 0.068 0.089333
2 0.190333 0.578 0.114 0.116
2 0.298333 0.59 0.135333 0.132
2 0.450333 0.602333 0.098 0.107333
2 0.071333 0.638 0.085333 0.1
2 0.187667 0.665333 0.147333 0.086667
2 0.45 0.713333 0.070667 0.116
2 0.360667 0.692667 0.133333 0.132
2 0.551333 0.632 0.114667 0.113333
2 0.668667 0.656 0.141333 0.137333
2 0.652333 0.745667 0.134 0.123333
2 0.524667 0.731667 0.134667 0.118
2 0.056667 0.729333 0.109333 0.094667
2 0.164333 0.751333 0.159333 0.136
2 0.123333 0.855 0.114667 0.116667
2 0.228333 0.854333 0.099333 0.108667
2 0.326333 0.861333 0.096667 0.104
2 0.417333 0.879 0.092 0.116667
2 0.537333 0.850667 0.146667 0.128
2 0.502333 0.917 0.076667 0.066
2 0.644333 0.852 0.103333 0.108
2 0.625667 0.950333 0.131333 0.098
3 0.905333 0.96 0.070667 0.08
2 0.908667 0.884333 0.086667 0.068667
2 0.748667 0.866 0.098667 0.125333
2 0.775 0.687333 0.096667 0.113333
3 0.846667 0.689 0.064 0.084667
3 0.796 0.584333 0.089333 0.09
2 0.779667 0.492 0.084667 0.101333
3 0.860667 0.497 0.086667 0.091333
2 0.809333 0.396 0.121333 0.096
2 0.902 0.406667 0.070667 0.086667
2 0.873333 0.326 0.082667 0.073333
2 0.793333 0.299333 0.101333 0.089333
2 0.765667 0.193 0.119333 0.118
2 0.857 0.123 0.084667 0.071333
2 0.864 0.215333 0.101333 0.102667
2 0.915333 0.160667 0.050667 0.06
2 0.935667 0.244333 0.098 0.103333
2 0.914667 0.070333 0.078667 0.09
3 0.836667 0.041 0.054667 0.064667
0 0.941 0.805 0.118 0.159333
0 0.528667 0.356667 0.073333 0.070667
0 0.325667 0.786667 0.103333 0.078667
0 0.256667 0.726333 0.074667 0.119333
0 0.214667 0.382667 0.066667 0.074667
0 0.234667 0.932333 0.118667 0.095333
2 0.047667 0.924 0.094 0.126667
2 0.814333 0.944333 0.119333 0.111333
2 0.28 0.053 0.133333 0.104667
2 0.389 0.049667 0.112667 0.098
2 0.037333 0.078 0.073333 0.116
