2 0.095667 0.12 0.124667 0.172
2 0.210667 0.087 0.106667 0.151333
2 0.321333 0.131 0.126667 0.152667
2 0.214667 0.214667 0.045333 0.041333
3 0.304333 0.251667 0.07 0.09
2 0.423667 0.138667 0.074 0.092
2 0.527667 0.160667 0.100667 0.084
2 0.080667 0.290667 0.148 0.162667
2 0.099 0.397 0.063333 0.054
2 0.383 0.321667 0.122 0.116667
2 0.496333 0.330333 0.112667 0.114
2 0.491333 0.25 0.121333 0.089333
2 0.585 0.270667 0.056667 0.053333
2 0.660667 0.276333 0.148 0.122
2 0.634333 0.408333 0.163333 0.142
2 0.364667 0.403667 0.108 0.09
2 0.472333 0.435 0.074 0.091333
2 0.270333 0.426667 0.076667 0.076
2 0.148333 0.478 0.106 0.134667
2 0.246667 0.514667 0.105333 0.14
2 0.354333 0.507667 0.13 0.127333
2 0.456 0.515667 0.113333 0.083333
2 0.618667 0.533667 0.050667 0.052667
2 0.519 0.617 0.111333 0.15
2 0.439333 0.603 0.065333 0.09
3 0.364333 0.608 0.100667 0.081333
2 0.294333 0.656 0.100667 0.101333
2 0.212333 0.697 0.088667 0.118
2 0.093 0.652667 0.159333 0.206667
2 0.579 0.726333 0.095333 0.116667
1 0.306333 0.745 0.074 0.063333
3 0.71 0.709667 0.097333 0.126
3 0.679333 0.835 0.101333 0.103333
2 0.596333 0.824 0.07 0.076
2 0.503667 0.800333 0.106 0.124667
2 0.391667 0.783 0.118 0.139333
2 0.477333 0.892 0.105333 0.086667
3 0.377667 0.885667 0.075333 0.063333
2 0.286 0.861 0.112 0.091333
3 0.268667 0.949333 0.076 0.097333
2 0.190333 0.870667 0.094 0.102667
2 0.163333 0.949333 0.112 0.101333
3 0.576 0.934 0.114667 0.132
3 0.789333 0.851667 0.105333 0.120667
2 0.894667 0.891667 0.109333 0.146
3 0.921333 0.75 0.146667 0.153333
3 0.807333 0.718333 0.105333 0.127333
3 0.819 0.622333 0.147333 0.136667
3 0.846667 0.515333 0.112 0.086667
3 0.783333 0.45 0.145333 0.136
2 0.811333 0.323 0.18 0.164667
2 0.788 0.222333 0.105333 0.086
2 0.81 0.149 0.057333 0.062
2 0.916 0.15 0.082667 0.062667
2 0.959 0.043 0.068667 0.083333
2 0.905333 0.228333 0.130667 0.116667
0 0.175333 0.356667 0.052 0.066667
0 0.217667 0.297 0.108667 0.076667
0 0.559 0.049667 0.100667 0.098
0 0.660333 0.196 0.078 0.090667
0 0.082333 0.446333 0.062 0.058
0 0.688 0.553 0.08 0.127333
2 0.338667 0.050667 0.18 0.1
2 0.062 0.941667 0.122667 0.115333
2 0.368333 0.948333 0.166 0.103333
2 0.771 0.944 0.131333 0.112
2 0.672667 0.953333 0.093333 0.093333
2 0.946 0.537667 0.105333 0.136667
2 0.954667 0.425333 0.090667 0.12
2 0.845 0.062667 0.15 0.124
