2 0.971333 0.142333 0.053333 0.060667
2 0.853667 0.131667 0.067333 0.058
3 0.931 0.239667 0.126 0.106
2 0.880333 0.345667 0.100667 0.094
2 0.921 0.450333 0.154 0.122
2 0.9033329999999999 0.544333 0.092 0.068667
2 0.862667 0.633 0.142667 0.116667
3 0.6759999999999999 0.705667 0.174667 0.100667
3 0.771667 0.632667 0.026 0.026667
2 0.697333 0.607667 0.156 0.104667
2 0.7170000000000001 0.516 0.071333 0.076
2 0.759 0.429 0.166 0.127333
2 0.730667 0.226667 0.096 0.082667
2 0.6910000000000001 0.103667 0.17 0.156667
2 0.646333 0.203667 0.11 0.115333
2 0.562 0.185333 0.058667 0.070667
2 0.5513330000000001 0.282333 0.124 0.11
2 0.588333 0.394333 0.167333 0.134
2 0.593333 0.520667 0.186667 0.136
3 0.5756669999999999 0.625333 0.096667 0.078667
3 0.556 0.696 0.062667 0.061333
2 0.46299999999999997 0.405667 0.091333 0.143333
2 0.444333 0.574667 0.111333 0.117333
2 0.464333 0.672667 0.087333 0.073333
2 0.359333 0.645333 0.105333 0.137333
2 0.346 0.732667 0.045333 0.038667
3 0.353 0.555333 0.040667 0.038667
2 0.381 0.368667 0.112667 0.129333
2 0.44799999999999995 0.159 0.124 0.148667
2 0.26033300000000004 0.149 0.134 0.152667
2 0.273667 0.351 0.100667 0.139333
1 0.5593330000000001 0.078667 0.197333 0.154667
2 0.33566700000000005 0.474333 0.079333 0.082
2 0.249 0.52 0.171333 0.185333
2 0.17233299999999996 0.361667 0.103333 0.115333
3 0.26233300000000004 0.268667 0.048667 0.038667
2 0.255 0.713 0.174 0.186
3 0.18799999999999994 0.818667 0.098667 0.102667
2 0.45099999999999996 0.750333 0.100667 0.080667
2 0.326333 0.857333 0.139333 0.14
2 0.19533299999999998 0.946 0.097333 0.108
2 0.44266700000000003 0.875333 0.122667 0.121333
2 0.5433330000000001 0.878667 0.076 0.148
2 0.636667 0.908 0.116 0.124
2 0.642 0.801667 0.149333 0.098
2 0.728 0.811 0.068 0.062
2 0.830667 0.803333 0.117333 0.124
2 0.911667 0.809 0.047333 0.058
2 0.896667 0.938 0.094667 0.108
2 0.788333 0.935 0.11 0.116667
2 0.15033300000000005 0.128667 0.107333 0.117333
2 0.15800000000000003 0.226 0.174667 0.161333
2 0.06299999999999994 0.336 0.120667 0.121333
2 0.128 0.499 0.097333 0.099333
2 0.15500000000000003 0.595667 0.107333 0.087333
2 0.05066700000000002 0.569 0.101333 0.127333
2 0.04200000000000004 0.204333 0.084 0.131333
2 0.07399999999999995 0.685333 0.090667 0.088
2 0.15333300000000005 0.705667 0.081333 0.094
3 0.092333 0.801 0.091333 0.095333
0 0.740333 0.327667 0.159333 0.135333
0 0.8180000000000001 0.524667 0.105333 0.101333
0 0.36166699999999996 0.244 0.108667 0.121333
0 0.41833299999999995 0.495333 0.088667 0.082667
2 0.936667 0.056333 0.125333 0.111333
2 0.784667 0.047 0.124 0.092667
2 0.42033299999999996 0.053 0.115333 0.104667
2 0.14133300000000004 0.045 0.145333 0.088667
2 0.273667 0.046333 0.139333 0.091333
2 0.07233299999999998 0.91 0.144667 0.177333
2 0.499 0.964667 0.152667 0.070667
