2 0.921333 0.871333 0.054667 0.078667
3 0.851 0.868667 0.088667 0.092
2 0.637667 0.9339999999999999 0.092667 0.129333
3 0.562667 0.931 0.066667 0.091333
3 0.46466700000000005 0.835333 0.121333 0.176
3 0.277 0.909333 0.111333 0.122667
3 0.351333 0.823667 0.1 0.107333
2 0.34866699999999995 0.927 0.038667 0.051333
3 0.37833300000000003 0.7170000000000001 0.124667 0.107333
2 0.540667 0.704333 0.061333 0.072667
2 0.6619999999999999 0.703333 0.106667 0.105333
2 0.6699999999999999 0.801333 0.106667 0.096
2 0.7723329999999999 0.745333 0.116667 0.134667
3 0.881333 0.773 0.106667 0.106
2 0.925333 0.693333 0.096 0.108
3 0.823 0.6679999999999999 0.124667 0.102667
3 0.79 0.571333 0.132 0.108
2 0.940667 0.5966670000000001 0.116 0.097333
3 0.680667 0.555667 0.08 0.082
3 0.5946670000000001 0.564333 0.093333 0.127333
3 0.509333 0.5203329999999999 0.061333 0.059333
2 0.485 0.631 0.108667 0.152667
2 0.38333300000000003 0.600333 0.096 0.111333
3 0.936667 0.490333 0.125333 0.123333
3 0.8280000000000001 0.482 0.092 0.081333
2 0.644667 0.45566700000000004 0.173333 0.120667
2 0.707333 0.38333300000000003 0.076 0.077333
2 0.798333 0.398667 0.11 0.096
3 0.896333 0.339333 0.115333 0.118667
2 0.31000000000000005 0.393667 0.130667 0.112667
3 0.28200000000000003 0.302667 0.105333 0.086667
2 0.523333 0.356 0.074667 0.114667
1 0.5409999999999999 0.272 0.038 0.038667
3 0.619667 0.356 0.111333 0.117333
2 0.623667 0.28200000000000003 0.054 0.056
2 0.718 0.29200000000000004 0.097333 0.094667
2 0.914 0.23299999999999998 0.105333 0.098
3 0.826333 0.23299999999999998 0.080667 0.115333
2 0.717333 0.19899999999999995 0.145333 0.156667
2 0.622333 0.18366700000000002 0.11 0.144667
3 0.938 0.15500000000000003 0.061333 0.058
2 0.8466670000000001 0.11566699999999996 0.152 0.122
2 0.5329999999999999 0.18266700000000002 0.072667 0.086667
2 0.442333 0.18033299999999997 0.100667 0.128667
3 0.07299999999999995 0.150667 0.119333 0.110667
2 0.238 0.21399999999999997 0.056 0.053333
2 0.18700000000000006 0.27833300000000005 0.078 0.104667
2 0.239 0.47466699999999995 0.116667 0.117333
3 0.14133300000000004 0.45366700000000004 0.069333 0.071333
2 0.123 0.355 0.092667 0.07
2 0.030333000000000054 0.775 0.056667 0.051333
3 0.242 0.739333 0.150667 0.128
3 0.22399999999999998 0.855 0.093333 0.106
3 0.13266699999999998 0.838667 0.121333 0.128
3 0.13766699999999998 0.928 0.062 0.053333
3 0.08266700000000005 0.971 0.052 0.054
2 0.19799999999999995 0.963 0.081333 0.072667
2 0.806333 0.04633299999999996 0.114 0.078
2 0.529667 0.09899999999999998 0.075333 0.072667
2 0.19333299999999998 0.123 0.16 0.174
2 0.248 0.03966700000000001 0.074667 0.060667
0 0.5760000000000001 0.85 0.092 0.081333
0 0.947 0.7873330000000001 0.072667 0.084
0 0.7170000000000001 0.10099999999999998 0.087333 0.063333
0 0.385667 0.16300000000000003 0.056667 0.063333
0 0.5353330000000001 0.041000000000000036 0.064 0.042
0 0.337333 0.029333000000000053 0.069333 0.058667
0 0.32199999999999995 0.08799999999999997 0.076 0.085333
0 0.12366699999999997 0.261667 0.075333 0.099333
0 0.44266700000000003 0.44766700000000004 0.066667 0.076667
0 0.18266700000000002 0.599 0.104 0.116667
0 0.284667 0.644333 0.096 0.059333
0 0.587333 0.6719999999999999 0.053333 0.08
0 0.477 0.08066700000000004 0.074 0.076
3 0.776 0.933667 0.133333 0.131333
2 0.05833299999999997 0.307667 0.116667 0.182
2 0.403667 0.970667 0.072667 0.057333
