2 0.842 0.928333 0.133333 0.115333
2 0.6966669999999999 0.863 0.069333 0.078
2 0.609667 0.907 0.071333 0.102
3 0.865 0.706 0.09 0.094667
3 0.773333 0.7 0.089333 0.098667
2 0.738667 0.616 0.076 0.073333
3 0.810333 0.607 0.040667 0.038
3 0.884 0.617667 0.086667 0.080667
3 0.963 0.612333 0.072667 0.100667
2 0.6739999999999999 0.751 0.124 0.120667
3 0.47666699999999995 0.872333 0.058667 0.054
3 0.45666700000000005 0.806 0.098667 0.096
2 0.524 0.7416670000000001 0.082667 0.115333
2 0.43400000000000005 0.732333 0.096 0.099333
2 0.652 0.659 0.061333 0.059333
3 0.649667 0.5900000000000001 0.102 0.085333
2 0.522 0.613333 0.089333 0.084
2 0.44899999999999995 0.663 0.098 0.086
2 0.302667 0.7913330000000001 0.041333 0.036
2 0.444333 0.572667 0.060667 0.073333
2 0.381 0.5880000000000001 0.059333 0.058667
2 0.29433299999999996 0.625667 0.086 0.080667
3 0.6373329999999999 0.531667 0.04 0.036667
2 0.30300000000000005 0.5473330000000001 0.112667 0.096
2 0.30333299999999996 0.443333 0.077333 0.069333
2 0.386 0.5023329999999999 0.105333 0.107333
2 0.628 0.467333 0.142667 0.1
3 0.777333 0.43899999999999995 0.106667 0.100667
2 0.865 0.439333 0.072667 0.081333
2 0.952333 0.433667 0.072667 0.07
2 0.937 0.359 0.098 0.082
2 0.31233299999999997 0.338333 0.102 0.143333
2 0.41000000000000003 0.31666700000000003 0.065333 0.058667
2 0.478 0.33666700000000005 0.034667 0.030667
2 0.5820000000000001 0.35766699999999996 0.125333 0.123333
3 0.566333 0.27433300000000005 0.044667 0.040667
2 0.701667 0.29500000000000004 0.158 0.178
2 0.8240000000000001 0.291667 0.112 0.167333
2 0.907667 0.273 0.064667 0.094
2 0.9666669999999999 0.27 0.065333 0.086667
2 0.217333 0.540333 0.068 0.062
2 0.21866699999999994 0.44766700000000004 0.086667 0.11
2 0.22799999999999998 0.347 0.074667 0.078
2 0.14233300000000004 0.36366699999999996 0.100667 0.095333
2 0.041000000000000036 0.48 0.082 0.116
2 0.037667000000000006 0.5736669999999999 0.054 0.042
2 0.03633299999999995 0.6663330000000001 0.059333 0.051333
2 0.14 0.476333 0.122667 0.136667
2 0.142667 0.526 0.034667 0.038667
2 0.21966699999999995 0.705667 0.064667 0.054
2 0.21166700000000005 0.7853330000000001 0.100667 0.086667
2 0.20166700000000004 0.866667 0.060667 0.057333
3 0.100333 0.9339999999999999 0.071333 0.064
0 0.670667 0.931333 0.070667 0.081333
0 0.615 0.970333 0.07 0.058
0 0.40433300000000005 0.395 0.107333 0.099333
0 0.884 0.19499999999999995 0.109333 0.079333
0 0.949667 0.06399999999999995 0.099333 0.110667
0 0.872 0.09599999999999997 0.089333 0.098667
0 0.6819999999999999 0.13833300000000004 0.105333 0.111333
0 0.483 0.03933299999999995 0.115333 0.078667
0 0.815333 0.846333 0.077333 0.084667
0 0.5640000000000001 0.14333300000000004 0.078667 0.089333
0 0.952667 0.514 0.093333 0.094667
0 0.44366700000000003 0.18700000000000006 0.084667 0.107333
0 0.32566700000000004 0.07366700000000004 0.131333 0.131333
0 0.320333 0.216333 0.068667 0.072667
0 0.11533300000000002 0.10699999999999998 0.126667 0.108667
0 0.03400000000000003 0.18466700000000003 0.068 0.124
0 0.8049999999999999 0.07966700000000004 0.076667 0.127333
0 0.6839999999999999 0.05666700000000002 0.097333 0.097333
0 0.039000000000000035 0.804667 0.078 0.068
0 0.517 0.843 0.082 0.083333
0 0.491333 0.28233299999999995 0.106667 0.088667
0 0.13133300000000003 0.26133300000000004 0.068 0.065333
0 0.06733299999999998 0.37733300000000003 0.06 0.098667
0 0.363333 0.654667 0.081333 0.096
0 0.44699999999999995 0.942667 0.068667 0.050667
3 0.355333 0.952333 0.101333 0.094
3 0.19233299999999998 0.960333 0.100667 0.078
