2 0.896 0.831333 0.113333 0.118667
2 0.722667 0.927667 0.126667 0.122
3 0.6659999999999999 0.865667 0.082667 0.099333
2 0.5656669999999999 0.8526670000000001 0.114 0.121333
3 0.811667 0.777 0.118 0.083333
2 0.915 0.7046669999999999 0.104667 0.134667
2 0.8109999999999999 0.690333 0.116667 0.112667
2 0.700333 0.691333 0.13 0.137333
2 0.5720000000000001 0.698333 0.125333 0.155333
2 0.47166699999999995 0.7296670000000001 0.102 0.114
2 0.435667 0.857333 0.154 0.141333
2 0.473333 0.957667 0.130667 0.083333
2 0.350333 0.911667 0.111333 0.167333
2 0.35466699999999995 0.6950000000000001 0.129333 0.186
2 0.474 0.603 0.128 0.138
2 0.701333 0.562 0.156 0.138667
3 0.575333 0.556 0.096 0.098667
2 0.401 0.483 0.104667 0.143333
3 0.487 0.45666700000000005 0.082 0.137333
2 0.596333 0.450333 0.155333 0.128667
2 0.737333 0.43033299999999997 0.146667 0.122
2 0.8486670000000001 0.497 0.156 0.143333
2 0.75 0.31299999999999994 0.112 0.098
2 0.626333 0.33566700000000005 0.166 0.131333
1 0.502 0.35366699999999995 0.072 0.060667
2 0.848 0.293667 0.066667 0.060667
2 0.941333 0.347 0.114667 0.095333
2 0.856 0.19599999999999995 0.14 0.128
2 0.907 0.06733299999999998 0.148667 0.124
2 0.762667 0.11633300000000002 0.126667 0.19
2 0.659 0.14933300000000005 0.111333 0.177333
2 0.660667 0.24333300000000002 0.061333 0.058667
2 0.5283329999999999 0.164667 0.144667 0.204
3 0.44866700000000004 0.07799999999999996 0.088 0.108
2 0.44999999999999996 0.28200000000000003 0.166667 0.185333
2 0.328333 0.155667 0.139333 0.115333
2 0.329333 0.061000000000000054 0.133333 0.114
3 0.30600000000000005 0.25333300000000003 0.117333 0.098667
2 0.302667 0.356333 0.168 0.136667
2 0.170667 0.15400000000000003 0.174667 0.205333
3 0.12866699999999998 0.031333000000000055 0.104 0.062667
2 0.07766700000000004 0.30600000000000005 0.155333 0.217333
2 0.18700000000000006 0.378667 0.096667 0.117333
2 0.27233300000000005 0.44966700000000004 0.15 0.094
2 0.27733300000000005 0.563333 0.16 0.14
2 0.15100000000000002 0.546667 0.119333 0.181333
2 0.219333 0.706333 0.157333 0.151333
2 0.24966699999999997 0.827 0.136667 0.091333
2 0.236 0.935667 0.118667 0.124667
2 0.10433300000000001 0.906 0.142 0.181333
0 0.758 0.817333 0.098667 0.1
0 0.04566700000000001 0.119 0.087333 0.098
0 0.09499999999999997 0.751667 0.072667 0.075333
3 0.8506670000000001 0.926667 0.184 0.145333
2 0.939333 0.20666700000000005 0.12 0.196
2 0.5816669999999999 0.05233299999999996 0.162 0.104667
2 0.05033299999999996 0.5303329999999999 0.100667 0.160667
2 0.06299999999999994 0.661667 0.123333 0.131333
