2 0.065667 0.142333 0.124667 0.100667
2 0.128667 0.221333 0.076 0.061333
2 0.19 0.262 0.094667 0.110667
2 0.101667 0.312 0.115333 0.105333
2 0.541333 0.361333 0.108 0.104
2 0.637 0.390667 0.064667 0.072
2 0.225 0.352667 0.079333 0.066667
2 0.16 0.433 0.084 0.104667
1 0.101 0.485667 0.068667 0.058
2 0.426 0.442 0.070667 0.072
2 0.337667 0.484667 0.158 0.156
1 0.461333 0.508 0.053333 0.046667
2 0.543667 0.465 0.091333 0.099333
2 0.621333 0.518667 0.126667 0.108
2 0.588 0.603 0.096 0.086
2 0.491 0.584 0.062 0.070667
2 0.244333 0.571667 0.082 0.068667
2 0.142 0.552667 0.109333 0.102667
2 0.060667 0.589 0.117333 0.106
2 0.197 0.623333 0.107333 0.109333
2 0.119 0.667333 0.124667 0.108
2 0.048 0.734 0.094667 0.101333
2 0.105 0.787333 0.147333 0.136
2 0.348333 0.699 0.071333 0.087333
2 0.641667 0.695333 0.139333 0.138667
2 0.684667 0.859667 0.124 0.112667
2 0.49 0.826667 0.118667 0.117333
2 0.433 0.888 0.088667 0.086667
3 0.341333 0.827667 0.048 0.046
2 0.281333 0.870333 0.112 0.140667
2 0.224333 0.946 0.115333 0.104
2 0.159333 0.876 0.124 0.137333
2 0.072 0.940333 0.12 0.107333
0 0.216 0.106333 0.106667 0.124667
0 0.491333 0.134 0.114667 0.110667
0 0.354667 0.366333 0.062667 0.076667
0 0.240667 0.414667 0.1 0.098667
0 0.501333 0.67 0.093333 0.084
0 0.419667 0.604667 0.122 0.129333
0 0.408333 0.698667 0.056667 0.070667
0 0.395 0.788333 0.075333 0.079333
0 0.555 0.934333 0.064667 0.071333
0 0.611 0.889 0.060667 0.068667
0 0.599333 0.836333 0.054667 0.051333
0 0.546333 0.766 0.086 0.084
0 0.276 0.206667 0.078667 0.090667
0 0.731333 0.122667 0.093333 0.092
0 0.849667 0.071333 0.074 0.06
0 0.783 0.2 0.088667 0.078667
0 0.64 0.311333 0.081333 0.082667
0 0.632333 0.230667 0.055333 0.061333
0 0.571333 0.243 0.056 0.051333
0 0.551333 0.187333 0.054667 0.069333
0 0.960667 0.109333 0.078667 0.116
0 0.863333 0.127 0.052 0.055333
0 0.749333 0.392667 0.14 0.157333
0 0.825 0.321 0.098 0.099333
0 0.921333 0.278667 0.08 0.08
0 0.817333 0.840333 0.113333 0.106
0 0.931 0.819667 0.095333 0.103333
0 0.887333 0.657667 0.101333 0.106
0 0.753333 0.642667 0.113333 0.130667
0 0.807667 0.534333 0.098 0.076667
0 0.905 0.426333 0.075333 0.082
2 0.023667 0.315667 0.046 0.083333
2 0.039333 0.858667 0.077333 0.109333
2 0.616667 0.972333 0.084 0.055333
