2 0.911667 0.8220000000000001 0.174 0.169333
2 0.767667 0.782 0.152667 0.192
2 0.714 0.6839999999999999 0.092 0.105333
2 0.6739999999999999 0.92 0.136 0.154667
2 0.464333 0.904333 0.11 0.127333
2 0.33599999999999997 0.889333 0.152 0.190667
2 0.520667 0.742667 0.177333 0.213333
2 0.372 0.7276670000000001 0.130667 0.179333
2 0.939333 0.5986670000000001 0.114667 0.141333
2 0.797667 0.605667 0.180667 0.166
2 0.5696669999999999 0.572333 0.206 0.218
2 0.6990000000000001 0.472333 0.183333 0.180667
2 0.8316669999999999 0.482333 0.108667 0.124667
2 0.44799999999999995 0.44199999999999995 0.224 0.224
2 0.30000000000000004 0.38433300000000004 0.069333 0.062
2 0.848 0.305667 0.142667 0.144667
2 0.679 0.32466700000000004 0.200667 0.173333
2 0.639 0.24133300000000002 0.123333 0.124
2 0.522 0.33599999999999997 0.149333 0.109333
2 0.5063329999999999 0.22599999999999998 0.155333 0.14
2 0.365 0.24166699999999997 0.186 0.182
2 0.843 0.13766699999999998 0.194 0.220667
2 0.718333 0.137 0.103333 0.160667
2 0.598333 0.096333 0.158 0.184667
2 0.481333 0.10099999999999998 0.097333 0.13
2 0.351 0.09299999999999997 0.175333 0.180667
2 0.16133299999999995 0.10799999999999998 0.065333 0.057333
2 0.22299999999999998 0.20899999999999996 0.160667 0.195333
2 0.17933299999999996 0.28833299999999995 0.117333 0.102
2 0.286667 0.531667 0.202667 0.226
2 0.10566699999999996 0.590333 0.166 0.151333
2 0.256 0.733 0.149333 0.171333
2 0.12033300000000002 0.720667 0.147333 0.137333
0 0.408667 0.61 0.129333 0.129333
0 0.21066700000000005 0.8029999999999999 0.101333 0.095333
0 0.12666699999999997 0.831333 0.078667 0.110667
0 0.15933299999999995 0.48166699999999996 0.086667 0.107333
0 0.09466699999999995 0.5263329999999999 0.106667 0.087333
0 0.767333 0.263667 0.078667 0.091333
0 0.5776669999999999 0.873667 0.127333 0.115333
0 0.9359999999999999 0.028333000000000053 0.089333 0.056667
2 0.944333 0.16533299999999995 0.11 0.202667
2 0.06699999999999995 0.222333 0.134 0.267333
2 0.826667 0.926 0.197333 0.146667
