2 0.873667 0.067 0.098 0.116667
2 0.749 0.059 0.15 0.116667
2 0.697667 0.181667 0.160667 0.159333
2 0.566667 0.202667 0.137333 0.138667
2 0.849 0.252667 0.191333 0.186667
2 0.531333 0.081 0.144 0.155333
2 0.371333 0.096333 0.201333 0.183333
2 0.34766699999999995 0.214 0.195333 0.141333
2 0.33766700000000005 0.332667 0.163333 0.114667
2 0.679333 0.410667 0.073333 0.089333
2 0.760333 0.383667 0.188667 0.144667
2 0.851333 0.511 0.130667 0.142
2 0.7026669999999999 0.517667 0.164 0.195333
2 0.607 0.521667 0.071333 0.103333
2 0.619333 0.41 0.057333 0.073333
2 0.524667 0.407 0.213333 0.274
2 0.521 0.548667 0.118 0.104
2 0.6533329999999999 0.639333 0.064 0.077333
2 0.359333 0.444 0.157333 0.145333
2 0.36566699999999996 0.554333 0.086 0.087333
2 0.34866699999999995 0.705333 0.16 0.201333
2 0.41133299999999995 0.78 0.049333 0.056
2 0.427667 0.648667 0.154 0.213333
2 0.551667 0.659 0.155333 0.160667
2 0.939667 0.709 0.119333 0.136667
2 0.845 0.696 0.104667 0.109333
2 0.746667 0.733 0.157333 0.19
2 0.859667 0.834667 0.171333 0.2
2 0.7026669999999999 0.845333 0.126667 0.109333
2 0.544333 0.782333 0.187333 0.11
2 0.513333 0.869667 0.132 0.147333
2 0.735 0.948667 0.098 0.102667
2 0.518667 0.970667 0.089333 0.058667
2 0.150667 0.893333 0.125333 0.149333
2 0.05233299999999996 0.903667 0.104667 0.163333
2 0.21166700000000005 0.713 0.140667 0.171333
2 0.273 0.555 0.112667 0.155333
2 0.16333299999999995 0.569 0.133333 0.15
2 0.06666700000000003 0.565667 0.085333 0.067333
2 0.099333 0.458333 0.108 0.13
2 0.20033299999999998 0.452333 0.119333 0.112667
2 0.20699999999999996 0.344 0.102 0.113333
2 0.12333300000000003 0.356 0.081333 0.076
2 0.07266700000000004 0.280333 0.145333 0.168667
2 0.156667 0.159667 0.156 0.199333
0 0.800667 0.622333 0.081333 0.076667
0 0.25933300000000004 0.162667 0.101333 0.118667
0 0.863 0.431333 0.072667 0.090667
2 0.948333 0.593333 0.102 0.116
2 0.05466700000000002 0.146 0.109333 0.118667
2 0.395667 0.937333 0.147333 0.125333
2 0.6273329999999999 0.934333 0.142667 0.131333
