2 0.8140000000000001 0.897333 0.188 0.164
2 0.685 0.883333 0.074 0.096
2 0.749 0.8029999999999999 0.128667 0.13
2 0.607 0.879 0.088667 0.111333
2 0.635 0.761667 0.122 0.166
2 0.509333 0.883333 0.118667 0.149333
2 0.509667 0.726 0.158 0.192
2 0.41000000000000003 0.805667 0.102667 0.178
2 0.31799999999999995 0.8109999999999999 0.109333 0.122
2 0.431667 0.625667 0.034 0.036667
2 0.965 0.741333 0.068667 0.098667
2 0.867333 0.74 0.146667 0.132
2 0.862333 0.613667 0.162 0.126
2 0.746333 0.6863330000000001 0.154 0.116667
2 0.746667 0.5876669999999999 0.076 0.072667
2 0.824667 0.500333 0.125333 0.123333
2 0.633 0.568333 0.180667 0.171333
3 0.718667 0.486333 0.072 0.058
2 0.574333 0.44999999999999996 0.163333 0.189333
3 0.372 0.536 0.18 0.158667
2 0.7006669999999999 0.38333300000000003 0.162667 0.184
2 0.915667 0.322333 0.119333 0.132667
2 0.853333 0.397667 0.150667 0.166
2 0.524667 0.34166700000000005 0.118667 0.115333
2 0.376667 0.38833300000000004 0.174667 0.155333
2 0.416667 0.298667 0.104 0.110667
2 0.502 0.23466699999999996 0.16 0.132
2 0.371333 0.22266699999999995 0.114667 0.125333
2 0.851 0.10666699999999996 0.143333 0.157333
2 0.47066699999999995 0.11533300000000002 0.137333 0.133333
2 0.351333 0.09866699999999995 0.113333 0.134667
2 0.26333300000000004 0.217333 0.114667 0.149333
2 0.25733300000000003 0.08399999999999996 0.133333 0.145333
2 0.16133299999999995 0.07466700000000004 0.098667 0.118667
2 0.06166700000000003 0.062000000000000055 0.108667 0.113333
2 0.08866700000000005 0.18166700000000002 0.141333 0.143333
2 0.241 0.362 0.136667 0.161333
2 0.125 0.46799999999999997 0.180667 0.149333
2 0.18933299999999997 0.577 0.168 0.162
2 0.25133300000000003 0.707667 0.201333 0.138
2 0.10099999999999998 0.681333 0.108667 0.122667
2 0.18966700000000003 0.797667 0.154 0.095333
3 0.18233299999999997 0.909 0.156667 0.142
0 0.642 0.664667 0.073333 0.081333
0 0.538667 0.626 0.06 0.062667
0 0.823 0.262 0.088667 0.068
0 0.524 0.07399999999999995 0.066667 0.084
0 0.19966700000000004 0.28 0.098 0.1
0 0.16300000000000003 0.379667 0.078 0.059333
0 0.13833300000000004 0.21066700000000005 0.07 0.077333
0 0.495 0.544667 0.055333 0.065333
0 0.26033300000000004 0.47 0.086 0.062667
0 0.28533299999999995 0.567 0.072 0.100667
2 0.43033299999999997 0.944333 0.166 0.11
3 0.942333 0.12133300000000002 0.114 0.169333
2 0.061000000000000054 0.31200000000000006 0.122 0.216
3 0.04733299999999996 0.658667 0.094667 0.238667
