3 0.845667 0.128 0.058 0.042667
2 0.842 0.274667 0.124 0.125333
2 0.867333 0.411 0.122667 0.139333
2 0.88 0.523 0.085333 0.088667
2 0.787 0.5 0.112667 0.110667
2 0.757333 0.379333 0.133333 0.153333
2 0.650333 0.345 0.120667 0.120667
3 0.780667 0.177333 0.070667 0.084
2 0.69 0.148 0.134667 0.192
2 0.563333 0.11 0.125333 0.110667
2 0.595 0.439667 0.171333 0.155333
2 0.874 0.689333 0.08 0.072
2 0.759667 0.674 0.174 0.189333
2 0.669667 0.669333 0.067333 0.078667
2 0.697333 0.574 0.072 0.084
2 0.5549999999999999 0.622667 0.052667 0.032
2 0.5696669999999999 0.668 0.091333 0.088
2 0.611667 0.576667 0.107333 0.12
2 0.512667 0.323333 0.122667 0.081333
2 0.491 0.413 0.087333 0.088667
2 0.475333 0.546333 0.149333 0.111333
2 0.455333 0.648 0.134667 0.104
2 0.450333 0.71 0.044667 0.037333
2 0.512 0.199333 0.192 0.162667
2 0.36666699999999997 0.192 0.129333 0.154667
2 0.33966700000000005 0.059 0.128667 0.112667
2 0.378 0.496667 0.128 0.130667
2 0.31599999999999995 0.374333 0.137333 0.140667
2 0.272667 0.601333 0.142667 0.150667
2 0.16233299999999995 0.570333 0.098 0.094
2 0.18733299999999997 0.126 0.116 0.089333
2 0.20899999999999996 0.042 0.135333 0.082667
2 0.164667 0.215333 0.190667 0.134667
2 0.16200000000000003 0.329 0.2 0.128667
2 0.19733299999999998 0.461333 0.177333 0.114667
2 0.15433300000000005 0.73 0.172667 0.190667
2 0.18333299999999997 0.864 0.181333 0.170667
2 0.332333 0.874333 0.114 0.108667
2 0.358 0.764667 0.158667 0.114667
2 0.41500000000000004 0.823667 0.112667 0.122
2 0.514667 0.828 0.110667 0.148
2 0.530667 0.934333 0.090667 0.071333
2 0.632333 0.758 0.146 0.117333
2 0.636 0.864667 0.14 0.106667
2 0.709333 0.773667 0.053333 0.063333
2 0.775667 0.795333 0.082 0.076
2 0.797333 0.897333 0.16 0.118667
2 0.719333 0.869 0.061333 0.066
2 0.951667 0.698333 0.09 0.13
2 0.895 0.827 0.123333 0.136667
2 0.937 0.942333 0.099333 0.099333
2 0.07499999999999996 0.096667 0.11 0.101333
2 0.049000000000000044 0.204667 0.062 0.06
2 0.06566700000000003 0.437333 0.095333 0.094667
2 0.06299999999999994 0.536667 0.120667 0.137333
2 0.060667000000000026 0.842333 0.084 0.079333
3 0.101333 0.934 0.134667 0.098667
0 0.711667 0.271667 0.100667 0.064667
0 0.933 0.109 0.054 0.040667
0 0.12166699999999997 0.616 0.087333 0.082667
0 0.343333 0.668333 0.113333 0.143333
0 0.378667 0.947667 0.124 0.104667
0 0.519 0.726 0.087333 0.076
2 0.943 0.313 0.112667 0.226
2 0.043332999999999955 0.312 0.086667 0.173333
2 0.05600000000000005 0.726333 0.112 0.15
2 0.639 0.949667 0.135333 0.100667
2 0.804 0.962333 0.178667 0.075333
