3 0.096333 0.051667 0.083333 0.096667
2 0.188 0.073 0.108 0.144667
2 0.282 0.104667 0.124 0.134667
2 0.373667 0.051333 0.092667 0.1
2 0.474 0.075 0.117333 0.128667
2 0.57 0.090333 0.089333 0.091333
2 0.664333 0.104 0.122 0.154667
2 0.520667 0.169 0.113333 0.100667
2 0.393 0.152667 0.107333 0.096
3 0.144667 0.341667 0.081333 0.068667
3 0.387 0.239333 0.13 0.108
3 0.485 0.256667 0.068667 0.078667
3 0.576667 0.253667 0.112 0.11
3 0.656667 0.280667 0.048 0.050667
3 0.603667 0.377333 0.164667 0.141333
3 0.493667 0.433 0.098 0.114
2 0.437667 0.330667 0.098 0.094667
2 0.323333 0.311333 0.152 0.130667
2 0.282333 0.400333 0.051333 0.051333
3 0.38 0.421667 0.142667 0.126
3 0.217667 0.383 0.062 0.063333
2 0.128667 0.418333 0.108 0.103333
2 0.216 0.464667 0.094667 0.078667
3 0.283333 0.492667 0.090667 0.098667
3 0.360667 0.513 0.072 0.076667
3 0.452333 0.523333 0.115333 0.098667
2 0.592 0.485 0.12 0.116667
2 0.74 0.489333 0.076 0.061333
3 0.139667 0.543667 0.192667 0.154
3 0.343667 0.589667 0.104667 0.09
2 0.439 0.619333 0.099333 0.092
2 0.246 0.663667 0.117333 0.100667
2 0.335667 0.674667 0.064667 0.064
2 0.559667 0.629333 0.142 0.126667
2 0.553 0.737667 0.140667 0.112667
2 0.426333 0.715333 0.116667 0.106667
3 0.296 0.748667 0.073333 0.078667
2 0.518667 0.820667 0.077333 0.069333
3 0.695333 0.776333 0.14 0.143333
3 0.707667 0.883333 0.092667 0.085333
2 0.605333 0.859 0.124 0.122
2 0.508667 0.884 0.044 0.053333
2 0.403333 0.867333 0.132 0.118667
3 0.236333 0.826333 0.13 0.144667
2 0.113667 0.812333 0.128667 0.154
2 0.348 0.938333 0.066667 0.095333
3 0.270333 0.922 0.079333 0.096
2 0.127667 0.931 0.119333 0.134
2 0.869667 0.880333 0.058 0.051333
2 0.806 0.752333 0.070667 0.082
3 0.733667 0.659 0.15 0.163333
3 0.804333 0.594333 0.128667 0.128667
3 0.897333 0.623667 0.086667 0.118
2 0.920333 0.527333 0.078 0.076
3 0.966667 0.639333 0.066667 0.102667
2 0.837333 0.507667 0.116 0.095333
2 0.919333 0.433333 0.089333 0.114667
2 0.793667 0.401 0.17 0.123333
3 0.741667 0.288333 0.131333 0.135333
2 0.87 0.303 0.152 0.135333
2 0.802667 0.188 0.146667 0.124
2 0.828333 0.099 0.086 0.054
2 0.927333 0.125667 0.12 0.124667
2 0.901667 0.061 0.051333 0.042
3 0.939333 0.032333 0.085333 0.062
0 0.232333 0.195667 0.078 0.054
0 0.278 0.235667 0.052 0.042
0 0.309667 0.202667 0.042 0.053333
0 0.463333 0.187333 0.049333 0.065333
0 0.232 0.566667 0.070667 0.081333
0 0.670667 0.951667 0.070667 0.072667
0 0.771333 0.891333 0.052 0.082667
0 0.94 0.759333 0.090667 0.1
0 0.662667 0.558667 0.085333 0.081333
0 0.584 0.563333 0.053333 0.053333
0 0.503333 0.587667 0.045333 0.048667
0 0.691333 0.425333 0.045333 0.054667
0 0.466333 0.188 0.054 0.064
0 0.880667 0.211 0.056 0.051333
0 0.962667 0.935667 0.074667 0.094
3 0.04 0.392 0.078667 0.154667
2 0.038 0.776333 0.074667 0.100667
3 0.047333 0.954667 0.089333 0.090667
3 0.444333 0.959 0.098 0.082
3 0.868 0.956 0.098667 0.088
3 0.838333 0.034333 0.11 0.067333
