2 0.35 0.127 0.148 0.134
1 0.479 0.098333 0.051333 0.05
2 0.575 0.102667 0.128667 0.182667
2 0.696 0.118667 0.124 0.137333
2 0.091 0.272 0.100667 0.110667
2 0.187 0.269333 0.144667 0.158667
2 0.322667 0.245333 0.134667 0.105333
2 0.465 0.194333 0.134 0.13
2 0.634667 0.244 0.133333 0.125333
2 0.489 0.304333 0.064667 0.087333
2 0.421667 0.302 0.082 0.088
2 0.185667 0.422 0.126 0.138667
2 0.060333 0.393333 0.114 0.133333
2 0.297 0.367667 0.155333 0.154
2 0.371 0.422333 0.112667 0.127333
2 0.486667 0.432333 0.129333 0.132667
2 0.614 0.360333 0.129333 0.143333
2 0.698667 0.391667 0.102667 0.103333
2 0.139333 0.519333 0.104 0.118667
2 0.241333 0.546 0.126667 0.112
2 0.35 0.532333 0.125333 0.116667
2 0.216333 0.638333 0.131333 0.100667
2 0.077667 0.682333 0.154 0.182
2 0.188667 0.731 0.105333 0.111333
2 0.676667 0.491 0.118667 0.106
2 0.640667 0.593667 0.124 0.124667
2 0.520667 0.53 0.124 0.092
2 0.423 0.609667 0.103333 0.11
3 0.53 0.635667 0.130667 0.126
2 0.611 0.707333 0.080667 0.081333
2 0.308667 0.666 0.109333 0.128
2 0.06 0.804333 0.108 0.072667
2 0.168667 0.826 0.110667 0.082667
2 0.288 0.781333 0.116 0.1
2 0.422 0.713667 0.137333 0.111333
2 0.511 0.744333 0.076667 0.079333
2 0.720667 0.718 0.129333 0.122667
2 0.585667 0.806333 0.151333 0.112667
2 0.401 0.828333 0.136667 0.151333
2 0.357333 0.895 0.061333 0.063333
2 0.254333 0.869667 0.115333 0.128667
2 0.441333 0.942333 0.089333 0.115333
2 0.539333 0.9 0.125333 0.117333
2 0.671667 0.904333 0.116667 0.118
2 0.794333 0.936667 0.099333 0.089333
2 0.785 0.835 0.09 0.100667
2 0.83 0.725667 0.082667 0.075333
2 0.881 0.896667 0.074 0.076
2 0.921 0.819 0.156667 0.118
2 0.751 0.594333 0.092667 0.118
2 0.847333 0.628667 0.109333 0.121333
2 0.807333 0.406667 0.121333 0.124
2 0.865333 0.521 0.106667 0.094
2 0.918333 0.426333 0.123333 0.136667
3 0.884 0.291 0.124 0.144667
3 0.77 0.261667 0.136 0.139333
2 0.900333 0.166667 0.134 0.122667
0 0.060333 0.531667 0.092667 0.092667
0 0.223333 0.174667 0.134667 0.093333
2 0.267333 0.071 0.18 0.136667
2 0.062667 0.116 0.124 0.161333
2 0.219333 0.945333 0.14 0.109333
3 0.340333 0.960333 0.114 0.079333
2 0.945333 0.607 0.109333 0.144667
2 0.936333 0.721 0.127333 0.107333
2 0.831333 0.069667 0.141333 0.138
2 0.929667 0.060667 0.136667 0.12
3 0.956 0.324667 0.088 0.124
3 0.959667 0.219333 0.080667 0.112
