2 0.179667 0.072333 0.071333 0.063333
1 0.295 0.095333 0.116667 0.114667
2 0.096667 0.171333 0.061333 0.089333
2 0.174667 0.166667 0.104 0.173333
2 0.26 0.195667 0.102667 0.144667
2 0.337 0.211667 0.108667 0.118
2 0.451333 0.087667 0.064 0.075333
1 0.592667 0.075667 0.086667 0.095333
2 0.408333 0.260333 0.114 0.111333
2 0.637 0.266 0.060667 0.065333
2 0.435667 0.33 0.068667 0.056
2 0.606333 0.405333 0.086 0.081333
2 0.553333 0.468 0.089333 0.089333
2 0.662667 0.484333 0.074667 0.064667
3 0.755667 0.518 0.051333 0.062667
2 0.188333 0.299667 0.118 0.094
2 0.288333 0.321667 0.078 0.080667
2 0.223 0.382 0.115333 0.134667
2 0.123333 0.365333 0.088 0.084
2 0.363333 0.387667 0.048 0.054
2 0.309667 0.43 0.154 0.148
2 0.287 0.511333 0.059333 0.052
2 0.222667 0.488 0.081333 0.076
2 0.110333 0.48 0.086 0.085333
2 0.049333 0.537333 0.096 0.112
2 0.065 0.633 0.107333 0.071333
2 0.302667 0.594667 0.114667 0.132
2 0.424333 0.597667 0.139333 0.148667
3 0.468333 0.650333 0.05 0.044667
2 0.634333 0.615333 0.064667 0.077333
2 0.585667 0.654333 0.092667 0.083333
3 0.527333 0.699 0.042667 0.043333
2 0.466333 0.750667 0.074 0.113333
3 0.293 0.694333 0.062 0.063333
2 0.225333 0.755 0.073333 0.064667
2 0.176667 0.793333 0.045333 0.052
2 0.171667 0.702 0.15 0.166667
2 0.358 0.760667 0.138667 0.146667
2 0.274333 0.815333 0.052667 0.058667
2 0.064333 0.809 0.124667 0.103333
2 0.097667 0.859333 0.075333 0.069333
2 0.417333 0.832 0.101333 0.090667
2 0.523333 0.829 0.1 0.118
3 0.725 0.778 0.074 0.081333
3 0.675333 0.837 0.066667 0.048667
2 0.794 0.732333 0.097333 0.108667
2 0.890333 0.777333 0.127333 0.117333
2 0.041667 0.912333 0.05 0.056667
2 0.139333 0.916333 0.156 0.167333
2 0.268333 0.948667 0.095333 0.1
2 0.343 0.887667 0.091333 0.116667
3 0.408333 0.943333 0.040667 0.046667
2 0.45 0.89 0.090667 0.105333
2 0.605 0.893333 0.074 0.092
2 0.763 0.897 0.119333 0.136667
2 0.842333 0.939667 0.091333 0.107333
2 0.955667 0.707333 0.088667 0.122667
2 0.873 0.668 0.094 0.093333
2 0.787333 0.629667 0.101333 0.100667
2 0.833333 0.568333 0.049333 0.051333
2 0.872 0.459 0.066667 0.055333
3 0.832 0.348 0.08 0.058667
2 0.859 0.282667 0.091333 0.089333
0 0.139667 0.033667 0.098 0.066
0 0.385333 0.081667 0.073333 0.074
0 0.538 0.154667 0.073333 0.070667
0 0.063 0.263 0.124667 0.119333
0 0.454 0.390333 0.065333 0.063333
0 0.201667 0.567333 0.116667 0.124
0 0.561 0.561333 0.076667 0.072
0 0.474 0.528333 0.068 0.080667
0 0.398333 0.504667 0.094 0.076
0 0.498333 0.454 0.074 0.058667
0 0.568 0.260667 0.078667 0.082667
0 0.565667 0.335667 0.063333 0.07
0 0.478667 0.23 0.064 0.08
0 0.492333 0.323 0.052667 0.084667
0 0.676667 0.221667 0.08 0.083333
0 0.677333 0.313 0.066667 0.062
0 0.731333 0.422333 0.109333 0.114
0 0.63 0.749333 0.109333 0.097333
0 0.697 0.704 0.074 0.08
0 0.530667 0.898 0.06 0.066667
0 0.904 0.945333 0.094667 0.109333
0 0.825667 0.843 0.082 0.087333
0 0.895333 0.559333 0.077333 0.077333
0 0.957667 0.516667 0.084667 0.089333
0 0.917667 0.194667 0.100667 0.098667
0 0.802333 0.085667 0.063333 0.086
0 0.666 0.075333 0.061333 0.08
0 0.742667 0.269667 0.058667 0.054
0 0.788667 0.288667 0.052 0.053333
0 0.229333 0.878333 0.093333 0.111333
0 0.091333 0.718667 0.069333 0.109333
0 0.053667 0.433667 0.106 0.092667
2 0.238667 0.038 0.113333 0.074667
2 0.505333 0.041333 0.12 0.081333
2 0.038667 0.135667 0.076 0.143333
2 0.034333 0.706333 0.067333 0.127333
2 0.968667 0.84 0.062667 0.101333
