2 0.893 0.089333 0.118 0.106667
3 0.869333 0.187333 0.121333 0.090667
3 0.942667 0.268 0.110667 0.104
3 0.953667 0.356 0.091333 0.112
3 0.9390000000000001 0.450667 0.084667 0.077333
2 0.929333 0.526 0.101333 0.076
2 0.909 0.603 0.168667 0.172667
2 0.928333 0.693667 0.047333 0.034
3 0.822333 0.708333 0.112667 0.112667
2 0.760667 0.604 0.126667 0.110667
2 0.7723329999999999 0.411667 0.095333 0.147333
3 0.753 0.311333 0.063333 0.073333
3 0.836333 0.292667 0.116667 0.108
2 0.877 0.400333 0.112667 0.144667
2 0.7783329999999999 0.116667 0.122 0.096
2 0.749667 0.212 0.131333 0.109333
3 0.685667 0.149 0.058 0.067333
3 0.677333 0.312333 0.106667 0.106
3 0.682667 0.452667 0.141333 0.144
2 0.6513329999999999 0.54 0.101333 0.084
3 0.644333 0.620667 0.123333 0.101333
3 0.614333 0.731667 0.047333 0.046
3 0.540667 0.645667 0.044 0.036667
3 0.566667 0.660333 0.044 0.043333
2 0.534 0.736 0.113333 0.105333
3 0.461333 0.681 0.125333 0.106
3 0.44399999999999995 0.590333 0.105333 0.091333
3 0.531 0.562667 0.155333 0.162667
2 0.562333 0.465333 0.096667 0.093333
2 0.5876669999999999 0.376 0.183333 0.124
3 0.47166699999999995 0.374 0.056667 0.061333
3 0.5946670000000001 0.258333 0.113333 0.111333
2 0.617333 0.096 0.132 0.157333
3 0.5043329999999999 0.133 0.115333 0.146
2 0.41300000000000003 0.1 0.100667 0.125333
3 0.473 0.257667 0.143333 0.158
3 0.39233300000000004 0.284333 0.106 0.123333
3 0.396 0.386333 0.068 0.07
3 0.30800000000000005 0.359 0.053333 0.047333
3 0.30333299999999996 0.134333 0.129333 0.104667
2 0.30400000000000005 0.241 0.122667 0.135333
3 0.365333 0.482333 0.130667 0.107333
2 0.353333 0.583 0.106667 0.104667
2 0.359333 0.678 0.088 0.088
2 0.26933300000000004 0.661333 0.106667 0.112
3 0.26133300000000004 0.561667 0.086667 0.082
2 0.17866700000000002 0.061 0.152 0.119333
3 0.20333299999999999 0.156 0.129333 0.101333
3 0.08666700000000005 0.124 0.108 0.12
3 0.17866700000000002 0.250333 0.084 0.09
2 0.11166699999999996 0.22 0.056667 0.048
2 0.19933299999999998 0.342333 0.085333 0.096667
3 0.10999999999999999 0.314667 0.136 0.12
2 0.20366700000000004 0.429333 0.064667 0.070667
3 0.17033299999999996 0.523333 0.11 0.110667
3 0.09599999999999997 0.422333 0.142667 0.112667
2 0.07066700000000004 0.511667 0.097333 0.078
3 0.07966700000000004 0.592333 0.122 0.095333
3 0.07133299999999998 0.689333 0.081333 0.094667
3 0.16900000000000004 0.709333 0.134 0.126667
2 0.13033300000000003 0.81 0.127333 0.104
2 0.10499999999999998 0.915667 0.124667 0.111333
3 0.19633299999999998 0.938 0.123333 0.124
3 0.287667 0.961667 0.074 0.062
3 0.31033299999999997 0.868667 0.180667 0.158667
3 0.325333 0.755333 0.096 0.089333
3 0.42800000000000005 0.782667 0.112 0.116
3 0.411667 0.887 0.083333 0.108667
2 0.471333 0.909 0.062667 0.059333
3 0.513667 0.952 0.027333 0.029333
2 0.574333 0.907333 0.066 0.068
2 0.568333 0.823667 0.111333 0.103333
3 0.658667 0.861 0.089333 0.079333
2 0.657333 0.759333 0.082667 0.089333
2 0.743333 0.726667 0.110667 0.132
3 0.742 0.802667 0.057333 0.04
2 0.752 0.862333 0.088 0.095333
3 0.748667 0.942333 0.092 0.079333
3 0.838667 0.966333 0.08 0.067333
3 0.851 0.884667 0.114 0.116
3 0.834 0.794333 0.08 0.063333
2 0.934333 0.782333 0.096667 0.099333
3 0.948333 0.889667 0.102 0.114
0 0.8089999999999999 0.506667 0.087333 0.082667
0 0.042332999999999954 0.794667 0.084667 0.121333
0 0.34566699999999995 0.438 0.084667 0.074667
0 0.272667 0.495667 0.085333 0.068667
0 0.269667 0.341333 0.046 0.058667
0 0.474333 0.444667 0.09 0.089333
0 0.43533299999999997 0.186333 0.096 0.071333
0 0.16733299999999995 0.392333 0.049333 0.048667
0 0.6313329999999999 0.919667 0.057333 0.056667
0 0.28533299999999995 0.433333 0.081333 0.117333
3 0.963667 0.182667 0.071333 0.1
2 0.849667 0.035667 0.111333 0.07
3 0.299667 0.044333 0.115333 0.087333
3 0.041000000000000036 0.294333 0.082 0.103333
