2 0.920333 0.208 0.134 0.136
2 0.868333 0.071333 0.091333 0.112
2 0.790667 0.115333 0.16 0.194667
2 0.6579999999999999 0.085667 0.169333 0.168667
1 0.648 0.185333 0.041333 0.044
2 0.6663330000000001 0.287 0.135333 0.144667
2 0.569 0.215667 0.122 0.114
2 0.8049999999999999 0.287333 0.091333 0.089333
2 0.892 0.369 0.125333 0.143333
2 0.771 0.391333 0.136667 0.126667
2 0.640333 0.406 0.11 0.109333
2 0.7106669999999999 0.513 0.138667 0.106
2 0.924 0.517 0.116 0.099333
2 0.8586670000000001 0.567667 0.146667 0.122
2 0.9359999999999999 0.634667 0.096 0.1
2 0.8586670000000001 0.658333 0.070667 0.074
3 0.927333 0.731667 0.072 0.083333
2 0.717333 0.646 0.174667 0.142667
2 0.6046670000000001 0.666667 0.126667 0.126667
2 0.519333 0.305333 0.146667 0.133333
2 0.504 0.443 0.116 0.148667
2 0.473 0.636 0.167333 0.178667
2 0.379 0.115667 0.17 0.138
2 0.41400000000000003 0.26 0.150667 0.168
2 0.374667 0.437333 0.145333 0.173333
2 0.281 0.414333 0.123333 0.184667
2 0.209333 0.051333 0.170667 0.101333
1 0.21499999999999997 0.153333 0.203333 0.117333
2 0.19766700000000004 0.238 0.23 0.122667
2 0.06233299999999997 0.285 0.116667 0.134
2 0.18300000000000005 0.339333 0.195333 0.113333
2 0.16700000000000004 0.429333 0.114 0.077333
2 0.18400000000000005 0.525667 0.188 0.124667
2 0.10866699999999996 0.617667 0.201333 0.142
2 0.07666700000000004 0.745667 0.150667 0.159333
2 0.21099999999999997 0.74 0.158 0.226667
2 0.33399999999999996 0.683 0.16 0.226
2 0.30133299999999996 0.851667 0.124 0.123333
2 0.5696669999999999 0.762 0.124667 0.112
2 0.493 0.823333 0.15 0.137333
2 0.475333 0.924667 0.104 0.090667
2 0.651667 0.843333 0.066 0.050667
2 0.618 0.945667 0.108 0.108667
2 0.6863330000000001 0.759 0.114 0.116667
2 0.756333 0.758667 0.055333 0.08
2 0.856333 0.753333 0.107333 0.110667
2 0.8396669999999999 0.846 0.086 0.086667
2 0.819667 0.929 0.082 0.082
2 0.740667 0.855333 0.098667 0.090667
2 0.917667 0.908 0.108667 0.125333
2 0.974 0.769 0.048 0.047333
0 0.43733299999999997 0.396333 0.106667 0.123333
0 0.383 0.902667 0.119333 0.133333
0 0.20699999999999996 0.867 0.099333 0.099333
0 0.07166700000000004 0.421333 0.083333 0.121333
0 0.716333 0.935667 0.107333 0.119333
0 0.34866699999999995 0.323667 0.046667 0.05
2 0.21499999999999997 0.948333 0.244667 0.103333
2 0.960333 0.437667 0.078 0.124667
