2 0.936333 0.150333 0.092667 0.075333
2 0.909333 0.244 0.165333 0.113333
2 0.878667 0.361 0.149333 0.155333
2 0.775 0.304667 0.064667 0.073333
2 0.788333 0.232667 0.096667 0.089333
2 0.820667 0.152 0.081333 0.074667
2 0.847333 0.057 0.12 0.108667
2 0.737333 0.048667 0.097333 0.096
3 0.654333 0.110667 0.103333 0.136
2 0.608 0.217 0.081333 0.074
2 0.707667 0.255333 0.056667 0.066667
2 0.5373330000000001 0.131 0.137333 0.178
3 0.392 0.207333 0.084 0.088
2 0.234333 0.079 0.096667 0.112667
2 0.13966699999999999 0.114667 0.122 0.14
2 0.05666700000000002 0.121333 0.058667 0.061333
0 0.29100000000000004 0.379333 0.246 0.278667
0 0.09899999999999998 0.508333 0.198 0.222
0 0.09599999999999997 0.671 0.148 0.139333
0 0.13333300000000003 0.866333 0.254667 0.267333
0 0.30233299999999996 0.700333 0.264667 0.178
0 0.499 0.537667 0.146 0.127333
0 0.494 0.872333 0.22 0.255333
0 0.662667 0.897667 0.202667 0.204667
0 0.863333 0.861667 0.272 0.258
0 0.914667 0.538667 0.169333 0.173333
0 0.772667 0.698667 0.164 0.133333
0 0.6333329999999999 0.743667 0.164 0.127333
0 0.521333 0.657 0.169333 0.151333
0 0.31999999999999995 0.874333 0.281333 0.251333
0 0.330333 0.554667 0.175333 0.137333
0 0.47266699999999995 0.404667 0.226667 0.196
0 0.687 0.516333 0.226 0.202
0 0.804 0.587333 0.145333 0.129333
0 0.720333 0.16 0.123333 0.110667
0 0.152667 0.216667 0.102667 0.074667
0 0.12833300000000003 0.293333 0.115333 0.090667
2 0.362 0.089 0.181333 0.176667
