2 0.847333 0.062667 0.158667 0.124
2 0.9339999999999999 0.200667 0.105333 0.114667
2 0.915667 0.327333 0.132667 0.137333
2 0.895333 0.441667 0.138667 0.108667
2 0.866333 0.520667 0.060667 0.053333
2 0.922 0.617667 0.094667 0.104667
3 0.8200000000000001 0.605667 0.073333 0.062
2 0.773 0.511 0.100667 0.108667
2 0.783 0.421333 0.07 0.06
2 0.793 0.315667 0.180667 0.155333
2 0.813333 0.181333 0.169333 0.126667
3 0.741333 0.074333 0.066667 0.079333
3 0.681 0.174667 0.098 0.110667
2 0.6699999999999999 0.291333 0.101333 0.105333
2 0.655667 0.464667 0.118 0.104
2 0.728333 0.680667 0.11 0.132
2 0.6663330000000001 0.576667 0.154 0.124
2 0.623667 0.68 0.095333 0.082667
2 0.613667 0.357667 0.136667 0.156667
2 0.5353330000000001 0.535333 0.132 0.136
3 0.54 0.655333 0.092 0.102667
2 0.513 0.346667 0.112667 0.129333
2 0.531667 0.121667 0.128667 0.128667
2 0.48766699999999996 0.221667 0.164667 0.135333
2 0.41933299999999996 0.083333 0.105333 0.136
3 0.46099999999999997 0.433333 0.114 0.092
2 0.42333299999999996 0.318333 0.094667 0.128667
3 0.45899999999999996 0.519667 0.072667 0.075333
2 0.45999999999999996 0.625667 0.076 0.095333
2 0.346 0.614 0.153333 0.158667
3 0.364333 0.484 0.084667 0.101333
2 0.34466699999999995 0.399667 0.078667 0.078
2 0.32799999999999996 0.305667 0.098667 0.103333
2 0.342333 0.192333 0.160667 0.142
2 0.314333 0.072 0.098 0.102667
2 0.239 0.19 0.074 0.064
2 0.22799999999999998 0.275333 0.110667 0.104
2 0.24633300000000002 0.373333 0.09 0.082667
2 0.27633300000000005 0.470667 0.099333 0.117333
2 0.17533299999999996 0.455333 0.125333 0.145333
2 0.15533300000000005 0.575667 0.125333 0.102
2 0.22866699999999995 0.675333 0.070667 0.089333
2 0.220333 0.786 0.144667 0.137333
2 0.17000000000000004 0.891 0.128 0.118
2 0.29900000000000004 0.890333 0.124667 0.144667
3 0.236 0.97 0.050667 0.052
3 0.38833300000000004 0.819 0.080667 0.092667
3 0.436667 0.731333 0.14 0.114667
3 0.43799999999999994 0.888667 0.061333 0.070667
3 0.599 0.778333 0.135333 0.116667
2 0.740333 0.801667 0.118 0.104667
2 0.746 0.900333 0.124 0.106
2 0.826333 0.712333 0.100667 0.146
2 0.920667 0.723333 0.088 0.145333
2 0.09399999999999997 0.428667 0.085333 0.113333
3 0.10966699999999996 0.059 0.084667 0.116667
2 0.09166700000000005 0.799667 0.112667 0.136667
0 0.916 0.896 0.124 0.128
0 0.933 0.812 0.068667 0.066667
0 0.47366699999999995 0.831667 0.094 0.124667
0 0.26033300000000004 0.574 0.082 0.092
0 0.291667 0.675 0.068667 0.078
0 0.090333 0.606333 0.060667 0.084667
0 0.18833299999999997 0.347333 0.048667 0.046667
0 0.17766700000000002 0.209667 0.048667 0.052667
0 0.07266700000000004 0.209 0.113333 0.087333
0 0.038000000000000034 0.623333 0.076 0.072
0 0.517333 0.913333 0.097333 0.137333
0 0.025666999999999995 0.684667 0.043333 0.044
0 0.056332999999999966 0.925333 0.043333 0.045333
2 0.652333 0.071333 0.136667 0.141333
2 0.21099999999999997 0.084667 0.131333 0.168
2 0.04400000000000004 0.511667 0.088 0.146
2 0.615333 0.925667 0.144 0.148667
2 0.943667 0.082667 0.111333 0.144
