2 0.92 0.895667 0.153333 0.199333
2 0.79 0.882667 0.145333 0.156
2 0.687333 0.776667 0.217333 0.225333
2 0.822667 0.763667 0.093333 0.082
2 0.83 0.691667 0.158667 0.134
2 0.845 0.563333 0.136667 0.152
2 0.736 0.555667 0.136 0.142
2 0.705333 0.6433329999999999 0.098667 0.082667
2 0.675333 0.652 0.04 0.06
2 0.597 0.636333 0.151333 0.152667
3 0.6513329999999999 0.968667 0.046667 0.06
2 0.5549999999999999 0.908 0.172667 0.182667
2 0.439333 0.899667 0.117333 0.140667
2 0.31133299999999997 0.89 0.149333 0.166667
2 0.410667 0.767 0.161333 0.174
2 0.306667 0.651 0.174667 0.147333
2 0.33299999999999996 0.5589999999999999 0.166 0.155333
2 0.368333 0.451333 0.203333 0.18
2 0.46066700000000005 0.5860000000000001 0.145333 0.113333
2 0.617 0.521667 0.13 0.115333
2 0.685667 0.42533299999999996 0.164667 0.166667
2 0.5676669999999999 0.421667 0.136667 0.162
2 0.27733300000000005 0.36166699999999996 0.092 0.098
2 0.858333 0.345333 0.140667 0.196
2 0.759 0.31699999999999995 0.126 0.158
2 0.635 0.29000000000000004 0.131333 0.14
2 0.643667 0.499 0.051333 0.032667
2 0.525 0.27633300000000005 0.143333 0.172667
2 0.463333 0.39333300000000004 0.152 0.166667
2 0.387 0.25 0.152667 0.170667
2 0.44266700000000003 0.14133300000000004 0.085333 0.085333
2 0.658667 0.18133299999999997 0.108 0.098667
2 0.549667 0.14833300000000005 0.17 0.174
2 0.769667 0.215333 0.092667 0.072
2 0.879667 0.20699999999999996 0.104667 0.112667
2 0.8376669999999999 0.10599999999999998 0.135333 0.184
2 0.732333 0.10066699999999995 0.192667 0.201333
2 0.19166700000000003 0.10566699999999996 0.194 0.146
2 0.160667 0.19133299999999998 0.258667 0.186667
1 0.04800000000000004 0.28333299999999995 0.084 0.110667
2 0.14700000000000002 0.29833299999999996 0.163333 0.134
2 0.19933299999999998 0.42033299999999996 0.152 0.140667
2 0.10633300000000001 0.42500000000000004 0.094 0.126
2 0.18666700000000003 0.522 0.145333 0.108
2 0.17766700000000002 0.629667 0.155333 0.151333
2 0.07466700000000004 0.601333 0.118667 0.202667
2 0.25733300000000003 0.758667 0.164 0.148
2 0.15133300000000005 0.831 0.141333 0.126
2 0.05233299999999996 0.804 0.103333 0.104
2 0.044332999999999956 0.905 0.088667 0.088667
2 0.14833300000000005 0.927 0.176667 0.143333
0 0.33199999999999996 0.20499999999999996 0.085333 0.083333
2 0.950333 0.592667 0.098 0.168
2 0.949333 0.34199999999999997 0.1 0.189333
2 0.955667 0.124 0.087333 0.172
2 0.624333 0.059667000000000026 0.120667 0.119333
2 0.05900000000000005 0.088333 0.118 0.176667
