3 0.113333 0.162333 0.186667 0.172667
3 0.229667 0.106667 0.060667 0.048
2 0.078667 0.286 0.145333 0.121333
3 0.190333 0.274333 0.063333 0.063333
3 0.088333 0.373 0.075333 0.059333
3 0.171 0.369667 0.075333 0.079333
3 0.436 0.221333 0.078667 0.082667
2 0.519333 0.233 0.093333 0.120667
3 0.559 0.098667 0.056667 0.064
2 0.634333 0.16 0.172667 0.145333
2 0.635667 0.263 0.13 0.100667
2 0.591667 0.343 0.119333 0.096667
2 0.412 0.316667 0.173333 0.168
2 0.278667 0.357 0.096 0.088667
3 0.147 0.441 0.082 0.064667
2 0.345667 0.441667 0.116667 0.107333
2 0.465333 0.453 0.138667 0.168667
2 0.581667 0.450333 0.103333 0.111333
2 0.695333 0.383333 0.114667 0.126667
3 0.541667 0.548667 0.087333 0.068
3 0.103 0.540333 0.082 0.09
2 0.215333 0.543333 0.145333 0.142667
2 0.360667 0.564 0.132 0.122667
2 0.676667 0.489667 0.132 0.092667
2 0.627 0.564 0.084667 0.066667
2 0.592333 0.728333 0.103333 0.087333
2 0.713 0.695333 0.135333 0.1
2 0.698333 0.777667 0.146 0.098
2 0.685 0.855667 0.140667 0.082
2 0.5 0.757333 0.053333 0.053333
2 0.422 0.755333 0.106667 0.146667
2 0.302333 0.764 0.126 0.156
2 0.074 0.642 0.097333 0.08
2 0.197333 0.668333 0.144 0.111333
3 0.533333 0.626 0.098667 0.077333
2 0.628333 0.64 0.114 0.090667
3 0.584 0.802333 0.06 0.056667
2 0.182 0.772 0.145333 0.104
2 0.058667 0.742333 0.112 0.102
3 0.049 0.909667 0.066 0.047333
2 0.157 0.897 0.120667 0.159333
2 0.291667 0.906 0.144667 0.145333
2 0.485667 0.882 0.114 0.116
2 0.654 0.94 0.129333 0.110667
2 0.774667 0.914333 0.105333 0.132667
2 0.872 0.890333 0.112 0.115333
2 0.962333 0.946 0.075333 0.08
2 0.746667 0.588 0.148 0.138667
2 0.868 0.622333 0.154667 0.134
2 0.769333 0.494 0.078667 0.085333
2 0.865333 0.514 0.125333 0.113333
2 0.735 0.203667 0.07 0.083333
2 0.887333 0.128667 0.122667 0.082667
2 0.953 0.190667 0.076667 0.101333
2 0.836333 0.221667 0.162 0.108667
2 0.934333 0.297 0.119333 0.138
1 0.791667 0.317667 0.15 0.098
2 0.8 0.403667 0.126667 0.095333
2 0.903667 0.405 0.114 0.118
0 0.267333 0.254667 0.108 0.086667
0 0.219 0.455 0.071333 0.063333
0 0.154333 0.305667 0.051333 0.062
0 0.362667 0.176667 0.068 0.086667
0 0.344 0.131667 0.085333 0.067333
0 0.262667 0.049667 0.084 0.098
0 0.337333 0.046 0.076 0.090667
0 0.031333 0.353667 0.053333 0.05
0 0.824 0.815667 0.052 0.055333
0 0.87 0.734333 0.117333 0.124667
0 0.712667 0.077667 0.094667 0.111333
0 0.702 0.317667 0.053333 0.051333
0 0.442667 0.913333 0.033333 0.048
0 0.481333 0.811333 0.068 0.049333
