1 0.393667 0.720667 0.171333 0.186667
1 0.270667 0.745 0.1 0.179333
1 0.301667 0.624667 0.119333 0.129333
1 0.353333 0.5636669999999999 0.122667 0.126
1 0.5409999999999999 0.608 0.118 0.137333
1 0.44699999999999995 0.574333 0.106 0.127333
1 0.29933299999999996 0.470333 0.110667 0.127333
1 0.6743330000000001 0.556 0.156667 0.137333
1 0.5780000000000001 0.509667 0.098667 0.112667
1 0.499 0.494333 0.100667 0.092667
1 0.37366699999999997 0.398 0.128667 0.174667
2 0.499667 0.406667 0.140667 0.116
2 0.48266699999999996 0.327333 0.136 0.086667
2 0.34666699999999995 0.23366699999999996 0.096 0.116667
2 0.44899999999999995 0.241 0.131333 0.115333
2 0.647667 0.42533299999999996 0.156667 0.145333
2 0.751333 0.362333 0.186667 0.218
2 0.798333 0.26933300000000004 0.15 0.109333
2 0.8316669999999999 0.166667 0.126 0.116
1 0.860667 0.07499999999999996 0.090667 0.096667
2 0.709667 0.18999999999999995 0.111333 0.108
2 0.7436670000000001 0.08499999999999996 0.171333 0.142
2 0.554333 0.17666700000000002 0.144667 0.162667
2 0.610333 0.08166700000000005 0.098 0.138
2 0.519333 0.06566700000000003 0.092 0.127333
2 0.32899999999999996 0.062000000000000055 0.118 0.124
2 0.43200000000000005 0.06499999999999995 0.101333 0.13
2 0.28700000000000003 0.163667 0.126 0.122
2 0.262667 0.08866700000000005 0.048 0.036
2 0.20299999999999996 0.08799999999999997 0.046 0.049333
2 0.18700000000000006 0.242 0.084667 0.072
2 0.21099999999999997 0.15200000000000002 0.047333 0.054667
2 0.28200000000000003 0.31499999999999995 0.12 0.128667
2 0.18999999999999995 0.325333 0.085333 0.102667
0 0.838 0.662667 0.086667 0.089333
0 0.6146670000000001 0.329333 0.101333 0.081333
0 0.08533299999999999 0.16900000000000004 0.170667 0.220667
0 0.07599999999999996 0.41333299999999995 0.152 0.208
0 0.17433299999999996 0.47866699999999995 0.120667 0.101333
0 0.14233300000000004 0.6313329999999999 0.202 0.188
0 0.05300000000000005 0.587333 0.106 0.134667
0 0.16733299999999995 0.736333 0.106667 0.143333
0 0.16833299999999995 0.849667 0.174 0.127333
0 0.941333 0.6106670000000001 0.116 0.181333
0 0.568333 0.268667 0.092667 0.093333
0 0.739 0.6603330000000001 0.058 0.068667
0 0.717667 0.928 0.152667 0.142667
0 0.849333 0.892 0.129333 0.164
0 0.618 0.946 0.128 0.106667
0 0.950333 0.878 0.092667 0.192
1 0.947667 0.07166700000000004 0.100667 0.143333
