2 0.893 0.155 0.152667 0.119333
2 0.9033329999999999 0.052333 0.144 0.103333
2 0.788667 0.124333 0.113333 0.138
2 0.918 0.261667 0.134667 0.115333
2 0.832333 0.321333 0.176667 0.154667
2 0.897 0.397333 0.203333 0.133333
2 0.927667 0.494 0.131333 0.096
2 0.920667 0.589667 0.156 0.103333
2 0.806 0.537 0.137333 0.124667
2 0.889333 0.678333 0.096 0.128667
2 0.794333 0.665 0.107333 0.148667
2 0.675 0.611667 0.127333 0.148667
2 0.641 0.314667 0.13 0.145333
3 0.634333 0.206333 0.071333 0.063333
2 0.685333 0.107667 0.117333 0.132667
2 0.5700000000000001 0.082333 0.132 0.162
2 0.506667 0.244667 0.130667 0.108
2 0.507333 0.352333 0.128 0.104667
2 0.47366699999999995 0.445333 0.171333 0.105333
2 0.45599999999999996 0.557 0.129333 0.122
2 0.545667 0.692 0.148667 0.145333
2 0.42133299999999996 0.664 0.132 0.129333
2 0.33699999999999997 0.511667 0.116667 0.138
2 0.346333 0.407667 0.116667 0.098
2 0.371 0.307333 0.143333 0.112
2 0.39033300000000004 0.210667 0.09 0.08
2 0.39133300000000004 0.100333 0.169333 0.135333
2 0.281 0.168 0.122 0.164
2 0.31100000000000005 0.628667 0.075333 0.08
2 0.25233300000000003 0.387333 0.054 0.050667
2 0.20599999999999996 0.597667 0.141333 0.119333
2 0.222333 0.475667 0.147333 0.123333
2 0.18533299999999997 0.261 0.170667 0.158
3 0.13833300000000004 0.361333 0.120667 0.109333
2 0.06699999999999995 0.23 0.108667 0.138667
2 0.04933299999999996 0.34 0.090667 0.093333
2 0.05566700000000002 0.400667 0.068667 0.066667
2 0.09966699999999995 0.541667 0.114 0.123333
3 0.06933299999999998 0.670667 0.132 0.126667
3 0.154667 0.799 0.126667 0.136667
3 0.10566699999999996 0.898667 0.103333 0.101333
3 0.22099999999999997 0.912667 0.055333 0.068
3 0.27833300000000005 0.856 0.15 0.134667
2 0.28 0.733667 0.152 0.123333
2 0.506667 0.799 0.136 0.132667
2 0.41500000000000004 0.872333 0.148667 0.148667
3 0.31599999999999995 0.941667 0.086667 0.112667
2 0.623 0.815667 0.088667 0.115333
2 0.719 0.836 0.123333 0.150667
2 0.717667 0.954 0.140667 0.092
2 0.851667 0.883 0.124667 0.179333
0 0.728 0.275667 0.088 0.126
0 0.511333 0.144667 0.1 0.082667
0 0.6643330000000001 0.716 0.103333 0.074667
0 0.798667 0.809333 0.090667 0.072
0 0.948 0.808667 0.082667 0.065333
0 0.7196670000000001 0.385 0.060667 0.074
0 0.752 0.463 0.057333 0.067333
0 0.08899999999999997 0.443667 0.072667 0.074
2 0.07966700000000004 0.105 0.159333 0.168667
2 0.030333000000000054 0.525 0.060667 0.118
3 0.10233300000000001 0.966667 0.19 0.066667
2 0.42400000000000004 0.960333 0.164 0.079333
2 0.952333 0.923333 0.094 0.153333
