2 0.096 0.838 0.113333 0.114667
2 0.125 0.708 0.147333 0.146667
2 0.06 0.56 0.093333 0.102667
2 0.133667 0.582667 0.102 0.125333
2 0.228 0.703667 0.08 0.074
2 0.255667 0.580333 0.155333 0.178
2 0.222333 0.821333 0.143333 0.153333
2 0.310333 0.732 0.135333 0.193333
2 0.414667 0.703333 0.104 0.157333
2 0.497333 0.796667 0.164 0.154667
2 0.535333 0.666667 0.173333 0.133333
2 0.559 0.567333 0.171333 0.126667
2 0.580667 0.46599999999999997 0.125333 0.089333
2 0.689667 0.497 0.092667 0.056667
2 0.7 0.5836669999999999 0.148 0.108667
2 0.785 0.546 0.071333 0.058667
2 0.673 0.700333 0.183333 0.140667
3 0.745667 0.758333 0.087333 0.075333
2 0.599667 0.844333 0.160667 0.156667
2 0.743 0.881667 0.147333 0.171333
2 0.857 0.895667 0.115333 0.11
2 0.567 0.947333 0.160667 0.104
2 0.843333 0.760667 0.076 0.061333
2 0.879333 0.655667 0.194667 0.17
2 0.898667 0.560667 0.058667 0.065333
2 0.949667 0.947333 0.100667 0.094667
0 0.232333 0.255 0.174 0.186
0 0.361667 0.462333 0.15 0.087333
0 0.109 0.309667 0.202 0.226
0 0.107 0.129 0.116667 0.127333
0 0.449333 0.091333 0.196 0.182667
0 0.701 0.17933299999999996 0.198 0.244
0 0.872667 0.08133299999999999 0.254667 0.153333
0 0.722333 0.400667 0.143333 0.169333
0 0.486667 0.365 0.137333 0.131333
0 0.394 0.27933300000000005 0.185333 0.145333
0 0.465667 0.52 0.123333 0.125333
0 0.845333 0.44699999999999995 0.168 0.198
0 0.854667 0.26533300000000004 0.165333 0.173333
0 0.518 0.271667 0.066667 0.064667
0 0.252667 0.386667 0.141333 0.105333
0 0.095 0.473333 0.072667 0.077333
0 0.244333 0.920667 0.060667 0.058667
2 0.926333 0.807667 0.147333 0.183333
2 0.041667 0.760667 0.082 0.136
