2 0.082 0.078 0.057333 0.06
2 0.156 0.088333 0.106667 0.146
3 0.094 0.162333 0.048 0.046
3 0.263 0.106667 0.127333 0.137333
3 0.257667 0.227667 0.132667 0.143333
2 0.376 0.220667 0.133333 0.170667
3 0.452 0.285 0.084 0.095333
3 0.353 0.346333 0.126 0.102
3 0.195333 0.29 0.118667 0.109333
2 0.086333 0.242 0.139333 0.133333
3 0.125 0.369667 0.188667 0.154
3 0.549667 0.123333 0.051333 0.053333
3 0.536667 0.203667 0.113333 0.112667
3 0.633667 0.144667 0.075333 0.066667
3 0.716333 0.160667 0.076667 0.093333
3 0.640333 0.232667 0.107333 0.121333
3 0.540333 0.309667 0.111333 0.131333
3 0.642333 0.35 0.135333 0.118667
3 0.731333 0.368333 0.088 0.094
3 0.534667 0.413333 0.128 0.098667
3 0.305333 0.441667 0.132 0.163333
3 0.397667 0.463667 0.108667 0.132667
3 0.487333 0.488333 0.113333 0.115333
2 0.595667 0.508 0.138 0.164
3 0.560333 0.626667 0.088667 0.104
3 0.481333 0.666667 0.061333 0.053333
3 0.655667 0.642 0.120667 0.134667
3 0.578333 0.716667 0.123333 0.1
2 0.211667 0.527333 0.118 0.134667
3 0.225667 0.606667 0.108667 0.105333
2 0.138667 0.675667 0.104 0.108667
2 0.080667 0.754667 0.093333 0.084
3 0.319333 0.624667 0.149333 0.154667
3 0.23 0.709333 0.077333 0.096
2 0.055 0.860333 0.099333 0.126
2 0.156 0.825667 0.133333 0.175333
2 0.265333 0.847667 0.108 0.099333
2 0.324 0.758 0.12 0.133333
3 0.356667 0.864333 0.061333 0.071333
2 0.281 0.941333 0.119333 0.117333
2 0.065333 0.956667 0.076 0.069333
3 0.433667 0.772333 0.111333 0.154
2 0.451333 0.898333 0.157333 0.118
3 0.388667 0.954667 0.077333 0.072
3 0.53 0.794667 0.082667 0.089333
3 0.609667 0.823667 0.114 0.095333
2 0.687333 0.769667 0.118667 0.131333
2 0.621333 0.933 0.164 0.134
2 0.774667 0.707667 0.130667 0.143333
2 0.761333 0.575667 0.174667 0.144667
3 0.718 0.964667 0.069333 0.070667
2 0.801 0.911 0.17 0.147333
2 0.872 0.810667 0.134667 0.112
2 0.930333 0.937667 0.103333 0.122
3 0.946 0.730667 0.070667 0.073333
3 0.961 0.630667 0.052667 0.053333
2 0.796 0.480667 0.117333 0.105333
3 0.923667 0.449667 0.138 0.115333
3 0.820667 0.387333 0.090667 0.081333
2 0.738667 0.271667 0.110667 0.124667
3 0.801667 0.204 0.071333 0.065333
3 0.867 0.278 0.158 0.142667
3 0.941333 0.122 0.065333 0.056
2 0.812667 0.121 0.110667 0.096667
0 0.691667 0.453667 0.116667 0.107333
0 0.880667 0.668667 0.118667 0.117333
0 0.119 0.561333 0.123333 0.137333
0 0.448333 0.597 0.131333 0.135333
0 0.369667 0.068 0.080667 0.093333
0 0.612333 0.100667 0.058 0.06
0 0.709667 0.866 0.075333 0.072
3 0.540333 0.039333 0.136667 0.077333
2 0.037333 0.338333 0.073333 0.166
3 0.049333 0.665 0.097333 0.147333
3 0.936333 0.533333 0.127333 0.118667
2 0.938333 0.334333 0.123333 0.139333
3 0.941667 0.043667 0.116667 0.086
