0 0.45566700000000004 0.449333 0.224667 0.230667
0 0.11499999999999999 0.549 0.19 0.135333
0 0.554333 0.866667 0.143333 0.18
0 0.18999999999999995 0.907 0.129333 0.123333
0 0.6413329999999999 0.102 0.110667 0.133333
0 0.9 0.217 0.066667 0.068667
0 0.965333 0.219333 0.068 0.076
0 0.931333 0.697667 0.109333 0.088667
0 0.7236670000000001 0.569 0.120667 0.100667
0 0.822333 0.453 0.063333 0.063333
0 0.886 0.358333 0.169333 0.187333
0 0.849667 0.150333 0.067333 0.066
0 0.760333 0.13 0.108667 0.101333
0 0.738333 0.353333 0.100667 0.078667
0 0.308667 0.176667 0.070667 0.076
0 0.18766700000000003 0.059667 0.054 0.064667
0 0.24633300000000002 0.067667 0.074 0.066
0 0.251667 0.213667 0.080667 0.092667
0 0.311667 0.289333 0.079333 0.066667
0 0.14600000000000002 0.116 0.046667 0.066667
0 0.055332999999999966 0.32 0.106667 0.109333
0 0.247 0.440667 0.155333 0.168
0 0.14500000000000002 0.180667 0.07 0.045333
0 0.032667 0.091 0.065333 0.102
0 0.08366700000000005 0.723 0.095333 0.099333
0 0.07133299999999998 0.841 0.049333 0.048667
0 0.04300000000000004 0.875 0.086 0.072667
0 0.11866699999999997 0.937667 0.093333 0.124667
0 0.33466700000000005 0.605333 0.128 0.116
0 0.29800000000000004 0.747 0.113333 0.131333
0 0.552333 0.610667 0.091333 0.101333
0 0.517333 0.708667 0.101333 0.117333
0 0.7110000000000001 0.671667 0.116667 0.104667
0 0.748 0.898 0.133333 0.092
0 0.6950000000000001 0.823667 0.120667 0.119333
