2 0.14533300000000005 0.06 0.052 0.041333
2 0.123 0.427 0.052667 0.047333
2 0.13766699999999998 0.518333 0.09 0.066
2 0.04500000000000004 0.107 0.088667 0.083333
2 0.031667 0.180333 0.062 0.047333
2 0.06399999999999995 0.565 0.128 0.131333
2 0.07066700000000004 0.748 0.029333 0.033333
2 0.06833299999999998 0.834667 0.092667 0.094667
2 0.145667 0.933667 0.079333 0.082
3 0.07666700000000004 0.929 0.028 0.026
0 0.874 0.556333 0.2 0.214
0 0.704 0.692 0.144 0.121333
0 0.513 0.650333 0.162 0.155333
0 0.398 0.639333 0.085333 0.101333
0 0.395 0.414 0.095333 0.110667
0 0.28900000000000003 0.123 0.100667 0.119333
0 0.37066699999999997 0.176667 0.078667 0.101333
0 0.266667 0.242333 0.085333 0.091333
0 0.35966699999999996 0.318 0.076667 0.089333
0 0.09999999999999998 0.244333 0.136 0.123333
0 0.860667 0.801667 0.105333 0.119333
0 0.328333 0.860333 0.115333 0.087333
0 0.636333 0.843333 0.15 0.137333
0 0.534333 0.144333 0.071333 0.088667
0 0.61 0.140333 0.101333 0.104667
0 0.667667 0.266667 0.087333 0.090667
0 0.659667 0.381667 0.099333 0.099333
0 0.752667 0.559333 0.094667 0.110667
0 0.648667 0.560333 0.137333 0.178
0 0.879667 0.087667 0.123333 0.108667
0 0.24566699999999997 0.450333 0.115333 0.107333
0 0.392 0.954 0.097333 0.092
0 0.920667 0.711333 0.096 0.089333
