2 0.916 0.903667 0.116 0.120667
3 0.7416670000000001 0.818333 0.042 0.042
2 0.798 0.769 0.118667 0.108667
2 0.865333 0.6950000000000001 0.118667 0.131333
2 0.7030000000000001 0.739333 0.075333 0.064
3 0.526 0.922 0.061333 0.076
2 0.45466700000000004 0.937333 0.044 0.042667
2 0.376667 0.850333 0.138667 0.144667
2 0.421667 0.788333 0.096667 0.114
2 0.28500000000000003 0.765333 0.078 0.08
2 0.360333 0.706333 0.092667 0.107333
2 0.5243329999999999 0.823333 0.108667 0.126667
2 0.576667 0.749333 0.068 0.066667
3 0.471333 0.708333 0.093333 0.103333
2 0.643 0.653 0.126 0.156667
3 0.519667 0.614333 0.046 0.052667
2 0.42533299999999996 0.6066670000000001 0.109333 0.101333
2 0.348333 0.574333 0.119333 0.103333
2 0.277 0.636 0.127333 0.142667
2 0.27 0.531 0.076 0.078
2 0.487 0.5183329999999999 0.134 0.131333
3 0.45299999999999996 0.44766700000000004 0.051333 0.051333
2 0.633667 0.508 0.135333 0.126667
3 0.971 0.517667 0.052667 0.055333
3 0.841333 0.522667 0.149333 0.112
3 0.9083330000000001 0.464333 0.072667 0.066
2 0.340333 0.46499999999999997 0.107333 0.088667
2 0.38333300000000003 0.41433299999999995 0.098667 0.126
2 0.363 0.30300000000000005 0.138 0.142
2 0.301667 0.38 0.036667 0.038667
2 0.453333 0.350333 0.064 0.063333
2 0.531333 0.381667 0.125333 0.111333
2 0.834667 0.413667 0.142667 0.138
2 0.951 0.40533300000000005 0.092667 0.092
2 0.954 0.28333299999999995 0.090667 0.121333
2 0.876667 0.260667 0.072 0.08
2 0.721 0.28800000000000003 0.083333 0.086667
3 0.765667 0.34366699999999994 0.067333 0.080667
2 0.683333 0.36066699999999996 0.108 0.097333
2 0.648333 0.26233300000000004 0.15 0.140667
2 0.708 0.19799999999999995 0.064 0.073333
2 0.796333 0.22666699999999995 0.106 0.145333
2 0.813667 0.09699999999999998 0.088667 0.091333
3 0.629 0.15000000000000002 0.080667 0.082667
3 0.525667 0.264 0.084667 0.094667
3 0.46599999999999997 0.18166700000000002 0.077333 0.079333
2 0.5263329999999999 0.129 0.071333 0.096667
2 0.583333 0.06466700000000003 0.1 0.113333
3 0.880333 0.036667000000000005 0.075333 0.073333
2 0.318333 0.05600000000000005 0.111333 0.112
2 0.253 0.13433300000000004 0.152667 0.17
2 0.205333 0.19166700000000003 0.113333 0.124667
2 0.13933300000000004 0.14933300000000005 0.054667 0.06
2 0.097333 0.062000000000000055 0.136 0.124
2 0.14533300000000005 0.267 0.109333 0.098
2 0.08166700000000005 0.20199999999999996 0.122 0.102667
2 0.059667000000000026 0.369 0.11 0.09
2 0.09666699999999995 0.44199999999999995 0.108 0.089333
2 0.16233299999999995 0.511 0.087333 0.083333
2 0.11433300000000002 0.5676669999999999 0.046 0.036667
2 0.221333 0.41633299999999995 0.137333 0.167333
2 0.20066700000000004 0.5800000000000001 0.072 0.066667
2 0.20999999999999996 0.716333 0.082667 0.091333
2 0.145667 0.640333 0.122 0.135333
2 0.07666700000000004 0.7050000000000001 0.066667 0.079333
2 0.03533299999999995 0.6293329999999999 0.070667 0.116
2 0.142667 0.751333 0.108 0.085333
2 0.256 0.9013329999999999 0.106667 0.148
2 0.15933299999999995 0.889333 0.085333 0.116
2 0.10499999999999998 0.808 0.102 0.096
0 0.718 0.6623330000000001 0.113333 0.103333
0 0.935333 0.659 0.104 0.11
0 0.554 0.663333 0.102667 0.118667
0 0.806333 0.5880000000000001 0.118 0.092
0 0.517667 0.44866700000000004 0.095333 0.090667
0 0.6639999999999999 0.422667 0.113333 0.102667
0 0.601667 0.38433300000000004 0.072667 0.115333
0 0.560667 0.32266700000000004 0.061333 0.053333
0 0.421667 0.25833300000000003 0.136667 0.120667
0 0.71 0.11699999999999999 0.078667 0.075333
0 0.94 0.11633300000000002 0.118667 0.120667
0 0.362 0.18200000000000005 0.114667 0.118667
0 0.057667000000000024 0.12166699999999997 0.068667 0.074
2 0.656667 0.928 0.142667 0.142667
3 0.955667 0.828667 0.087333 0.098667
3 0.745333 0.04733299999999996 0.106667 0.094667
2 0.03833299999999995 0.27 0.071333 0.114667
3 0.037667000000000006 0.7763329999999999 0.075333 0.168667
