2 0.8220000000000001 0.088333 0.169333 0.174
2 0.782 0.232333 0.192 0.152667
2 0.6839999999999999 0.286 0.105333 0.092
2 0.92 0.326 0.154667 0.136
2 0.904333 0.535667 0.127333 0.11
2 0.889333 0.664 0.190667 0.152
2 0.742667 0.479333 0.213333 0.177333
2 0.7276670000000001 0.628 0.179333 0.130667
2 0.5986670000000001 0.060667 0.141333 0.114667
2 0.605667 0.202333 0.166 0.180667
2 0.572333 0.430333 0.218 0.206
2 0.472333 0.301 0.180667 0.183333
2 0.482333 0.168333 0.124667 0.108667
2 0.44199999999999995 0.552 0.224 0.224
2 0.38433300000000004 0.7 0.062 0.069333
2 0.305667 0.152 0.144667 0.142667
2 0.32466700000000004 0.321 0.173333 0.200667
2 0.24133300000000002 0.361 0.124 0.123333
2 0.33599999999999997 0.478 0.109333 0.149333
2 0.22599999999999998 0.493667 0.14 0.155333
2 0.24166699999999997 0.635 0.182 0.186
2 0.13766699999999998 0.157 0.220667 0.194
2 0.137 0.281667 0.160667 0.103333
2 0.096333 0.401667 0.184667 0.158
2 0.10099999999999998 0.518667 0.13 0.097333
2 0.09299999999999997 0.649 0.180667 0.175333
2 0.10799999999999998 0.838667 0.057333 0.065333
2 0.20899999999999996 0.777 0.195333 0.160667
2 0.28833299999999995 0.820667 0.102 0.117333
2 0.531667 0.713333 0.226 0.202667
2 0.590333 0.894333 0.151333 0.166
2 0.733 0.744 0.171333 0.149333
2 0.720667 0.879667 0.137333 0.147333
0 0.61 0.591333 0.129333 0.129333
0 0.8029999999999999 0.789333 0.095333 0.101333
0 0.831333 0.873333 0.110667 0.078667
0 0.48166699999999996 0.840667 0.107333 0.086667
0 0.5263329999999999 0.905333 0.087333 0.106667
0 0.263667 0.232667 0.091333 0.078667
0 0.873667 0.422333 0.115333 0.127333
0 0.028333000000000053 0.064 0.056667 0.089333
2 0.16533299999999995 0.055667 0.202667 0.11
2 0.222333 0.933 0.267333 0.134
2 0.926 0.173333 0.146667 0.197333
