2 0.94 0.854667 0.041333 0.052
2 0.573 0.877 0.047333 0.052667
2 0.48166699999999996 0.862333 0.066 0.09
2 0.893 0.955 0.083333 0.088667
2 0.819667 0.968333 0.047333 0.062
2 0.43500000000000005 0.936 0.131333 0.128
2 0.252 0.929333 0.033333 0.029333
2 0.16533299999999995 0.931667 0.094667 0.092667
2 0.06633299999999998 0.854333 0.082 0.079333
3 0.07099999999999995 0.923333 0.026 0.028
0 0.44366700000000003 0.126 0.214 0.2
0 0.30800000000000005 0.296 0.121333 0.144
0 0.34966699999999995 0.487 0.155333 0.162
0 0.36066699999999996 0.602 0.101333 0.085333
0 0.5860000000000001 0.605 0.110667 0.095333
0 0.877 0.711 0.119333 0.100667
0 0.823333 0.629333 0.101333 0.078667
0 0.757667 0.733333 0.091333 0.085333
0 0.6819999999999999 0.640333 0.089333 0.076667
0 0.755667 0.9 0.123333 0.136
0 0.19833299999999998 0.139333 0.119333 0.105333
0 0.13966699999999999 0.671667 0.087333 0.115333
0 0.156667 0.363667 0.137333 0.15
0 0.855667 0.465667 0.088667 0.071333
0 0.859667 0.39 0.104667 0.101333
0 0.733333 0.332333 0.090667 0.087333
0 0.618333 0.340333 0.099333 0.099333
0 0.44066700000000003 0.247333 0.110667 0.094667
0 0.43966700000000003 0.351333 0.178 0.137333
0 0.9123330000000001 0.120333 0.108667 0.123333
0 0.549667 0.754333 0.107333 0.115333
0 0.04600000000000004 0.608 0.092 0.097333
0 0.288667 0.079333 0.089333 0.096
