2 0.89 0.938333 0.144 0.122
2 0.643667 0.927667 0.124667 0.135333
2 0.546667 0.917 0.1 0.098
2 0.381 0.897 0.126 0.135333
2 0.6 0.8069999999999999 0.146667 0.112667
2 0.5433330000000001 0.767667 0.037333 0.035333
2 0.45466700000000004 0.744667 0.097333 0.082667
2 0.565333 0.677 0.166667 0.17
2 0.45499999999999996 0.6683330000000001 0.063333 0.068667
2 0.6966669999999999 0.719333 0.133333 0.189333
3 0.360333 0.771333 0.095333 0.065333
2 0.34166700000000005 0.679667 0.166 0.191333
2 0.34299999999999997 0.588333 0.134 0.104667
2 0.479 0.553667 0.187333 0.184667
2 0.442333 0.45699999999999996 0.048667 0.040667
2 0.33166700000000005 0.49 0.138 0.132
2 0.664667 0.575 0.156 0.119333
2 0.809667 0.560333 0.183333 0.155333
2 0.880333 0.48 0.194 0.154667
2 0.479 0.39 0.123333 0.138667
2 0.556 0.32899999999999996 0.144 0.179333
2 0.5776669999999999 0.20333299999999999 0.094 0.089333
2 0.7030000000000001 0.211333 0.116667 0.110667
2 0.656667 0.338333 0.077333 0.111333
2 0.877 0.345333 0.104667 0.129333
2 0.748 0.36366699999999996 0.177333 0.199333
2 0.869667 0.23533300000000001 0.156667 0.114667
2 0.863 0.123 0.123333 0.147333
2 0.769 0.11633300000000002 0.096667 0.134
2 0.696333 0.09166700000000005 0.059333 0.099333
2 0.486 0.08899999999999997 0.177333 0.175333
2 0.358 0.151667 0.157333 0.139333
2 0.25133300000000003 0.10799999999999998 0.105333 0.14
2 0.361 0.226333 0.15 0.088667
2 0.14733300000000005 0.08799999999999997 0.117333 0.122667
3 0.049000000000000044 0.08366700000000005 0.098 0.103333
2 0.07533299999999998 0.18066700000000002 0.133333 0.105333
2 0.04966700000000002 0.265667 0.062 0.059333
2 0.35866699999999996 0.339333 0.186667 0.177333
2 0.215333 0.335333 0.125333 0.168
2 0.253667 0.44366700000000003 0.127333 0.096667
2 0.133 0.394 0.095333 0.096
2 0.11766699999999997 0.481 0.123333 0.111333
2 0.10999999999999999 0.5836669999999999 0.126667 0.104667
2 0.20766700000000005 0.636333 0.134 0.147333
2 0.11199999999999999 0.667333 0.106667 0.116
2 0.15000000000000002 0.858 0.117333 0.130667
3 0.35066699999999995 0.042332999999999954 0.124 0.084667
0 0.881 0.8089999999999999 0.131333 0.151333
0 0.813333 0.8566670000000001 0.085333 0.101333
0 0.610333 0.45966700000000005 0.111333 0.119333
0 0.210333 0.19899999999999995 0.131333 0.111333
0 0.161667 0.251667 0.127333 0.107333
0 0.11133300000000002 0.31399999999999995 0.062667 0.078667
0 0.23933300000000002 0.753333 0.145333 0.125333
0 0.24866699999999997 0.895667 0.156 0.131333
0 0.857 0.714333 0.119333 0.115333
0 0.49066699999999996 0.850333 0.110667 0.126
0 0.41633299999999995 0.814333 0.123333 0.134
0 0.6126670000000001 0.11433300000000002 0.110667 0.100667
0 0.618333 0.04533299999999996 0.096667 0.090667
3 0.04266700000000001 0.32899999999999996 0.085333 0.124667
2 0.06000000000000005 0.8180000000000001 0.12 0.230667
