2 0.938667 0.923667 0.068 0.087333
2 0.806667 0.897 0.150667 0.134
2 0.607 0.775 0.108667 0.092667
2 0.585 0.9033329999999999 0.155333 0.148
2 0.40133300000000005 0.897 0.125333 0.095333
2 0.294667 0.946667 0.074667 0.105333
2 0.36466699999999996 0.7913330000000001 0.189333 0.158667
2 0.5043329999999999 0.666667 0.038 0.046667
2 0.360333 0.670667 0.132667 0.116
2 0.6493329999999999 0.613 0.216 0.212667
2 0.879 0.523 0.174 0.195333
2 0.7030000000000001 0.517333 0.175333 0.133333
3 0.595333 0.5 0.042667 0.037333
2 0.272 0.479 0.097333 0.098
1 0.813667 0.382667 0.186 0.204
2 0.627667 0.37933300000000003 0.204667 0.222667
2 0.703333 0.256 0.141333 0.090667
3 0.714333 0.18999999999999995 0.118 0.081333
3 0.929667 0.29700000000000004 0.058 0.082
2 0.892 0.21199999999999997 0.18 0.224
2 0.577333 0.16600000000000004 0.114667 0.106667
3 0.5283329999999999 0.252667 0.120667 0.132
2 0.397667 0.248 0.180667 0.169333
2 0.33899999999999997 0.14900000000000002 0.164667 0.138
3 0.21599999999999997 0.357 0.109333 0.136667
2 0.12033300000000002 0.346 0.09 0.110667
2 0.28300000000000003 0.626333 0.179333 0.202
2 0.18566700000000003 0.635 0.064667 0.064667
2 0.168667 0.544 0.126667 0.128
2 0.054332999999999965 0.556 0.108667 0.222667
3 0.383667 0.585 0.071333 0.084667
0 0.498 0.829333 0.117333 0.114667
0 0.28 0.271667 0.085333 0.131333
0 0.881 0.6453329999999999 0.091333 0.102667
0 0.898333 0.727333 0.17 0.165333
0 0.372 0.42133299999999996 0.164 0.168
0 0.488 0.344333 0.113333 0.123333
0 0.04500000000000004 0.864667 0.09 0.097333
0 0.821667 0.24066699999999996 0.092667 0.085333
0 0.11599999999999999 0.24166699999999997 0.085333 0.086
0 0.20233299999999999 0.243 0.079333 0.079333
2 0.805667 0.059667000000000026 0.196667 0.119333
2 0.486333 0.07066700000000004 0.151333 0.141333
2 0.599667 0.06266700000000003 0.127333 0.125333
2 0.22099999999999997 0.06566700000000003 0.15 0.131333
2 0.090333 0.09599999999999997 0.167333 0.192
2 0.18033299999999997 0.9359999999999999 0.146 0.126667
2 0.414667 0.966333 0.109333 0.066
