2 0.174667 0.165333 0.036 0.037333
3 0.035667 0.239333 0.07 0.058667
3 0.082667 0.154 0.130667 0.153333
3 0.25 0.084 0.132 0.153333
2 0.336667 0.023667 0.046667 0.046
2 0.364333 0.082333 0.095333 0.087333
2 0.355 0.177667 0.096667 0.120667
3 0.439 0.183333 0.082 0.1
2 0.516667 0.200333 0.076 0.091333
3 0.542333 0.129 0.047333 0.056667
3 0.525667 0.034667 0.064667 0.066667
3 0.647333 0.041 0.069333 0.072667
3 0.710667 0.088333 0.032 0.055333
3 0.619333 0.129 0.094667 0.096667
2 0.655 0.218667 0.167333 0.158667
3 0.523333 0.303 0.098667 0.112667
3 0.598333 0.313333 0.056667 0.066667
3 0.280333 0.261667 0.13 0.116667
3 0.092333 0.312667 0.142 0.128
3 0.091 0.416 0.098 0.1
3 0.184 0.410667 0.098667 0.08
2 0.358 0.436333 0.033333 0.032667
3 0.359667 0.364333 0.116667 0.124667
2 0.442 0.381667 0.056 0.055333
2 0.665333 0.327333 0.077333 0.086667
3 0.252333 0.494333 0.071333 0.074
3 0.152667 0.499 0.096 0.104667
2 0.070333 0.540667 0.122 0.145333
3 0.208 0.582 0.101333 0.094667
2 0.298 0.555 0.094667 0.11
3 0.478333 0.467667 0.099333 0.114
3 0.582333 0.48 0.115333 0.122667
3 0.673333 0.472333 0.082667 0.095333
3 0.654333 0.579 0.083333 0.100667
3 0.587667 0.569333 0.055333 0.065333
3 0.463 0.567 0.118 0.11
3 0.428333 0.645 0.080667 0.099333
3 0.350667 0.658 0.104 0.112
3 0.325667 0.743 0.096667 0.084667
3 0.417 0.744333 0.094 0.100667
3 0.595333 0.642333 0.076 0.075333
2 0.622333 0.741667 0.055333 0.078
3 0.606 0.817667 0.057333 0.048667
3 0.545333 0.740333 0.086667 0.083333
3 0.529333 0.823333 0.129333 0.096
3 0.477 0.896333 0.094 0.112667
2 0.564333 0.909667 0.092667 0.09
3 0.338333 0.914667 0.139333 0.150667
3 0.293333 0.796333 0.082667 0.094
3 0.078 0.685333 0.086667 0.089333
3 0.164667 0.668667 0.090667 0.085333
3 0.209 0.709667 0.083333 0.092667
3 0.077333 0.754333 0.082667 0.058
3 0.105333 0.901667 0.109333 0.115333
3 0.682 0.903333 0.096 0.130667
3 0.770667 0.917667 0.089333 0.120667
3 0.831 0.925667 0.048667 0.071333
3 0.896667 0.938 0.065333 0.076
3 0.923 0.849 0.068667 0.079333
3 0.841667 0.851667 0.106 0.078
3 0.847333 0.771333 0.108 0.102667
2 0.763667 0.598333 0.135333 0.182
3 0.770333 0.475 0.092667 0.106
2 0.882333 0.493333 0.104667 0.092
3 0.941333 0.45 0.114667 0.117333
3 0.804667 0.402667 0.097333 0.086667
3 0.75 0.315 0.097333 0.118
3 0.902 0.342 0.078667 0.085333
3 0.762 0.089667 0.056 0.060667
3 0.772 0.174 0.064 0.077333
3 0.854667 0.192333 0.097333 0.134
3 0.929667 0.212667 0.079333 0.082667
0 0.499667 0.666667 0.072667 0.085333
0 0.701667 0.405 0.096667 0.087333
0 0.883667 0.606 0.076667 0.081333
0 0.837 0.569667 0.052667 0.060667
0 0.729 0.767667 0.103333 0.154
0 0.559333 0.398 0.090667 0.093333
0 0.282333 0.349333 0.062 0.065333
0 0.208667 0.318333 0.041333 0.043333
0 0.267 0.174 0.098 0.090667
0 0.252 0.649 0.078667 0.088667
0 0.169667 0.828333 0.088667 0.080667
0 0.187667 0.766 0.064667 0.058667
0 0.229667 0.787667 0.05 0.060667
0 0.925667 0.785667 0.068667 0.074
0 0.964333 0.811 0.062 0.066
0 0.870667 0.694667 0.090667 0.066667
0 0.946 0.734 0.068 0.069333
0 0.883667 0.066 0.044667 0.053333
0 0.587333 0.029 0.057333 0.056667
0 0.951667 0.116333 0.096667 0.099333
3 0.441667 0.039333 0.120667 0.077333
3 0.968667 0.284333 0.062667 0.072667
3 0.970333 0.363 0.059333 0.088667
