2 0.178667 0.888 0.121333 0.133333
2 0.1 0.682667 0.109333 0.096
2 0.117333 0.6026670000000001 0.074667 0.064
2 0.183667 0.744333 0.115333 0.088667
2 0.205667 0.6643330000000001 0.103333 0.080667
2 0.215333 0.559667 0.121333 0.139333
2 0.123 0.532 0.071333 0.065333
2 0.252667 0.27033300000000005 0.094667 0.103333
2 0.33 0.32499999999999996 0.082667 0.096667
2 0.438667 0.291667 0.108 0.092667
2 0.437 0.38033300000000003 0.123333 0.091333
2 0.413333 0.503333 0.190667 0.157333
2 0.412667 0.628333 0.173333 0.15
2 0.312333 0.6679999999999999 0.096667 0.113333
2 0.301667 0.7703329999999999 0.104667 0.099333
2 0.314 0.879 0.162667 0.135333
3 0.388333 0.938 0.083333 0.086667
2 0.460667 0.962333 0.073333 0.074
2 0.465 0.888667 0.079333 0.086667
2 0.552333 0.81 0.040667 0.038667
2 0.512333 0.43533299999999997 0.076667 0.081333
2 0.532333 0.27033300000000005 0.088667 0.095333
3 0.615 0.37933300000000003 0.047333 0.048
3 0.613 0.43633299999999997 0.040667 0.036667
3 0.587667 0.501333 0.09 0.081333
3 0.579667 0.621667 0.091333 0.079333
3 0.571 0.719 0.132667 0.124667
3 0.657 0.681667 0.032667 0.036667
2 0.645 0.894667 0.131333 0.129333
3 0.701 0.968 0.034 0.037333
2 0.633667 0.7853330000000001 0.098 0.101333
2 0.732667 0.794667 0.104 0.094667
3 0.729 0.7070000000000001 0.104667 0.084667
2 0.749333 0.6313329999999999 0.098667 0.070667
2 0.668333 0.608 0.062 0.054667
3 0.675333 0.532667 0.096 0.093333
2 0.759667 0.5696669999999999 0.066 0.056667
2 0.757667 0.474333 0.154 0.13
3 0.845 0.543667 0.072667 0.048667
3 0.845667 0.628333 0.11 0.120667
2 0.82 0.862333 0.132 0.134
2 0.868 0.47566699999999995 0.061333 0.064667
2 0.700667 0.38133300000000003 0.078667 0.068
3 0.734333 0.295667 0.119333 0.096667
3 0.852 0.395667 0.146667 0.092667
3 0.924 0.336333 0.138667 0.087333
2 0.909 0.696 0.058 0.053333
2 0.917333 0.775667 0.125333 0.118
3 0.956 0.954667 0.088 0.089333
3 0.878 0.24566699999999997 0.093333 0.079333
3 0.898667 0.15300000000000002 0.110667 0.111333
3 0.887667 0.06866700000000003 0.055333 0.057333
2 0.819667 0.09066700000000005 0.048667 0.045333
3 0.811 0.167667 0.079333 0.075333
3 0.744333 0.214333 0.080667 0.072667
2 0.756333 0.131 0.076667 0.086
3 0.673 0.11166699999999996 0.107333 0.112667
2 0.675333 0.040000000000000036 0.090667 0.057333
3 0.353 0.22399999999999998 0.115333 0.122667
3 0.448667 0.13033300000000003 0.132 0.127333
2 0.072333 0.251 0.132667 0.122
3 0.062667 0.07399999999999995 0.118667 0.121333
0 0.167 0.44599999999999995 0.099333 0.113333
0 0.499333 0.6990000000000001 0.065333 0.082
0 0.562333 0.560333 0.075333 0.062
0 0.801 0.7803329999999999 0.044667 0.054
0 0.785333 0.9083330000000001 0.061333 0.047333
0 0.934667 0.43400000000000005 0.077333 0.104
0 0.929 0.578333 0.095333 0.071333
0 0.886 0.855 0.052 0.052667
0 0.653 0.27733300000000005 0.078 0.08
0 0.593 0.266667 0.047333 0.042667
0 0.563333 0.11699999999999999 0.117333 0.172667
0 0.638667 0.19666700000000004 0.1 0.104
0 0.735333 0.06999999999999995 0.04 0.04
0 0.134667 0.205333 0.092 0.118667
0 0.202 0.30800000000000005 0.072 0.072
0 0.184 0.519 0.057333 0.05
0 0.520333 0.36766699999999997 0.075333 0.068667
2 0.067667 0.509 0.134 0.15
2 0.088333 0.928667 0.167333 0.141333
2 0.546667 0.961333 0.084 0.076
3 0.958333 0.22499999999999998 0.083333 0.088667
3 0.455333 0.03966700000000001 0.166667 0.079333
2 0.182333 0.07733299999999999 0.191333 0.154667
