0 0.550667 0.544333 0.230667 0.224667
0 0.45099999999999996 0.885 0.135333 0.19
0 0.13333300000000003 0.445667 0.18 0.143333
0 0.09299999999999997 0.81 0.123333 0.129333
0 0.898 0.358667 0.133333 0.110667
0 0.783 0.1 0.068667 0.066667
0 0.780667 0.034667 0.076 0.068
0 0.30233299999999996 0.068667 0.088667 0.109333
0 0.43100000000000005 0.276333 0.100667 0.120667
0 0.5469999999999999 0.177667 0.063333 0.063333
0 0.641667 0.114 0.187333 0.169333
0 0.849667 0.150333 0.066 0.067333
0 0.87 0.239667 0.101333 0.108667
0 0.646667 0.261667 0.078667 0.100667
0 0.823333 0.691333 0.076 0.070667
0 0.940333 0.812333 0.064667 0.054
0 0.932333 0.753667 0.066 0.074
0 0.786333 0.748333 0.092667 0.080667
0 0.7106669999999999 0.688333 0.066667 0.079333
0 0.884 0.854 0.066667 0.046667
0 0.6799999999999999 0.944667 0.109333 0.106667
0 0.5593330000000001 0.753 0.168 0.155333
0 0.819333 0.855 0.045333 0.07
0 0.909 0.967333 0.102 0.065333
0 0.277 0.916333 0.099333 0.095333
0 0.15900000000000003 0.928667 0.048667 0.049333
0 0.125 0.957 0.072667 0.086
0 0.06233299999999997 0.881333 0.124667 0.093333
0 0.394667 0.665333 0.116 0.128
0 0.253 0.702 0.131333 0.113333
0 0.38933300000000004 0.447667 0.101333 0.091333
0 0.29133299999999995 0.482667 0.117333 0.101333
0 0.328333 0.289 0.104667 0.116667
0 0.10199999999999998 0.252 0.092 0.133333
0 0.17633299999999996 0.305 0.119333 0.120667
