2 0.066667 0.086333 0.066667 0.066
2 0.043333 0.165667 0.066667 0.067333
2 0.134333 0.163 0.102 0.088667
2 0.124667 0.251333 0.148 0.104
2 0.096 0.338667 0.136 0.089333
2 0.074667 0.408333 0.092 0.067333
2 0.073333 0.501333 0.145333 0.096
2 0.051333 0.590333 0.101333 0.078
3 0.044 0.68 0.056 0.052
0 0.916 0.31 0.168 0.232
0 0.885333 0.607 0.18 0.163333
0 0.874 0.742333 0.137333 0.135333
0 0.792333 0.888667 0.119333 0.117333
0 0.687 0.880667 0.127333 0.129333
0 0.556 0.858333 0.22 0.19
0 0.742667 0.706 0.145333 0.184
0 0.595333 0.655667 0.161333 0.151333
0 0.581 0.764667 0.178 0.110667
0 0.383333 0.779667 0.230667 0.202
0 0.589333 0.562667 0.089333 0.078667
0 0.651 0.492 0.139333 0.106667
0 0.744 0.367667 0.176 0.166
0 0.602333 0.368 0.115333 0.133333
0 0.490333 0.252667 0.108667 0.121333
0 0.548667 0.120333 0.105333 0.135333
0 0.473 0.102 0.111333 0.144
0 0.271 0.315333 0.123333 0.109333
0 0.251 0.408 0.115333 0.113333
0 0.398333 0.542333 0.135333 0.135333
0 0.418667 0.628333 0.070667 0.080667
0 0.167333 0.672667 0.133333 0.177333
0 0.120667 0.884667 0.117333 0.137333
0 0.214667 0.921333 0.098667 0.137333
2 0.041333 0.776333 0.081333 0.118
2 0.044333 0.963667 0.083333 0.072667
